3343.2692871094  2.239519E-17
3347.34836721423  1.004526E-17
3351.42744731906  1.961321E-17
3355.50652742389  7.494465E-18
3359.58560752872  3.459958E-17
3363.66468763354  1.417872E-17
3367.74376773837  9.812437E-18
3371.8228478432  1.726258E-17
3375.90192794803  3.986491E-17
3379.98100805286  5.955304E-18
3384.06008815768  4.911353E-17
3388.13916826251  -3.758899E-19
3392.21824836734  -1.102628E-17
3396.29732847217  -4.345287E-19
3400.37640857699  1.281961E-17
3404.45548868182  -4.167724E-17
3408.53456878665  2.333594E-17
3412.61364889148  -8.512085E-18
3416.69272899631  2.841436E-17
3420.77180910113  -1.745033E-17
3424.85088920596  7.304106E-18
3428.92996931079  1.664640E-17
3433.00904941562  4.454065E-17
3437.08812952045  6.695715E-18
3441.16720962527  1.858572E-17
3445.2462897301  1.128437E-17
3449.32536983493  -4.765975E-17
3453.40444993976  8.921852E-18
3457.48353004459  1.136160E-17
3461.56261014941  -9.684889E-18
3465.64169025424  -7.247980E-18
3469.72077035907  2.081164E-17
3473.7998504639  7.443463E-18
3477.87893056873  -7.466992E-19
3481.95801067355  -2.557314E-18
3486.03709077838  9.741417E-18
3490.11617088321  1.243149E-17
3494.19525098804  -4.573772E-18
3498.27433109286  5.068100E-18
3502.35341119769  2.203312E-17
3506.43249130252  -1.183367E-17
3510.51157140735  2.511273E-17
3514.59065151218  -2.049326E-18
3518.669731617  5.807577E-19
3522.74881172183  -8.990645E-19
3526.82789182666  1.316904E-17
3530.90697193149  1.132635E-17
3534.98605203632  1.521841E-17
3539.06513214114  -7.479526E-18
3543.14421224597  -1.933647E-17
3547.2232923508  -6.096680E-18
3551.30237245563  -7.275975E-18
3555.38145256045  4.748259E-18
3559.46053266528  6.968987E-18
3563.53961277011  4.203302E-18
3567.61869287494  1.030408E-18
3571.69777297977  1.421868E-17
3575.7768530846  1.923448E-17
3579.85593318942  1.247590E-17
3583.93501329425  1.208449E-17
3588.01409339908  -6.970018E-18
3592.09317350391  1.588502E-17
3596.17225360873  3.621801E-18
3600.25133371356  -6.009169E-19
3604.33041381839  -1.065735E-17
3608.40949392322  2.946743E-18
3612.48857402805  8.781204E-18
3616.56765413287  6.147796E-18
3620.6467342377  4.874011E-18
3624.72581434253  3.622112E-18
3628.80489444736  1.071829E-17
3632.88397455219  1.932755E-17
3636.96305465701  -1.319464E-18
3641.04213476184  7.607494E-18
3645.12121486667  1.368547E-17
3649.2002949715  -7.310405E-18
3653.27937507633  3.141435E-18
3657.35845518115  -9.379579E-18
3661.43753528598  3.320671E-19
3665.51661539081  -4.790478E-18
3669.59569549564  1.034841E-17
3673.67477560047  7.433128E-19
3677.75385570529  3.829209E-18
3681.83293581012  7.146864E-18
3685.91201591495  4.528329E-18
3689.99109601978  -1.139833E-17
3694.0701761246  3.207209E-18
3698.14925622943  6.402473E-18
3702.22833633426  -8.076467E-20
3706.30741643909  4.294945E-18
3710.38649654392  8.208707E-18
3714.46557664874  -7.534361E-18
3718.54465675357  4.795199E-18
3722.6237368584  1.184848E-18
3726.70281696323  1.158779E-17
3730.78189706806  1.165201E-18
3734.86097717288  -1.066009E-18
3738.94005727771  2.726731E-19
3743.01913738254  -7.291327E-19
3747.09821748737  1.337737E-18
3751.1772975922  -2.135745E-18
3755.25637769702  6.490824E-18
3759.33545780185  1.325377E-17
3763.41453790668  -1.537832E-18
3767.49361801151  1.784412E-18
3771.57269811633  2.184635E-18
3775.65177822116  6.271273E-18
3779.73085832599  7.159591E-18
3783.80993843082  1.016013E-17
3787.88901853565  1.934139E-18
3791.96809864047  -9.260627E-19
3796.0471787453  1.164538E-17
3800.12625885013  9.711226E-18
3804.20533895496  5.956614E-18
3808.28441905979  1.257645E-17
3812.36349916461  7.676512E-18
3816.44257926944  1.134503E-18
3820.52165937427  9.736313E-19
3824.6007394791  -1.301220E-18
3828.67981958393  -8.719672E-18
3832.75889968875  8.162625E-18
3836.83797979358  6.105880E-18
3840.91705989841  -8.778823E-18
3844.99614000324  -4.224083E-18
3849.07522010806  -1.597421E-18
3853.15430021289  2.281951E-19
3857.23338031772  5.660527E-18
3861.31246042255  7.278366E-18
3865.39154052738  7.947059E-18
3869.4706206322  5.343418E-18
3873.54970073703  -5.613106E-18
3877.62878084186  6.905871E-18
3881.70786094669  7.486794E-18
3885.78694105152  5.148874E-18
3889.86602115634  5.925886E-18
3893.94510126117  8.821418E-18
3898.024181366  4.138748E-18
3902.10326147083  1.154407E-17
3906.18234157566  -1.969226E-18
3910.26142168048  7.839963E-18
3914.34050178531  4.514701E-19
3918.41958189014  3.917622E-18
3922.49866199497  8.421714E-18
3926.5777420998  2.113627E-18
3930.65682220462  4.669751E-18
3934.73590230945  1.966472E-18
3938.81498241428  1.020288E-17
3942.89406251911  8.172147E-19
3946.97314262393  4.447199E-18
3951.05222272876  6.183862E-18
3955.13130283359  6.968143E-18
3959.21038293842  2.196414E-18
3963.28946304325  5.854808E-18
3967.36854314807  4.032945E-18
3971.4476232529  9.945380E-19
3975.52670335773  8.517695E-18
3979.60578346256  1.702151E-18
3983.68486356739  3.974873E-18
3987.76394367221  1.252486E-18
3991.84302377704  -7.256677E-19
3995.92210388187  4.994430E-18
4000.0011839867  -2.730311E-18
4004.08026409153  5.051866E-18
4008.15934419635  3.790577E-18
4012.23842430118  8.652417E-18
4016.31750440601  8.697276E-18
4020.39658451084  4.406646E-18
4024.47566461567  9.568418E-18
4028.55474472049  9.349478E-19
4032.63382482532  -3.639588E-18
4036.71290493015  9.662343E-18
4040.79198503498  1.003684E-17
4044.87106513981  2.258192E-18
4048.95014524463  5.749820E-18
4053.02922534946  6.618038E-18
4057.10830545429  2.140940E-19
4061.18738555912  6.223408E-18
4065.26646566394  9.054362E-18
4069.34554576877  3.362473E-18
4073.4246258736  5.432529E-18
4077.50370597843  1.097466E-17
4081.58278608326  8.058831E-18
4085.66186618809  -8.217528E-19
4089.74094629291  9.845078E-19
4093.82002639774  1.509021E-19
4097.89910650257  2.775851E-18
4101.9781866074  8.015297E-18
4106.05726671222  2.200995E-18
4110.13634681705  1.264097E-17
4114.21542692188  -8.714940E-19
4118.29450702671  1.990844E-18
4122.37358713154  6.902331E-18
4126.45266723636  8.504334E-18
4130.53174734119  8.852276E-18
4134.61082744602  6.099235E-18
4138.68990755085  1.512909E-18
4142.76898765568  6.402719E-18
4146.8480677605  2.230254E-18
4150.92714786533  3.192360E-18
4155.00622797016  -3.334786E-18
4159.08530807499  3.316779E-18
4163.16438817981  -2.296624E-18
4167.24346828464  5.131061E-18
4171.32254838947  4.230620E-18
4175.4016284943  3.625492E-18
4179.48070859913  -1.338895E-18
4183.55978870395  1.432277E-18
4187.63886880878  7.361393E-18
4191.71794891361  -1.295438E-19
4195.79702901844  2.839446E-18
4199.87610912327  7.176138E-18
4203.95518922809  7.146055E-18
4208.03426933292  5.048891E-18
4212.11334943775  3.631104E-18
4216.19242954258  9.550998E-18
4220.2715096474  9.532558E-18
4224.35058975223  6.090368E-18
4228.42966985706  4.853770E-18
4232.50874996189  3.864952E-18
4236.58783006672  4.364403E-18
4240.66691017155  3.823849E-20
4244.74599027637  4.160514E-18
4248.8250703812  9.684194E-18
4252.90415048603  3.451061E-18
4256.98323059086  6.515746E-18
4261.06231069569  5.935477E-18
4265.14139080051  7.008696E-19
4269.22047090534  5.427557E-18
4273.29955101017  -2.382063E-19
4277.378631115  5.025880E-18
4281.45771121982  5.831871E-18
4285.53679132465  -4.026222E-19
4289.61587142948  4.322395E-18
4293.69495153431  1.178414E-17
4297.77403163914  7.758498E-18
4301.85311174396  6.541646E-18
4305.93219184879  3.272564E-18
4310.01127195362  1.208588E-18
4314.09035205845  -2.308078E-18
4318.16943216328  6.060219E-18
4322.2485122681  7.833382E-18
4326.32759237293  6.062211E-18
4330.40667247776  6.093363E-18
4334.48575258259  2.142067E-19
4338.56483268742  -2.035521E-19
4342.64391279224  4.339473E-18
4346.72299289707  5.767328E-18
4350.8020730019  1.025047E-17
4354.88115310673  7.277947E-18
4358.96023321156  1.003824E-17
4363.03931331638  4.341074E-18
4367.11839342121  7.637454E-18
4371.19747352604  6.498664E-18
4375.27655363087  1.057989E-17
4379.35563373569  1.218860E-17
4383.43471384052  6.578259E-18
4387.51379394535  5.247882E-18
4391.59287405018  5.964060E-18
4395.67195415501  4.347708E-18
4399.75103425983  4.922756E-18
4403.83011436466  1.978794E-18
4407.90919446949  5.851515E-18
4411.98827457432  2.438028E-18
4416.06735467915  6.225059E-18
4420.14643478397  1.003236E-17
4424.2255148888  3.134382E-18
4428.30459499363  2.092780E-18
4432.38367509846  7.605474E-18
4436.46275520329  2.850818E-18
4440.54183530811  2.162384E-19
4444.62091541294  5.965842E-18
4448.69999551777  5.057846E-18
4452.7790756226  2.965088E-18
4456.85815572742  4.899577E-18
4460.93723583225  6.715424E-18
4465.01631593708  1.078103E-17
4469.09539604191  7.806695E-18
4473.17447614674  5.172520E-18
4477.25355625156  4.837217E-18
4481.33263635639  9.969215E-19
4485.41171646122  3.871436E-18
4489.49079656605  4.318920E-18
4493.56987667088  6.777525E-18
4497.6489567757  9.587271E-18
4501.72803688053  6.601738E-18
4505.80711698536  6.908249E-18
4509.88619709019  8.397502E-18
4513.96527719501  6.567702E-18
4518.04435729984  4.935735E-18
4522.12343740467  2.547044E-18
4526.2025175095  6.694108E-18
4530.28159761433  1.164257E-17
4534.36067771915  8.984296E-18
4538.43975782398  3.111558E-18
4542.51883792881  4.702856E-18
4546.59791803364  5.061501E-18
4550.67699813847  7.157002E-18
4554.7560782433  1.224853E-17
4558.83515834812  6.290263E-18
4562.91423845295  1.093354E-17
4566.99331855778  1.145612E-17
4571.07239866261  6.840281E-18
4575.15147876743  2.111493E-18
4579.23055887226  5.387606E-18
4583.30963897709  -1.116166E-19
4587.38871908192  8.731396E-18
4591.46779918675  6.322871E-18
4595.54687929157  2.160835E-18
4599.6259593964  6.997799E-18
4603.70503950123  7.390900E-18
4607.78411960606  8.958775E-18
4611.86319971089  6.161878E-18
4615.94227981571  4.242949E-18
4620.02135992054  1.083578E-17
4624.10044002537  4.784624E-18
4628.1795201302  3.712411E-18
4632.25860023502  7.974785E-18
4636.33768033985  7.070464E-18
4640.41676044468  5.687131E-18
4644.49584054951  4.838038E-18
4648.57492065434  1.204522E-17
4652.65400075917  4.775133E-19
4656.73308086399  2.959424E-18
4660.81216096882  8.793899E-18
4664.89124107365  1.261392E-17
4668.97032117848  7.817257E-18
4673.0494012833  3.274638E-18
4677.12848138813  5.490502E-18
4681.20756149296  8.596787E-18
4685.28664159779  2.326253E-18
4689.36572170262  8.046499E-18
4693.44480180744  -9.683506E-19
4697.52388191227  8.025368E-18
4701.6029620171  9.764259E-18
4705.68204212193  7.155490E-18
4709.76112222676  3.507670E-18
4713.84020233158  4.778622E-18
4717.91928243641  6.852118E-18
4721.99836254124  8.645219E-18
4726.07744264607  3.166208E-18
4730.15652275089  5.417343E-18
4734.23560285572  6.321120E-18
4738.31468296055  2.143097E-18
4742.39376306538  2.601447E-18
4746.47284317021  2.106949E-18
4750.55192327504  5.862533E-18
4754.63100337986  6.197348E-18
4758.71008348469  7.482016E-18
4762.78916358952  8.634498E-18
4766.86824369435  4.584902E-18
4770.94732379917  5.973713E-18
4775.026403904  3.500749E-18
4779.10548400883  4.982825E-18
4783.18456411366  8.865242E-18
4787.26364421849  7.180488E-18
4791.34272432331  8.338850E-18
4795.42180442814  8.740375E-18
4799.50088453297  4.662222E-19
4803.5799646378  2.554867E-18
4807.65904474263  5.853979E-19
4811.73812484745  1.998392E-18
4815.81720495228  5.244417E-18
4819.89628505711  2.468541E-18
4823.97536516194  6.363211E-18
4828.05444526677  6.515540E-18
4832.13352537159  5.621852E-18
4836.21260547642  6.076401E-18
4840.29168558125  3.433267E-18
4844.37076568608  6.960553E-18
4848.4498457909  8.690841E-18
4852.52892589573  6.231750E-18
4856.60800600056  6.963290E-18
4860.68708610539  1.051500E-17
4864.76616621022  8.077073E-18
4868.84524631504  3.756048E-18
4872.92432641987  7.208666E-18
4877.0034065247  5.456643E-18
4881.08248662953  4.184027E-18
4885.16156673436  7.930567E-18
4889.24064683918  5.749141E-18
4893.31972694401  7.369015E-18
4897.39880704884  8.885761E-18
4901.47788715367  5.455649E-18
4905.5569672585  8.221246E-18
4909.63604736332  4.910533E-18
4913.71512746815  7.731117E-18
4917.79420757298  7.817976E-18
4921.87328767781  6.120306E-18
4925.95236778264  1.414182E-17
4930.03144788746  6.449401E-18
4934.11052799229  5.111111E-18
4938.18960809712  1.164568E-17
4942.26868820195  7.985377E-18
4946.34776830677  6.279965E-18
4950.4268484116  6.702223E-18
4954.50592851643  5.857724E-18
4958.58500862126  7.003963E-18
4962.66408872609  1.494382E-17
4966.74316883092  1.437682E-17
4970.82224893574  1.750621E-17
4974.90132904057  9.992996E-18
4978.9804091454  1.041725E-17
4983.05948925023  4.884870E-18
4987.13856935505  4.465642E-18
4991.21764945988  8.694208E-18
4995.29672956471  4.968602E-18
4999.37580966954  7.823296E-18
5003.45488977437  1.061253E-17
5007.53396987919  8.381470E-18
5011.61304998402  3.446490E-18
5015.69213008885  6.638070E-18
5019.77121019368  8.982484E-18
5023.85029029851  5.438672E-18
5027.92937040333  7.635994E-18
5032.00845050816  9.080738E-18
5036.08753061299  4.813644E-18
5040.16661071782  1.353834E-17
5044.24569082264  5.975238E-18
5048.32477092747  2.936870E-18
5052.4038510323  3.972685E-18
5056.48293113713  8.843995E-18
5060.56201124196  8.207088E-18
5064.64109134678  6.542148E-18
5068.72017145161  1.043062E-17
5072.79925155644  7.455060E-18
5076.87833166127  8.725908E-18
5080.9574117661  1.048624E-17
5085.03649187093  2.119102E-18
5089.11557197575  4.431151E-18
5093.19465208058  5.190364E-18
5097.27373218541  5.140459E-18
5101.35281229024  7.432821E-18
5105.43189239506  7.613885E-18
5109.51097249989  7.729905E-18
5113.59005260472  5.407673E-18
5117.66913270955  8.060716E-18
5121.74821281438  1.031951E-17
5125.8272929192  6.680695E-18
5129.90637302403  6.694329E-18
5133.98545312886  5.786770E-18
5138.06453323369  7.152036E-18
5142.14361333852  4.773355E-18
5146.22269344334  4.576107E-18
5150.30177354817  9.086036E-18
5154.380853653  8.581966E-18
5158.45993375783  8.853017E-18
5162.53901386265  6.873195E-18
5166.61809396748  4.052199E-18
5170.69717407231  5.461874E-18
5174.77625417714  3.193628E-18
5178.85533428197  3.080646E-18
5182.93441438679  8.032580E-18
5187.01349449162  2.473202E-18
5191.09257459645  8.057041E-19
5195.17165470128  4.948768E-18
5199.25073480611  8.372845E-18
5203.32981491093  3.373261E-18
5207.40889501576  3.770393E-18
5211.48797512059  7.117818E-18
5215.56705522542  2.243891E-18
5219.64613533025  4.705398E-18
5223.72521543507  3.695678E-18
5227.8042955399  2.775612E-18
5231.88337564473  2.062520E-18
5235.96245574956  5.278000E-19
5240.04153585438  5.731303E-18
5244.12061595921  3.983960E-18
5248.19969606404  6.273651E-18
5252.27877616887  5.295470E-18
5256.3578562737  3.107629E-18
5260.43693637852  3.040537E-18
5264.51601648335  2.271262E-18
5268.59509658818  4.878800E-18
5272.67417669301  4.728223E-18
5276.75325679784  3.049495E-18
5280.83233690266  6.693218E-18
5284.91141700749  6.508308E-18
5288.99049711232  3.940870E-18
5293.06957721715  6.142529E-18
5297.14865732198  -3.043901E-20
5301.2277374268  -1.107029E-18
5305.30681753163  2.841846E-18
5309.38589763646  6.200959E-18
5313.46497774129  4.707422E-18
5317.54405784611  3.960368E-18
5321.62313795094  1.869244E-18
5325.70221805577  8.507737E-18
5329.7812981606  5.727552E-18
5333.86037826543  1.078119E-17
5337.93945837025  6.662557E-18
5342.01853847508  7.115097E-18
5346.09761857991  4.729533E-18
5350.17669868474  1.016242E-17
5354.25577878957  8.222878E-18
5358.33485889439  4.678485E-18
5362.41393899922  6.924816E-18
5366.49301910405  9.331987E-18
5370.57209920888  3.137673E-18
5374.65117931371  -7.107219E-20
5378.73025941853  5.428046E-18
5382.80933952336  4.250493E-18
5386.88841962819  3.497473E-18
5390.96749973302  3.318359E-18
5395.04657983784  3.477133E-18
5399.12565994267  1.544575E-18
5403.2047400475  3.618861E-18
5407.28382015233  1.688642E-18
5411.36290025716  5.593060E-18
5415.44198036199  1.548783E-18
5419.52106046681  7.653949E-18
5423.60014057164  8.809301E-18
5427.67922067647  3.804803E-18
5431.7583007813  4.353722E-18
5435.83738088613  9.475618E-18
5439.91646099095  4.497184E-18
5443.99554109578  1.597406E-17
5448.07462120061  7.673387E-18
5452.15370130544  6.715831E-18
5456.23278141027  6.230040E-18
5460.31186151509  7.867854E-18
5464.39094161992  9.634220E-18
5468.47002172475  8.840566E-18
5472.54910182958  5.819020E-18
5476.6281819344  5.991487E-18
5480.70726203923  7.503048E-18
5484.78634214406  9.690971E-18
5488.86542224889  1.087380E-17
5492.94450235372  7.016071E-18
5497.02358245855  5.701079E-18
5501.10266256337  7.726312E-18
5505.1817426682  6.831749E-18
5509.26082277303  5.086697E-18
5513.33990287785  4.775404E-18
5517.41898298268  1.107811E-17
5521.49806308751  -6.479068E-20
5525.57714319234  1.267986E-17
5529.65622329717  4.530921E-18
5533.73530340199  6.190008E-18
5537.81438350682  8.395601E-18
5541.89346361165  6.874718E-18
5545.97254371648  6.642209E-18
5550.05162382131  3.777692E-18
5554.13070392613  6.739550E-18
5558.20978403096  3.636768E-18
5562.28886413579  6.296046E-18
5566.36794424062  4.076941E-18
5570.44702434545  4.076941E-18
5574.52610445027  4.076941E-18
5578.6051845551  4.880589E-18
5582.68426465993  5.569027E-18
5586.76334476476  5.569027E-18
5590.84242486959  6.144631E-18
5594.92150497441  7.624637E-18
5599.00058507924  2.773598E-18
5603.07966518407  6.888312E-18
5607.1587452889  3.742305E-18
5611.23782539373  6.765960E-18
5615.31690549855  4.010189E-18
5619.39598560338  4.960250E-18
5623.47506570821  6.606913E-18
5627.55414581304  4.448937E-18
5631.63322591787  7.697388E-18
5635.71230602269  7.152330E-18
5639.79138612752  5.952576E-18
5643.87046623235  5.766516E-18
5647.94954633718  4.053015E-18
5652.02862644201  5.531261E-18
5656.10770654683  4.127329E-18
5660.18678665166  4.066192E-18
5664.26586675649  7.111090E-18
5668.34494686132  7.883715E-18
5672.42402696614  8.117191E-18
5676.50310707097  1.609493E-18
5680.5821871758  3.932404E-18
5684.66126728063  6.383589E-18
5688.74034738546  8.699596E-18
5692.81942749028  1.013326E-17
5696.89850759511  6.968999E-18
5700.97758769994  8.464769E-18
5705.05666780477  4.386898E-18
5709.1357479096  8.232851E-18
5713.21482801442  9.950116E-18
5717.29390811925  5.479811E-18
5721.37298822408  -5.936997E-19
5725.45206832891  -5.254665E-22
5729.53114843373  6.025925E-18
5733.61022853856  6.358704E-18
5737.68930864339  4.549333E-18
5741.76838874822  6.635076E-19
5745.84746885305  -2.637061E-18
5749.92654895788  6.657813E-18
5754.0056290627  7.033685E-18
5758.08470916753  9.209618E-18
5762.16378927236  6.725807E-18
5766.24286937719  5.788042E-18
5770.32194948201  1.002151E-17
5774.40102958684  1.012039E-17
5778.48010969167  1.237619E-17
5782.5591897965  1.315420E-17
5786.63826990133  6.876462E-18
5790.71735000615  8.735411E-18
5794.79643011098  1.046831E-17
5798.87551021581  2.787298E-18
5802.95459032064  3.843802E-18
5807.03367042547  9.000140E-18
5811.11275053029  8.164289E-18
5815.19183063512  7.842617E-18
5819.27091073995  4.856038E-18
5823.34999084478  7.344657E-18
5827.4290709496  6.349459E-18
5831.50815105443  8.260459E-18
5835.58723115926  1.097435E-17
5839.66631126409  7.912209E-18
5843.74539136892  5.163950E-18
5847.82447147374  3.103637E-18
5851.90355157857  7.267950E-18
5855.9826316834  5.911551E-18
5860.06171178823  6.800972E-18
5864.14079189306  5.257612E-18
5868.21987199788  1.213955E-18
5872.29895210271  2.221985E-18
5876.37803220754  5.012339E-18
5880.45711231237  6.029990E-18
5884.5361924172  3.604850E-18
5888.61527252202  7.951990E-18
5892.69435262685  2.566544E-18
5896.77343273168  6.996873E-18
5900.85251283651  9.869116E-18
5904.93159294134  7.167111E-18
5909.01067304616  3.266524E-18
5913.08975315099  3.611449E-18
5917.16883325582  6.898073E-18
5921.24791336065  2.924766E-18
5925.32699346547  4.398262E-18
5929.4060735703  5.418973E-18
5933.48515367513  4.819398E-18
5937.56423377996  5.039322E-18
5941.64331388479  5.427239E-18
5945.72239398961  5.978027E-18
5949.80147409444  2.829430E-18
5953.88055419927  1.527344E-18
5957.9596343041  8.177598E-18
5962.03871440892  6.509729E-18
5966.11779451376  6.533946E-18
5970.19687461858  4.901279E-18
5974.27595472341  6.857039E-18
5978.35503482824  4.841146E-18
5982.43411493306  7.105362E-18
5986.51319503789  7.710935E-18
5990.59227514272  5.890219E-18
5994.67135524755  4.031501E-18
5998.75043535238  6.555857E-18
6002.8295154572  5.988257E-18
6006.90859556203  1.285162E-18
6010.98767566686  3.433336E-18
6015.06675577169  1.841256E-18
6019.14583587652  4.443830E-18
6023.22491598134  6.606476E-18
6027.30399608617  6.086723E-18
6031.383076191  5.363263E-18
6035.46215629583  4.346999E-18
6039.54123640066  2.062469E-18
6043.62031650548  1.152002E-17
6047.69939661031  7.807861E-18
6051.77847671514  5.036806E-18
6055.85755681997  1.087609E-17
6059.9366369248  6.437558E-18
6064.01571702962  5.545528E-18
6068.09479713445  7.640054E-18
6072.17387723928  2.727656E-18
6076.25295734411  5.590921E-18
6080.33203744894  8.641958E-18
6084.41111755376  2.962880E-18
6088.49019765859  5.274309E-18
6092.56927776342  4.516212E-18
6096.64835786825  3.165247E-18
6100.72743797308  3.395133E-18
6104.8065180779  3.149794E-18
6108.88559818273  8.464854E-18
6112.96467828756  3.998766E-18
6117.04375839239  2.265906E-18
6121.12283849722  3.906525E-18
6125.20191860204  5.529471E-19
6129.28099870687  1.935538E-18
6133.3600788117  6.768464E-18
6137.43915891653  6.587248E-18
6141.51823902135  1.483631E-18
6145.59731912618  6.266142E-18
6149.67639923101  1.320085E-18
6153.75547933584  7.307610E-18
6157.83455944067  3.737981E-18
6161.91363954549  5.948403E-18
6165.99271965032  4.426761E-18
6170.07179975515  2.478755E-18
6174.15087985998  6.994281E-18
6178.22995996481  2.015203E-18
6182.30904006963  -1.886856E-18
6186.38812017446  1.219152E-18
6190.46720027929  5.858464E-18
6194.54628038412  6.261676E-18
6198.62536048894  5.087181E-18
6202.70444059377  6.390836E-18
6206.7835206986  5.587432E-18
6210.86260080343  3.671433E-18
6214.94168090826  2.286723E-18
6219.02076101308  4.650713E-18
6223.09984111791  5.231138E-18
6227.17892122274  4.203627E-18
6231.25800132757  5.677080E-18
6235.3370814324  4.988512E-18
6239.41616153722  3.870720E-18
6243.49524164205  2.928222E-18
6247.57432174688  3.308550E-18
6251.65340185171  3.236815E-18
6255.73248195654  4.469634E-18
6259.81156206136  5.763326E-18
6263.89064216619  2.107196E-18
6267.96972227102  2.822510E-18
6272.04880237585  4.884093E-18
6276.12788248068  6.118725E-18
6280.2069625855  4.944904E-18
6284.28604269033  8.517002E-19
6288.36512279516  4.376582E-18
6292.44420289999  -7.599499E-19
6296.52328300482  -1.214247E-18
6300.60236310964  1.742679E-18
6304.68144321447  -2.160681E-18
6308.7605233193  5.032019E-18
6312.83960342413  5.421055E-18
6316.91868352896  5.469942E-18
6320.99776363378  4.469556E-18
6325.07684373861  7.283210E-18
6329.15592384344  -1.329217E-20
6333.23500394827  3.729055E-18
6337.31408405309  7.122588E-18
6341.39316415792  7.703754E-18
6345.47224426275  1.028904E-17
6349.55132436758  6.872600E-18
6353.63040447241  5.706691E-18
6357.70948457723  1.035581E-17
6361.78856468206  1.275298E-17
6365.86764478689  7.662824E-18
6369.94672489172  7.279570E-18
6374.02580499655  1.118112E-17
6378.10488510137  1.417709E-17
6382.1839652062  6.173422E-18
6386.26304531103  1.237781E-17
6390.34212541586  6.120931E-18
6394.42120552068  1.499092E-17
6398.50028562551  9.628597E-18
6402.57936573034  6.441170E-18
6406.65844583517  9.713433E-18
6410.73752594  1.035307E-17
6414.81660604482  1.083021E-17
6418.89568614965  4.397418E-18
6422.97476625448  5.999290E-18
6427.05384635931  7.314239E-18
6431.13292646414  4.142354E-18
6435.21200656896  2.935325E-18
6439.29108667379  7.896370E-18
6443.37016677862  9.285277E-18
6447.44924688345  8.425671E-18
6451.52832698828  8.888731E-18
6455.6074070931  1.138320E-17
6459.68648719793  9.573370E-18
6463.76556730276  7.517416E-18
6467.84464740759  6.216982E-18
6471.92372751241  7.738771E-18
6476.00280761724  5.794170E-18
6480.08188772207  7.366971E-19
6484.1609678269  5.721137E-18
6488.24004793173  1.379715E-18
6492.31912803656  -7.138966E-19
6496.39820814138  4.703375E-18
6500.47728824621  4.300326E-18
6504.55636835104  4.578111E-18
6508.63544845587  5.634141E-18
6512.71452856069  1.145965E-17
6516.79360866552  1.263299E-17
6520.87268877035  7.363693E-18
6524.95176887518  1.010870E-17
6529.03084898001  7.023606E-18
6533.10992908484  3.466839E-18
6537.18900918966  5.052885E-18
6541.26808929449  5.125932E-18
6545.34716939932  3.997430E-18
6549.42624950415  5.978756E-18
6553.50532960897  6.854232E-18
6557.5844097138  4.521460E-18
6561.66348981863  3.377562E-18
6565.74256992346  4.251850E-18
6569.82165002829  2.220327E-18
6573.90073013311  1.684455E-18
6577.97981023794  1.102175E-17
6582.05889034277  1.183364E-17
6586.1379704476  7.967923E-18
6590.21705055243  4.299670E-18
6594.29613065725  1.086501E-18
6598.37521076208  5.025451E-18
6602.45429086691  9.772977E-19
6606.53337097174  3.471295E-18
6610.61245107656  9.611607E-18
6614.69153118139  6.452900E-18
6618.77061128622  4.659985E-19
6622.84969139105  6.562261E-19
6626.92877149587  3.901691E-18
6631.00785160071  5.977837E-18
6635.08693170553  4.982776E-18
6639.16601181036  5.648353E-18
6643.24509191519  2.071742E-18
6647.32417202002  2.657587E-18
6651.40325212484  2.983480E-18
6655.48233222967  2.697525E-18
6659.5614123345  6.262631E-18
6663.64049243933  5.390487E-18
6667.71957254415  7.004527E-18
6671.79865264898  6.020630E-18
6675.87773275381  1.431494E-18
6679.95681285864  3.463975E-18
6684.03589296347  5.041330E-18
6688.1149730683  1.257984E-18
6692.19405317312  4.150079E-19
6696.27313327795  5.295876E-18
6700.35221338278  1.239809E-17
6704.43129348761  8.535242E-18
6708.51037359243  5.377902E-18
6712.58945369726  1.866960E-18
6716.66853380209  4.126103E-18
6720.74761390692  1.184911E-18
6724.82669401175  1.552521E-18
6728.90577411657  2.549461E-18
6732.9848542214  5.578528E-18
6737.06393432623  6.590380E-18
6741.14301443106  2.735083E-18
6745.22209453589  1.971269E-18
6749.30117464071  3.942249E-18
6753.38025474554  5.925936E-18
6757.45933485037  8.213129E-18
6761.5384149552  2.173857E-18
6765.61749506003  7.249965E-18
6769.69657516485  4.112096E-18
6773.77565526968  3.001080E-19
6777.85473537451  4.928140E-18
6781.93381547934  5.215753E-18
6786.01289558416  4.896308E-18
6790.09197568899  7.138623E-18
6794.17105579382  6.946427E-18
6798.25013589865  3.802825E-18
6802.32921600348  6.290243E-19
6806.4082961083  6.305696E-18
6810.48737621313  3.192556E-18
6814.56645631796  9.673508E-18
6818.64553642279  7.089632E-19
6822.72461652762  2.753827E-18
6826.80369663244  7.336140E-18
6830.88277673727  8.643142E-18
6834.9618568421  7.720836E-18
6839.04093694693  4.894325E-18
6843.12001705175  4.213584E-18
6847.19909715658  3.097078E-18
6851.27817726141  4.161710E-18
6855.35725736624  4.970676E-18
6859.43633747107  -1.179588E-18
6863.51541757589  9.072227E-18
6867.59449768072  5.415301E-19
6871.67357778555  5.936860E-18
6875.75265789038  1.629846E-18
6879.83173799521  6.003314E-19
6883.91081810003  5.400598E-18
6887.98989820486  6.080851E-18
6892.06897830969  6.321132E-18
6896.14805841452  2.885580E-18
6900.22713851935  8.044753E-19
6904.30621862418  2.520784E-18
6908.385298729  1.665558E-18
6912.46437883383  -1.298869E-18
6916.54345893866  -4.455585E-18
6920.62253904349  -6.986061E-18
6924.70161914831  -1.637310E-18
6928.78069925314  1.361196E-19
6932.85977935797  4.216562E-18
6936.9388594628  6.360491E-18
6941.01793956763  4.258161E-18
6945.09701967245  2.408711E-18
6949.17609977728  8.513649E-19
6953.25517988211  4.260540E-18
6957.33425998694  5.285179E-18
6961.41334009177  5.353720E-18
6965.49242019659  2.442322E-18
6969.57150030142  -1.531755E-18
6973.65058040625  -2.234564E-18
6977.72966051108  4.650526E-18
6981.8087406159  5.956225E-18
6985.88782072073  7.729275E-18
6989.96690082556  7.410389E-18
6994.04598093039  5.888674E-19
6998.12506103522  1.069787E-17
7002.20414114004  1.815759E-17
7006.28322124487  1.132068E-17
7010.3623013497  1.197516E-17
7014.44138145453  5.230973E-18
7018.52046155936  6.893806E-18
7022.59954166418  3.540390E-18
7026.67862176901  7.269321E-18
7030.75770187384  4.930584E-18
7034.83678197867  5.731616E-18
7038.91586208349  6.895250E-18
7042.99494218832  5.560606E-18
7047.07402229315  7.159109E-18
7051.15310239798  7.776748E-18
7055.23218250281  1.318750E-18
7059.31126260764  1.800798E-18
7063.39034271246  4.487496E-18
7067.46942281729  4.572901E-19
7071.54850292212  4.416551E-18
7075.62758302695  1.291401E-18
7079.70666313177  1.828696E-18
7083.7857432366  8.358527E-19
7087.86482334143  -1.071867E-18
7091.94390344626  1.143424E-17
7096.02298355109  5.494055E-18
7100.10206365591  4.459316E-18
7104.18114376074  5.554707E-18
7108.26022386557  3.676367E-18
7112.3393039704  3.741618E-18
7116.41838407523  3.695394E-18
7120.49746418005  4.749110E-18
7124.57654428488  5.834134E-18
7128.65562438971  5.564002E-18
7132.73470449454  8.531162E-18
7136.81378459936  4.561459E-18
7140.89286470419  2.616203E-18
7144.97194480902  8.536102E-18
7149.05102491385  8.160966E-18
7153.13010501868  2.303934E-18
7157.2091851235  3.836994E-18
7161.28826522833  3.392033E-18
7165.36734533316  4.074851E-18
7169.44642543799  2.749866E-18
7173.52550554282  6.820226E-19
7177.60458564765  4.199607E-18
7181.68366575247  4.133699E-18
7185.7627458573  3.213545E-18
7189.84182596213  2.145041E-18
7193.92090606696  4.179385E-18
7197.99998617179  4.953027E-18
7202.07906627661  2.867843E-18
7206.15814638144  3.243654E-18
7210.23722648627  3.539595E-18
7214.3163065911  6.514733E-18
7218.39538669592  9.723060E-18
7222.47446680075  8.365512E-18
7226.55354690558  4.123390E-18
7230.63262701041  -1.715220E-18
7234.71170711524  -1.366185E-18
7238.79078722006  7.282592E-18
7242.86986732489  8.036350E-18
7246.94894742972  1.618712E-18
7251.02802753455  6.034436E-18
7255.10710763938  1.322927E-17
7259.1861877442  8.315016E-18
7263.26526784903  5.320374E-18
7267.34434795386  5.985554E-18
7271.42342805869  2.809898E-18
7275.50250816351  1.847146E-18
7279.58158826834  5.363739E-18
7283.66066837317  5.529517E-18
7287.739748478  1.892659E-18
7291.81882858283  8.556803E-18
7295.89790868765  1.610930E-17
7299.97698879248  1.295350E-17
7304.05606889731  2.240150E-18
7308.13514900214  2.094773E-18
7312.21422910697  6.687449E-18
7316.29330921179  1.863568E-18
7320.37238931662  -2.216328E-19
7324.45146942145  7.139222E-18
7328.53054952628  5.263721E-18
7332.60962963111  6.449948E-18
7336.68870973593  9.460941E-18
7340.76778984076  6.942263E-18
7344.84686994559  1.180504E-17
7348.92595005042  6.499690E-18
7353.00503015525  -1.342441E-19
7357.08411026007  2.136720E-18
7361.1631903649  7.503591E-19
7365.24227046973  7.491378E-19
7369.32135057456  2.398976E-18
7373.40043067939  2.467684E-18
7377.47951078421  -1.193660E-18
7381.55859088904  -1.738502E-19
7385.63767099387  1.953941E-18
7389.7167510987  3.236605E-18
7393.79583120352  3.366474E-18
7397.87491130835  1.237465E-18
7401.95399141318  6.569977E-18
7406.03307151801  6.963274E-18
7410.11215162284  1.241158E-19
7414.19123172766  -1.485856E-18
7418.27031183249  3.167627E-18
7422.34939193732  -3.089269E-19
7426.42847204215  4.194668E-18
7430.50755214698  3.701244E-18
7434.5866322518  9.445358E-18
7438.66571235663  1.361484E-17
7442.74479246146  1.893551E-17
7446.82387256629  1.455204E-17
7450.90295267111  8.632821E-18
7454.98203277594  1.568639E-18
7459.06111288077  4.001985E-18
7463.1401929856  5.249423E-18
