4000.00	1.13216e-17
4002.00	3.39947e-17
4004.00	6.82588e-17
4006.00	5.23902e-17
4008.00	3.24477e-17
4010.00	1.53325e-17
4012.00	1.05962e-17
4014.00	9.82012e-18
4016.00	1.63285e-17
4018.00	2.80191e-17
4020.00	2.61099e-17
4022.00	-5.01977e-18
4024.00	6.438e-18
4026.00	1.84451e-17
4028.00	2.08535e-17
4030.00	-9.61934e-18
4032.00	7.81158e-18
4034.00	1.37659e-17
4036.00	3.20341e-17
4038.00	2.31617e-17
4040.00	2.43809e-17
4042.00	3.94484e-17
4044.00	7.70673e-18
4046.00	-1.59644e-18
4048.00	5.10653e-17
4050.00	4.64853e-17
4052.00	2.38604e-17
4054.00	2.76652e-17
4056.00	5.96956e-17
4058.00	4.15499e-17
4060.00	2.68087e-17
4062.00	2.5159e-17
4064.00	1.45794e-17
4066.00	1.16544e-17
4068.00	3.92161e-17
4070.00	3.08019e-17
4072.00	7.02799e-18
4074.00	-1.98138e-18
4076.00	2.51259e-17
4078.00	1.87281e-17
4080.00	1.11481e-18
4082.00	2.09115e-17
4084.00	2.24169e-17
4086.00	2.90141e-17
4088.00	3.6519e-17
4090.00	2.14424e-17
4092.00	1.21937e-17
4094.00	3.79779e-17
4096.00	3.05308e-17
4098.00	2.33258e-17
4100.00	2.55225e-17
4102.00	2.75663e-17
4104.00	1.88053e-17
4106.00	3.7045e-17
4108.00	4.9023e-17
4110.00	3.00037e-17
4112.00	8.75494e-18
4114.00	4.03674e-18
4116.00	2.44967e-17
4118.00	3.58354e-17
4120.00	2.51574e-17
4122.00	2.83758e-17
4124.00	2.05642e-17
4126.00	2.38329e-17
4128.00	2.06896e-17
4130.00	1.74173e-17
4132.00	2.10175e-17
4134.00	1.43683e-17
4136.00	1.29875e-17
4138.00	1.50295e-17
4140.00	1.89295e-17
4142.00	2.42989e-17
4144.00	2.81967e-17
4146.00	3.47112e-17
4148.00	3.62667e-17
4150.00	2.08109e-17
4152.00	2.96271e-17
4154.00	2.89196e-17
4156.00	1.83098e-17
4158.00	2.39419e-17
4160.00	3.01518e-17
4162.00	4.00271e-17
4164.00	2.41354e-17
4166.00	8.92985e-18
4168.00	2.25549e-17
4170.00	3.56912e-17
4172.00	3.54985e-17
4174.00	4.2315e-17
4176.00	3.49658e-17
4178.00	1.8455e-17
4180.00	1.27628e-17
4182.00	7.59874e-18
4184.00	2.48503e-17
4186.00	3.15955e-17
4188.00	1.23388e-17
4190.00	9.59396e-18
4192.00	1.98448e-17
4194.00	3.06269e-17
4196.00	2.83796e-17
4198.00	1.31392e-17
4200.00	1.10943e-17
4202.00	2.74896e-17
4204.00	2.77975e-17
4206.00	1.90461e-17
4208.00	3.13902e-17
4210.00	3.20726e-17
4212.00	2.01184e-17
4214.00	1.724e-17
4216.00	2.31663e-17
4218.00	1.5912e-17
4220.00	1.85969e-17
4222.00	2.75326e-17
4224.00	3.39431e-17
4226.00	3.63746e-17
4228.00	3.83647e-17
4230.00	3.32222e-17
4232.00	2.05759e-17
4234.00	3.18805e-17
4236.00	3.58706e-17
4238.00	2.12282e-17
4240.00	1.17977e-17
4242.00	1.92214e-17
4244.00	2.3091e-17
4246.00	2.12287e-17
4248.00	2.97224e-17
4250.00	3.29141e-17
4252.00	2.63669e-17
4254.00	1.61669e-17
4256.00	1.24352e-17
4258.00	1.89744e-17
4260.00	1.35277e-17
4262.00	1.9176e-17
4264.00	4.48487e-17
4266.00	3.94586e-17
4268.00	2.47506e-17
4270.00	2.61023e-17
4272.00	2.58509e-17
4274.00	2.75219e-17
4276.00	2.5967e-17
4278.00	2.93004e-17
4280.00	2.92054e-17
4282.00	2.12488e-17
4284.00	3.11366e-17
4286.00	2.95913e-17
4288.00	2.17199e-17
4290.00	2.73161e-17
4292.00	2.56243e-17
4294.00	2.18879e-17
4296.00	4.17272e-17
4298.00	4.82575e-17
4300.00	2.02293e-17
4302.00	1.23712e-17
4304.00	2.08994e-17
4306.00	2.22288e-17
4308.00	2.03685e-17
4310.00	2.37503e-17
4312.00	2.73681e-17
4314.00	2.62374e-17
4316.00	3.74143e-17
4318.00	5.65358e-17
4320.00	3.79023e-17
4322.00	2.21077e-17
4324.00	2.61741e-17
4326.00	3.90183e-17
4328.00	4.24226e-17
4330.00	2.92406e-17
4332.00	3.07559e-17
4334.00	2.85796e-17
4336.00	2.65382e-17
4338.00	2.73044e-17
4340.00	2.00917e-17
4342.00	1.82161e-17
4344.00	2.44199e-17
4346.00	3.09779e-17
4348.00	3.8183e-17
4350.00	4.04425e-17
4352.00	3.46564e-17
4354.00	2.70491e-17
4356.00	3.00951e-17
4358.00	3.1915e-17
4360.00	3.79976e-17
4362.00	3.26929e-17
4364.00	2.01274e-17
4366.00	2.79178e-17
4368.00	2.25719e-17
4370.00	2.66355e-17
4372.00	3.96246e-17
4374.00	3.86039e-17
4376.00	2.88644e-17
4378.00	2.65451e-17
4380.00	2.46628e-17
4382.00	2.48249e-17
4384.00	3.19474e-17
4386.00	3.11729e-17
4388.00	3.51091e-17
4390.00	3.06467e-17
4392.00	3.15041e-17
4394.00	3.12863e-17
4396.00	2.88161e-17
4398.00	2.60876e-17
4400.00	2.33746e-17
4402.00	2.71397e-17
4404.00	2.51105e-17
4406.00	3.30309e-17
4408.00	3.61007e-17
4410.00	2.66339e-17
4412.00	2.95108e-17
4414.00	2.73548e-17
4416.00	2.49231e-17
4418.00	3.25257e-17
4420.00	2.91616e-17
4422.00	2.64266e-17
4424.00	2.68872e-17
4426.00	2.44214e-17
4428.00	2.59807e-17
4430.00	3.40631e-17
4432.00	3.92723e-17
4434.00	2.41442e-17
4436.00	2.26427e-17
4438.00	2.02622e-17
4440.00	2.58929e-17
4442.00	3.68864e-17
4444.00	2.56697e-17
4446.00	2.94796e-17
4448.00	2.58638e-17
4450.00	1.53707e-17
4452.00	1.4577e-17
4454.00	2.46433e-17
4456.00	3.09285e-17
4458.00	2.76376e-17
4460.00	2.30306e-17
4462.00	2.22468e-17
4464.00	2.37995e-17
4466.00	2.1183e-17
4468.00	2.31548e-17
4470.00	3.07626e-17
4472.00	2.71746e-17
4474.00	2.8708e-17
4476.00	3.57996e-17
4478.00	3.28765e-17
4480.00	1.70196e-17
4482.00	1.51971e-17
4484.00	3.07458e-17
4486.00	3.27084e-17
4488.00	2.40809e-17
4490.00	3.64166e-17
4492.00	4.30573e-17
4494.00	3.32879e-17
4496.00	3.4049e-17
4498.00	2.49139e-17
4500.00	2.24182e-17
4502.00	3.01759e-17
4504.00	3.85007e-17
4506.00	3.4098e-17
4508.00	3.24572e-17
4510.00	3.16821e-17
4512.00	3.41812e-17
4514.00	4.27537e-17
4516.00	4.37568e-17
4518.00	3.46218e-17
4520.00	3.88489e-17
4522.00	3.41753e-17
4524.00	4.00338e-17
4526.00	3.75134e-17
4528.00	3.01884e-17
4530.00	3.43757e-17
4532.00	3.58668e-17
4534.00	3.25807e-17
4536.00	3.40704e-17
4538.00	2.39927e-17
4540.00	2.66996e-17
4542.00	3.2506e-17
4544.00	3.4312e-17
4546.00	3.66919e-17
4548.00	4.02751e-17
4550.00	3.70876e-17
4552.00	4.11963e-17
4554.00	4.01292e-17
4556.00	4.14062e-17
4558.00	3.39967e-17
4560.00	3.92096e-17
4562.00	5.05177e-17
4564.00	4.12815e-17
4566.00	3.46223e-17
4568.00	4.5435e-17
4570.00	4.33732e-17
4572.00	3.60802e-17
4574.00	4.98841e-17
4576.00	4.93348e-17
4578.00	4.77549e-17
4580.00	5.29274e-17
4582.00	3.64446e-17
4584.00	3.13452e-17
4586.00	3.27799e-17
4588.00	3.58218e-17
4590.00	3.84406e-17
4592.00	3.98287e-17
4594.00	3.61159e-17
4596.00	3.0991e-17
4598.00	3.81177e-17
4600.00	3.22385e-17
4602.00	3.7077e-17
4604.00	3.11745e-17
4606.00	3.71368e-17
4608.00	5.00881e-17
4610.00	4.34776e-17
4612.00	4.13962e-17
4614.00	4.30471e-17
4616.00	4.14266e-17
4618.00	3.46797e-17
4620.00	4.2404e-17
4622.00	4.42751e-17
4624.00	3.76387e-17
4626.00	3.59243e-17
4628.00	3.90871e-17
4630.00	4.23548e-17
4632.00	3.10684e-17
4634.00	3.75458e-17
4636.00	3.88053e-17
4638.00	3.18418e-17
4640.00	3.45617e-17
4642.00	4.34239e-17
4644.00	4.24987e-17
4646.00	3.71689e-17
4648.00	4.43107e-17
4650.00	4.57408e-17
4652.00	3.35797e-17
4654.00	2.60439e-17
4656.00	3.58247e-17
4658.00	4.04328e-17
4660.00	3.1843e-17
4662.00	2.95748e-17
4664.00	3.69758e-17
4666.00	4.00182e-17
4668.00	3.08506e-17
4670.00	3.27419e-17
4672.00	3.05491e-17
4674.00	3.24453e-17
4676.00	2.76394e-17
4678.00	3.50773e-17
4680.00	4.22704e-17
4682.00	3.31903e-17
4684.00	3.75724e-17
4686.00	3.36618e-17
4688.00	3.41582e-17
4690.00	3.48772e-17
4692.00	3.93846e-17
4694.00	3.85542e-17
4696.00	3.38896e-17
4698.00	3.38081e-17
4700.00	3.85224e-17
4702.00	2.75231e-17
4704.00	2.9214e-17
4706.00	2.52585e-17
4708.00	2.9343e-17
4710.00	3.72576e-17
4712.00	3.4378e-17
4714.00	3.69257e-17
4716.00	3.09529e-17
4718.00	4.38884e-17
4720.00	4.92036e-17
4722.00	3.566e-17
4724.00	3.8306e-17
4726.00	4.03872e-17
4728.00	4.05883e-17
4730.00	3.72857e-17
4732.00	3.58019e-17
4734.00	3.87275e-17
4736.00	4.42009e-17
4738.00	3.60252e-17
4740.00	3.25374e-17
4742.00	3.83616e-17
4744.00	3.61465e-17
4746.00	3.72656e-17
4748.00	4.35999e-17
4750.00	3.9745e-17
4752.00	5.02686e-17
4754.00	4.49057e-17
4756.00	3.67671e-17
4758.00	3.8665e-17
4760.00	4.69087e-17
4762.00	4.77374e-17
4764.00	4.09992e-17
4766.00	4.846e-17
4768.00	3.5871e-17
4770.00	3.54865e-17
4772.00	4.81977e-17
4774.00	3.39163e-17
4776.00	3.72677e-17
4778.00	4.48867e-17
4780.00	4.36781e-17
4782.00	4.21372e-17
4784.00	4.99952e-17
4786.00	4.71688e-17
4788.00	4.09165e-17
4790.00	3.99894e-17
4792.00	3.87045e-17
4794.00	4.80027e-17
4796.00	4.09589e-17
4798.00	4.21262e-17
4800.00	4.97509e-17
4802.00	5.09914e-17
4804.00	4.61372e-17
4806.00	4.71585e-17
4808.00	4.14871e-17
4810.00	4.88432e-17
4812.00	4.96519e-17
4814.00	3.99966e-17
4816.00	4.52128e-17
4818.00	4.8612e-17
4820.00	4.5744e-17
4822.00	4.1571e-17
4824.00	4.83931e-17
4826.00	5.48419e-17
4828.00	5.09945e-17
4830.00	4.69241e-17
4832.00	5.47389e-17
4834.00	4.66656e-17
4836.00	3.98716e-17
4838.00	3.76248e-17
4840.00	3.73153e-17
4842.00	4.08834e-17
4844.00	5.02291e-17
4846.00	5.28014e-17
4848.00	4.44113e-17
4850.00	5.23137e-17
4852.00	5.74338e-17
4854.00	4.98144e-17
4856.00	4.51762e-17
4858.00	4.32309e-17
4860.00	4.90102e-17
4862.00	5.23917e-17
4864.00	5.22493e-17
4866.00	3.90283e-17
4868.00	4.63603e-17
4870.00	5.26848e-17
4872.00	5.00341e-17
4874.00	5.21991e-17
4876.00	4.89221e-17
4878.00	4.3354e-17
4880.00	4.42626e-17
4882.00	4.88467e-17
4884.00	4.73991e-17
4886.00	4.64459e-17
4888.00	5.36927e-17
4890.00	5.30387e-17
4892.00	4.92556e-17
4894.00	5.27964e-17
4896.00	5.73854e-17
4898.00	5.61971e-17
4900.00	4.3325e-17
4902.00	5.28142e-17
4904.00	5.95572e-17
4906.00	4.96291e-17
4908.00	3.93793e-17
4910.00	5.03701e-17
4912.00	5.4951e-17
4914.00	5.53108e-17
4916.00	5.16111e-17
4918.00	5.45255e-17
4920.00	4.92844e-17
4922.00	5.41054e-17
4924.00	4.55635e-17
4926.00	4.94233e-17
4928.00	5.13249e-17
4930.00	5.2023e-17
4932.00	4.58442e-17
4934.00	5.40019e-17
4936.00	5.76729e-17
4938.00	5.23523e-17
4940.00	4.77368e-17
4942.00	4.36151e-17
4944.00	4.26687e-17
4946.00	4.27771e-17
4948.00	4.45939e-17
4950.00	5.16642e-17
4952.00	5.64067e-17
4954.00	5.42455e-17
4956.00	5.52548e-17
4958.00	6.21969e-17
4960.00	4.36459e-17
4962.00	4.52833e-17
4964.00	5.09021e-17
4966.00	5.13422e-17
4968.00	5.18025e-17
4970.00	5.33161e-17
4972.00	5.73441e-17
4974.00	5.03461e-17
4976.00	4.37736e-17
4978.00	4.98116e-17
4980.00	5.85407e-17
4982.00	6.00504e-17
4984.00	5.04037e-17
4986.00	5.14961e-17
4988.00	5.28243e-17
4990.00	4.85568e-17
4992.00	5.20645e-17
4994.00	6.0281e-17
4996.00	4.9832e-17
4998.00	5.10454e-17
5000.00	5.10205e-17
5002.00	5.10443e-17
5004.00	5.14248e-17
5006.00	4.84205e-17
5008.00	5.58676e-17
5010.00	5.61381e-17
5012.00	4.99732e-17
5014.00	4.7916e-17
5016.00	5.31695e-17
5018.00	5.69455e-17
5020.00	5.26977e-17
5022.00	4.96149e-17
5024.00	5.73855e-17
5026.00	5.81411e-17
5028.00	4.77181e-17
5030.00	4.5899e-17
5032.00	4.97327e-17
5034.00	5.24693e-17
5036.00	4.96841e-17
5038.00	5.09883e-17
5040.00	4.89012e-17
5042.00	4.43647e-17
5044.00	4.52275e-17
5046.00	4.24333e-17
5048.00	4.7387e-17
5050.00	5.19483e-17
5052.00	4.83417e-17
5054.00	4.9597e-17
5056.00	5.11122e-17
5058.00	4.48491e-17
5060.00	4.52077e-17
5062.00	4.27397e-17
5064.00	5.96315e-17
5066.00	6.28574e-17
5068.00	5.65868e-17
5070.00	5.32201e-17
5072.00	5.20678e-17
5074.00	4.52243e-17
5076.00	4.4503e-17
5078.00	4.9826e-17
5080.00	4.98438e-17
5082.00	4.93296e-17
5084.00	4.46409e-17
5086.00	4.00731e-17
5088.00	4.01355e-17
5090.00	4.50872e-17
5092.00	4.49716e-17
5094.00	4.82219e-17
5096.00	4.59065e-17
5098.00	4.02959e-17
5100.00	4.45442e-17
5102.00	4.2902e-17
5104.00	4.09242e-17
5106.00	4.27746e-17
5108.00	4.15844e-17
5110.00	3.76147e-17
5112.00	3.81421e-17
5114.00	4.08672e-17
5116.00	4.18406e-17
5118.00	4.55388e-17
5120.00	4.91595e-17
5122.00	3.8635e-17
5124.00	3.52591e-17
5126.00	4.18458e-17
5128.00	4.43724e-17
5130.00	4.11132e-17
5132.00	3.99794e-17
5134.00	4.34681e-17
5136.00	4.41615e-17
5138.00	4.49915e-17
5140.00	4.46154e-17
5142.00	3.79905e-17
5144.00	3.6949e-17
5146.00	3.45958e-17
5148.00	4.14705e-17
5150.00	4.44711e-17
5152.00	3.91349e-17
5154.00	4.12134e-17
5156.00	3.80862e-17
5158.00	4.04906e-17
5160.00	4.19317e-17
5162.00	3.97904e-17
5164.00	4.09361e-17
5166.00	4.1345e-17
5168.00	3.63915e-17
5170.00	3.46256e-17
5172.00	3.7243e-17
5174.00	3.97185e-17
5176.00	4.27962e-17
5178.00	4.42489e-17
5180.00	4.32032e-17
5182.00	3.88297e-17
5184.00	3.95218e-17
5186.00	4.18158e-17
5188.00	4.40826e-17
5190.00	4.50864e-17
5192.00	4.65276e-17
5194.00	4.39834e-17
5196.00	3.65312e-17
5198.00	3.55548e-17
5200.00	4.1946e-17
5202.00	5.08903e-17
5204.00	4.86421e-17
5206.00	3.95006e-17
5208.00	3.50735e-17
5210.00	3.80747e-17
5212.00	4.16697e-17
5214.00	3.62449e-17
5216.00	3.68923e-17
5218.00	4.3899e-17
5220.00	5.2189e-17
5222.00	5.41401e-17
5224.00	4.78831e-17
5226.00	4.43966e-17
5228.00	4.36925e-17
5230.00	4.17492e-17
5232.00	4.82665e-17
5234.00	5.06554e-17
5236.00	4.49722e-17
5238.00	4.57576e-17
5240.00	4.49959e-17
5242.00	4.54378e-17
5244.00	4.75999e-17
5246.00	5.03379e-17
5248.00	5.20408e-17
5250.00	4.96418e-17
5252.00	4.57226e-17
5254.00	4.49633e-17
5256.00	4.57577e-17
5258.00	4.40844e-17
5260.00	4.30204e-17
5262.00	4.93184e-17
5264.00	4.78166e-17
5266.00	4.02253e-17
5268.00	4.29867e-17
5270.00	4.58594e-17
5272.00	4.61669e-17
5274.00	4.75878e-17
5276.00	4.5669e-17
5278.00	4.61298e-17
5280.00	4.74925e-17
5282.00	4.32661e-17
5284.00	4.38508e-17
5286.00	4.72956e-17
5288.00	4.30916e-17
5290.00	4.16971e-17
5292.00	4.66855e-17
5294.00	4.77489e-17
5296.00	4.56074e-17
5298.00	4.78719e-17
5300.00	5.16898e-17
5302.00	4.6186e-17
5304.00	4.12261e-17
5306.00	4.5005e-17
5308.00	5.02708e-17
5310.00	4.90573e-17
5312.00	4.41716e-17
5314.00	4.45651e-17
5316.00	4.71028e-17
5318.00	4.64874e-17
5320.00	4.7384e-17
5322.00	5.04232e-17
5324.00	4.80305e-17
5326.00	4.62769e-17
5328.00	4.82951e-17
5330.00	5.20823e-17
5332.00	5.36138e-17
5334.00	4.90903e-17
5336.00	4.26673e-17
5338.00	4.0886e-17
5340.00	4.62208e-17
5342.00	5.03782e-17
5344.00	4.96419e-17
5346.00	4.86286e-17
5348.00	4.79127e-17
5350.00	4.68505e-17
5352.00	4.98108e-17
5354.00	5.09239e-17
5356.00	4.70937e-17
5358.00	5.00884e-17
5360.00	4.89538e-17
5362.00	4.64488e-17
5364.00	4.97377e-17
5366.00	4.66048e-17
5368.00	4.15906e-17
5370.00	4.1166e-17
5372.00	4.84881e-17
5374.00	4.40191e-17
5376.00	4.07145e-17
5378.00	4.4283e-17
5380.00	4.25567e-17
5382.00	4.05518e-17
5384.00	4.35501e-17
5386.00	4.35295e-17
5388.00	4.19521e-17
5390.00	4.54892e-17
5392.00	4.54817e-17
5394.00	4.44052e-17
5396.00	3.76925e-17
5398.00	4.02129e-17
5400.00	4.71944e-17
5402.00	4.27074e-17
5404.00	4.17397e-17
5406.00	4.43444e-17
5408.00	4.25885e-17
5410.00	4.26202e-17
5412.00	4.1288e-17
5414.00	4.02635e-17
5416.00	4.01643e-17
5418.00	4.17063e-17
5420.00	4.09509e-17
5422.00	4.13979e-17
5424.00	4.53675e-17
5426.00	4.25651e-17
5428.00	3.8165e-17
5430.00	4.27494e-17
5432.00	4.40388e-17
5434.00	4.09519e-17
5436.00	4.16333e-17
5438.00	4.01564e-17
5440.00	3.65774e-17
5442.00	4.00935e-17
5444.00	4.03554e-17
5446.00	3.92287e-17
5448.00	3.98272e-17
5450.00	4.11571e-17
5452.00	3.6659e-17
5454.00	4.09761e-17
5456.00	4.47464e-17
5458.00	4.05297e-17
5460.00	4.39068e-17
5462.00	4.1989e-17
5464.00	4.14568e-17
5466.00	4.54239e-17
5468.00	4.4509e-17
5470.00	4.53444e-17
5472.00	4.6977e-17
5474.00	4.51111e-17
5476.00	4.44644e-17
5478.00	4.28922e-17
5480.00	4.23573e-17
5482.00	4.13763e-17
5484.00	4.58479e-17
5486.00	4.60779e-17
5488.00	4.70106e-17
5490.00	5.2917e-17
5492.00	4.95375e-17
5494.00	5.01089e-17
5496.00	4.87305e-17
5498.00	4.98223e-17
5500.00	5.18105e-17
5502.00	4.92089e-17
5504.00	4.86235e-17
5506.00	5.26233e-17
5508.00	5.32378e-17
5510.00	5.03047e-17
5512.00	4.89381e-17
5514.00	4.65269e-17
5516.00	5.03798e-17
5518.00	5.47856e-17
5520.00	5.66544e-17
5522.00	5.67908e-17
5524.00	5.46067e-17
5526.00	5.14846e-17
5528.00	5.37463e-17
5530.00	5.48091e-17
5532.00	5.13975e-17
5534.00	4.8397e-17
5536.00	5.07755e-17
5538.00	5.40323e-17
5540.00	4.86034e-17
5542.00	4.76296e-17
5544.00	5.07166e-17
5546.00	5.16116e-17
5548.00	4.95382e-17
5550.00	5.35963e-17
5552.00	5.35505e-17
5554.00	5.6428e-17
5556.00	5.99866e-17
5558.00	5.62061e-17
5560.00	5.52143e-17
5562.00	5.59695e-17
5564.00	5.90134e-17
5566.00	5.9928e-17
5568.00	6.02385e-17
5570.00	5.46105e-17
5572.00	5.36015e-17
5574.00	5.39864e-17
5576.00	5.43712e-17
5578.00	5.47561e-17
5580.00	5.5141e-17
5582.00	5.55259e-17
5584.00	5.59108e-17
5586.00	5.62956e-17
5588.00	5.62956e-17
5590.00	6.31244e-17
5592.00	6.18321e-17
5594.00	6.48277e-17
5596.00	6.47554e-17
5598.00	6.17614e-17
5600.00	6.33642e-17
5602.00	5.66119e-17
5604.00	5.98186e-17
5606.00	6.58821e-17
5608.00	6.48503e-17
5610.00	6.12338e-17
5612.00	5.53257e-17
5614.00	5.46612e-17
5616.00	6.26765e-17
5618.00	6.13579e-17
5620.00	5.56387e-17
5622.00	5.50368e-17
5624.00	6.14633e-17
5626.00	5.95035e-17
5628.00	5.02219e-17
5630.00	5.70232e-17
5632.00	6.04756e-17
5634.00	5.85393e-17
5636.00	5.71337e-17
5638.00	5.77747e-17
5640.00	6.23384e-17
5642.00	5.95215e-17
5644.00	5.89659e-17
5646.00	6.31599e-17
5648.00	6.12274e-17
5650.00	5.80499e-17
5652.00	6.1771e-17
5654.00	5.96463e-17
5656.00	6.13786e-17
5658.00	5.96341e-17
5660.00	5.80674e-17
5662.00	5.94794e-17
5664.00	5.93236e-17
5666.00	5.59874e-17
5668.00	5.63319e-17
5670.00	6.08292e-17
5672.00	5.93468e-17
5674.00	5.99099e-17
5676.00	5.36638e-17
5678.00	5.9482e-17
5680.00	5.80491e-17
5682.00	5.0853e-17
5684.00	5.3937e-17
5686.00	5.71512e-17
5688.00	5.58069e-17
5690.00	5.19506e-17
5692.00	4.81165e-17
5694.00	4.77875e-17
5696.00	4.65135e-17
5698.00	5.60743e-17
5700.00	5.46193e-17
5702.00	4.91666e-17
5704.00	4.7823e-17
5706.00	5.27672e-17
5708.00	5.9202e-17
5710.00	5.27675e-17
5712.00	5.29995e-17
5714.00	4.7606e-17
5716.00	4.88586e-17
5718.00	4.68167e-17
5720.00	5.28933e-17
5722.00	5.95241e-17
5724.00	5.26246e-17
5726.00	5.12243e-17
5728.00	4.45097e-17
5730.00	4.40265e-17
5732.00	4.40633e-17
5734.00	4.28243e-17
5736.00	4.11957e-17
5738.00	4.19601e-17
5740.00	4.35008e-17
5742.00	4.73058e-17
5744.00	4.50997e-17
5746.00	4.58338e-17
5748.00	4.6141e-17
5750.00	4.09268e-17
5752.00	4.09526e-17
5754.00	4.29168e-17
5756.00	4.94398e-17
5758.00	4.55802e-17
5760.00	4.73879e-17
5762.00	4.47378e-17
5764.00	3.76314e-17
5766.00	4.93756e-17
5768.00	3.91088e-17
5770.00	3.52833e-17
5772.00	4.2304e-17
5774.00	4.49892e-17
5776.00	4.39492e-17
5778.00	4.12937e-17
5780.00	4.46915e-17
5782.00	4.56197e-17
5784.00	4.9174e-17
5786.00	4.46906e-17
5788.00	4.41424e-17
5790.00	5.07137e-17
5792.00	4.30525e-17
5794.00	4.5669e-17
5796.00	5.12496e-17
5798.00	5.20615e-17
5800.00	4.25979e-17
5802.00	5.10327e-17
5804.00	4.82989e-17
5806.00	4.40858e-17
5808.00	4.93288e-17
5810.00	5.19976e-17
5812.00	5.51211e-17
5814.00	4.91128e-17
5816.00	4.78435e-17
5818.00	4.53191e-17
5820.00	4.36667e-17
5822.00	4.45767e-17
5824.00	4.59486e-17
5826.00	5.02987e-17
5828.00	4.99785e-17
5830.00	5.11877e-17
5832.00	5.23827e-17
5834.00	5.27797e-17
5836.00	5.48369e-17
5838.00	5.48858e-17
5840.00	4.8654e-17
5842.00	5.08079e-17
5844.00	4.65821e-17
5846.00	4.84499e-17
5848.00	5.15019e-17
5850.00	4.94496e-17
5852.00	5.18568e-17
5854.00	5.01811e-17
5856.00	5.40311e-17
5858.00	5.4484e-17
5860.00	4.84023e-17
5862.00	5.49663e-17
5864.00	6.0312e-17
5866.00	5.15712e-17
5868.00	4.55473e-17
5870.00	5.33282e-17
5872.00	5.19562e-17
5874.00	5.17218e-17
5876.00	5.29895e-17
5878.00	5.70843e-17
5880.00	5.75814e-17
5882.00	5.48869e-17
5884.00	5.45857e-17
5886.00	5.41883e-17
5888.00	5.48534e-17
5890.00	5.44699e-17
5892.00	5.27511e-17
5894.00	5.44043e-17
5896.00	5.77659e-17
5898.00	5.51706e-17
5900.00	5.47855e-17
5902.00	5.76593e-17
5904.00	6.23653e-17
5906.00	5.60422e-17
5908.00	5.34272e-17
5910.00	5.8152e-17
5912.00	6.30101e-17
5914.00	6.44075e-17
5916.00	6.13892e-17
5918.00	5.6713e-17
5920.00	6.10102e-17
5922.00	6.73225e-17
5924.00	6.34674e-17
5926.00	5.60227e-17
5928.00	5.56928e-17
5930.00	6.59389e-17
5932.00	6.69871e-17
5934.00	6.05803e-17
5936.00	5.68738e-17
5938.00	5.48348e-17
5940.00	5.77446e-17
5942.00	5.92851e-17
5944.00	5.61351e-17
5946.00	5.61622e-17
5948.00	6.06168e-17
5950.00	6.38721e-17
5952.00	6.72158e-17
5954.00	6.05716e-17
5956.00	5.66517e-17
5958.00	5.39088e-17
5960.00	5.36109e-17
5962.00	5.58321e-17
5964.00	5.24544e-17
5966.00	5.3394e-17
5968.00	5.96364e-17
5970.00	5.67631e-17
5972.00	5.95477e-17
5974.00	5.78415e-17
5976.00	5.63369e-17
5978.00	5.93353e-17
5980.00	6.29015e-17
5982.00	5.74142e-17
5984.00	5.52671e-17
5986.00	5.9361e-17
5988.00	5.81529e-17
5990.00	6.36092e-17
5992.00	5.86873e-17
5994.00	5.49146e-17
5996.00	5.99446e-17
5998.00	5.92133e-17
6000.00	5.74079e-17
6002.00	5.68927e-17
6004.00	6.05937e-17
6006.00	6.11097e-17
6008.00	6.00722e-17
6010.00	5.538e-17
6012.00	5.08474e-17
6014.00	5.48152e-17
6016.00	5.22932e-17
6018.00	5.67325e-17
6020.00	6.67817e-17
6022.00	6.02165e-17
6024.00	5.12549e-17
6026.00	5.13492e-17
6028.00	5.67522e-17
6030.00	5.90827e-17
6032.00	5.40928e-17
6034.00	4.98161e-17
6036.00	4.98213e-17
6038.00	5.66441e-17
6040.00	5.80152e-17
6042.00	5.45565e-17
6044.00	5.19259e-17
6046.00	5.20063e-17
6048.00	5.19887e-17
6050.00	5.10836e-17
6052.00	5.26962e-17
6054.00	6.01083e-17
6056.00	6.03758e-17
6058.00	5.25507e-17
6060.00	5.37553e-17
6062.00	5.44272e-17
6064.00	5.54947e-17
6066.00	5.91418e-17
6068.00	5.8515e-17
6070.00	5.79678e-17
6072.00	5.82672e-17
6074.00	6.08611e-17
6076.00	6.20981e-17
6078.00	5.89259e-17
6080.00	5.54452e-17
6082.00	5.78763e-17
6084.00	5.99935e-17
6086.00	5.57241e-17
6088.00	5.32919e-17
6090.00	5.06375e-17
6092.00	5.49097e-17
6094.00	5.68414e-17
6096.00	5.22656e-17
6098.00	5.2032e-17
6100.00	5.76129e-17
6102.00	5.78645e-17
6104.00	5.70916e-17
6106.00	5.56867e-17
6108.00	5.44312e-17
6110.00	5.72735e-17
6112.00	5.02723e-17
6114.00	4.4671e-17
6116.00	4.50742e-17
6118.00	5.02105e-17
6120.00	5.89164e-17
6122.00	5.72093e-17
6124.00	5.36235e-17
6126.00	4.62571e-17
6128.00	4.63147e-17
6130.00	5.0881e-17
6132.00	4.63907e-17
6134.00	4.59797e-17
6136.00	4.90417e-17
6138.00	4.72042e-17
6140.00	5.31395e-17
6142.00	5.26985e-17
6144.00	3.7006e-17
6146.00	4.72816e-17
6148.00	5.3292e-17
6150.00	5.30648e-17
6152.00	5.1181e-17
6154.00	4.4072e-17
6156.00	4.40194e-17
6158.00	5.08377e-17
6160.00	4.79929e-17
6162.00	4.30244e-17
6164.00	3.66337e-17
6166.00	4.41945e-17
6168.00	4.54181e-17
6170.00	4.04201e-17
6172.00	4.50097e-17
6174.00	4.87663e-17
6176.00	4.81611e-17
6178.00	4.64143e-17
6180.00	4.29224e-17
6182.00	4.17737e-17
6184.00	4.03673e-17
6186.00	4.11338e-17
6188.00	4.31944e-17
6190.00	4.64567e-17
6192.00	4.24408e-17
6194.00	4.25611e-17
6196.00	4.72728e-17
6198.00	4.5577e-17
6200.00	4.47803e-17
6202.00	4.62117e-17
6204.00	4.41404e-17
6206.00	4.35207e-17
6208.00	4.53536e-17
6210.00	5.00327e-17
6212.00	4.71564e-17
6214.00	4.45668e-17
6216.00	4.49664e-17
6218.00	4.08342e-17
6220.00	4.52237e-17
6222.00	4.88957e-17
6224.00	4.75222e-17
6226.00	4.48661e-17
6228.00	4.42398e-17
6230.00	4.82123e-17
6232.00	4.77328e-17
6234.00	4.80188e-17
6236.00	5.2245e-17
6238.00	4.85543e-17
6240.00	4.2201e-17
6242.00	4.08243e-17
6244.00	4.34646e-17
6246.00	4.22451e-17
6248.00	4.6216e-17
6250.00	4.92368e-17
6252.00	4.44147e-17
6254.00	3.9611e-17
6256.00	3.99034e-17
6258.00	4.49515e-17
6260.00	5.04204e-17
6262.00	4.82126e-17
6264.00	4.49111e-17
6266.00	4.79541e-17
6268.00	4.78155e-17
6270.00	4.49921e-17
6272.00	4.52917e-17
6274.00	4.83105e-17
6276.00	5.00795e-17
6278.00	5.17348e-17
6280.00	5.01122e-17
6282.00	4.67721e-17
6284.00	5.05155e-17
6286.00	5.13412e-17
6288.00	4.89999e-17
6290.00	5.1715e-17
6292.00	6.05891e-17
6294.00	6.55664e-17
6296.00	5.20448e-17
6298.00	4.51664e-17
6300.00	5.76773e-17
6302.00	5.97916e-17
6304.00	5.06825e-17
6306.00	4.23464e-17
6308.00	4.38001e-17
6310.00	4.35741e-17
6312.00	4.07701e-17
6314.00	4.84382e-17
6316.00	5.44865e-17
6318.00	5.56049e-17
6320.00	5.27083e-17
6322.00	5.24826e-17
6324.00	5.34106e-17
6326.00	5.07019e-17
6328.00	5.52269e-17
6330.00	5.7974e-17
6332.00	5.17318e-17
6334.00	5.12968e-17
6336.00	5.1689e-17
6338.00	4.61208e-17
6340.00	5.27155e-17
6342.00	6.21899e-17
6344.00	6.14721e-17
6346.00	6.84116e-17
6348.00	6.5001e-17
6350.00	5.32956e-17
6352.00	5.19268e-17
6354.00	5.35879e-17
6356.00	5.6994e-17
6358.00	5.33656e-17
6360.00	4.86436e-17
6362.00	5.0188e-17
6364.00	5.09334e-17
6366.00	5.11826e-17
6368.00	5.34318e-17
6370.00	5.16481e-17
6372.00	5.0139e-17
6374.00	5.05533e-17
6376.00	5.07284e-17
6378.00	5.02892e-17
6380.00	5.24624e-17
6382.00	5.44912e-17
6384.00	5.33017e-17
6386.00	5.21001e-17
6388.00	5.35936e-17
6390.00	5.11568e-17
6392.00	4.90819e-17
6394.00	5.44574e-17
6396.00	5.55985e-17
6398.00	5.35381e-17
6400.00	5.40835e-17
6402.00	5.0848e-17
6404.00	4.64068e-17
6406.00	5.1307e-17
6408.00	5.79787e-17
6410.00	5.68368e-17
6412.00	5.16526e-17
6414.00	5.02635e-17
6416.00	5.49965e-17
6418.00	5.50878e-17
6420.00	5.16073e-17
6422.00	5.13913e-17
6424.00	5.15569e-17
6426.00	4.80515e-17
6428.00	4.64263e-17
6430.00	5.08147e-17
6432.00	5.51584e-17
6434.00	5.6718e-17
6436.00	5.45408e-17
6438.00	5.14391e-17
6440.00	5.10059e-17
6442.00	5.111e-17
6444.00	4.99364e-17
6446.00	4.80115e-17
6448.00	4.80893e-17
6450.00	4.97261e-17
6452.00	5.49297e-17
6454.00	5.57092e-17
6456.00	4.78944e-17
6458.00	4.90844e-17
6460.00	5.43279e-17
6462.00	5.46452e-17
6464.00	5.49353e-17
6466.00	5.44162e-17
6468.00	5.13837e-17
6470.00	5.26199e-17
6472.00	5.24691e-17
6474.00	5.28639e-17
6476.00	5.67941e-17
6478.00	5.67725e-17
6480.00	5.78838e-17
6482.00	5.2962e-17
6484.00	5.11416e-17
6486.00	5.55539e-17
6488.00	5.43109e-17
6490.00	5.00832e-17
6492.00	4.75898e-17
6494.00	4.7483e-17
6496.00	5.11971e-17
6498.00	5.291e-17
6500.00	5.10605e-17
6502.00	4.91489e-17
6504.00	5.25242e-17
6506.00	5.27894e-17
6508.00	4.76933e-17
6510.00	4.62926e-17
6512.00	5.27194e-17
6514.00	5.43643e-17
6516.00	5.31065e-17
6518.00	5.29263e-17
6520.00	5.62523e-17
6522.00	5.81737e-17
6524.00	5.46777e-17
6526.00	5.62777e-17
6528.00	5.20128e-17
6530.00	5.06304e-17
6532.00	5.3312e-17
6534.00	5.31741e-17
6536.00	5.59591e-17
6538.00	5.61713e-17
6540.00	4.85787e-17
6542.00	4.68626e-17
6544.00	5.18614e-17
6546.00	5.11433e-17
6548.00	5.07209e-17
6550.00	5.34919e-17
6552.00	5.33388e-17
6554.00	5.35388e-17
6556.00	5.33678e-17
6558.00	4.90036e-17
6560.00	4.86753e-17
6562.00	5.02186e-17
6564.00	4.7669e-17
6566.00	4.96082e-17
6568.00	5.12727e-17
6570.00	5.13405e-17
6572.00	4.91719e-17
6574.00	4.72133e-17
6576.00	5.49413e-17
6578.00	5.37999e-17
6580.00	4.97179e-17
6582.00	4.52728e-17
6584.00	4.57926e-17
6586.00	5.08147e-17
6588.00	5.107e-17
6590.00	5.26881e-17
6592.00	4.98093e-17
6594.00	5.00734e-17
6596.00	5.38661e-17
6598.00	5.25327e-17
6600.00	4.57245e-17
6602.00	4.70034e-17
6604.00	4.94167e-17
6606.00	5.20949e-17
6608.00	5.2605e-17
6610.00	5.07093e-17
6612.00	5.02459e-17
6614.00	5.29248e-17
6616.00	4.71944e-17
6618.00	4.9285e-17
6620.00	4.65053e-17
6622.00	4.59409e-17
6624.00	4.714e-17
6626.00	4.58158e-17
6628.00	4.51299e-17
6630.00	5.02309e-17
6632.00	5.30642e-17
6634.00	4.96469e-17
6636.00	4.70847e-17
6638.00	4.65021e-17
6640.00	5.04797e-17
6642.00	5.22872e-17
6644.00	4.86929e-17
6646.00	4.49254e-17
6648.00	4.92094e-17
6650.00	5.48731e-17
6652.00	5.13304e-17
6654.00	5.02728e-17
6656.00	5.40969e-17
6658.00	5.44716e-17
6660.00	5.05809e-17
6662.00	5.07524e-17
6664.00	5.35334e-17
6666.00	5.14065e-17
6668.00	5.56955e-17
6670.00	5.73459e-17
6672.00	5.46135e-17
6674.00	5.41679e-17
6676.00	5.27228e-17
6678.00	5.37799e-17
6680.00	4.82608e-17
6682.00	4.70371e-17
6684.00	5.28198e-17
6686.00	5.18558e-17
6688.00	4.73664e-17
6690.00	5.04148e-17
6692.00	5.04736e-17
6694.00	5.10644e-17
6696.00	5.55335e-17
6698.00	5.15769e-17
6700.00	4.91834e-17
6702.00	5.61973e-17
6704.00	5.44695e-17
6706.00	4.98714e-17
6708.00	4.77701e-17
6710.00	5.41586e-17
6712.00	5.71518e-17
6714.00	5.09199e-17
6716.00	4.67986e-17
6718.00	5.00671e-17
6720.00	5.27044e-17
6722.00	5.18465e-17
6724.00	5.13125e-17
6726.00	4.84982e-17
6728.00	4.88206e-17
6730.00	4.73374e-17
6732.00	4.8306e-17
6734.00	4.38896e-17
6736.00	5.2926e-17
6738.00	4.89182e-17
6740.00	4.95435e-17
6742.00	5.16693e-17
6744.00	4.97895e-17
6746.00	4.52864e-17
6748.00	4.23973e-17
6750.00	4.58398e-17
6752.00	4.87606e-17
6754.00	4.71509e-17
6756.00	4.33014e-17
6758.00	4.42648e-17
6760.00	4.93569e-17
6762.00	4.62207e-17
6764.00	4.40191e-17
6766.00	4.52492e-17
6768.00	4.40554e-17
6770.00	4.30314e-17
6772.00	4.65488e-17
6774.00	4.96885e-17
6776.00	4.80751e-17
6778.00	4.88151e-17
6780.00	4.6324e-17
6782.00	4.18731e-17
6784.00	4.69733e-17
6786.00	5.44283e-17
6788.00	5.13266e-17
6790.00	4.65154e-17
6792.00	4.69316e-17
6794.00	4.51151e-17
6796.00	4.69027e-17
6798.00	4.44822e-17
6800.00	4.40919e-17
6802.00	4.22124e-17
6804.00	4.2076e-17
6806.00	4.7893e-17
6808.00	4.7144e-17
6810.00	4.66308e-17
6812.00	4.69063e-17
6814.00	5.05088e-17
6816.00	4.96961e-17
6818.00	4.83429e-17
6820.00	4.57436e-17
6822.00	5.19277e-17
6824.00	4.58443e-17
6826.00	4.77173e-17
6828.00	5.38088e-17
6830.00	4.57327e-17
6832.00	4.50773e-17
6834.00	5.05458e-17
6836.00	5.17259e-17
6838.00	4.55799e-17
6840.00	4.67711e-17
6842.00	4.91982e-17
6844.00	4.7046e-17
6846.00	4.80882e-17
6848.00	4.27557e-17
6850.00	3.98495e-17
6852.00	4.88147e-17
6854.00	5.0882e-17
6856.00	4.65907e-17
6858.00	4.75399e-17
6860.00	4.03876e-17
6862.00	4.40813e-17
6864.00	5.09124e-17
6866.00	4.80406e-17
6868.00	5.07734e-17
6870.00	5.26331e-17
6872.00	4.936e-17
6874.00	4.51713e-17
6876.00	5.23862e-17
6878.00	5.10606e-17
6880.00	4.7752e-17
6882.00	4.81204e-17
6884.00	4.43401e-17
6886.00	4.366e-17
6888.00	4.63881e-17
6890.00	4.60114e-17
6892.00	4.84673e-17
6894.00	5.10882e-17
6896.00	4.81482e-17
6898.00	4.86322e-17
6900.00	4.67913e-17
6902.00	5.03851e-17
6904.00	4.25448e-17
6906.00	5.04367e-17
6908.00	4.67493e-17
6910.00	4.69332e-17
6912.00	4.17815e-17
6914.00	4.72628e-17
6916.00	4.74187e-17
6918.00	4.31512e-17
6920.00	4.20852e-17
6922.00	5.09314e-17
6924.00	4.88804e-17
6926.00	4.88712e-17
6928.00	5.01049e-17
6930.00	5.08802e-17
6932.00	4.65615e-17
6934.00	4.1726e-17
6936.00	4.36874e-17
6938.00	5.04945e-17
6940.00	5.07008e-17
6942.00	4.0322e-17
6944.00	3.71912e-17
6946.00	4.10108e-17
6948.00	4.50132e-17
6950.00	4.72237e-17
6952.00	4.20124e-17
6954.00	4.02702e-17
6956.00	4.75131e-17
6958.00	4.9118e-17
6960.00	4.47481e-17
6962.00	4.25517e-17
6964.00	4.3322e-17
6966.00	5.03233e-17
6968.00	5.07382e-17
6970.00	4.63297e-17
6972.00	4.6923e-17
6974.00	3.95024e-17
6976.00	4.15592e-17
6978.00	4.6778e-17
6980.00	4.63328e-17
6982.00	4.45556e-17
6984.00	4.40118e-17
6986.00	4.49832e-17
6988.00	4.37732e-17
6990.00	4.03981e-17
6992.00	4.65093e-17
6994.00	4.79112e-17
6996.00	4.41832e-17
6998.00	4.57478e-17
7000.00	4.37129e-17
7002.00	4.39107e-17
7004.00	4.51415e-17
7006.00	4.20862e-17
7008.00	4.49152e-17
7010.00	4.42587e-17
7012.00	4.27832e-17
7014.00	4.23725e-17
7016.00	4.21885e-17
7018.00	4.63481e-17
7020.00	4.92155e-17
7022.00	4.64725e-17
7024.00	4.16571e-17
7026.00	3.90373e-17
7028.00	4.18582e-17
7030.00	3.98384e-17
7032.00	3.71246e-17
7034.00	4.37415e-17
7036.00	4.35063e-17
7038.00	4.10141e-17
7040.00	4.5774e-17
7042.00	4.72415e-17
7044.00	4.60731e-17
7046.00	4.03833e-17
7048.00	3.90888e-17
7050.00	4.83951e-17
7052.00	4.99629e-17
7054.00	4.38436e-17
7056.00	4.07322e-17
7058.00	4.25888e-17
7060.00	4.48843e-17
7062.00	4.85158e-17
7064.00	5.11126e-17
7066.00	4.53246e-17
7068.00	4.41773e-17
7070.00	4.27732e-17
7072.00	4.30824e-17
7074.00	4.65351e-17
7076.00	4.92989e-17
7078.00	5.01028e-17
7080.00	5.08382e-17
7082.00	5.19124e-17
7084.00	4.53379e-17
7086.00	4.50779e-17
7088.00	4.97416e-17
7090.00	4.48874e-17
7092.00	4.27543e-17
7094.00	4.39775e-17
7096.00	4.41812e-17
7098.00	4.61532e-17
7100.00	5.52484e-17
7102.00	5.24261e-17
7104.00	4.52571e-17
7106.00	4.29043e-17
7108.00	4.42932e-17
7110.00	4.4176e-17
7112.00	4.4649e-17
7114.00	4.54567e-17
7116.00	4.48507e-17
7118.00	4.64049e-17
7120.00	4.52491e-17
7122.00	4.7901e-17
7124.00	4.94329e-17
7126.00	4.1761e-17
7128.00	4.11194e-17
7130.00	4.39911e-17
7132.00	4.4659e-17
7134.00	4.61888e-17
7136.00	4.3494e-17
7138.00	4.33792e-17
7140.00	4.00274e-17
7142.00	3.98694e-17
7144.00	4.92236e-17
7146.00	5.15373e-17
7148.00	4.75779e-17
7150.00	4.43094e-17
7152.00	4.65605e-17
7154.00	4.65333e-17
7156.00	4.62756e-17
7158.00	4.31455e-17
7160.00	4.8898e-17
7162.00	4.95438e-17
7164.00	4.63304e-17
7166.00	4.47206e-17
7168.00	4.09632e-17
7170.00	4.97466e-17
7172.00	5.09712e-17
7174.00	4.78715e-17
7176.00	4.72794e-17
7178.00	4.69401e-17
7180.00	4.65155e-17
7182.00	4.40385e-17
7184.00	4.45986e-17
7186.00	4.48599e-17
7188.00	4.23814e-17
7190.00	4.35229e-17
7192.00	4.68149e-17
7194.00	4.95738e-17
7196.00	4.65711e-17
7198.00	4.33028e-17
7200.00	4.42396e-17
7202.00	4.62584e-17
7204.00	4.62629e-17
7206.00	4.39606e-17
7208.00	4.87376e-17
7210.00	4.93677e-17
7212.00	4.47318e-17
7214.00	4.83647e-17
7216.00	4.83559e-17
7218.00	4.93346e-17
7220.00	4.78476e-17
7222.00	4.78562e-17
7224.00	4.9136e-17
7226.00	4.59788e-17
7228.00	4.92407e-17
7230.00	4.89525e-17
7232.00	4.46663e-17
7234.00	3.86858e-17
7236.00	5.42065e-17
7238.00	5.96108e-17
7240.00	4.29728e-17
7242.00	3.72757e-17
7244.00	4.92939e-17
7246.00	4.79179e-17
7248.00	4.53227e-17
7250.00	4.62931e-17
7252.00	4.35207e-17
7254.00	4.06712e-17
7256.00	4.25691e-17
7258.00	4.20193e-17
7260.00	4.2427e-17
7262.00	4.94008e-17
7264.00	4.95412e-17
7266.00	4.61243e-17
7268.00	4.12387e-17
7270.00	3.82206e-17
7272.00	4.52016e-17
7274.00	5.08101e-17
7276.00	5.42936e-17
7278.00	5.59238e-17
7280.00	5.31062e-17
7282.00	5.17343e-17
7284.00	4.5377e-17
7286.00	4.33874e-17
7288.00	4.84174e-17
7290.00	4.17895e-17
7292.00	3.81938e-17
7294.00	4.7609e-17
7296.00	4.62675e-17
7298.00	3.96577e-17
7300.00	4.48364e-17
7302.00	4.80665e-17
7304.00	4.86586e-17
7306.00	4.91826e-17
7308.00	4.77528e-17
7310.00	4.54051e-17
7312.00	4.61987e-17
7314.00	5.0868e-17
7316.00	5.0558e-17
7318.00	4.94171e-17
7320.00	4.49193e-17
7322.00	4.29733e-17
7324.00	4.2185e-17
7326.00	4.00791e-17
7328.00	4.64338e-17
7330.00	4.62419e-17
7332.00	4.54373e-17
7334.00	4.76526e-17
7336.00	4.21633e-17
7338.00	4.57365e-17
7340.00	5.43287e-17
7342.00	5.04768e-17
7344.00	4.75239e-17
7346.00	4.69502e-17
7348.00	4.38241e-17
7350.00	4.95457e-17
7352.00	5.14528e-17
7354.00	4.48078e-17
7356.00	4.67924e-17
7358.00	4.95877e-17
7360.00	4.48143e-17
7362.00	4.22825e-17
7364.00	4.30598e-17
7366.00	4.79418e-17
7368.00	5.10632e-17
7370.00	4.72153e-17
7372.00	4.2026e-17
7374.00	3.81678e-17
7376.00	3.89689e-17
7378.00	4.26813e-17
7380.00	4.4258e-17
7382.00	4.58908e-17
7384.00	4.64773e-17
7386.00	4.07119e-17
7388.00	4.11582e-17
7390.00	4.27865e-17
7392.00	3.80652e-17
7394.00	4.19797e-17
7396.00	4.92757e-17
7398.00	4.48725e-17
7400.00	3.92537e-17
7402.00	4.41143e-17
7404.00	4.84435e-17
7406.00	4.75628e-17
7408.00	4.83815e-17
7410.00	4.94952e-17
7412.00	4.40796e-17
7414.00	3.92426e-17
7416.00	4.04086e-17
7418.00	4.19274e-17
7420.00	3.92646e-17
7422.00	3.98992e-17
7424.00	4.43337e-17
7426.00	4.3873e-17
7428.00	4.23988e-17
7430.00	4.42238e-17
7432.00	4.19565e-17
7434.00	3.75698e-17
7436.00	4.37108e-17
7438.00	4.7958e-17
7440.00	4.22531e-17
7442.00	4.231e-17
7444.00	4.27107e-17
7446.00	4.33219e-17
7448.00	4.61915e-17
7450.00	4.45434e-17
7452.00	4.13335e-17
7454.00	3.83817e-17
7456.00	3.46062e-17
7458.00	3.22838e-17
7460.00	3.74819e-17
7462.00	3.97702e-17
7464.00	3.82306e-17
7466.00	3.92671e-17
7468.00	4.05558e-17
7470.00	4.25154e-17
7472.00	4.41757e-17
7474.00	4.40442e-17
7476.00	3.99678e-17
7478.00	4.20715e-17
7480.00	4.31814e-17
7482.00	4.6422e-17
7484.00	4.48278e-17
7486.00	4.55762e-17
7488.00	4.43455e-17
7490.00	3.97194e-17
7492.00	3.85088e-17
7494.00	4.43172e-17
7496.00	4.61436e-17
7498.00	4.06084e-17
7500.00	3.79257e-17
7502.00	3.75115e-17
7504.00	3.56808e-17
7506.00	3.74753e-17
7508.00	4.00087e-17
7510.00	3.84917e-17
7512.00	3.77122e-17
7514.00	3.63275e-17
7516.00	3.88892e-17
7518.00	3.90542e-17
7520.00	3.90804e-17
7522.00	4.63616e-17
7524.00	5.03254e-17
7526.00	4.99916e-17
7528.00	4.79773e-17
7530.00	4.50016e-17
7532.00	3.83574e-17
7534.00	4.1149e-17
7536.00	4.23004e-17
7538.00	3.55656e-17
7540.00	3.24073e-17
7542.00	3.35786e-17
7544.00	3.28366e-17
7546.00	3.03388e-17
7548.00	3.41687e-17
7550.00	3.49124e-17
7552.00	3.55227e-17
7554.00	3.77295e-17
7556.00	3.726e-17
7558.00	3.69797e-17
7560.00	3.77268e-17
7562.00	3.19057e-17
7564.00	2.93995e-17
7566.00	3.87417e-17
7568.00	4.23202e-17
7570.00	4.24424e-17
7572.00	4.53681e-17
7574.00	4.16797e-17
7576.00	3.97356e-17
7578.00	3.924e-17
7580.00	3.45151e-17
7582.00	3.68848e-17
7584.00	3.884e-17
7586.00	3.67026e-17
7588.00	4.03275e-17
7590.00	3.47738e-17
7592.00	3.3449e-17
7594.00	3.22962e-17
7596.00	3.23151e-17
7598.00	2.62748e-17
7600.00	2.77305e-17
7602.00	2.37971e-17
7604.00	1.08027e-17
7606.00	2.90536e-17
7608.00	3.98423e-17
7610.00	3.18235e-17
7612.00	3.25461e-17
7614.00	4.15021e-17
7616.00	4.16817e-17
7618.00	4.92202e-17
7620.00	4.43362e-17
7622.00	3.55327e-17
7624.00	3.24382e-17
7626.00	3.4593e-17
7628.00	3.18135e-17
7630.00	3.66597e-17
7632.00	3.72504e-17
7634.00	2.80695e-17
7636.00	2.53716e-17
7638.00	2.70043e-17
7640.00	3.24948e-17
7642.00	3.99666e-17
7644.00	4.36652e-17
7646.00	3.61465e-17
7648.00	3.29869e-17
7650.00	3.58443e-17
7652.00	3.74836e-17
7654.00	3.5838e-17
7656.00	3.56167e-17
7658.00	3.35046e-17
7660.00	2.66572e-17
7662.00	3.1146e-17
7664.00	3.8626e-17
7666.00	3.69182e-17
7668.00	3.4383e-17
7670.00	3.39513e-17
7672.00	3.48251e-17
7674.00	3.56918e-17
7676.00	3.47623e-17
7678.00	3.532e-17
7680.00	3.14514e-17
7682.00	3.72281e-17
7684.00	4.05176e-17
7686.00	3.71384e-17
7688.00	3.78792e-17
7690.00	3.35262e-17
7692.00	3.71552e-17
7694.00	4.23209e-17
7696.00	3.80011e-17
7698.00	2.93419e-17
7700.00	3.52459e-17
7702.00	3.92302e-17
7704.00	3.40978e-17
7706.00	2.97985e-17
7708.00	3.37413e-17
7710.00	3.32127e-17
7712.00	3.73053e-17
7714.00	5.33524e-17
7716.00	3.56527e-17
7718.00	2.858e-17
7720.00	3.26556e-17
7722.00	2.32252e-17
7724.00	3.83877e-17
7726.00	4.4366e-17
7728.00	3.32e-17
7730.00	2.90303e-17
7732.00	2.99919e-17
7734.00	3.45499e-17
7736.00	3.58672e-17
7738.00	4.34094e-17
7740.00	4.41785e-17
7742.00	3.86464e-17
7744.00	3.77679e-17
7746.00	4.07348e-17
7748.00	4.36075e-17
7750.00	4.02667e-17
7752.00	5.61558e-17
7754.00	5.77645e-17
7756.00	4.71448e-17
7758.00	4.11093e-17
7760.00	4.28827e-17
7762.00	4.07142e-17
7764.00	3.57715e-17
7766.00	3.04035e-17
7768.00	3.65794e-17
7770.00	4.20612e-17
7772.00	3.79286e-17
7774.00	3.57009e-17
7776.00	3.61806e-17
7778.00	3.84271e-17
7780.00	3.5136e-17
7782.00	4.10999e-17
7784.00	4.69097e-17
7786.00	3.84207e-17
7788.00	3.39502e-17
7790.00	3.85198e-17
7792.00	4.35476e-17
7794.00	3.41221e-17
7796.00	3.80886e-17
7798.00	3.92494e-17
7800.00	3.04505e-17
7802.00	3.47497e-17
7804.00	4.84437e-17
7806.00	3.83708e-17
7808.00	3.11737e-17
7810.00	3.77696e-17
7812.00	3.88138e-17
7814.00	3.24164e-17
7816.00	3.6502e-17
7818.00	5.36041e-17
7820.00	5.20089e-17
7822.00	3.9587e-17
7824.00	4.01234e-17
7826.00	4.67137e-17
7828.00	4.1444e-17
7830.00	3.80234e-17
7832.00	4.08476e-17
7834.00	4.42705e-17
7836.00	3.98977e-17
7838.00	3.7899e-17
7840.00	4.42431e-17
7842.00	3.96637e-17
7844.00	4.11859e-17
7846.00	4.79101e-17
7848.00	4.02651e-17
7850.00	4.70179e-17
7852.00	3.97241e-17
7854.00	3.57104e-17
7856.00	3.3716e-17
7858.00	3.77418e-17
7860.00	3.77676e-17
7862.00	3.36745e-17
7864.00	3.66106e-17
7866.00	5.10038e-17
7868.00	5.13033e-17
7870.00	5.32427e-17
7872.00	5.13494e-17
7874.00	4.52581e-17
7876.00	5.05612e-17
7878.00	4.51017e-17
7880.00	4.77519e-17
7882.00	6.04478e-17
7884.00	4.97282e-17
7886.00	5.56578e-17
7888.00	5.74291e-17
7890.00	5.04937e-17
7892.00	5.01915e-17
7894.00	4.46554e-17
7896.00	4.29522e-17
7898.00	4.59516e-17
7900.00	4.98456e-17
7902.00	4.60905e-17
7904.00	4.48962e-17
7906.00	5.04356e-17
7908.00	4.31246e-17
7910.00	5.02021e-17
7912.00	5.57062e-17
7914.00	4.66914e-17
7916.00	5.26452e-17
7918.00	4.76927e-17
7920.00	4.83658e-17
7922.00	5.30654e-17
7924.00	5.90003e-17
7926.00	5.36554e-17
7928.00	4.58289e-17
7930.00	4.63829e-17
7932.00	4.82656e-17
7934.00	5.87342e-17
7936.00	5.07929e-17
7938.00	4.74951e-17
7940.00	5.05269e-17
7942.00	5.25843e-17
7944.00	5.19834e-17
7946.00	5.69013e-17
7948.00	5.56752e-17
7950.00	4.92426e-17
7952.00	5.07081e-17
7954.00	5.0185e-17
7956.00	5.18241e-17
7958.00	4.83811e-17
7960.00	5.42175e-17
7962.00	6.17609e-17
7964.00	5.41604e-17
7966.00	6.58577e-17
7968.00	6.90212e-17
7970.00	5.1743e-17
7972.00	5.11841e-17
7974.00	5.44763e-17
7976.00	5.57589e-17
7978.00	6.05886e-17
7980.00	7.12272e-17
7982.00	6.22444e-17
7984.00	5.71329e-17
7986.00	5.73446e-17
7988.00	6.26335e-17
7990.00	6.2458e-17
7992.00	5.2418e-17
7994.00	5.20897e-17
7996.00	4.9642e-17
7998.00	5.11532e-17
8000.00	4.31712e-17
8002.00	5.22526e-17
8004.00	5.85071e-17
8006.00	5.29505e-17
8008.00	5.39226e-17
8010.00	4.99309e-17
8012.00	5.06235e-17
8014.00	5.55651e-17
8016.00	5.76521e-17
8018.00	6.00052e-17
8020.00	5.7043e-17
8022.00	5.13076e-17
8024.00	4.9666e-17
8026.00	5.47876e-17
8028.00	6.06652e-17
8030.00	5.4965e-17
8032.00	4.93521e-17
8034.00	5.03915e-17
8036.00	5.3699e-17
8038.00	5.16767e-17
8040.00	4.97441e-17
8042.00	5.53927e-17
8044.00	5.48772e-17
8046.00	5.12986e-17
8048.00	4.85649e-17
8050.00	5.5112e-17
8052.00	5.72005e-17
8054.00	5.23683e-17
8056.00	5.43459e-17
8058.00	6.32899e-17
8060.00	6.36655e-17
8062.00	5.78484e-17
8064.00	6.39018e-17
8066.00	5.6423e-17
8068.00	4.92963e-17
8070.00	4.93025e-17
8072.00	4.47448e-17
8074.00	4.86009e-17
8076.00	5.01989e-17
8078.00	5.02706e-17
8080.00	5.01416e-17
8082.00	4.84097e-17
8084.00	4.69142e-17
8086.00	4.91745e-17
8088.00	4.79088e-17
8090.00	5.01436e-17
8092.00	5.01624e-17
8094.00	4.59608e-17
8096.00	4.65613e-17
8098.00	4.80896e-17
8100.00	5.12264e-17
8102.00	5.41664e-17
8104.00	4.75681e-17
8106.00	4.04209e-17
8108.00	4.5681e-17
8110.00	4.78592e-17
8112.00	4.66192e-17
8114.00	4.22112e-17
8116.00	4.11428e-17
8118.00	4.24715e-17
8120.00	4.72607e-17
8122.00	4.84533e-17
8124.00	5.02146e-17
8126.00	4.79625e-17
8128.00	4.33361e-17
8130.00	3.88447e-17
8132.00	4.16125e-17
8134.00	4.89558e-17
8136.00	4.63066e-17
8138.00	4.18629e-17
8140.00	3.74894e-17
8142.00	3.6431e-17
8144.00	3.90841e-17
8146.00	4.03587e-17
8148.00	4.32929e-17
8150.00	4.60176e-17
8152.00	5.13262e-17
8154.00	4.91822e-17
8156.00	4.06452e-17
8158.00	4.29733e-17
8160.00	4.83242e-17
8162.00	4.59011e-17
8164.00	4.4581e-17
8166.00	4.60435e-17
8168.00	4.6693e-17
8170.00	4.04776e-17
8172.00	3.7016e-17
8174.00	4.0714e-17
8176.00	4.31274e-17
8178.00	4.18876e-17
8180.00	4.16991e-17
8182.00	3.98444e-17
8184.00	3.58076e-17
8186.00	3.72918e-17
8188.00	3.55403e-17
8190.00	3.52615e-17
8192.00	3.98645e-17
8194.00	4.06319e-17
8196.00	3.94987e-17
8198.00	4.24251e-17
8200.00	4.37792e-17
8202.00	4.31406e-17
8204.00	4.24567e-17
8206.00	4.15322e-17
8208.00	4.40516e-17
8210.00	4.2854e-17
8212.00	3.70848e-17
8214.00	3.39318e-17
8216.00	3.3218e-17
8218.00	3.51578e-17
8220.00	3.62406e-17
8222.00	3.80384e-17
8224.00	3.91934e-17
8226.00	3.59105e-17
8228.00	3.17761e-17
8230.00	3.54555e-17
8232.00	4.2186e-17
8234.00	4.20336e-17
8236.00	4.05306e-17
8238.00	3.71887e-17
8240.00	3.53735e-17
8242.00	3.88286e-17
8244.00	4.14793e-17
8246.00	3.64728e-17
8248.00	3.98342e-17
8250.00	4.49213e-17
8252.00	4.59235e-17
8254.00	4.28771e-17
8256.00	3.38201e-17
8258.00	3.97264e-17
8260.00	4.00305e-17
8262.00	3.49258e-17
8264.00	4.2087e-17
8266.00	3.73616e-17
8268.00	3.29679e-17
8270.00	3.42505e-17
8272.00	3.39409e-17
8274.00	4.01553e-17
8276.00	4.03043e-17
8278.00	3.66076e-17
8280.00	4.30532e-17
8282.00	3.55885e-17
8284.00	2.88668e-17
8286.00	4.47313e-17
8288.00	5.23406e-17
8290.00	5.88367e-17
8292.00	5.57986e-17
8294.00	2.64067e-17
8296.00	2.86659e-17
8298.00	5.88051e-17
8300.00	6.03225e-17
8302.00	5.11816e-17
8304.00	4.31563e-17
8306.00	2.53051e-17
8308.00	3.27761e-17
8310.00	3.82189e-17
8312.00	4.26322e-17
8314.00	4.90125e-17
8316.00	3.70307e-17
8318.00	3.16209e-17
8320.00	3.49844e-17
8322.00	3.48722e-17
8324.00	3.14759e-17
8326.00	3.19587e-17
8328.00	3.39191e-17
8330.00	3.28159e-17
8332.00	3.63068e-17
8334.00	3.74376e-17
8336.00	3.79847e-17
8338.00	3.37183e-17
8340.00	3.26738e-17
8342.00	4.87779e-17
8344.00	5.83656e-17
8346.00	6.26743e-17
8348.00	6.53118e-17
8350.00	4.85206e-17
8352.00	2.80405e-17
8354.00	3.06102e-17
8356.00	4.42369e-17
8358.00	4.33553e-17
8360.00	3.67505e-17
8362.00	3.77816e-17
8364.00	3.58082e-17
8366.00	3.20751e-17
8368.00	3.10656e-17
8370.00	3.45924e-17
8372.00	3.9532e-17
8374.00	3.96886e-17
8376.00	3.68926e-17
8378.00	3.50696e-17
8380.00	4.5069e-17
8382.00	4.19142e-17
8384.00	3.17385e-17
8386.00	3.22892e-17
8388.00	3.05395e-17
8390.00	2.68027e-17
8392.00	2.66997e-17
8394.00	3.43555e-17
8396.00	3.8761e-17
8398.00	4.08336e-17
8400.00	5.19014e-17
8402.00	7.28197e-17
8404.00	7.45961e-17
8406.00	4.77087e-17
8408.00	3.1807e-17
8410.00	3.16941e-17
8412.00	3.08989e-17
8414.00	3.80323e-17
8416.00	4.82358e-17
8418.00	4.7611e-17
8420.00	4.04493e-17
8422.00	3.72408e-17
8424.00	3.82692e-17
8426.00	4.72371e-17
8428.00	5.42081e-17
8430.00	4.41276e-17
8432.00	3.99517e-17
8434.00	3.49386e-17
8436.00	1.67781e-17
8438.00	1.79578e-17
8440.00	2.90877e-17
8442.00	2.99578e-17
8444.00	2.62524e-17
8446.00	2.74421e-17
8448.00	3.83853e-17
8450.00	4.77419e-17
8452.00	4.3681e-17
8454.00	3.36915e-17
8456.00	3.46142e-17
8458.00	3.11837e-17
8460.00	2.60384e-17
8462.00	3.42489e-17
8464.00	4.86493e-17
8466.00	6.24944e-17
8468.00	4.97674e-17
8470.00	3.57647e-17
8472.00	4.21403e-17
8474.00	4.23885e-17
8476.00	3.38173e-17
8478.00	3.38223e-17
8480.00	3.71186e-17
8482.00	3.57415e-17
8484.00	3.37712e-17
8486.00	3.46862e-17
8488.00	2.82718e-17
8490.00	2.71779e-17
8492.00	3.10963e-17
8494.00	3.26947e-17
8496.00	3.77973e-17
8498.00	3.05521e-17
8500.00	2.37764e-17
8502.00	3.1131e-17
8504.00	3.3467e-17
8506.00	2.96822e-17
8508.00	3.07289e-17
8510.00	3.24095e-17
8512.00	3.18329e-17
8514.00	2.93196e-17
8516.00	2.68297e-17
8518.00	2.5918e-17
8520.00	2.3564e-17
8522.00	2.6526e-17
8524.00	3.44571e-17
8526.00	3.34553e-17
8528.00	3.24393e-17
8530.00	2.86778e-17
8532.00	2.73497e-17
8534.00	2.51722e-17
8536.00	2.80067e-17
8538.00	3.09879e-17
8540.00	3.31239e-17
8542.00	3.83331e-17
8544.00	3.32126e-17
8546.00	3.07308e-17
8548.00	3.96432e-17
8550.00	3.75207e-17
8552.00	3.00425e-17
8554.00	2.91081e-17
8556.00	2.74566e-17
8558.00	2.79444e-17
8560.00	2.86974e-17
8562.00	2.82875e-17
8564.00	3.1303e-17
8566.00	2.99968e-17
8568.00	2.51751e-17
8570.00	2.64686e-17
8572.00	3.13591e-17
8574.00	2.92163e-17
8576.00	2.67178e-17
8578.00	2.6945e-17
8580.00	3.04157e-17
8582.00	3.59478e-17
8584.00	3.18155e-17
8586.00	2.59134e-17
8588.00	2.40216e-17
8590.00	2.65518e-17
8592.00	2.65687e-17
8594.00	2.59278e-17
8596.00	3.17118e-17
8598.00	3.50945e-17
8600.00	3.31399e-17
8602.00	3.3074e-17
8604.00	3.31635e-17
8606.00	2.72688e-17
8608.00	2.66979e-17
8610.00	2.70439e-17
8612.00	3.90447e-17
8614.00	4.12889e-17
8616.00	2.69533e-17
8618.00	2.3256e-17
8620.00	3.5651e-17
8622.00	4.4492e-17
8624.00	4.54778e-17
8626.00	3.65225e-17
8628.00	2.14336e-17
8630.00	2.60346e-17
8632.00	3.37299e-17
8634.00	3.44266e-17
8636.00	3.06486e-17
8638.00	3.32545e-17
8640.00	3.08778e-17
8642.00	2.6971e-17
8644.00	3.70202e-17
8646.00	3.56375e-17
8648.00	2.82767e-17
8650.00	2.9536e-17
8652.00	2.34062e-17
8654.00	4.12626e-17
8656.00	4.11055e-17
8658.00	2.34565e-17
8660.00	2.76048e-17
8662.00	3.82428e-17
8664.00	1.87066e-17
8666.00	1.91989e-17
8668.00	4.04062e-17
8670.00	4.65293e-17
8672.00	4.5599e-17
8674.00	3.37564e-17
8676.00	3.19605e-17
8678.00	2.62613e-17
8680.00	2.76604e-17
8682.00	3.45186e-17
8684.00	2.54354e-17
8686.00	2.97257e-17
8688.00	3.50341e-17
8690.00	2.64468e-17
8692.00	2.37135e-17
8694.00	2.19083e-17
8696.00	2.43767e-17
8698.00	2.81101e-17
8700.00	3.01227e-17
8702.00	2.91855e-17
8704.00	2.93205e-17
8706.00	2.50514e-17
8708.00	2.49915e-17
8710.00	2.53185e-17
8712.00	2.30029e-17
8714.00	2.90963e-17
8716.00	3.12439e-17
8718.00	2.55299e-17
8720.00	2.9402e-17
8722.00	2.89561e-17
8724.00	2.89771e-17
8726.00	2.9582e-17
8728.00	2.25293e-17
8730.00	1.91686e-17
8732.00	2.892e-17
8734.00	3.21162e-17
8736.00	2.5364e-17
8738.00	2.59783e-17
8740.00	3.29056e-17
8742.00	3.30906e-17
8744.00	3.31399e-17
8746.00	3.33161e-17
8748.00	2.65124e-17
8750.00	2.93288e-17
8752.00	3.09752e-17
8754.00	2.42486e-17
8756.00	2.87221e-17
8758.00	2.72871e-17
8760.00	1.61706e-17
8762.00	3.06528e-17
8764.00	3.77782e-17
8766.00	1.34043e-17
8768.00	2.08474e-17
8770.00	2.76603e-17
8772.00	2.98319e-17
8774.00	1.83476e-17
8776.00	1.76011e-17
8778.00	1.74021e-17
8780.00	1.87287e-17
8782.00	3.45371e-17
8784.00	3.76972e-17
8786.00	2.16372e-17
8788.00	3.30023e-17
8790.00	3.30362e-17
8792.00	3.2634e-17
8794.00	3.11228e-17
8796.00	4.13411e-17
8798.00	2.96366e-17
8800.00	2.5771e-17
8802.00	2.96218e-17
8804.00	3.5697e-17
8806.00	3.59407e-17
8808.00	3.23641e-17
8810.00	2.56607e-17
8812.00	3.28231e-17
8814.00	3.51625e-17
8816.00	2.57158e-17
8818.00	2.22962e-17
8820.00	2.33442e-17
8822.00	3.74504e-17
8824.00	6.35533e-17
8826.00	7.00718e-17
8828.00	3.83318e-17
8830.00	2.13253e-17
8832.00	2.55362e-17
8834.00	-2.07411e-18
8836.00	2.23541e-17
8838.00	5.81909e-17
8840.00	2.9819e-17
8842.00	1.72378e-17
8844.00	1.83732e-17
8846.00	2.49187e-17
8848.00	1.95807e-17
8850.00	1.78111e-17
8852.00	3.02792e-17
8854.00	2.89362e-17
8856.00	3.38418e-17
8858.00	3.13734e-17
8860.00	2.98804e-17
8862.00	2.40886e-17
8864.00	3.18841e-17
8866.00	2.78663e-17
8868.00	2.8218e-17
8870.00	4.73961e-17
8872.00	4.39097e-17
8874.00	2.18772e-17
8876.00	2.46594e-17
8878.00	2.87422e-17
8880.00	1.88024e-17
8882.00	4.95446e-17
8884.00	5.68463e-17
8886.00	4.31117e-17
8888.00	5.50658e-17
8890.00	6.48287e-17
8892.00	4.63377e-17
8894.00	2.09788e-17
8896.00	2.39521e-17
8898.00	2.20807e-17
8900.00	3.41941e-17
8902.00	5.86004e-17
8904.00	5.11514e-17
8906.00	2.42398e-17
8908.00	3.40562e-17
8910.00	9.24283e-18
8912.00	1.83226e-17
8914.00	1.32509e-17
8916.00	2.63344e-17
8918.00	2.2951e-17
8920.00	2.74692e-17
8922.00	1.63649e-17
8924.00	1.36294e-17
8926.00	-2.69451e-18
8928.00	2.32211e-17
8930.00	3.84132e-17
8932.00	3.30692e-17
8934.00	2.43795e-17
8936.00	2.33369e-17
8938.00	1.19262e-17
8940.00	4.32148e-17
8942.00	3.53998e-17
8944.00	1.94177e-17
8946.00	3.25707e-17
8948.00	3.93386e-17
8950.00	2.28099e-17
8952.00	1.28312e-17
8954.00	3.05131e-17
8956.00	1.64403e-17
8958.00	3.22601e-17
8960.00	8.30021e-17
8962.00	8.33427e-17
8964.00	4.08876e-17
8966.00	-1.4356e-18
8968.00	1.26954e-17
8970.00	2.66363e-17
8972.00	3.18674e-17
8974.00	2.58541e-17
8976.00	2.5427e-17
8978.00	3.75728e-17
8980.00	3.78808e-17
8982.00	2.34218e-17
8984.00	3.24871e-17
8986.00	5.08547e-17
8988.00	4.07799e-17
8990.00	3.33356e-17
8992.00	2.4712e-17
8994.00	2.39081e-17
8996.00	1.29984e-17
8998.00	2.43884e-17
9000.00	3.49879e-17
9002.00	4.31333e-17
9004.00	2.1685e-17
9006.00	1.34259e-17
9008.00	1.80096e-17
9010.00	2.15902e-17
9012.00	2.36989e-17
9014.00	2.81386e-17
9016.00	2.49854e-17
9018.00	2.18025e-17
9020.00	1.92348e-17
9022.00	2.463e-17
9024.00	4.28635e-17
9026.00	4.5576e-17
9028.00	2.94587e-17
9030.00	2.60761e-17
9032.00	2.6395e-17
9034.00	2.1056e-17
9036.00	2.53718e-17
9038.00	2.86172e-17
9040.00	3.79798e-17
9042.00	3.82347e-17
9044.00	2.67393e-17
9046.00	2.70801e-17
9048.00	3.13081e-17
9050.00	2.63116e-17
9052.00	3.40377e-17
9054.00	4.58339e-17
9056.00	2.44055e-17
9058.00	2.46375e-17
9060.00	3.47662e-17
9062.00	3.01936e-17
9064.00	4.057e-17
9066.00	3.0383e-17
9068.00	1.9844e-17
9070.00	1.84318e-17
9072.00	3.48257e-17
9074.00	3.74295e-17
9076.00	3.59782e-17
9078.00	2.45564e-17
9080.00	2.15292e-17
9082.00	2.97084e-17
9084.00	3.93244e-17
9086.00	3.4383e-17
9088.00	2.58851e-17
9090.00	2.42526e-17
9092.00	3.04885e-17
9094.00	3.84077e-17
9096.00	3.11976e-17
9098.00	2.52411e-17
9100.00	2.70571e-17
9102.00	3.441e-17
9104.00	2.9668e-17
9106.00	2.47987e-17
9108.00	3.286e-17
9110.00	3.28613e-17
9112.00	3.43509e-17
9114.00	2.98449e-17
9116.00	3.54995e-17
9118.00	2.73322e-17
9120.00	2.93178e-17
9122.00	3.11663e-17
9124.00	3.43961e-17
9126.00	3.32411e-17
9128.00	2.90201e-17
9130.00	3.12784e-17
9132.00	3.05055e-17
9134.00	3.08803e-17
9136.00	3.22746e-17
9138.00	2.67801e-17
9140.00	2.29081e-17
9142.00	2.85647e-17
9144.00	2.87837e-17
9146.00	2.83023e-17
9148.00	2.77534e-17
9150.00	3.10071e-17
9152.00	3.004e-17
9154.00	2.87697e-17
9156.00	2.87092e-17
9158.00	2.02746e-17
9160.00	2.74623e-17
9162.00	3.55385e-17
9164.00	3.54136e-17
9166.00	3.62054e-17
9168.00	3.02973e-17
9170.00	2.22082e-17
9172.00	2.32059e-17
9174.00	2.8836e-17
9176.00	3.26275e-17
9178.00	3.39989e-17
9180.00	3.11301e-17
9182.00	2.34411e-17
9184.00	2.40164e-17
9186.00	3.42889e-17
9188.00	3.37624e-17
9190.00	3.13604e-17
9192.00	3.26247e-17
9194.00	2.93741e-17
9196.00	3.29013e-17
9198.00	3.385e-17
9200.00	2.84128e-17
9202.00	2.72269e-17
9204.00	3.16769e-17
9206.00	2.63017e-17
9208.00	2.81617e-17
9210.00	3.52552e-17
9212.00	2.0535e-17
9214.00	1.79577e-17
9216.00	2.53932e-17
9218.00	1.64615e-17
9220.00	2.18104e-17
9222.00	2.53332e-17
9224.00	2.12101e-17
9226.00	2.51214e-17
9228.00	1.88239e-17
9230.00	1.4253e-17
9232.00	1.88785e-17
9234.00	1.86889e-17
9236.00	2.3342e-17
9238.00	2.32332e-17
9240.00	1.94981e-17
9242.00	2.58149e-17
9244.00	3.28126e-17
9246.00	3.65582e-17
9248.00	3.57196e-17
9250.00	2.96407e-17
9252.00	2.5957e-17
9254.00	2.22507e-17
9256.00	2.31881e-17
9258.00	2.72507e-17
9260.00	2.34635e-17
9262.00	2.11007e-17
9264.00	3.00367e-17
9266.00	4.38625e-17
9268.00	3.30956e-17
9270.00	1.83033e-17
9272.00	2.39361e-17
9274.00	2.78926e-17
9276.00	1.47672e-17
9278.00	2.26276e-17
9280.00	2.05791e-17
9282.00	2.21571e-17
9284.00	3.29547e-17
9286.00	2.80126e-17
9288.00	2.55218e-17
9290.00	2.22608e-17
9292.00	1.70032e-17
9294.00	1.34075e-17
9296.00	1.95176e-17
9298.00	2.60999e-17
9300.00	4.32893e-17
9302.00	3.44397e-17
9304.00	4.94205e-17
9306.00	6.5183e-17
9308.00	6.59227e-17
9310.00	5.21923e-17
9312.00	2.64449e-17
9314.00	3.02703e-17
9316.00	3.22038e-17
9318.00	2.20451e-17
9320.00	1.84844e-17
9322.00	3.18256e-17
9324.00	5.25853e-17
9326.00	4.19894e-17
9328.00	3.95685e-19
9330.00	-1.31886e-17
9332.00	4.13862e-18
9334.00	1.39065e-17
9336.00	5.69473e-18
9338.00	-4.10436e-18
9340.00	1.51286e-17
9342.00	2.28654e-17
9344.00	1.69901e-17
9346.00	1.69948e-17
9348.00	2.72984e-17
9350.00	4.54765e-17
9352.00	3.61468e-17
9354.00	1.54709e-17
9356.00	1.01313e-17
9358.00	2.32159e-17
9360.00	2.14846e-17
9362.00	3.9811e-17
9364.00	5.59652e-17
9366.00	3.08736e-17
9368.00	1.15181e-17
9370.00	-6.60786e-18
9372.00	-3.42234e-19
9374.00	4.23021e-17
9376.00	4.18908e-17
9378.00	3.22885e-17
9380.00	2.95233e-17
9382.00	-2.38268e-17
9384.00	-3.2235e-17
9386.00	3.46443e-17
9388.00	5.70682e-17
9390.00	3.94285e-17
9392.00	2.41512e-17
9394.00	7.14853e-18
9396.00	2.10878e-17
9398.00	4.55409e-17
9400.00	3.83973e-17
9402.00	2.98017e-17
9404.00	4.67755e-17
9406.00	5.03673e-17
9408.00	3.20154e-17
9410.00	2.71377e-17
9412.00	2.48396e-17
9414.00	1.76548e-17
9416.00	1.79897e-17
9418.00	2.83411e-17
9420.00	4.17027e-17
9422.00	3.92479e-17
9424.00	2.71952e-17
9426.00	8.2849e-18
9428.00	2.18828e-18
9430.00	2.22746e-17
9432.00	3.3062e-17
9434.00	1.84449e-17
9436.00	1.07777e-17
9438.00	1.28497e-17
9440.00	2.75853e-17
9442.00	6.81737e-17
9444.00	7.86155e-17
9446.00	3.62602e-17
9448.00	2.03276e-17
9450.00	2.92074e-17
9452.00	2.09619e-17
9454.00	2.84709e-17
9456.00	3.32725e-17
9458.00	3.45873e-17
9460.00	1.84515e-17
9462.00	7.30802e-18
9464.00	2.00903e-17
9466.00	2.27564e-17
9468.00	2.67022e-17
9470.00	2.20947e-17
9472.00	2.32057e-17
9474.00	4.81933e-17
9476.00	7.84377e-17
9478.00	6.96417e-17
9480.00	3.84053e-17
9482.00	6.73778e-18
9484.00	-1.34886e-17
9486.00	1.13348e-17
9488.00	2.71304e-17
9490.00	2.16677e-17
9492.00	1.98795e-17
9494.00	1.81953e-17
9496.00	9.05176e-18
9498.00	6.33292e-18
9500.00	2.81696e-17
9502.00	4.08391e-17
9504.00	1.9528e-17
9506.00	5.4436e-18
9508.00	2.15348e-17
9510.00	2.35518e-17
9512.00	1.97784e-17
9514.00	4.00196e-17
9516.00	6.16029e-17
9518.00	5.08844e-17
9520.00	2.62561e-17
9522.00	5.46076e-17
9524.00	5.22161e-17
9526.00	5.97845e-18
9528.00	7.86333e-18
9530.00	3.51343e-17
9532.00	4.65091e-17
9534.00	4.34288e-17
9536.00	2.46628e-17
9538.00	1.48522e-17
9540.00	3.07013e-17
9542.00	2.63598e-17
9544.00	2.41255e-17
9546.00	3.42948e-17
9548.00	3.90666e-17
9550.00	3.55468e-17
9552.00	2.99532e-17
9554.00	2.92726e-17
9556.00	2.76826e-17
9558.00	2.5048e-17
9560.00	1.94657e-17
9562.00	3.95229e-17
9564.00	5.73787e-17
9566.00	6.56608e-17
9568.00	7.59871e-17
9570.00	5.61997e-17
9572.00	5.54959e-17
9574.00	3.56545e-17
9576.00	4.1644e-17
9578.00	5.62097e-17
9580.00	4.75679e-17
9582.00	2.7014e-17
9584.00	2.58331e-17
9586.00	4.07648e-17
9588.00	5.48213e-17
9590.00	4.92447e-17
9592.00	3.18333e-17
9594.00	3.1514e-17
9596.00	2.79214e-17
9598.00	3.20452e-17
9600.00	2.83486e-17
9602.00	1.79578e-17
9604.00	3.12674e-17
9606.00	3.33548e-17
9608.00	3.69308e-17
9610.00	4.41951e-17
9612.00	2.89763e-17
9614.00	1.71976e-17
9616.00	1.77599e-17
9618.00	2.22787e-17
9620.00	4.22856e-17
9622.00	6.59971e-17
9624.00	5.36759e-17
9626.00	3.21652e-17
9628.00	2.71125e-17
9630.00	2.924e-17
9632.00	2.97755e-17
9634.00	3.61358e-17
9636.00	2.95128e-17
9638.00	2.24154e-17
9640.00	3.12185e-17
9642.00	3.15785e-17
9644.00	1.53793e-17
9646.00	1.69425e-17
9648.00	2.93958e-17
9650.00	1.54096e-17
9652.00	2.09529e-17
9654.00	4.02666e-17
9656.00	3.39449e-17
9658.00	4.23258e-17
9660.00	3.20111e-17
9662.00	2.85857e-17
9664.00	2.25447e-17
9666.00	1.87726e-17
9668.00	1.33106e-17
9670.00	3.2788e-17
9672.00	1.42137e-17
9674.00	6.93701e-18
9676.00	4.26867e-17
9678.00	2.93614e-17
9680.00	3.52978e-17
9682.00	4.10562e-17
9684.00	2.87664e-17
9686.00	4.76071e-17
9688.00	5.21834e-17
9690.00	3.42979e-17
9692.00	2.71667e-17
9694.00	3.90231e-17
9696.00	3.55985e-17
9698.00	2.29678e-17
9700.00	3.80309e-17
9702.00	1.91574e-17
9704.00	1.37927e-19
9706.00	2.81875e-17
9708.00	6.12078e-17
9710.00	6.73209e-17
9712.00	3.52178e-17
9714.00	1.10463e-17
9716.00	6.85334e-18
9718.00	1.93269e-17
9720.00	3.90319e-17
9722.00	7.27939e-17
9724.00	1.87497e-17
9726.00	1.52814e-17
9728.00	3.0634e-17
9730.00	1.35789e-17
9732.00	1.60781e-17
9734.00	2.97588e-17
9736.00	4.72165e-17
9738.00	2.23345e-17
9740.00	1.50426e-17
9742.00	1.8669e-17
9744.00	1.6942e-17
9746.00	1.03865e-17
9748.00	1.92159e-17
9750.00	2.96777e-17
9752.00	2.81855e-17
9754.00	3.09866e-17
9756.00	4.27451e-17
9758.00	3.3555e-17
9760.00	1.05725e-17
9762.00	-1.29698e-18
9764.00	1.45067e-17
9766.00	1.50453e-17
9768.00	1.8427e-17
9770.00	3.11583e-17
9772.00	2.89673e-17
9774.00	2.59979e-17
9776.00	1.53543e-17
9778.00	2.9151e-17
9780.00	5.63724e-17
9782.00	5.20719e-17
9784.00	2.57544e-17
9786.00	1.24554e-17
9788.00	5.1296e-17
9790.00	7.26988e-17
9792.00	3.35626e-17
9794.00	-1.00276e-17
9796.00	-3.31481e-17
9798.00	-2.89514e-18
9800.00	1.62002e-17
9802.00	3.30876e-17
9804.00	3.78815e-17
9806.00	-1.55805e-18
9808.00	4.68379e-18
9810.00	-1.97623e-18
9812.00	1.42902e-17
9814.00	1.75325e-17
9816.00	1.70992e-17
9818.00	1.81429e-17
9820.00	1.82619e-17
9822.00	2.90433e-17
9824.00	2.76795e-18
9826.00	1.23466e-17
9828.00	3.27367e-17
9830.00	2.38036e-17
9832.00	2.18046e-17
9834.00	3.55487e-17
9836.00	4.64291e-17
9838.00	5.85536e-17
9840.00	5.20527e-17
9842.00	4.09815e-17
9844.00	4.61945e-17
9846.00	3.52996e-17
9848.00	-5.06074e-19
9850.00	2.20868e-17
9852.00	3.73291e-18
9854.00	5.21488e-17
9856.00	5.052e-17
9858.00	2.12059e-17
9860.00	5.28508e-18
9862.00	4.42283e-17
9864.00	1.09619e-17
9866.00	2.00356e-17
9868.00	7.76998e-17
9870.00	8.87056e-17
9872.00	7.77159e-17
9874.00	8.3783e-17
9876.00	7.08583e-17
9878.00	3.44015e-17
9880.00	2.07875e-17
9882.00	4.19026e-17
9884.00	4.53794e-17
9886.00	2.68357e-17
9888.00	2.58318e-17
9890.00	6.69317e-17
9892.00	4.50398e-17
9894.00	3.77671e-18
9896.00	6.04037e-20
9898.00	1.7566e-18
9900.00	3.4722e-17
9902.00	5.60071e-17
9904.00	3.58294e-17
9906.00	2.34701e-17
9908.00	3.22905e-17
9910.00	7.03698e-17
9912.00	7.7294e-17
9914.00	1.17402e-17
9916.00	1.28549e-17
9918.00	8.80886e-18
9920.00	-4.22504e-18
9922.00	8.76828e-18
9924.00	7.12152e-18
9926.00	4.73558e-18
9928.00	-8.51131e-18
9930.00	5.58573e-18
9932.00	1.60002e-17
9934.00	1.48802e-18
9936.00	-1.29132e-17
9938.00	-9.95389e-18
9940.00	1.71312e-17
9942.00	1.7893e-17
9944.00	1.93824e-17
9946.00	-2.4149e-19
9948.00	6.19061e-17
9950.00	9.56797e-17
9952.00	2.31717e-17
9954.00	-9.88384e-18
9956.00	5.45313e-18
9958.00	2.45308e-17
9960.00	-4.36411e-17
9962.00	-2.7433e-17
9964.00	-1.22325e-18
9966.00	2.87919e-17
9968.00	7.75675e-18
9970.00	1.64796e-17
9972.00	2.56842e-17
9974.00	-1.14056e-17
9976.00	-1.47886e-17
9978.00	5.04175e-18
9980.00	1.85412e-17
9982.00	7.04789e-18
9984.00	3.80838e-18
9986.00	-9.11232e-18
9988.00	-1.26829e-17
9990.00	-9.71711e-18
9992.00	1.65522e-17
9994.00	2.24059e-17
9996.00	2.99105e-17
9998.00	9.00677e-18
10000.0	7.66858e-18
