4000.00	3.63576e-18
4002.01	3.19906e-18
4004.02	2.37128e-18
4006.03	2.82998e-18
4008.04	1.48761e-17
4010.05	1.35416e-17
4012.06	9.9804e-18
4014.07	1.30297e-17
4016.08	9.4272e-18
4018.09	3.65345e-18
4020.10	1.3696e-17
4022.11	2.25732e-18
4024.12	-2.77928e-18
4026.13	1.29621e-17
4028.14	1.47498e-17
4030.15	-2.95722e-19
4032.16	6.93415e-18
4034.17	1.6775e-17
4036.18	6.70118e-18
4038.19	5.72606e-18
4040.20	7.13538e-18
4042.21	1.39969e-17
4044.22	7.00569e-18
4046.23	6.54339e-18
4048.24	1.02217e-17
4050.25	4.21503e-18
4052.26	1.32009e-18
4054.27	6.37648e-18
4056.28	-1.70678e-18
4058.29	1.92471e-18
4060.30	6.27285e-18
4062.31	9.73506e-18
4064.32	7.82385e-18
4066.33	4.08767e-18
4068.34	6.42425e-18
4070.35	8.32266e-18
4072.36	2.74662e-18
4074.37	1.93649e-18
4076.38	8.89028e-18
4078.39	3.59761e-19
4080.40	1.12185e-17
4082.41	1.13556e-17
4084.42	1.17978e-17
4086.43	1.01673e-17
4088.44	7.7094e-18
4090.45	8.5649e-18
4092.46	9.69922e-18
4094.47	5.47556e-18
4096.48	1.04181e-18
4098.49	-1.23925e-18
4100.50	1.17787e-17
4102.51	1.5838e-17
4104.52	8.48876e-18
4106.53	5.85533e-18
4108.54	7.65084e-18
4110.55	1.22759e-17
4112.56	2.09609e-18
4114.57	2.42059e-18
4116.58	5.45287e-18
4118.59	7.75682e-18
4120.60	4.49882e-18
4122.61	2.64028e-18
4124.62	-3.70082e-19
4126.63	3.76292e-18
4128.64	1.71978e-18
4130.65	1.18882e-17
4132.66	5.09745e-18
4134.67	4.97304e-18
4136.68	7.41847e-18
4138.69	6.05193e-18
4140.70	8.40188e-18
4142.71	1.26287e-17
4144.72	8.63043e-18
4146.73	7.30653e-18
4148.74	7.84458e-18
4150.75	7.26088e-18
4152.76	1.00982e-17
4154.77	4.14855e-18
4156.78	-7.98299e-20
4158.79	3.80105e-18
4160.80	8.85081e-18
4162.81	3.79101e-18
4164.82	6.21511e-18
4166.83	6.16708e-18
4168.84	2.29272e-18
4170.85	3.51223e-18
4172.86	7.92806e-18
4174.87	1.05364e-17
4176.88	5.57381e-18
4178.89	4.42302e-18
4180.90	2.93606e-18
4182.91	6.76254e-18
4184.92	8.37841e-18
4186.93	8.09843e-18
4188.94	4.86737e-18
4190.95	-1.07629e-18
4192.96	5.95344e-18
4194.97	3.70916e-18
4196.98	1.91689e-18
4198.99	7.97515e-18
4201.00	8.27155e-18
4203.01	8.86502e-18
4205.02	6.71894e-18
4207.03	6.96524e-18
4209.04	8.31604e-18
4211.05	6.0674e-18
4213.06	5.51254e-18
4215.07	2.76162e-18
4217.08	4.47481e-18
4219.09	5.33427e-18
4221.10	6.07675e-18
4223.11	4.87638e-18
4225.12	3.7736e-18
4227.13	1.25364e-17
4229.14	1.17679e-17
4231.15	7.03787e-18
4233.16	5.17186e-18
4235.17	1.13454e-17
4237.18	8.21988e-18
4239.19	3.7589e-18
4241.20	2.92233e-18
4243.21	3.71887e-18
4245.22	6.24558e-18
4247.23	6.2697e-18
4249.24	7.81032e-18
4251.25	5.15744e-18
4253.26	5.39016e-18
4255.27	3.98107e-18
4257.28	7.14161e-18
4259.29	7.65654e-18
4261.30	3.86875e-18
4263.31	3.084e-18
4265.32	5.98398e-18
4267.33	6.33443e-18
4269.34	3.09695e-18
4271.35	4.11203e-18
4273.36	8.6121e-18
4275.37	9.14845e-18
4277.38	7.62361e-18
4279.39	4.77594e-18
4281.40	6.18415e-18
4283.41	6.67915e-18
4285.42	5.35443e-18
4287.43	4.35088e-18
4289.44	8.13583e-18
4291.45	7.85037e-18
4293.46	8.57062e-18
4295.47	8.88606e-18
4297.48	6.28901e-18
4299.49	4.98765e-18
4301.50	4.93899e-18
4303.51	7.79259e-18
4305.52	9.01058e-18
4307.53	7.05049e-18
4309.54	7.47356e-18
4311.55	6.00225e-18
4313.56	5.53873e-18
4315.57	4.3426e-18
4317.58	6.36223e-18
4319.59	4.42247e-18
4321.60	3.19943e-18
4323.61	3.70969e-18
4325.62	5.62018e-18
4327.63	5.35635e-18
4329.64	5.96009e-18
4331.65	6.55669e-18
4333.66	5.91083e-18
4335.67	3.09578e-18
4337.68	5.72805e-18
4339.69	5.97947e-18
4341.70	4.51724e-18
4343.71	5.12224e-18
4345.72	5.61378e-18
4347.73	7.85701e-18
4349.74	7.27393e-18
4351.75	4.88169e-18
4353.76	2.99841e-18
4355.77	2.46822e-18
4357.78	4.42568e-18
4359.79	6.19075e-18
4361.80	6.80949e-18
4363.81	1.61729e-18
4365.82	4.19341e-18
4367.83	5.71486e-18
4369.84	7.08527e-18
4371.85	7.36006e-18
4373.86	9.23511e-18
4375.87	8.2646e-18
4377.88	5.14822e-18
4379.89	3.4026e-18
4381.90	3.74416e-18
4383.91	3.77813e-18
4385.92	3.30432e-18
4387.93	4.87978e-18
4389.94	5.11157e-18
4391.95	3.41513e-18
4393.96	3.56312e-18
4395.97	2.48737e-18
4397.98	2.01735e-18
4399.99	2.93586e-18
4402.00	3.23665e-18
4404.01	5.71793e-18
4406.02	5.5379e-18
4408.03	3.71937e-18
4410.04	1.23958e-18
4412.05	6.01578e-19
4414.06	3.50919e-18
4416.07	6.50311e-18
4418.08	3.53845e-18
4420.09	2.13082e-18
4422.10	6.31745e-18
4424.11	7.90297e-18
4426.12	7.18646e-18
4428.13	4.87769e-18
4430.14	2.68134e-18
4432.15	6.1671e-18
4434.16	7.78106e-18
4436.17	6.02128e-18
4438.18	7.54841e-18
4440.19	1.16461e-17
4442.20	1.32037e-17
4444.21	1.60867e-17
4446.22	1.26287e-17
4448.23	7.72297e-18
4450.24	4.06823e-18
4452.25	4.77504e-18
4454.26	4.36155e-18
4456.27	3.57406e-18
4458.28	3.93369e-18
4460.29	4.20964e-18
4462.30	4.54987e-18
4464.31	2.3725e-18
4466.32	2.56329e-18
4468.33	2.95628e-18
4470.34	2.86228e-18
4472.35	5.19623e-18
4474.36	9.10301e-18
4476.37	6.28742e-18
4478.38	3.47201e-18
4480.39	3.28774e-18
4482.40	4.42711e-18
4484.41	5.92192e-18
4486.42	6.89672e-18
4488.43	6.90598e-18
4490.44	4.47587e-18
4492.45	4.14188e-18
4494.46	5.00147e-18
4496.47	5.97531e-18
4498.48	5.09976e-18
4500.49	3.63928e-18
4502.50	3.6371e-18
4504.51	5.63224e-18
4506.52	8.02065e-18
4508.53	4.89285e-18
4510.54	2.89217e-18
4512.55	5.07715e-18
4514.56	5.47023e-18
4516.57	4.38176e-18
4518.58	4.92985e-18
4520.59	4.12543e-18
4522.60	4.43162e-18
4524.61	7.52125e-18
4526.62	5.6448e-18
4528.63	3.78854e-18
4530.64	4.40526e-18
4532.65	5.26335e-18
4534.66	3.77522e-18
4536.67	5.07529e-18
4538.68	6.20369e-18
4540.69	4.79774e-18
4542.70	5.92603e-18
4544.71	7.49479e-18
4546.72	7.39594e-18
4548.73	7.63604e-18
4550.74	6.78011e-18
4552.75	6.0505e-18
4554.76	3.81052e-18
4556.77	5.5203e-18
4558.78	6.93412e-18
4560.79	6.00149e-18
4562.80	5.00552e-18
4564.81	6.22127e-18
4566.82	5.42405e-18
4568.83	3.62315e-18
4570.84	3.28896e-18
4572.85	3.47759e-18
4574.86	4.00748e-18
4576.87	3.2696e-18
4578.88	4.95989e-18
4580.89	6.46784e-18
4582.90	4.2211e-18
4584.91	4.09681e-18
4586.92	6.64444e-18
4588.93	5.51559e-18
4590.94	5.27652e-18
4592.95	6.33149e-18
4594.96	5.33164e-18
4596.97	5.95532e-18
4598.98	6.0957e-18
4600.99	4.49215e-18
4603.00	5.26017e-18
4605.01	7.2414e-18
4607.02	5.56129e-18
4609.03	6.10694e-18
4611.04	7.07734e-18
4613.05	5.67229e-18
4615.06	6.43532e-18
4617.07	7.65558e-18
4619.08	7.05842e-18
4621.09	7.28723e-18
4623.10	7.91508e-18
4625.11	7.57841e-18
4627.12	5.50472e-18
4629.13	2.46144e-18
4631.14	3.3346e-18
4633.15	6.18262e-18
4635.16	5.46237e-18
4637.17	5.87886e-18
4639.18	6.95397e-18
4641.19	6.48769e-18
4643.20	6.07644e-18
4645.21	4.26705e-18
4647.22	4.26394e-18
4649.23	4.62845e-18
4651.24	4.96243e-18
4653.25	5.38007e-18
4655.26	6.01991e-18
4657.27	8.02114e-18
4659.28	6.52714e-18
4661.29	4.15684e-18
4663.30	5.33246e-18
4665.31	7.98144e-18
4667.32	6.81637e-18
4669.33	6.50715e-18
4671.34	6.10263e-18
4673.35	5.7738e-18
4675.36	6.25404e-18
4677.37	6.98174e-18
4679.38	7.99419e-18
4681.39	4.93948e-18
4683.40	3.35468e-18
4685.41	4.83678e-18
4687.42	5.15834e-18
4689.43	4.61151e-18
4691.44	4.71566e-18
4693.45	4.29216e-18
4695.46	5.50941e-18
4697.47	6.79374e-18
4699.48	5.9038e-18
4701.49	5.7837e-18
4703.50	6.26322e-18
4705.51	6.34621e-18
4707.52	5.54617e-18
4709.53	5.01108e-18
4711.54	5.04622e-18
4713.55	5.33102e-18
4715.56	5.93259e-18
4717.57	6.13761e-18
4719.58	6.51508e-18
4721.59	6.32293e-18
4723.60	5.61264e-18
4725.61	4.89581e-18
4727.62	3.57765e-18
4729.63	2.38511e-18
4731.64	2.75576e-18
4733.65	3.3082e-18
4735.66	3.92084e-18
4737.67	3.87666e-18
4739.68	4.38867e-18
4741.69	5.25569e-18
4743.70	6.27398e-18
4745.71	9.02808e-18
4747.72	9.32451e-18
4749.73	8.05085e-18
4751.74	6.21929e-18
4753.75	3.73319e-18
4755.76	4.07657e-18
4757.77	7.48275e-18
4759.78	9.41646e-18
4761.79	8.08315e-18
4763.80	7.73946e-18
4765.81	5.85678e-18
4767.82	4.0481e-18
4769.83	6.3769e-18
4771.84	6.1784e-18
4773.85	3.62861e-18
4775.86	5.30272e-18
4777.87	8.45369e-18
4779.88	9.1131e-18
4781.89	8.09816e-18
4783.90	8.89737e-18
4785.91	7.69668e-18
4787.92	4.67581e-18
4789.93	6.04648e-18
4791.94	6.94552e-18
4793.95	6.53183e-18
4795.96	7.84429e-18
4797.97	6.5219e-18
4799.98	5.52656e-18
4801.99	6.70014e-18
4804.00	6.5628e-18
4806.01	4.081e-18
4808.02	6.23174e-18
4810.03	7.63432e-18
4812.04	5.72878e-18
4814.05	5.43923e-18
4816.06	5.86645e-18
4818.07	7.021e-18
4820.08	6.18063e-18
4822.09	4.91667e-18
4824.10	5.91596e-18
4826.11	7.93694e-18
4828.12	7.15825e-18
4830.13	5.66241e-18
4832.14	6.71515e-18
4834.15	8.00059e-18
4836.16	7.44245e-18
4838.17	7.03285e-18
4840.18	8.21319e-18
4842.19	7.76802e-18
4844.20	5.97124e-18
4846.21	4.72473e-18
4848.22	4.32193e-18
4850.23	5.11575e-18
4852.24	6.53469e-18
4854.25	6.98806e-18
4856.26	5.55836e-18
4858.27	4.71629e-18
4860.28	5.64261e-18
4862.29	6.50145e-18
4864.30	6.63107e-18
4866.31	7.66377e-18
4868.32	6.38814e-18
4870.33	8.19851e-18
4872.34	8.76652e-18
4874.35	8.04511e-18
4876.36	8.95767e-18
4878.37	8.63094e-18
4880.38	6.72756e-18
4882.39	5.6821e-18
4884.40	6.12504e-18
4886.41	6.48546e-18
4888.42	4.88152e-18
4890.43	4.65219e-18
4892.44	4.69676e-18
4894.45	3.4554e-18
4896.46	5.37304e-18
4898.47	7.10112e-18
4900.48	5.50718e-18
4902.49	5.03582e-18
4904.50	5.19094e-18
4906.51	5.47148e-18
4908.52	6.91147e-18
4910.53	8.36827e-18
4912.54	8.52118e-18
4914.55	8.03707e-18
4916.56	6.95218e-18
4918.57	5.60803e-18
4920.58	6.87129e-18
4922.59	5.93989e-18
4924.60	6.45211e-18
4926.61	8.94037e-18
4928.62	8.76198e-18
4930.63	6.35983e-18
4932.64	5.92735e-18
4934.65	7.24834e-18
4936.66	7.0933e-18
4938.67	6.34134e-18
4940.68	7.91587e-18
4942.69	8.0248e-18
4944.70	5.67057e-18
4946.71	5.8945e-18
4948.72	6.63864e-18
4950.73	5.90795e-18
4952.74	6.03036e-18
4954.75	6.86572e-18
4956.76	7.69508e-18
4958.77	7.55951e-18
4960.78	6.22324e-18
4962.79	6.56284e-18
4964.80	7.2605e-18
4966.81	8.8753e-18
4968.82	8.44355e-18
4970.83	8.20974e-18
4972.84	6.26449e-18
4974.85	7.73948e-18
4976.86	6.96976e-18
4978.87	6.72796e-18
4980.88	5.99751e-18
4982.89	5.33396e-18
4984.90	6.33459e-18
4986.91	7.81037e-18
4988.92	7.65914e-18
4990.93	6.80614e-18
4992.94	7.04106e-18
4994.95	8.17855e-18
4996.96	7.15927e-18
4998.97	7.07611e-18
5000.98	8.65522e-18
5002.99	6.31602e-18
5005.00	5.77541e-18
5007.01	7.22917e-18
5009.02	7.88521e-18
5011.03	5.71238e-18
5013.04	7.32084e-18
5015.05	1.01795e-17
5017.06	8.78677e-18
5019.07	7.02673e-18
5021.08	7.16648e-18
5023.09	8.87261e-18
5025.10	6.82665e-18
5027.11	6.35744e-18
5029.12	6.63484e-18
5031.13	5.85154e-18
5033.14	4.46452e-18
5035.15	5.72349e-18
5037.16	8.42376e-18
5039.17	7.66035e-18
5041.18	6.31062e-18
5043.19	5.96742e-18
5045.20	7.03186e-18
5047.21	7.12005e-18
5049.22	8.20426e-18
5051.23	6.37672e-18
5053.24	6.67145e-18
5055.25	6.11652e-18
5057.26	5.95888e-18
5059.27	5.50866e-18
5061.28	7.94233e-18
5063.29	6.92069e-18
5065.30	7.0487e-18
5067.31	6.8258e-18
5069.32	6.41216e-18
5071.33	7.20981e-18
5073.34	7.20919e-18
5075.35	6.43295e-18
5077.36	7.42299e-18
5079.37	6.35081e-18
5081.38	5.838e-18
5083.39	6.3101e-18
5085.40	6.87939e-18
5087.41	6.74331e-18
5089.42	7.86995e-18
5091.43	6.03655e-18
5093.44	4.89852e-18
5095.45	5.10094e-18
5097.46	5.83977e-18
5099.47	6.03025e-18
5101.48	6.00068e-18
5103.49	6.17615e-18
5105.50	7.12393e-18
5107.51	7.19735e-18
5109.52	6.58036e-18
5111.53	6.91771e-18
5113.54	6.64436e-18
5115.55	5.96355e-18
5117.56	6.41775e-18
5119.57	7.00303e-18
5121.58	4.96054e-18
5123.59	3.65683e-18
5125.60	5.24649e-18
5127.61	5.49296e-18
5129.62	4.49028e-18
5131.63	4.84993e-18
5133.64	5.75231e-18
5135.65	5.21489e-18
5137.66	4.83954e-18
5139.67	5.73681e-18
5141.68	5.53888e-18
5143.69	4.41613e-18
5145.70	4.47248e-18
5147.71	4.65495e-18
5149.72	5.51791e-18
5151.73	5.97192e-18
5153.74	6.01865e-18
5155.75	8.17025e-18
5157.76	6.03391e-18
5159.77	6.29673e-18
5161.78	6.72644e-18
5163.79	5.01646e-18
5165.80	3.91238e-18
5167.81	5.58521e-18
5169.82	6.30616e-18
5171.83	4.68218e-18
5173.84	4.39543e-18
5175.85	5.70405e-18
5177.86	4.98974e-18
5179.87	4.58145e-18
5181.88	6.31137e-18
5183.89	6.06239e-18
5185.90	5.14765e-18
5187.91	5.7489e-18
5189.92	5.23864e-18
5191.93	5.3478e-18
5193.94	6.26872e-18
5195.95	5.05555e-18
5197.96	5.00596e-18
5199.97	5.6812e-18
5201.98	4.77809e-18
5203.99	6.72878e-18
5206.00	7.34514e-18
5208.01	6.73375e-18
5210.02	6.92598e-18
5212.03	5.95103e-18
5214.04	6.43949e-18
5216.05	6.11132e-18
5218.06	6.0888e-18
5220.07	6.79289e-18
5222.08	7.11653e-18
5224.09	6.87317e-18
5226.10	5.704e-18
5228.11	7.05971e-18
5230.12	7.49132e-18
5232.13	6.119e-18
5234.14	8.04919e-18
5236.15	7.65008e-18
5238.16	4.64297e-18
5240.17	5.88224e-18
5242.18	6.64716e-18
5244.19	6.30131e-18
5246.20	7.96632e-18
5248.21	7.4546e-18
5250.22	5.59187e-18
5252.23	4.82964e-18
5254.24	3.84899e-18
5256.25	5.04861e-18
5258.26	6.93561e-18
5260.27	6.13866e-18
5262.28	6.2274e-18
5264.29	5.20856e-18
5266.30	6.0171e-18
5268.31	7.28568e-18
5270.32	5.44061e-18
5272.33	5.78933e-18
5274.34	6.25507e-18
5276.35	6.93616e-18
5278.36	5.01434e-18
5280.37	5.59152e-18
5282.38	7.7389e-18
5284.39	6.65659e-18
5286.40	5.72538e-18
5288.41	7.10923e-18
5290.42	6.66226e-18
5292.43	4.95893e-18
5294.44	5.22137e-18
5296.45	6.64335e-18
5298.46	5.76695e-18
5300.47	5.7719e-18
5302.48	7.59305e-18
5304.49	6.40278e-18
5306.50	6.36593e-18
5308.51	6.82579e-18
5310.52	7.11697e-18
5312.53	7.23815e-18
5314.54	6.16218e-18
5316.55	4.96224e-18
5318.56	6.43511e-18
5320.57	5.89671e-18
5322.58	5.42849e-18
5324.59	6.49545e-18
5326.60	6.64082e-18
5328.61	7.31026e-18
5330.62	6.60522e-18
5332.63	4.6179e-18
5334.64	5.26684e-18
5336.65	6.77553e-18
5338.66	6.12558e-18
5340.67	7.86225e-18
5342.68	6.23734e-18
5344.69	6.1491e-18
5346.70	6.77139e-18
5348.71	5.74293e-18
5350.72	4.3338e-18
5352.73	4.82387e-18
5354.74	6.22699e-18
5356.75	6.50904e-18
5358.76	5.59585e-18
5360.77	7.25489e-18
5362.78	5.86996e-18
5364.79	5.47771e-18
5366.80	6.48913e-18
5368.81	7.65283e-18
5370.82	6.95659e-18
5372.83	6.93729e-18
5374.84	6.44055e-18
5376.85	6.49154e-18
5378.86	7.7695e-18
5380.87	5.40029e-18
5382.88	6.77483e-18
5384.89	7.87161e-18
5386.90	5.51872e-18
5388.91	6.36704e-18
5390.92	6.09006e-18
5392.93	5.24213e-18
5394.94	5.91357e-18
5396.95	7.24064e-18
5398.96	6.93358e-18
5400.97	6.40297e-18
5402.98	5.88469e-18
5404.99	6.41668e-18
5407.00	5.87973e-18
5409.01	6.4538e-18
5411.02	7.71327e-18
5413.03	6.44463e-18
5415.04	7.36034e-18
5417.05	7.36818e-18
5419.06	6.45684e-18
5421.07	7.48212e-18
5423.08	5.9326e-18
5425.09	5.04509e-18
5427.10	6.76716e-18
5429.11	7.21129e-18
5431.12	6.7477e-18
5433.13	6.47521e-18
5435.14	6.08746e-18
5437.15	4.9231e-18
5439.16	5.9025e-18
5441.17	8.36394e-18
5443.18	8.27787e-18
5445.19	6.96198e-18
5447.20	8.36741e-18
5449.21	6.97929e-18
5451.22	4.60394e-18
5453.23	5.27715e-18
5455.24	5.77362e-18
5457.25	6.44225e-18
5459.26	6.81617e-18
5461.27	5.87415e-18
5463.28	5.82939e-18
5465.29	6.84999e-18
5467.30	5.73702e-18
5469.31	5.31247e-18
5471.32	6.20286e-18
5473.33	6.61319e-18
5475.34	7.33824e-18
5477.35	5.22999e-18
5479.36	3.84361e-18
5481.37	5.9755e-18
5483.38	7.56051e-18
5485.39	6.85688e-18
5487.40	6.4488e-18
5489.41	6.94807e-18
5491.42	7.01419e-18
5493.43	7.04422e-18
5495.44	6.83822e-18
5497.45	8.22726e-18
5499.46	6.21267e-18
5501.47	6.16943e-18
5503.48	6.25264e-18
5505.49	4.99468e-18
5507.50	6.24417e-18
5509.51	6.98091e-18
5511.52	7.13389e-18
5513.53	5.94605e-18
5515.54	6.43895e-18
5517.55	6.90808e-18
5519.56	6.42706e-18
5521.57	6.98912e-18
5523.58	7.31778e-18
5525.59	7.53873e-18
5527.60	6.91287e-18
5529.61	6.77855e-18
5531.62	6.23846e-18
5533.63	7.85696e-18
5535.64	8.75786e-18
5537.65	7.00292e-18
5539.66	6.48787e-18
5541.67	6.20477e-18
5543.68	5.81789e-18
5545.69	6.11706e-18
5547.70	5.63267e-18
5549.71	6.47486e-18
5551.72	7.2417e-18
5553.73	6.7292e-18
5555.74	7.69104e-18
5557.75	6.57992e-18
5559.76	4.86434e-18
5561.77	5.03205e-18
5563.78	5.9826e-18
5565.79	7.17906e-18
5567.80	7.17741e-18
5569.81	7.17576e-18
5571.82	7.17411e-18
5573.83	7.17246e-18
5575.84	7.17081e-18
5577.85	7.16917e-18
5579.86	7.16752e-18
5581.87	7.16587e-18
5583.88	7.16422e-18
5585.89	7.16257e-18
5587.90	7.16092e-18
5589.91	7.15927e-18
5591.92	7.15762e-18
5593.93	7.15762e-18
5595.94	6.98535e-18
5597.95	6.65439e-18
5599.96	8.62862e-18
5601.97	8.22238e-18
5603.98	7.65982e-18
5605.99	7.7069e-18
5608.00	6.54994e-18
5610.01	6.4188e-18
5612.02	6.01571e-18
5614.03	5.78132e-18
5616.04	7.25255e-18
5618.05	7.5014e-18
5620.06	7.05247e-18
5622.07	7.8544e-18
5624.08	7.50964e-18
5626.09	6.00039e-18
5628.10	6.14951e-18
5630.11	5.81497e-18
5632.12	6.11076e-18
5634.13	6.49546e-18
5636.14	6.85571e-18
5638.15	6.87369e-18
5640.16	8.01887e-18
5642.17	8.28905e-18
5644.18	6.60469e-18
5646.19	7.29127e-18
5648.20	7.22689e-18
5650.21	6.25236e-18
5652.22	6.3522e-18
5654.23	7.08142e-18
5656.24	7.5714e-18
5658.25	6.3941e-18
5660.26	4.89251e-18
5662.27	5.47206e-18
5664.28	6.27819e-18
5666.29	6.32566e-18
5668.30	6.85675e-18
5670.31	7.15929e-18
5672.32	7.86538e-18
5674.33	7.91751e-18
5676.34	7.23803e-18
5678.35	6.47878e-18
5680.36	6.33754e-18
5682.37	6.87025e-18
5684.38	5.75358e-18
5686.39	5.43143e-18
5688.40	5.80432e-18
5690.41	6.46115e-18
5692.42	6.42874e-18
5694.43	6.60424e-18
5696.44	7.28371e-18
5698.45	6.94573e-18
5700.46	5.19399e-18
5702.47	5.49671e-18
5704.48	7.19996e-18
5706.49	6.64638e-18
5708.50	5.77503e-18
5710.51	5.90986e-18
5712.52	6.10281e-18
5714.53	5.82882e-18
5716.54	7.08536e-18
5718.55	7.85461e-18
5720.56	6.96579e-18
5722.57	6.46023e-18
5724.58	5.8319e-18
5726.59	5.61658e-18
5728.60	5.38077e-18
5730.61	5.76726e-18
5732.62	5.87724e-18
5734.63	4.66158e-18
5736.64	4.20569e-18
5738.65	5.4674e-18
5740.66	6.74051e-18
5742.67	6.65098e-18
5744.68	5.65601e-18
5746.69	6.28709e-18
5748.70	6.19528e-18
5750.71	4.73271e-18
5752.72	5.49303e-18
5754.73	6.35077e-18
5756.74	5.73161e-18
5758.75	6.07025e-18
5760.76	7.57239e-18
5762.77	5.6698e-18
5764.78	5.1075e-18
5766.79	4.66602e-18
5768.80	4.133e-18
5770.81	4.86446e-18
5772.82	5.48546e-18
5774.83	5.47801e-18
5776.84	4.74803e-18
5778.85	4.86911e-18
5780.86	5.83849e-18
5782.87	5.5482e-18
5784.88	4.83377e-18
5786.89	5.16787e-18
5788.90	5.87298e-18
5790.91	5.78783e-18
5792.92	5.55079e-18
5794.93	6.2667e-18
5796.94	6.82482e-18
5798.95	8.33235e-18
5800.96	1.03639e-17
5802.97	8.97406e-18
5804.98	8.62607e-18
5806.99	8.28993e-18
5809.00	5.30194e-18
5811.01	4.66892e-18
5813.02	4.58808e-18
5815.03	4.38344e-18
5817.04	4.32802e-18
5819.05	4.6743e-18
5821.06	4.82323e-18
5823.07	4.45044e-18
5825.08	4.93462e-18
5827.09	6.12296e-18
5829.10	5.99935e-18
5831.11	4.37935e-18
5833.12	4.46069e-18
5835.13	6.26365e-18
5837.14	6.48096e-18
5839.15	6.04925e-18
5841.16	5.78544e-18
5843.17	5.45053e-18
5845.18	5.26505e-18
5847.19	5.62663e-18
5849.20	6.2841e-18
5851.21	6.80034e-18
5853.22	6.89758e-18
5855.23	6.66195e-18
5857.24	6.33987e-18
5859.25	6.6542e-18
5861.26	6.39893e-18
5863.27	5.55964e-18
5865.28	5.09757e-18
5867.29	4.93765e-18
5869.30	4.94249e-18
5871.31	5.79353e-18
5873.32	6.80392e-18
5875.33	7.67542e-18
5877.34	6.63387e-18
5879.35	6.66195e-18
5881.36	7.65802e-18
5883.37	7.27504e-18
5885.38	6.87375e-18
5887.39	5.41833e-18
5889.40	4.83902e-18
5891.41	5.51895e-18
5893.42	4.96657e-18
5895.43	5.6019e-18
5897.44	6.43476e-18
5899.45	4.85161e-18
5901.46	4.08861e-18
5903.47	5.14894e-18
5905.48	6.9149e-18
5907.49	7.23998e-18
5909.50	6.41648e-18
5911.51	6.59152e-18
5913.52	6.40525e-18
5915.53	6.42482e-18
5917.54	6.34256e-18
5919.55	5.46312e-18
5921.56	6.32002e-18
5923.57	6.75873e-18
5925.58	6.06596e-18
5927.59	5.66583e-18
5929.60	5.04417e-18
5931.61	5.15984e-18
5933.62	6.37977e-18
5935.63	6.71668e-18
5937.64	6.41946e-18
5939.65	5.87292e-18
5941.66	5.87712e-18
5943.67	5.76652e-18
5945.68	5.62388e-18
5947.69	6.02877e-18
5949.70	5.82799e-18
5951.71	5.5658e-18
5953.72	6.35673e-18
5955.73	7.13995e-18
5957.74	6.46663e-18
5959.75	5.03321e-18
5961.76	4.67977e-18
5963.77	6.01429e-18
5965.78	7.17343e-18
5967.79	7.63646e-18
5969.80	7.25305e-18
5971.81	6.89714e-18
5973.82	6.9454e-18
5975.83	5.98312e-18
5977.84	6.24991e-18
5979.85	6.66996e-18
5981.86	5.98507e-18
5983.87	5.69096e-18
5985.88	5.81221e-18
5987.89	5.13256e-18
5989.90	5.49005e-18
5991.91	5.8345e-18
5993.92	5.11635e-18
5995.93	4.62711e-18
5997.94	5.03427e-18
5999.95	6.17002e-18
6001.96	5.71488e-18
6003.97	5.53697e-18
6005.98	6.25414e-18
6007.99	5.46069e-18
6010.00	5.43576e-18
6012.01	6.09508e-18
6014.02	5.28807e-18
6016.03	5.59742e-18
6018.04	6.22308e-18
6020.05	6.09043e-18
6022.06	5.95083e-18
6024.07	5.4646e-18
6026.08	5.68907e-18
6028.09	6.31783e-18
6030.10	6.45044e-18
6032.11	5.81392e-18
6034.12	6.11577e-18
6036.13	6.84424e-18
6038.14	6.09309e-18
6040.15	6.20201e-18
6042.16	5.88794e-18
6044.17	5.16706e-18
6046.18	5.87926e-18
6048.19	6.25567e-18
6050.20	5.82579e-18
6052.21	5.28882e-18
6054.22	5.09862e-18
6056.23	5.8427e-18
6058.24	5.59815e-18
6060.25	5.37042e-18
6062.26	5.60826e-18
6064.27	5.18145e-18
6066.28	5.15997e-18
6068.29	4.95587e-18
6070.30	5.95693e-18
6072.31	6.14541e-18
6074.32	4.68266e-18
6076.33	5.33954e-18
6078.34	6.64054e-18
6080.35	6.30899e-18
6082.36	5.74566e-18
6084.37	5.63983e-18
6086.38	6.13669e-18
6088.39	6.77645e-18
6090.40	6.3328e-18
6092.41	5.06157e-18
6094.42	4.76717e-18
6096.43	5.09172e-18
6098.44	4.62785e-18
6100.45	4.68036e-18
6102.46	5.85725e-18
6104.47	6.00024e-18
6106.48	5.96664e-18
6108.49	6.11835e-18
6110.50	5.81084e-18
6112.51	5.78276e-18
6114.52	5.59244e-18
6116.53	5.62883e-18
6118.54	6.16779e-18
6120.55	5.70939e-18
6122.56	4.75139e-18
6124.57	4.84238e-18
6126.58	5.19733e-18
6128.59	5.04276e-18
6130.60	4.87776e-18
6132.61	4.71203e-18
6134.62	4.08311e-18
6136.63	5.64318e-18
6138.64	6.47585e-18
6140.65	4.73704e-18
6142.66	5.74982e-18
6144.67	6.37334e-18
6146.68	5.46361e-18
6148.69	5.60041e-18
6150.70	5.4848e-18
6152.71	5.12002e-18
6154.72	5.27567e-18
6156.73	5.85514e-18
6158.74	6.39357e-18
6160.75	6.28665e-18
6162.76	5.71515e-18
6164.77	4.76362e-18
6166.78	4.73778e-18
6168.79	4.46161e-18
6170.80	4.72646e-18
6172.81	5.07922e-18
6174.82	4.96499e-18
6176.83	4.7184e-18
6178.84	5.21808e-18
6180.85	5.48271e-18
6182.86	5.30576e-18
6184.87	5.00054e-18
6186.88	5.7755e-18
6188.89	5.47191e-18
6190.90	5.21565e-18
6192.91	5.06189e-18
6194.92	4.98225e-18
6196.93	5.53508e-18
6198.94	5.12798e-18
6200.95	4.1559e-18
6202.96	3.95108e-18
6204.97	5.35115e-18
6206.98	5.79151e-18
6208.99	5.36659e-18
6211.00	5.04598e-18
6213.01	5.6601e-18
6215.02	5.91237e-18
6217.03	4.85555e-18
6219.04	5.87032e-18
6221.05	6.60023e-18
6223.06	6.45778e-18
6225.07	5.65927e-18
6227.08	5.95895e-18
6229.09	6.31175e-18
6231.10	5.05235e-18
6233.11	6.33022e-18
6235.12	6.78928e-18
6237.13	4.81793e-18
6239.14	5.13706e-18
6241.15	5.3921e-18
6243.16	4.0802e-18
6245.17	4.97296e-18
6247.18	6.21928e-18
6249.19	6.26594e-18
6251.20	5.60911e-18
6253.21	5.92958e-18
6255.22	5.7991e-18
6257.23	5.76572e-18
6259.24	5.72259e-18
6261.25	5.43622e-18
6263.26	5.42758e-18
6265.27	6.58876e-18
6267.28	5.39132e-18
6269.29	4.88065e-18
6271.30	5.49068e-18
6273.31	5.59833e-18
6275.32	4.74061e-18
6277.33	5.09941e-18
6279.34	5.51963e-18
6281.35	5.5734e-18
6283.36	5.2497e-18
6285.37	5.433e-18
6287.38	5.79453e-18
6289.39	4.85375e-18
6291.40	5.44044e-18
6293.41	5.54993e-18
6295.42	4.6751e-18
6297.43	3.73059e-18
6299.44	5.07326e-18
6301.45	7.18152e-18
6303.46	5.55325e-18
6305.47	4.40092e-18
6307.48	5.03943e-18
6309.49	4.98057e-18
6311.50	5.73279e-18
6313.51	5.3557e-18
6315.52	6.21209e-18
6317.53	7.07378e-18
6319.54	5.70004e-18
6321.55	5.02671e-18
6323.56	5.38099e-18
6325.57	5.02926e-18
6327.58	6.33449e-18
6329.59	6.28674e-18
6331.60	5.42041e-18
6333.61	7.38128e-18
6335.62	7.15109e-18
6337.63	7.2507e-18
6339.64	7.33459e-18
6341.65	5.5445e-18
6343.66	5.73829e-18
6345.67	6.5977e-18
6347.68	5.70952e-18
6349.69	5.79956e-18
6351.70	6.66271e-18
6353.71	5.82107e-18
6355.72	4.33768e-18
6357.73	4.02074e-18
6359.74	4.21028e-18
6361.75	5.15448e-18
6363.76	7.19422e-18
6365.77	7.06344e-18
6367.78	4.37132e-18
6369.79	3.94529e-18
6371.80	5.6133e-18
6373.81	5.90292e-18
6375.82	5.84754e-18
6377.83	5.42217e-18
6379.84	5.60784e-18
6381.85	5.97353e-18
6383.86	5.10421e-18
6385.87	5.58447e-18
6387.88	6.32985e-18
6389.89	5.829e-18
6391.90	4.78528e-18
6393.91	4.81357e-18
6395.92	5.62687e-18
6397.93	4.9865e-18
6399.94	5.00067e-18
6401.95	4.89772e-18
6403.96	4.90302e-18
6405.97	5.00305e-18
6407.98	5.15716e-18
6409.99	5.24075e-18
6412.00	5.35242e-18
6414.01	5.20489e-18
6416.02	5.82822e-18
6418.03	4.76204e-18
6420.04	4.54265e-18
6422.05	5.33008e-18
6424.06	5.75392e-18
6426.07	5.66317e-18
6428.08	6.23156e-18
6430.09	5.0336e-18
6432.10	4.71808e-18
6434.11	4.40047e-18
6436.12	4.89514e-18
6438.13	5.12494e-18
6440.14	4.61438e-18
6442.15	4.10498e-18
6444.16	4.85432e-18
6446.17	5.05241e-18
6448.18	4.73992e-18
6450.19	5.07849e-18
6452.20	6.01455e-18
6454.21	5.15258e-18
6456.22	5.23173e-18
6458.23	5.65174e-18
6460.24	6.07041e-18
6462.25	5.55078e-18
6464.26	5.59218e-18
6466.27	7.2914e-18
6468.28	6.94219e-18
6470.29	5.1191e-18
6472.30	4.69127e-18
6474.31	5.28912e-18
6476.32	4.59344e-18
6478.33	5.3107e-18
6480.34	5.74175e-18
6482.35	6.84304e-18
6484.36	6.38837e-18
6486.37	5.38675e-18
6488.38	4.76833e-18
6490.39	4.96397e-18
6492.40	5.14474e-18
6494.41	5.94122e-18
6496.42	5.08056e-18
6498.43	6.0049e-18
6500.44	6.10148e-18
6502.45	6.21918e-18
6504.46	5.84505e-18
6506.47	5.73074e-18
6508.48	6.17704e-18
6510.49	5.6851e-18
6512.50	6.03903e-18
6514.51	4.75876e-18
6516.52	4.7892e-18
6518.53	6.31297e-18
6520.54	4.91707e-18
6522.55	5.10933e-18
6524.56	5.97226e-18
6526.57	5.53091e-18
6528.58	6.09514e-18
6530.59	6.046e-18
6532.60	6.02606e-18
6534.61	6.10778e-18
6536.62	6.47011e-18
6538.63	7.31737e-18
6540.64	6.09043e-18
6542.65	4.3348e-18
6544.66	4.7197e-18
6546.67	6.34456e-18
6548.68	6.23898e-18
6550.69	5.96247e-18
6552.70	5.93427e-18
6554.71	5.46795e-18
6556.72	5.43806e-18
6558.73	5.54385e-18
6560.74	6.34835e-18
6562.75	5.46979e-18
6564.76	5.69236e-18
6566.77	5.07459e-18
6568.78	4.00513e-18
6570.79	4.03351e-18
6572.80	4.60505e-18
6574.81	5.22929e-18
6576.82	5.39799e-18
6578.83	5.56684e-18
6580.84	5.45654e-18
6582.85	6.13988e-18
6584.86	6.09073e-18
6586.87	5.26637e-18
6588.88	5.15669e-18
6590.89	5.95947e-18
6592.90	4.82015e-18
6594.91	3.97354e-18
6596.92	5.49711e-18
6598.93	5.02895e-18
6600.94	6.11217e-18
6602.95	6.62257e-18
6604.96	6.48447e-18
6606.97	4.93118e-18
6608.98	4.52974e-18
6610.99	4.82312e-18
6613.00	5.97528e-18
6615.01	5.20405e-18
6617.02	5.90614e-18
6619.03	6.21417e-18
6621.04	5.13061e-18
6623.05	3.85908e-18
6625.06	5.17213e-18
6627.07	4.58002e-18
6629.08	5.04209e-18
6631.09	6.50158e-18
6633.10	5.79365e-18
6635.11	6.16942e-18
6637.12	6.05413e-18
6639.13	5.90739e-18
6641.14	5.51048e-18
6643.15	4.87582e-18
6645.16	4.93963e-18
6647.17	4.89446e-18
6649.18	5.07258e-18
6651.19	5.50107e-18
6653.20	5.06608e-18
6655.21	5.08792e-18
6657.22	5.73378e-18
6659.23	5.23779e-18
6661.24	4.61306e-18
6663.25	4.97837e-18
6665.26	5.19043e-18
6667.27	5.39421e-18
6669.28	5.62685e-18
6671.29	5.01859e-18
6673.30	4.76341e-18
6675.31	5.73533e-18
6677.32	5.80961e-18
6679.33	4.29068e-18
6681.34	4.77051e-18
6683.35	4.09906e-18
6685.36	4.76387e-18
6687.37	5.98068e-18
6689.38	5.56149e-18
6691.39	5.94497e-18
6693.40	5.10237e-18
6695.41	4.26061e-18
6697.42	4.68093e-18
6699.43	4.78428e-18
6701.44	4.84063e-18
6703.45	4.94705e-18
6705.46	5.57846e-18
6707.47	6.16966e-18
6709.48	6.27841e-18
6711.49	4.76368e-18
6713.50	3.6501e-18
6715.51	4.28632e-18
6717.52	4.38714e-18
6719.53	5.08417e-18
6721.54	5.13331e-18
6723.55	5.58331e-18
6725.56	4.6756e-18
6727.57	4.29427e-18
6729.58	4.03085e-18
6731.59	4.77111e-18
6733.60	4.85659e-18
6735.61	4.79713e-18
6737.62	4.69861e-18
6739.63	4.55762e-18
6741.64	4.90025e-18
6743.65	5.94324e-18
6745.66	5.31853e-18
6747.67	4.98047e-18
6749.68	4.31508e-18
6751.69	5.25249e-18
6753.70	4.91129e-18
6755.71	4.59924e-18
6757.72	5.04818e-18
6759.73	5.33587e-18
6761.74	5.23859e-18
6763.75	5.21536e-18
6765.76	4.91518e-18
6767.77	4.99743e-18
6769.78	4.55226e-18
6771.79	4.57972e-18
6773.80	5.05411e-18
6775.81	5.64794e-18
6777.82	6.53277e-18
6779.83	5.49158e-18
6781.84	4.87871e-18
6783.85	4.83743e-18
6785.86	4.47586e-18
6787.87	5.55432e-18
6789.88	5.39824e-18
6791.89	5.17378e-18
6793.90	6.17748e-18
6795.91	5.20273e-18
6797.92	5.02506e-18
6799.93	5.364e-18
6801.94	4.43793e-18
6803.95	5.42497e-18
6805.96	5.45387e-18
6807.97	4.63687e-18
6809.98	4.9071e-18
6811.99	5.0903e-18
6814.00	4.1311e-18
6816.01	5.10242e-18
6818.02	6.09211e-18
6820.03	6.06163e-18
6822.04	4.73023e-18
6824.05	4.86569e-18
6826.06	5.80148e-18
6828.07	5.66921e-18
6830.08	5.64265e-18
6832.09	4.98498e-18
6834.10	5.89069e-18
6836.11	6.13918e-18
6838.12	6.30571e-18
6840.13	5.29128e-18
6842.14	6.18371e-18
6844.15	6.0992e-18
6846.16	4.49391e-18
6848.17	4.51622e-18
6850.18	4.65767e-18
6852.19	5.58831e-18
6854.20	4.90604e-18
6856.21	4.64303e-18
6858.22	5.67294e-18
6860.23	5.84592e-18
6862.24	5.93817e-18
6864.25	5.99727e-18
6866.26	4.44342e-18
6868.27	4.52406e-18
6870.28	5.50799e-18
6872.29	4.22972e-18
6874.30	3.94488e-18
6876.31	4.68232e-18
6878.32	5.25763e-18
6880.33	5.41205e-18
6882.34	5.45049e-18
6884.35	5.59609e-18
6886.36	5.68061e-18
6888.37	5.42716e-18
6890.38	4.81694e-18
6892.39	4.96039e-18
6894.40	5.07574e-18
6896.41	4.57927e-18
6898.42	4.49608e-18
6900.43	5.47708e-18
6902.44	6.22738e-18
6904.45	6.31193e-18
6906.46	5.97036e-18
6908.47	5.54029e-18
6910.48	5.07706e-18
6912.49	5.79986e-18
6914.50	6.0629e-18
6916.51	4.46784e-18
6918.52	4.33002e-18
6920.53	5.24288e-18
6922.54	5.64404e-18
6924.55	5.43505e-18
6926.56	4.96925e-18
6928.57	4.2492e-18
6930.58	4.12969e-18
6932.59	5.48148e-18
6934.60	5.76617e-18
6936.61	6.22306e-18
6938.62	4.295e-18
6940.63	4.57751e-18
6942.64	5.0705e-18
6944.65	5.40999e-18
6946.66	5.78935e-18
6948.67	5.76557e-18
6950.68	5.57262e-18
6952.69	5.02605e-18
6954.70	5.06592e-18
6956.71	4.27477e-18
6958.72	4.5871e-18
6960.73	4.53741e-18
6962.74	5.13146e-18
6964.75	4.86292e-18
6966.76	4.93943e-18
6968.77	5.53433e-18
6970.78	5.31066e-18
6972.79	5.13066e-18
6974.80	5.74447e-18
6976.81	5.79198e-18
6978.82	4.58913e-18
6980.83	4.28735e-18
6982.84	5.0357e-18
6984.85	4.42182e-18
6986.86	4.31695e-18
6988.87	4.84613e-18
6990.88	4.29396e-18
6992.89	5.32964e-18
6994.90	6.50178e-18
6996.91	5.95314e-18
6998.92	5.20536e-18
7000.93	4.96068e-18
7002.94	5.41056e-18
7004.95	6.77222e-18
7006.96	6.44362e-18
7008.97	4.78949e-18
7010.98	4.44135e-18
7012.99	5.01785e-18
7015.00	5.26555e-18
7017.01	4.5649e-18
7019.02	4.3069e-18
7021.03	4.62078e-18
7023.04	5.62858e-18
7025.05	4.98786e-18
7027.06	4.048e-18
7029.07	4.78688e-18
7031.08	5.0581e-18
7033.09	4.21688e-18
7035.10	4.00213e-18
7037.11	4.52935e-18
7039.12	5.13388e-18
7041.13	4.97362e-18
7043.14	5.17853e-18
7045.15	5.26965e-18
7047.16	4.78802e-18
7049.17	4.6228e-18
7051.18	4.91367e-18
7053.19	3.88739e-18
7055.20	3.66672e-18
7057.21	3.96015e-18
7059.22	4.2782e-18
7061.23	4.51921e-18
7063.24	4.76247e-18
7065.25	4.60783e-18
7067.26	4.572e-18
7069.27	5.39742e-18
7071.28	5.80225e-18
7073.29	5.1205e-18
7075.30	4.25929e-18
7077.31	4.12416e-18
7079.32	4.08695e-18
7081.33	4.52243e-18
7083.34	5.36725e-18
7085.35	5.29358e-18
7087.36	5.18272e-18
7089.37	5.06756e-18
7091.38	4.98806e-18
7093.39	5.49083e-18
7095.40	5.8983e-18
7097.41	5.50687e-18
7099.42	5.08671e-18
7101.43	4.87517e-18
7103.44	5.00319e-18
7105.45	5.30733e-18
7107.46	5.06557e-18
7109.47	5.20391e-18
7111.48	5.65285e-18
7113.49	5.58514e-18
7115.50	5.6527e-18
7117.51	5.44269e-18
7119.52	5.24818e-18
7121.53	5.14318e-18
7123.54	5.33311e-18
7125.55	5.88303e-18
7127.56	4.88396e-18
7129.57	4.35267e-18
7131.58	4.47993e-18
7133.59	4.12395e-18
7135.60	4.7799e-18
7137.61	5.00648e-18
7139.62	4.15042e-18
7141.63	3.9338e-18
7143.64	3.97837e-18
7145.65	4.81366e-18
7147.66	5.15569e-18
7149.67	4.74273e-18
7151.68	4.84244e-18
7153.69	4.71571e-18
7155.70	4.52534e-18
7157.71	4.19035e-18
7159.72	4.34158e-18
7161.73	4.9111e-18
7163.74	5.13959e-18
7165.75	5.68339e-18
7167.76	5.63142e-18
7169.77	4.94257e-18
7171.78	5.40667e-18
7173.79	4.89987e-18
7175.80	3.85457e-18
7177.81	4.12359e-18
7179.82	4.34311e-18
7181.83	4.22565e-18
7183.84	3.7742e-18
7185.85	4.44191e-18
7187.86	5.27031e-18
7189.87	4.80095e-18
7191.88	4.30834e-18
7193.89	4.45829e-18
7195.90	4.54742e-18
7197.91	4.60561e-18
7199.92	4.73682e-18
7201.93	4.67589e-18
7203.94	4.64166e-18
7205.95	4.51115e-18
7207.96	4.33257e-18
7209.97	4.31556e-18
7211.98	4.77375e-18
7213.99	4.78938e-18
7216.00	4.50975e-18
7218.01	5.16665e-18
7220.02	4.77811e-18
7222.03	4.50498e-18
7224.04	5.25159e-18
7226.05	5.28933e-18
7228.06	4.51389e-18
7230.07	4.15959e-18
7232.08	4.30717e-18
7234.09	5.12334e-18
7236.10	6.11999e-18
7238.11	6.76319e-18
7240.12	5.57043e-18
7242.13	3.32274e-18
7244.14	3.7864e-18
7246.15	4.61479e-18
7248.16	4.21576e-18
7250.17	4.86914e-18
7252.18	5.26889e-18
7254.19	4.98051e-18
7256.20	4.31861e-18
7258.21	4.07199e-18
7260.22	4.72292e-18
7262.23	5.54589e-18
7264.24	5.39727e-18
7266.25	4.25971e-18
7268.26	3.7883e-18
7270.27	4.03983e-18
7272.28	4.35576e-18
7274.29	5.01025e-18
7276.30	5.62147e-18
7278.31	4.52196e-18
7280.32	4.08848e-18
7282.33	4.59938e-18
7284.34	4.35121e-18
7286.35	4.32742e-18
7288.36	5.14349e-18
7290.37	4.74859e-18
7292.38	4.45259e-18
7294.39	3.63917e-18
7296.40	3.4774e-18
7298.41	3.38107e-18
7300.42	3.19685e-18
7302.43	3.31522e-18
7304.44	4.06984e-18
7306.45	4.97717e-18
7308.46	4.55992e-18
7310.47	4.21211e-18
7312.48	3.86484e-18
7314.49	3.26125e-18
7316.50	3.21932e-18
7318.51	3.93394e-18
7320.52	4.30498e-18
7322.53	4.28224e-18
7324.54	4.29441e-18
7326.55	4.03777e-18
7328.56	3.97491e-18
7330.57	4.12148e-18
7332.58	3.85237e-18
7334.59	3.41725e-18
7336.60	3.98288e-18
7338.61	5.47912e-18
7340.62	5.44405e-18
7342.63	4.71607e-18
7344.64	4.85158e-18
7346.65	3.38465e-18
7348.66	3.5804e-18
7350.67	4.40723e-18
7352.68	4.23329e-18
7354.69	3.84448e-18
7356.70	3.77457e-18
7358.71	3.70226e-18
7360.72	3.52753e-18
7362.73	3.33176e-18
7364.74	3.06373e-18
7366.75	3.87882e-18
7368.76	4.01815e-18
7370.77	4.05966e-18
7372.78	3.75764e-18
7374.79	3.6892e-18
7376.80	4.39707e-18
7378.81	4.88324e-18
7380.82	4.11783e-18
7382.83	3.80621e-18
7384.84	4.71133e-18
7386.85	5.01027e-18
7388.86	3.4522e-18
7390.87	2.83822e-18
7392.88	4.29379e-18
7394.89	5.07655e-18
7396.90	4.77365e-18
7398.91	4.60948e-18
7400.92	4.1493e-18
7402.93	4.0988e-18
7404.94	3.92475e-18
7406.95	3.78704e-18
7408.96	4.40425e-18
7410.97	4.9136e-18
7412.98	5.23088e-18
7414.99	4.86709e-18
7417.00	4.30904e-18
7419.01	4.26688e-18
7421.02	4.13446e-18
7423.03	4.10304e-18
7425.04	4.63602e-18
7427.05	4.47641e-18
7429.06	3.66727e-18
7431.07	4.09304e-18
7433.08	4.66403e-18
7435.09	4.08922e-18
7437.10	3.7575e-18
7439.11	3.39492e-18
7441.12	3.51908e-18
7443.13	3.70988e-18
7445.14	3.80526e-18
7447.15	4.55003e-18
7449.16	4.31164e-18
7451.17	4.48394e-18
7453.18	4.09511e-18
7455.19	4.41699e-18
7457.20	3.74849e-18
7459.21	3.46296e-18
7461.22	3.63511e-18
7463.23	4.51012e-18
7465.24	4.38245e-18
7467.25	3.48449e-18
7469.26	3.01973e-18
7471.27	2.43955e-18
7473.28	3.54807e-18
7475.29	4.83604e-18
7477.30	4.4312e-18
7479.31	3.88548e-18
7481.32	3.16208e-18
7483.33	3.54995e-18
7485.34	4.11927e-18
7487.35	3.8936e-18
7489.36	4.13452e-18
7491.37	4.52754e-18
7493.38	4.28458e-18
7495.39	4.12851e-18
7497.40	4.58385e-18
7499.41	4.3662e-18
7501.42	5.41867e-18
7503.43	4.53422e-18
7505.44	2.87881e-18
7507.45	3.69793e-18
7509.46	4.28402e-18
7511.47	3.50368e-18
7513.48	3.09221e-18
7515.49	4.26285e-18
7517.50	4.42821e-18
7519.51	4.24819e-18
7521.52	4.15686e-18
7523.53	3.06464e-18
7525.54	2.90195e-18
7527.55	3.84435e-18
7529.56	4.13256e-18
7531.57	4.22105e-18
7533.58	3.75548e-18
7535.59	3.41798e-18
7537.60	4.35251e-18
7539.61	4.89732e-18
7541.62	4.42323e-18
7543.63	3.9197e-18
7545.64	3.27867e-18
7547.65	3.95417e-18
7549.66	3.79145e-18
7551.67	3.85876e-18
7553.68	4.04817e-18
7555.69	4.24661e-18
7557.70	4.6977e-18
7559.71	4.37071e-18
7561.72	4.24726e-18
7563.73	4.18946e-18
7565.74	3.96479e-18
7567.75	4.05945e-18
7569.76	3.66131e-18
7571.77	2.91585e-18
7573.78	3.04883e-18
7575.79	3.68394e-18
7577.80	3.60833e-18
7579.81	4.15895e-18
7581.82	4.62945e-18
7583.83	3.62481e-18
7585.84	4.04864e-18
7587.85	5.05017e-18
7589.86	5.36577e-18
7591.87	4.47149e-18
7593.88	4.22071e-18
7595.89	3.20097e-18
7597.90	3.08929e-18
7599.91	2.98728e-18
7601.92	2.35155e-18
7603.93	4.06231e-18
7605.94	4.68654e-18
7607.95	4.04457e-18
7609.96	4.50012e-18
7611.97	4.84802e-18
7613.98	3.05615e-18
7615.99	3.40826e-18
7618.00	4.43545e-18
7620.01	5.23861e-18
7622.02	4.60007e-18
7624.03	5.61553e-18
7626.04	7.05353e-18
7628.05	4.79031e-18
7630.06	3.14977e-18
7632.07	3.64836e-18
7634.08	3.07276e-18
7636.09	3.43887e-18
7638.10	3.90626e-18
7640.11	4.12091e-18
7642.12	4.695e-18
7644.13	4.14958e-18
7646.14	4.56526e-18
7648.15	3.74986e-18
7650.16	2.58887e-18
7652.17	3.59961e-18
7654.18	3.16654e-18
7656.19	3.69561e-18
7658.20	3.88994e-18
7660.21	2.3441e-18
7662.22	2.35539e-18
7664.23	3.3649e-18
7666.24	2.6782e-18
7668.25	2.91076e-18
7670.26	4.14809e-18
7672.27	3.26907e-18
7674.28	3.05302e-18
7676.29	3.79329e-18
7678.30	4.01662e-18
7680.31	3.74358e-18
7682.32	3.46025e-18
7684.33	3.01607e-18
7686.34	3.13831e-18
7688.35	4.23858e-18
7690.36	4.56916e-18
7692.37	3.30112e-18
7694.38	2.89985e-18
7696.39	3.24958e-18
7698.40	3.71082e-18
7700.41	4.28575e-18
7702.42	4.31966e-18
7704.43	3.92023e-18
7706.44	4.18393e-18
7708.45	4.26326e-18
7710.46	3.01127e-18
7712.47	3.0061e-18
7714.48	2.99308e-18
7716.49	2.86401e-18
7718.50	4.198e-18
7720.51	2.93533e-18
7722.52	2.31493e-18
7724.53	3.07677e-18
7726.54	2.858e-18
7728.55	3.76196e-18
7730.56	2.88992e-18
7732.57	3.45201e-18
7734.58	4.15669e-18
7736.59	4.17797e-18
7738.60	3.00882e-18
7740.61	4.00016e-18
7742.62	3.33096e-18
7744.63	3.51557e-18
7746.64	4.38286e-18
7748.65	4.76004e-18
7750.66	4.02415e-18
7752.67	4.18192e-18
7754.68	3.11704e-18
7756.69	3.2677e-18
7758.70	1.22849e-18
7760.71	3.37485e-18
7762.72	4.86323e-18
7764.73	4.58687e-18
7766.74	3.22533e-18
7768.75	2.64362e-18
7770.76	3.02846e-18
7772.77	3.0491e-18
7774.78	4.61833e-18
7776.79	6.07544e-18
7778.80	4.94207e-18
7780.81	3.26384e-18
7782.82	3.86853e-18
7784.83	3.66261e-18
7786.84	2.97387e-18
7788.85	4.34044e-18
7790.86	3.81922e-18
7792.87	3.02879e-18
7794.88	3.06428e-18
7796.89	2.31881e-18
7798.90	2.44865e-18
7800.91	2.99178e-18
7802.92	2.75791e-18
7804.93	2.51907e-18
7806.94	3.71878e-18
7808.95	2.44964e-18
7810.96	2.81375e-18
7812.97	5.02281e-18
7814.98	4.88806e-18
7816.99	4.19752e-18
7819.00	2.04463e-18
7821.01	4.0983e-18
7823.02	8.54029e-18
7825.03	1.45561e-17
7827.04	1.56916e-17
7829.05	1.5191e-17
7831.06	1.50692e-17
7833.07	1.33472e-17
7835.08	9.39053e-18
7837.09	5.52062e-18
7839.10	3.83477e-18
7841.11	3.76848e-18
7843.12	3.64143e-18
7845.13	3.69998e-18
7847.14	4.66055e-18
7849.15	4.46181e-18
7851.16	4.93921e-18
7853.17	5.52626e-18
7855.18	5.42858e-18
7857.19	5.45286e-18
7859.20	4.72058e-18
7861.21	3.64779e-18
7863.22	2.62044e-18
7865.23	2.45783e-18
7867.24	2.30511e-18
7869.25	3.4434e-18
7871.26	2.85997e-18
7873.27	2.78394e-18
7875.28	2.47531e-18
7877.29	2.46072e-18
7879.30	3.16301e-18
7881.31	2.66856e-18
7883.32	3.0612e-18
7885.33	3.96896e-18
7887.34	4.76672e-18
7889.35	4.6127e-18
7891.36	3.82767e-18
7893.37	3.10402e-18
7895.38	3.50642e-18
7897.39	2.45476e-18
7899.40	3.66681e-18
7901.41	4.19264e-18
7903.42	3.25481e-18
7905.43	2.38854e-18
7907.44	3.6449e-18
7909.45	3.95669e-18
7911.46	2.64662e-18
7913.47	1.7891e-18
7915.48	1.63589e-18
7917.49	1.36795e-18
7919.50	2.84615e-18
7921.51	3.28301e-18
7923.52	2.13989e-18
7925.53	2.29039e-18
7927.54	2.99501e-18
7929.55	3.71522e-18
7931.56	3.39971e-18
7933.57	2.99109e-18
7935.58	3.22817e-18
7937.59	2.89326e-18
7939.60	2.71338e-18
7941.61	2.30795e-18
7943.62	2.83596e-18
7945.63	3.27553e-18
7947.64	3.07509e-18
7949.65	2.42585e-18
7951.66	2.38401e-18
7953.67	2.77967e-18
7955.68	3.08741e-18
7957.69	3.71574e-18
7959.70	5.09237e-18
7961.71	2.33055e-18
7963.72	2.19813e-18
7965.73	1.55682e-18
7967.74	2.87988e-18
7969.75	3.7648e-18
7971.76	3.1623e-18
7973.77	3.01519e-18
7975.78	3.98603e-18
7977.79	3.6426e-18
7979.80	3.01995e-18
7981.81	3.76642e-18
7983.82	3.61991e-18
7985.83	3.3961e-18
7987.84	3.19963e-18
7989.85	2.6255e-18
7991.86	2.60181e-18
7993.87	3.48962e-18
7995.88	3.62954e-18
7997.89	3.73321e-18
7999.90	3.61542e-18
8001.91	2.43752e-18
8003.92	2.80901e-18
8005.93	3.94875e-18
8007.94	4.97315e-18
8009.95	4.19747e-18
8011.96	4.46671e-18
8013.97	4.50373e-18
8015.98	4.50212e-18
8017.99	3.7976e-18
8020.0	3.49106e-18
8022.01	4.40378e-18
8024.02	3.96529e-18
8026.03	4.56984e-18
8028.04	3.03382e-18
8030.05	4.97981e-18
8032.06	5.30087e-18
8034.07	4.5769e-18
8036.08	3.84529e-18
8038.09	3.7241e-18
8040.10	3.13801e-18
8042.11	3.52172e-18
8044.12	3.82899e-18
8046.13	2.72681e-18
8048.14	3.05136e-18
8050.15	3.18013e-18
8052.16	3.45211e-18
8054.17	3.5369e-18
8056.18	3.10725e-18
8058.19	2.74256e-18
8060.20	2.64107e-18
8062.21	3.86565e-18
8064.22	4.22815e-18
8066.23	3.12178e-18
8068.24	2.89777e-18
8070.25	2.94962e-18
8072.26	2.79162e-18
8074.27	2.5301e-18
8076.28	2.76428e-18
8078.29	3.40769e-18
8080.30	2.90909e-18
8082.31	2.60148e-18
8084.32	2.94658e-18
8086.33	2.94919e-18
8088.34	2.96526e-18
8090.35	3.06951e-18
8092.36	3.31432e-18
8094.37	3.59751e-18
8096.38	3.37663e-18
8098.39	3.03824e-18
8100.40	2.14727e-18
8102.41	1.62618e-18
8104.42	2.70876e-18
8106.43	3.30965e-18
8108.44	3.1094e-18
8110.45	3.00499e-18
8112.46	3.63197e-18
8114.47	3.36296e-18
8116.48	2.98444e-18
8118.49	3.47762e-18
8120.50	3.24277e-18
8122.51	2.65195e-18
8124.52	3.13422e-18
8126.53	3.69673e-18
8128.54	2.92783e-18
8130.55	2.60801e-18
8132.56	2.93938e-18
8134.57	2.55697e-18
8136.58	2.50682e-18
8138.59	2.34908e-18
8140.60	2.67138e-18
8142.61	3.26219e-18
8144.62	2.80549e-18
8146.63	3.67038e-18
8148.64	3.24177e-18
8150.65	2.6054e-18
8152.66	3.18532e-18
8154.67	3.3129e-18
8156.68	2.99517e-18
8158.69	3.89575e-18
8160.70	3.7596e-18
8162.71	3.09767e-18
8164.72	3.34139e-18
8166.73	3.63391e-18
8168.74	3.23167e-18
8170.75	3.06288e-18
8172.76	2.85596e-18
8174.77	3.64506e-18
8176.78	3.62354e-18
8178.79	3.32149e-18
8180.80	3.09639e-18
8182.81	2.92823e-18
8184.82	3.28087e-18
8186.83	2.27595e-18
8188.84	2.41318e-18
8190.85	2.90221e-18
8192.86	2.96506e-18
8194.87	3.08159e-18
8196.88	3.2167e-18
8198.89	2.27142e-18
8200.90	2.17257e-18
8202.91	2.72734e-18
8204.92	2.78694e-18
8206.93	3.34543e-18
8208.94	3.38164e-18
8210.95	3.50352e-18
8212.96	3.0348e-18
8214.97	2.62477e-18
8216.98	3.58191e-18
8218.99	3.68601e-18
8221.00	3.10677e-18
8223.01	2.85385e-18
8225.02	3.29668e-18
8227.03	3.17081e-18
8229.04	3.17731e-18
8231.05	4.06252e-18
8233.06	3.10335e-18
8235.07	3.21855e-18
8237.08	3.02117e-18
8239.09	2.76907e-18
8241.10	3.0313e-18
8243.11	3.95347e-18
8245.12	4.26635e-18
8247.13	3.92381e-18
8249.14	3.04271e-18
8251.15	2.07501e-18
8253.16	2.83654e-18
8255.17	3.93766e-18
8257.18	3.76674e-18
8259.19	3.48367e-18
8261.20	2.99496e-18
8263.21	3.29402e-18
8265.22	3.58685e-18
8267.23	3.22703e-18
8269.24	3.1233e-18
8271.25	3.08548e-18
8273.26	3.04765e-18
8275.27	3.00983e-18
8277.28	2.972e-18
8279.29	2.93418e-18
8281.30	2.89635e-18
8283.31	2.85852e-18
8285.32	2.8207e-18
8287.33	2.78287e-18
8289.34	2.74505e-18
8291.35	2.70722e-18
8293.36	2.6694e-18
8295.37	2.63157e-18
8297.38	2.59374e-18
8299.39	2.55592e-18
8301.40	2.51809e-18
8303.41	2.48027e-18
8305.42	2.44244e-18
8307.43	2.40462e-18
8309.44	2.36679e-18
8311.45	2.32897e-18
8313.46	2.29114e-18
8315.47	2.29114e-18
8317.48	3.00995e-18
8319.49	2.87998e-18
8321.50	2.58353e-18
8323.51	3.08769e-18
8325.52	3.29378e-18
8327.53	2.93592e-18
8329.54	3.25347e-18
8331.55	3.24502e-18
8333.56	3.10831e-18
8335.57	3.70298e-18
8337.58	3.9276e-18
8339.59	3.22601e-18
8341.60	2.16688e-18
8343.61	1.6673e-18
8345.62	3.00124e-18
8347.63	2.97528e-18
8349.64	2.55419e-18
8351.65	4.37859e-18
8353.66	2.82832e-18
8355.67	1.00253e-18
8357.68	2.58253e-18
8359.69	3.86514e-18
8361.70	3.33343e-18
8363.71	1.87296e-18
8365.72	2.26722e-18
8367.73	2.62415e-18
8369.74	2.39045e-18
8371.75	2.19718e-18
8373.76	2.89546e-18
8375.77	3.10389e-18
8377.78	2.98123e-18
8379.79	3.22609e-18
8381.80	2.60546e-18
8383.81	1.89355e-18
8385.82	1.97435e-18
8387.83	2.01132e-18
8389.84	2.69234e-18
8391.85	3.63611e-18
8393.86	5.23948e-18
8395.87	4.35553e-18
8397.88	2.14946e-18
8399.89	2.4896e-18
8401.90	2.7176e-18
8403.91	2.27621e-18
8405.92	2.15184e-18
8407.93	2.6012e-18
8409.94	3.33301e-18
8411.95	3.38729e-18
8413.96	2.94535e-18
8415.97	2.30564e-18
8417.98	1.71279e-18
8419.99	2.50815e-18
8422.00	2.31784e-18
8424.01	2.46992e-18
8426.02	5.34856e-18
8428.03	4.89452e-18
8430.04	2.36247e-18
8432.05	2.10615e-18
8434.06	1.39967e-18
8436.07	1.11274e-18
8438.08	1.70457e-18
8440.09	2.78574e-18
8442.10	3.63522e-18
8444.11	2.71513e-18
8446.12	2.89999e-18
8448.13	2.88277e-18
8450.14	1.16477e-18
8452.15	1.76224e-18
8454.16	1.95859e-18
8456.17	2.51962e-18
8458.18	4.07957e-18
8460.19	3.98862e-18
8462.20	2.74658e-18
8464.21	2.04335e-18
8466.22	2.72576e-18
8468.23	2.48473e-18
8470.24	2.07836e-18
8472.25	2.41894e-18
8474.26	2.17574e-18
8476.27	1.72315e-18
8478.28	2.76255e-18
8480.29	3.43052e-18
8482.30	2.75269e-18
8484.31	2.5316e-18
8486.32	2.54605e-18
8488.33	2.03606e-18
8490.34	2.28847e-18
8492.35	2.52641e-18
8494.36	2.44448e-18
8496.37	2.42463e-18
8498.38	2.47419e-18
8500.39	3.41862e-18
8502.40	3.50903e-18
8504.41	3.516e-18
8506.42	2.40661e-18
8508.43	1.88527e-18
8510.44	2.6761e-18
8512.45	2.67702e-18
8514.46	2.18979e-18
8516.47	2.13897e-18
8518.48	2.33299e-18
8520.49	2.58202e-18
8522.50	2.79672e-18
8524.51	3.02606e-18
8526.52	2.33804e-18
8528.53	2.08411e-18
8530.54	2.71402e-18
8532.55	2.83027e-18
8534.56	2.57628e-18
8536.57	2.80015e-18
8538.58	3.29372e-18
8540.59	2.97789e-18
8542.60	2.58989e-18
8544.61	2.94253e-18
8546.62	2.60527e-18
8548.63	1.64666e-18
8550.64	2.27524e-18
8552.65	2.95731e-18
8554.66	2.80408e-18
8556.67	2.2862e-18
8558.68	2.09177e-18
8560.69	2.91114e-18
8562.70	3.02052e-18
8564.71	2.62228e-18
8566.72	2.19907e-18
8568.73	2.03127e-18
8570.74	2.11364e-18
8572.75	2.27415e-18
8574.76	2.18375e-18
8576.77	2.43268e-18
8578.78	3.07011e-18
8580.79	2.72565e-18
8582.80	2.58728e-18
8584.81	2.15197e-18
8586.82	2.32573e-18
8588.83	2.44266e-18
8590.84	2.22502e-18
8592.85	1.77551e-18
8594.86	1.54187e-18
8596.87	2.56101e-18
8598.88	2.88848e-18
8600.89	2.25443e-18
8602.90	2.37192e-18
8604.91	2.47743e-18
8606.92	2.60048e-18
8608.93	2.93826e-18
8610.94	2.22543e-18
8612.95	2.60656e-18
8614.96	2.73685e-18
8616.97	1.4403e-18
8618.98	2.59412e-18
8620.99	2.34251e-18
8623.00	1.42071e-18
8625.01	1.9364e-18
8627.02	9.52465e-19
8629.03	2.21154e-18
8631.04	1.89807e-18
8633.05	1.77031e-18
8635.06	2.44004e-18
8637.07	1.90412e-18
8639.08	1.77258e-18
8641.09	2.37846e-18
8643.10	2.64682e-18
8645.11	4.54962e-18
8647.12	3.90175e-18
8649.13	3.18796e-18
8651.14	2.90737e-18
8653.15	3.15182e-18
8655.16	3.32361e-18
8657.17	3.60912e-18
8659.18	2.86183e-18
8661.19	2.24271e-18
8663.20	2.59229e-18
8665.21	3.28457e-18
8667.22	2.1759e-18
8669.23	2.06878e-18
8671.24	3.94565e-18
8673.25	3.66326e-18
8675.26	2.28584e-18
8677.27	1.90193e-18
8679.28	2.59652e-18
8681.29	3.31727e-18
8683.30	3.34442e-18
8685.31	2.44298e-18
8687.32	1.67136e-18
8689.33	3.39557e-18
8691.34	3.79653e-18
8693.35	2.64404e-18
8695.36	3.15811e-18
8697.37	2.90176e-18
8699.38	2.71046e-18
8701.39	2.83752e-18
8703.40	2.83317e-18
8705.41	2.59466e-18
8707.42	2.28818e-18
8709.43	2.07427e-18
8711.44	2.19194e-18
8713.45	1.68219e-18
8715.46	2.04683e-18
8717.47	2.30784e-18
8719.48	2.31536e-18
8721.49	2.38337e-18
8723.50	2.47844e-18
8725.51	1.88763e-18
8727.52	1.55291e-18
8729.53	2.18911e-18
8731.54	2.17669e-18
8733.55	2.8793e-18
8735.56	3.24552e-18
8737.57	3.28286e-18
8739.58	2.73044e-18
8741.59	2.82677e-18
8743.60	2.67406e-18
8745.61	2.57686e-18
8747.62	2.37833e-18
8749.63	2.41698e-18
8751.64	3.15892e-18
8753.65	2.95707e-18
8755.66	2.96442e-18
8757.67	3.1454e-18
8759.68	2.03561e-18
8761.69	2.1935e-18
8763.70	4.19096e-18
8765.71	2.18513e-18
8767.72	2.38561e-18
8769.73	4.08277e-18
8771.74	4.14292e-18
8773.75	2.83586e-18
8775.76	2.93895e-18
8777.77	1.26946e-18
8779.78	1.51098e-18
8781.79	2.36087e-18
8783.80	8.69294e-19
8785.81	8.75356e-19
8787.82	2.7852e-18
8789.83	1.95989e-18
8791.84	3.24316e-18
8793.85	2.60867e-18
8795.86	2.12633e-18
8797.87	2.6121e-18
8799.88	2.63844e-18
8801.89	2.87347e-18
8803.90	3.28075e-18
8805.91	3.18431e-18
8807.92	2.79501e-18
8809.93	3.00601e-18
8811.94	2.51709e-18
8813.95	1.67654e-18
8815.96	1.16078e-18
8817.97	2.35879e-18
8819.98	2.24695e-18
8821.99	3.98879e-18
8824.00	6.25041e-18
8826.01	3.50465e-18
8828.02	1.67233e-18
8830.03	1.68931e-18
8832.04	1.61637e-18
8834.05	1.20642e-18
8836.06	3.70308e-18
8838.07	1.62097e-18
8840.08	1.00917e-18
8842.09	1.96778e-18
8844.10	1.92911e-18
8846.11	1.75324e-18
8848.12	1.79244e-18
8850.13	1.99319e-18
8852.14	1.81653e-18
8854.15	2.29999e-18
8856.16	1.83487e-18
8858.17	1.91243e-18
8860.18	3.14618e-18
8862.19	3.58925e-18
8864.20	2.90391e-18
8866.21	1.56539e-18
8868.22	1.43835e-18
8870.23	2.30152e-18
8872.24	2.80328e-18
8874.25	2.15312e-18
8876.26	2.34347e-18
8878.27	3.62792e-18
8880.28	3.86956e-18
8882.29	2.76733e-18
8884.30	2.32142e-18
8886.31	2.05666e-18
8888.32	1.35748e-18
8890.33	2.50957e-18
8892.34	2.6992e-18
8894.35	1.69202e-18
8896.36	2.41065e-18
8898.37	2.6469e-18
8900.38	1.87491e-18
8902.39	5.72764e-19
8904.40	3.24806e-19
8906.41	1.60917e-18
8908.42	1.8788e-18
8910.43	2.2026e-18
8912.44	2.90451e-18
8914.45	2.53195e-18
8916.46	2.66961e-18
8918.47	4.54862e-18
8920.48	3.53928e-18
8922.49	1.52337e-18
8924.50	3.13278e-18
8926.51	1.22108e-18
8928.52	1.89126e-18
8930.53	2.73542e-18
8932.54	2.1301e-18
8934.55	3.16152e-18
8936.56	3.645e-18
8938.57	1.6369e-18
8940.58	3.15784e-18
8942.59	3.45117e-18
8944.60	2.33732e-18
8946.61	2.11683e-18
8948.62	2.94599e-18
8950.63	3.03656e-18
8952.64	4.52662e-18
8954.65	3.58393e-18
8956.66	1.66559e-18
8958.67	2.20344e-18
8960.68	3.52314e-18
8962.69	2.33131e-18
8964.70	1.8088e-18
8966.71	2.21799e-18
8968.72	2.0427e-18
8970.73	2.94206e-18
8972.74	3.15778e-18
8974.75	2.40577e-18
8976.76	1.41223e-18
8978.77	2.55493e-18
8980.78	1.85593e-18
8982.79	1.10644e-18
8984.80	3.16025e-18
8986.81	2.18713e-18
8988.82	1.60891e-18
8990.83	2.2187e-18
8992.84	1.00783e-18
8994.85	2.39526e-18
8996.86	2.37045e-18
8998.87	1.03288e-18
9000.88	2.00627e-18
9002.89	1.95625e-18
9004.90	1.87878e-18
9006.91	2.17743e-18
9008.92	2.32398e-18
9010.93	2.37168e-18
9012.94	1.98614e-18
9014.95	2.40596e-18
9016.96	2.17999e-18
9018.97	2.736e-18
9020.98	2.69819e-18
9022.99	1.86244e-18
9025.00	2.80789e-18
9027.01	2.6472e-18
9029.02	2.48313e-18
9031.03	3.09268e-18
9033.04	3.06814e-18
9035.05	2.08187e-18
9037.06	1.12537e-18
9039.07	2.41759e-18
9041.08	3.4357e-18
9043.09	2.82566e-18
9045.10	1.47666e-18
9047.11	1.07058e-18
9049.12	2.12033e-18
9051.13	2.14975e-18
9053.14	2.88653e-18
9055.15	2.43967e-18
9057.16	2.62279e-18
9059.17	2.78257e-18
9061.18	2.18075e-18
9063.19	1.93131e-18
9065.20	1.55674e-18
9067.21	1.44979e-18
9069.22	3.03206e-18
9071.23	1.72733e-18
9073.24	1.91659e-18
9075.25	1.23798e-18
9077.26	2.54791e-18
9079.27	2.3094e-18
9081.28	1.42298e-18
9083.29	1.87636e-18
9085.30	1.88922e-18
9087.31	2.13435e-18
9089.32	1.81367e-18
9091.33	2.03601e-18
9093.34	2.29645e-18
9095.35	2.61133e-18
9097.36	2.05647e-18
9099.37	1.02744e-18
9101.38	1.03789e-18
9103.39	8.84064e-19
9105.40	3.51967e-19
9107.41	1.18225e-18
9109.42	6.82382e-19
9111.43	1.07726e-18
9113.44	2.05878e-18
9115.45	1.94374e-18
9117.46	2.36409e-18
9119.47	2.12322e-18
9121.48	1.38263e-18
9123.49	1.77703e-18
9125.50	2.26753e-18
9127.51	1.93887e-18
9129.52	2.00767e-18
9131.53	1.51785e-18
9133.54	2.46335e-18
9135.55	2.33664e-18
9137.56	1.98492e-18
9139.57	2.42256e-18
9141.58	2.08218e-18
9143.59	1.93247e-18
9145.60	2.76099e-18
9147.61	1.81398e-18
9149.62	1.62547e-18
9151.63	2.32701e-18
9153.64	1.42667e-18
9155.65	1.71732e-18
9157.66	1.19431e-18
9159.67	1.33321e-18
9161.68	2.46594e-18
9163.69	2.78054e-18
9165.70	1.71361e-18
9167.71	1.73807e-18
9169.72	1.99603e-18
9171.73	2.33972e-18
9173.74	2.7453e-18
9175.75	2.23881e-18
9177.76	1.8631e-18
9179.77	2.04903e-18
9181.78	1.1827e-18
9183.79	1.83572e-18
9185.80	1.61919e-18
9187.81	7.03737e-19
9189.82	2.17777e-18
9191.83	2.87645e-18
9193.84	2.38287e-18
9195.85	1.7522e-18
9197.86	9.1384e-19
9199.87	8.81556e-19
9201.88	1.15494e-18
9203.89	1.44228e-18
9205.90	1.98201e-18
9207.91	2.69133e-18
9209.92	2.09736e-18
9211.93	1.27029e-18
9213.94	1.36684e-18
9215.95	1.65243e-18
9217.96	1.82946e-18
9219.97	1.75789e-18
9221.98	1.71947e-18
9223.99	3.05412e-18
9226.00	2.72799e-18
9228.01	1.59261e-18
9230.02	3.2996e-18
9232.03	3.78534e-18
9234.04	2.21967e-18
9236.05	1.98059e-18
9238.06	2.13033e-18
9240.07	1.71965e-18
9242.08	2.37304e-18
9244.09	1.09034e-18
9246.10	9.58796e-19
9248.11	8.52531e-19
9250.12	1.9249e-18
9252.13	3.08535e-18
9254.14	2.8043e-18
9256.15	1.75643e-18
9258.16	1.22368e-18
9260.17	2.51387e-18
9262.18	2.49727e-18
9264.19	1.35107e-18
9266.20	1.86714e-18
9268.21	2.80225e-18
9270.22	2.03968e-18
9272.23	1.11854e-18
9274.24	1.9958e-18
9276.25	1.91764e-18
9278.26	8.31848e-19
9280.27	8.16377e-19
9282.28	1.03411e-19
9284.29	2.83387e-19
9286.30	1.55747e-18
9288.31	1.60547e-18
9290.32	2.49451e-18
9292.33	2.62706e-18
9294.34	1.01394e-18
9296.35	1.1198e-18
9298.36	1.18216e-18
9300.37	6.08568e-19
9302.38	2.16339e-18
9304.39	2.57602e-18
9306.40	9.33208e-19
9308.41	4.20174e-18
9310.42	2.84882e-18
9312.43	9.80624e-19
9314.44	2.37914e-18
9316.45	9.93315e-19
9318.46	9.01085e-19
9320.47	1.7246e-18
9322.48	1.49678e-18
9324.49	2.48981e-18
9326.50	2.21234e-18
9328.51	2.92041e-18
9330.52	4.24514e-18
9332.53	2.90973e-18
9334.54	2.66242e-18
9336.55	3.41252e-18
9338.56	2.35431e-18
9340.57	1.94759e-18
9342.58	1.64629e-18
9344.59	1.79692e-18
9346.60	3.093e-18
9348.61	9.10197e-19
9350.62	1.4604e-18
9352.63	3.39095e-18
9354.64	2.51645e-18
9356.65	1.69775e-18
9358.66	1.31794e-18
9360.67	2.28657e-18
9362.68	1.77128e-18
9364.69	2.28579e-18
9366.70	3.12721e-18
9368.71	1.91391e-18
9370.72	3.75343e-18
9372.73	2.84162e-18
9374.74	2.12766e-18
9376.75	2.33195e-18
9378.76	2.06194e-18
9380.77	1.70852e-18
9382.78	9.24587e-21
9384.79	6.35347e-19
9386.80	9.93975e-19
9388.81	7.24551e-19
9390.82	-1.06417e-19
9392.83	1.45987e-18
9394.84	2.33525e-18
9396.85	2.26565e-18
9398.86	2.08415e-18
9400.87	2.17037e-18
9402.88	2.7915e-18
9404.89	2.98011e-18
9406.90	2.41113e-18
9408.91	1.07175e-18
9410.92	1.56483e-18
9412.93	1.3365e-18
9414.94	2.22303e-18
9416.95	2.73936e-18
9418.96	2.18135e-18
9420.97	2.05174e-18
9422.98	2.4441e-18
9424.99	2.80664e-18
9427.00	2.48007e-18
9429.01	2.32397e-18
9431.02	3.13848e-18
9433.03	2.60088e-18
9435.04	1.23108e-18
9437.05	2.52422e-19
9439.06	1.15671e-18
9441.07	1.9896e-18
9443.08	4.35792e-18
9445.09	3.93135e-18
9447.10	-6.49239e-19
9449.11	2.8747e-19
9451.12	2.32597e-19
9453.13	3.03571e-19
9455.14	7.58093e-19
9457.15	2.51727e-18
9459.16	1.50061e-18
9461.17	1.08787e-18
9463.18	2.35678e-18
9465.19	3.04437e-18
9467.20	2.14442e-18
9469.21	3.06088e-18
9471.22	3.06584e-18
9473.23	6.75258e-19
9475.24	1.63099e-18
9477.25	2.18551e-18
9479.26	3.10709e-18
9481.27	2.90675e-18
9483.28	2.65634e-18
9485.29	2.55789e-18
9487.30	1.93205e-18
9489.31	1.83937e-18
9491.32	1.5678e-18
9493.33	2.60051e-18
9495.34	1.02888e-18
9497.35	6.06412e-19
9499.36	1.69648e-18
9501.37	1.42391e-18
9503.38	2.46169e-18
9505.39	6.25177e-19
9507.40	-1.56066e-20
9509.41	1.43375e-18
9511.42	2.72294e-18
9513.43	1.32355e-18
9515.44	-8.06066e-20
9517.45	3.70675e-20
9519.46	1.53351e-18
9521.47	1.78791e-18
9523.48	1.76874e-18
9525.49	2.51573e-18
9527.50	4.08582e-18
9529.51	4.80869e-18
9531.52	3.30476e-18
9533.53	2.10676e-18
9535.54	2.18667e-18
9537.55	1.9286e-18
9539.56	1.16626e-18
9541.57	1.02844e-18
9543.58	1.46279e-18
9545.59	1.05839e-18
9547.60	-3.16367e-19
9549.61	8.5517e-19
9551.62	7.68138e-19
9553.63	7.69777e-19
9555.64	1.43193e-18
9557.65	1.87388e-18
9559.66	1.35564e-18
9561.67	3.94268e-18
9563.68	4.7012e-18
9565.69	2.05975e-18
9567.70	2.01849e-18
9569.71	4.87438e-19
9571.72	1.28482e-18
9573.73	4.32366e-19
9575.74	-5.93923e-19
9577.75	3.59939e-19
9579.76	1.35966e-18
9581.77	6.06867e-19
9583.78	7.59935e-19
9585.79	8.07033e-19
9587.80	1.83567e-18
9589.81	1.84817e-18
9591.82	1.78678e-18
9593.83	2.29142e-18
9595.84	2.69792e-18
9597.85	2.13489e-18
9599.86	1.47457e-18
9601.87	1.93669e-18
9603.88	2.49888e-18
9605.89	3.20439e-18
9607.90	3.91598e-18
9609.91	2.37359e-18
9611.92	-2.09788e-19
9613.93	-5.96759e-19
9615.94	1.05725e-18
9617.95	1.29887e-18
9619.96	-3.14159e-19
9621.97	-3.68022e-19
9623.98	1.9978e-18
9625.99	3.2032e-18
9628.00	2.23765e-18
9630.01	1.41294e-18
9632.02	1.9058e-18
9634.03	2.62296e-18
9636.04	1.33924e-18
9638.05	7.14564e-19
9640.06	2.11756e-18
9642.07	2.59115e-18
9644.08	2.01992e-18
9646.09	1.86241e-18
9648.10	1.58541e-18
9650.11	2.33363e-19
9652.12	-5.4436e-19
9654.13	7.55323e-19
9656.14	1.35757e-18
9658.15	1.68801e-18
9660.16	2.65656e-18
9662.17	3.72652e-18
9664.18	2.51471e-18
9666.19	1.21854e-18
9668.20	1.92022e-18
9670.21	1.52757e-18
9672.22	6.70297e-19
9674.23	2.60965e-18
9676.24	2.73187e-18
9678.25	1.34758e-18
9680.26	4.6763e-18
9682.27	6.35666e-18
9684.28	3.88062e-18
9686.29	1.77341e-18
9688.30	1.21856e-18
9690.31	2.43743e-18
9692.32	3.59408e-18
9694.33	1.94031e-18
9696.34	1.55437e-18
9698.35	4.63927e-18
9700.36	3.37361e-18
9702.37	1.44642e-18
9704.38	1.99526e-18
9706.39	2.05986e-18
9708.40	1.41082e-18
9710.41	3.91101e-19
9712.42	1.13327e-18
9714.43	2.0722e-18
9716.44	1.63161e-18
9718.45	5.75822e-19
9720.46	-5.07755e-19
9722.47	3.50456e-19
9724.48	2.48167e-18
9726.49	2.43931e-18
9728.50	1.15229e-18
9730.51	2.90765e-18
9732.52	3.54938e-18
9734.53	7.35853e-19
9736.54	-1.10561e-18
9738.55	3.89902e-19
9740.56	2.06407e-18
9742.57	1.46175e-18
9744.58	1.90833e-18
9746.59	3.69884e-18
9748.60	2.08087e-18
9750.61	-1.57345e-19
9752.62	6.468e-20
9754.63	8.27926e-19
9756.64	4.00636e-19
9758.65	9.99766e-19
9760.66	2.28777e-18
9762.67	3.06769e-19
9764.68	-5.08609e-19
9766.69	6.20722e-19
9768.70	1.01435e-19
9770.71	7.76056e-19
9772.72	1.22908e-18
9774.73	6.90605e-19
9776.74	9.12217e-19
9778.75	1.62188e-18
9780.76	3.37458e-18
9782.77	1.96058e-18
9784.78	2.42024e-18
9786.79	3.3658e-18
9788.80	6.65979e-19
9790.81	9.95416e-19
9792.82	3.68427e-18
9794.83	3.05876e-18
9796.84	3.08489e-18
9798.85	5.06325e-18
9800.86	4.1445e-18
9802.87	2.4506e-18
9804.88	1.86349e-18
9806.89	2.18689e-18
9808.90	1.77797e-18
9810.91	8.87319e-19
9812.92	5.01684e-19
9814.93	8.13087e-19
9816.94	2.56029e-18
9818.95	2.91019e-18
9820.96	2.39824e-18
9822.97	3.15861e-18
9824.98	2.21886e-18
9826.99	1.3545e-18
9829.00	1.03413e-18
9831.01	1.12061e-20
9833.02	7.62288e-19
9835.03	2.33564e-19
9837.04	-4.91035e-20
9839.05	1.99753e-18
9841.06	2.1955e-18
9843.07	2.84111e-19
9845.08	-1.07928e-18
9847.09	-5.51368e-19
9849.10	1.2378e-18
9851.11	5.05181e-19
9853.12	-3.78943e-19
9855.13	-3.33674e-19
9857.14	4.75154e-19
9859.15	3.58733e-18
9861.16	3.3851e-18
9863.17	9.6262e-19
9865.18	9.66088e-19
9867.19	1.64266e-18
9869.20	3.02895e-18
9871.21	3.62734e-18
9873.22	2.38073e-18
9875.23	1.3768e-18
9877.24	4.4773e-19
9879.25	-3.22517e-19
9881.26	4.71817e-19
9883.27	1.8599e-18
9885.28	1.66276e-18
9887.29	2.3793e-18
9889.30	2.93397e-18
9891.31	2.37832e-18
9893.32	1.08137e-18
9895.33	-3.78177e-19
9897.34	9.48851e-19
9899.35	1.98201e-18
9901.36	9.68625e-19
9903.37	1.90358e-18
9905.38	2.03796e-18
9907.39	2.02617e-18
9909.40	1.78785e-18
9911.41	3.68644e-18
9913.42	3.69825e-18
9915.43	8.82485e-19
9917.44	4.06578e-19
9919.45	1.62323e-18
9921.46	3.2358e-18
9923.47	3.3711e-18
9925.48	2.41076e-18
9927.49	9.04139e-19
9929.50	3.32205e-19
9931.51	2.30657e-18
9933.52	1.56943e-18
9935.53	1.08673e-19
9937.54	1.67838e-18
9939.55	4.57136e-18
9941.56	2.9983e-18
9943.57	-2.71009e-18
9945.58	-1.57959e-18
9947.59	1.95123e-18
9949.60	3.28258e-18
9951.61	4.06157e-18
9953.62	3.27472e-18
9955.63	1.47987e-18
9957.64	6.01115e-19
9959.65	3.02097e-18
9961.66	2.47303e-18
9963.67	1.46372e-18
9965.68	-4.12912e-20
9967.69	1.38447e-18
9969.70	7.56671e-19
9971.71	1.74409e-19
9973.72	-1.50408e-18
9975.73	-1.54167e-18
9977.74	-4.98604e-20
9979.75	1.57361e-18
9981.76	1.41241e-18
9983.77	7.76769e-19
9985.78	1.73431e-19
9987.79	-7.00361e-19
9989.80	-1.15685e-18
9991.81	-5.98793e-19
