3270.00	2.71629e-17
3272.00	3.55764e-17
3274.00	1.52749e-17
3276.00	5.9823e-18
3278.00	6.72946e-18
3280.00	1.84924e-17
3282.00	2.85321e-17
3284.00	1.38685e-17
3286.00	1.08139e-17
3288.00	1.58684e-17
3290.00	2.5212e-17
3292.00	8.97994e-18
3294.00	1.54263e-17
3296.00	1.81412e-17
3298.00	1.73547e-17
3300.00	1.58079e-17
3302.00	1.03563e-17
3304.00	1.50646e-17
3306.00	1.65694e-17
3308.00	1.86805e-17
3310.00	3.56149e-17
3312.00	2.74501e-17
3314.00	1.82668e-17
3316.00	1.91573e-17
3318.00	8.61509e-18
3320.00	2.75771e-17
3322.00	1.50131e-17
3324.00	2.45174e-17
3326.00	1.7015e-17
3328.00	1.17403e-17
3330.00	1.41276e-17
3332.00	1.64607e-17
3334.00	1.23035e-17
3336.00	2.22596e-17
3338.00	2.99414e-17
3340.00	2.4007e-17
3342.00	2.02283e-17
3344.00	1.0259e-17
3346.00	1.3632e-17
3348.00	2.41753e-17
3350.00	2.46825e-17
3352.00	2.13225e-17
3354.00	1.90808e-17
3356.00	2.63898e-17
3358.00	2.00095e-17
3360.00	2.39474e-17
3362.00	1.78972e-17
3364.00	2.84468e-17
3366.00	1.32285e-17
3368.00	1.81039e-17
3370.00	1.32722e-17
3372.00	1.85486e-17
3374.00	2.41818e-17
3376.00	1.85894e-17
3378.00	2.46154e-17
3380.00	2.03949e-17
3382.00	1.99798e-17
3384.00	1.79095e-17
3386.00	1.57527e-17
3388.00	2.77174e-17
3390.00	2.59699e-17
3392.00	2.56755e-17
3394.00	2.07504e-17
3396.00	3.07766e-17
3398.00	2.5478e-17
3400.00	1.7089e-17
3402.00	2.79587e-17
3404.00	1.94561e-17
3406.00	2.21327e-17
3408.00	3.39561e-17
3410.00	1.62209e-17
3412.00	2.40087e-17
3414.00	2.92634e-17
3416.00	2.20391e-17
3418.00	2.69711e-17
3420.00	1.92498e-17
3422.00	2.68265e-17
3424.00	3.34932e-17
3426.00	2.74007e-17
3428.00	3.40749e-17
3430.00	2.35617e-17
3432.00	2.60126e-17
3434.00	2.47328e-17
3436.00	1.98057e-17
3438.00	2.57571e-17
3440.00	2.96537e-17
3442.00	2.56136e-17
3444.00	3.39126e-17
3446.00	3.01701e-17
3448.00	2.54185e-17
3450.00	2.02981e-17
3452.00	2.73214e-17
3454.00	2.31001e-17
3456.00	2.4502e-17
3458.00	3.10734e-17
3460.00	2.6025e-17
3462.00	3.19371e-17
3464.00	3.56477e-17
3466.00	2.41699e-17
3468.00	2.89194e-17
3470.00	3.09047e-17
3472.00	4.18795e-17
3474.00	2.89878e-17
3476.00	3.9652e-17
3478.00	3.15794e-17
3480.00	2.7579e-17
3482.00	3.5092e-17
3484.00	3.80478e-17
3486.00	2.62222e-17
3488.00	3.03481e-17
3490.00	4.27149e-17
3492.00	3.41128e-17
3494.00	2.6869e-17
3496.00	3.4391e-17
3498.00	3.58951e-17
3500.00	3.27476e-17
3502.00	3.54854e-17
3504.00	3.71109e-17
3506.00	2.99183e-17
3508.00	3.4611e-17
3510.00	3.55542e-17
3512.00	3.05692e-17
3514.00	3.40544e-17
3516.00	3.5547e-17
3518.00	3.83829e-17
3520.00	3.52466e-17
3522.00	3.69456e-17
3524.00	3.76384e-17
3526.00	3.70238e-17
3528.00	2.95834e-17
3530.00	3.59153e-17
3532.00	3.91374e-17
3534.00	3.42611e-17
3536.00	3.70207e-17
3538.00	3.80813e-17
3540.00	3.76002e-17
3542.00	4.21118e-17
3544.00	2.88375e-17
3546.00	4.0983e-17
3548.00	3.76998e-17
3550.00	4.00116e-17
3552.00	4.41205e-17
3554.00	3.83345e-17
3556.00	4.28093e-17
3558.00	4.51771e-17
3560.00	4.13882e-17
3562.00	5.15344e-17
3564.00	3.85461e-17
3566.00	4.03694e-17
3568.00	3.65416e-17
3570.00	3.98802e-17
3572.00	4.11557e-17
3574.00	4.16783e-17
3576.00	4.57706e-17
3578.00	4.25722e-17
3580.00	4.15647e-17
3582.00	4.4756e-17
3584.00	4.69357e-17
3586.00	4.29396e-17
3588.00	4.33754e-17
3590.00	3.82406e-17
3592.00	3.69604e-17
3594.00	4.13813e-17
3596.00	4.33812e-17
3598.00	4.26308e-17
3600.00	5.27679e-17
3602.00	4.51629e-17
3604.00	4.44235e-17
3606.00	4.79795e-17
3608.00	4.09047e-17
3610.00	4.51774e-17
3612.00	4.63194e-17
3614.00	4.85899e-17
3616.00	4.70045e-17
3618.00	5.84223e-17
3620.00	4.7799e-17
3622.00	4.7015e-17
3624.00	4.78882e-17
3626.00	4.91072e-17
3628.00	5.24389e-17
3630.00	5.18408e-17
3632.00	4.59954e-17
3634.00	4.97933e-17
3636.00	4.59817e-17
3638.00	4.96754e-17
3640.00	5.40159e-17
3642.00	4.7359e-17
3644.00	4.64442e-17
3646.00	5.40419e-17
3648.00	4.64523e-17
3650.00	5.32109e-17
3652.00	4.94302e-17
3654.00	4.66149e-17
3656.00	5.35765e-17
3658.00	5.0328e-17
3660.00	4.99325e-17
3662.00	4.96992e-17
3664.00	5.45737e-17
3666.00	4.85257e-17
3668.00	4.84777e-17
3670.00	5.43997e-17
3672.00	5.60791e-17
3674.00	5.12828e-17
3676.00	5.19298e-17
3678.00	5.39579e-17
3680.00	5.6212e-17
3682.00	5.09493e-17
3684.00	5.34695e-17
3686.00	5.45028e-17
3688.00	5.7466e-17
3690.00	5.62092e-17
3692.00	5.48956e-17
3694.00	6.02136e-17
3696.00	6.2218e-17
3698.00	6.37414e-17
3700.00	6.08274e-17
3702.00	6.49486e-17
3704.00	5.75265e-17
3706.00	6.07614e-17
3708.00	6.63196e-17
3710.00	6.36562e-17
3712.00	6.44041e-17
3714.00	5.93037e-17
3716.00	6.59411e-17
3718.00	6.20061e-17
3720.00	6.79222e-17
3722.00	5.73931e-17
3724.00	7.03587e-17
3726.00	6.9603e-17
3728.00	6.80417e-17
3730.00	6.17159e-17
3732.00	6.76465e-17
3734.00	6.3283e-17
3736.00	6.26405e-17
3738.00	6.07455e-17
3740.00	6.75687e-17
3742.00	6.32064e-17
3744.00	6.6904e-17
3746.00	7.02812e-17
3748.00	6.77567e-17
3750.00	6.79589e-17
3752.00	6.93896e-17
3754.00	7.14438e-17
3756.00	6.86896e-17
3758.00	6.85422e-17
3760.00	7.47088e-17
3762.00	7.48594e-17
3764.00	7.28406e-17
3766.00	7.24434e-17
3768.00	7.05365e-17
3770.00	7.30192e-17
3772.00	7.24723e-17
3774.00	7.37555e-17
3776.00	7.40057e-17
3778.00	7.73349e-17
3780.00	8.02135e-17
3782.00	7.33538e-17
3784.00	7.54014e-17
3786.00	7.49151e-17
3788.00	7.60807e-17
3790.00	7.52868e-17
3792.00	6.99544e-17
3794.00	7.63643e-17
3796.00	7.49501e-17
3798.00	7.17787e-17
3800.00	7.79713e-17
3802.00	7.96599e-17
3804.00	7.83747e-17
3806.00	7.58823e-17
3808.00	7.70291e-17
3810.00	8.00164e-17
3812.00	7.8554e-17
3814.00	7.94612e-17
3816.00	7.96408e-17
3818.00	7.74175e-17
3820.00	8.04973e-17
3822.00	8.08662e-17
3824.00	8.22647e-17
3826.00	7.70709e-17
3828.00	8.52183e-17
3830.00	7.80275e-17
3832.00	8.15861e-17
3834.00	7.8417e-17
3836.00	8.63128e-17
3838.00	8.07225e-17
3840.00	8.48035e-17
3842.00	8.33212e-17
3844.00	8.62318e-17
3846.00	7.92769e-17
3848.00	8.29713e-17
3850.00	8.39072e-17
3852.00	8.35883e-17
3854.00	8.78182e-17
3856.00	9.16919e-17
3858.00	8.94346e-17
3860.00	8.4938e-17
3862.00	8.42646e-17
3864.00	8.85778e-17
3866.00	8.67211e-17
3868.00	8.75118e-17
3870.00	8.94331e-17
3872.00	9.16228e-17
3874.00	8.68245e-17
3876.00	8.78971e-17
3878.00	9.02419e-17
3880.00	9.13928e-17
3882.00	8.85841e-17
3884.00	9.43421e-17
3886.00	9.66246e-17
3888.00	9.97501e-17
3890.00	9.58973e-17
3892.00	9.914e-17
3894.00	9.8164e-17
3896.00	9.3089e-17
3898.00	9.23362e-17
3900.00	9.745e-17
3902.00	9.74727e-17
3904.00	9.67274e-17
3906.00	1.00997e-16
3908.00	9.94845e-17
3910.00	9.57716e-17
3912.00	1.00955e-16
3914.00	1.05862e-16
3916.00	9.90004e-17
3918.00	1.01936e-16
3920.00	9.77176e-17
3922.00	9.82281e-17
3924.00	1.03845e-16
3926.00	1.02097e-16
3928.00	1.02873e-16
3930.00	1.01801e-16
3932.00	9.70927e-17
3934.00	1.04495e-16
3936.00	1.07882e-16
3938.00	1.12049e-16
3940.00	1.12597e-16
3942.00	1.03783e-16
3944.00	1.07048e-16
3946.00	1.04821e-16
3948.00	1.06852e-16
3950.00	1.06631e-16
3952.00	1.07083e-16
3954.00	1.09055e-16
3956.00	1.1048e-16
3958.00	1.07187e-16
3960.00	1.08205e-16
3962.00	1.09102e-16
3964.00	1.02635e-16
3966.00	1.03933e-16
3968.00	1.0669e-16
3970.00	1.07545e-16
3972.00	1.0588e-16
3974.00	1.04926e-16
3976.00	1.06066e-16
3978.00	1.08014e-16
3980.00	9.93443e-17
3982.00	1.02914e-16
3984.00	1.0307e-16
3986.00	1.02964e-16
3988.00	1.00552e-16
3990.00	1.0098e-16
3992.00	1.04172e-16
3994.00	1.00681e-16
3996.00	1.02921e-16
3998.00	1.05518e-16
4000.00	1.09708e-16
4002.00	1.06667e-16
4004.00	1.08645e-16
4006.00	1.11789e-16
4008.00	1.0291e-16
4010.00	1.06094e-16
4012.00	1.02495e-16
4014.00	1.10298e-16
4016.00	1.13321e-16
4018.00	1.09167e-16
4020.00	1.08353e-16
4022.00	1.11841e-16
4024.00	1.11511e-16
4026.00	1.12831e-16
4028.00	1.08007e-16
4030.00	1.09002e-16
4032.00	1.14023e-16
4034.00	1.14629e-16
4036.00	1.10535e-16
4038.00	1.119e-16
4040.00	1.1654e-16
4042.00	1.14244e-16
4044.00	1.14523e-16
4046.00	1.15296e-16
4048.00	1.15042e-16
4050.00	1.16591e-16
4052.00	1.11924e-16
4054.00	1.19992e-16
4056.00	1.15274e-16
4058.00	1.18406e-16
4060.00	1.18429e-16
4062.00	1.21929e-16
4064.00	1.20769e-16
4066.00	1.27354e-16
4068.00	1.20654e-16
4070.00	1.26954e-16
4072.00	1.26686e-16
4074.00	1.21111e-16
4076.00	1.23934e-16
4078.00	1.25005e-16
4080.00	1.23915e-16
4082.00	1.24632e-16
4084.00	1.28372e-16
4086.00	1.39506e-16
4088.00	1.36999e-16
4090.00	1.2472e-16
4092.00	1.24752e-16
4094.00	1.28131e-16
4096.00	1.27408e-16
4098.00	1.25461e-16
4100.00	1.26169e-16
4102.00	1.27853e-16
4104.00	1.27317e-16
4106.00	1.19701e-16
4108.00	1.14226e-16
4110.00	1.30194e-16
4112.00	1.28196e-16
4114.00	1.30582e-16
4116.00	1.33609e-16
4118.00	1.29776e-16
4120.00	1.3441e-16
4122.00	1.38183e-16
4124.00	1.35946e-16
4126.00	1.38699e-16
4128.00	1.37867e-16
4130.00	1.38577e-16
4132.00	1.39068e-16
4134.00	1.39542e-16
4136.00	1.37767e-16
4138.00	1.45402e-16
4140.00	1.41434e-16
4142.00	1.43166e-16
4144.00	1.39951e-16
4146.00	1.42653e-16
4148.00	1.43983e-16
4150.00	1.46293e-16
4152.00	1.4394e-16
4154.00	1.33628e-16
4156.00	1.30181e-16
4158.00	1.49002e-16
4160.00	1.48501e-16
4162.00	1.48259e-16
4164.00	1.44841e-16
4166.00	1.50547e-16
4168.00	1.47954e-16
4170.00	1.47319e-16
4172.00	1.48636e-16
4174.00	1.5027e-16
4176.00	1.46914e-16
4178.00	1.47709e-16
4180.00	1.47355e-16
4182.00	1.49443e-16
4184.00	1.47044e-16
4186.00	1.51042e-16
4188.00	1.52129e-16
4190.00	1.50221e-16
4192.00	1.41565e-16
4194.00	1.40201e-16
4196.00	1.48306e-16
4198.00	1.50238e-16
4200.00	1.57673e-16
4202.00	1.51207e-16
4204.00	1.49559e-16
4206.00	1.50803e-16
4208.00	1.49399e-16
4210.00	1.49581e-16
4212.00	1.49343e-16
4214.00	1.50911e-16
4216.00	1.48462e-16
4218.00	1.52967e-16
4220.00	1.50262e-16
4222.00	1.4925e-16
4224.00	1.48322e-16
4226.00	1.52416e-16
4228.00	1.50622e-16
4230.00	1.49317e-16
4232.00	1.52176e-16
4234.00	1.46067e-16
4236.00	1.4465e-16
4238.00	1.46506e-16
4240.00	1.54751e-16
4242.00	1.50065e-16
4244.00	1.4563e-16
4246.00	1.47505e-16
4248.00	1.47362e-16
4250.00	1.50787e-16
4252.00	1.52608e-16
4254.00	1.47803e-16
4256.00	1.56451e-16
4258.00	1.51709e-16
4260.00	1.55739e-16
4262.00	1.55606e-16
4264.00	1.52272e-16
4266.00	1.52969e-16
4268.00	1.51263e-16
4270.00	1.49276e-16
4272.00	1.53132e-16
4274.00	1.5448e-16
4276.00	1.5519e-16
4278.00	1.54159e-16
4280.00	1.5268e-16
4282.00	1.50276e-16
4284.00	1.60132e-16
4286.00	1.54523e-16
4288.00	1.51215e-16
4290.00	1.52229e-16
4292.00	1.53265e-16
4294.00	1.54683e-16
4296.00	1.57686e-16
4298.00	1.64299e-16
4300.00	1.57381e-16
4302.00	1.5861e-16
4304.00	1.53823e-16
4306.00	1.55658e-16
4308.00	1.51464e-16
4310.00	1.55466e-16
4312.00	1.54463e-16
4314.00	1.54834e-16
4316.00	1.53448e-16
4318.00	1.55903e-16
4320.00	1.5353e-16
4322.00	1.5178e-16
4324.00	1.58754e-16
4326.00	1.55029e-16
4328.00	1.55018e-16
4330.00	1.51564e-16
4332.00	1.53097e-16
4334.00	1.55625e-16
4336.00	1.5734e-16
4338.00	1.53283e-16
4340.00	1.60067e-16
4342.00	1.52942e-16
4344.00	1.56855e-16
4346.00	1.58717e-16
4348.00	1.54774e-16
4350.00	1.56974e-16
4352.00	1.59769e-16
4354.00	1.61986e-16
4356.00	1.59824e-16
4358.00	1.5881e-16
4360.00	1.62821e-16
4362.00	1.54077e-16
4364.00	1.57534e-16
4366.00	1.5806e-16
4368.00	1.58692e-16
4370.00	1.55996e-16
4372.00	1.62187e-16
4374.00	1.56409e-16
4376.00	1.58646e-16
4378.00	1.63942e-16
4380.00	1.58594e-16
4382.00	1.61249e-16
4384.00	1.56385e-16
4386.00	1.5886e-16
4388.00	1.61274e-16
4390.00	1.59181e-16
4392.00	1.65133e-16
4394.00	1.62341e-16
4396.00	1.61825e-16
4398.00	1.63286e-16
4400.00	1.6341e-16
4402.00	1.64608e-16
4404.00	1.66441e-16
4406.00	1.5981e-16
4408.00	1.63562e-16
4410.00	1.66195e-16
4412.00	1.6212e-16
4414.00	1.67222e-16
4416.00	1.64745e-16
4418.00	1.61519e-16
4420.00	1.61103e-16
4422.00	1.60204e-16
4424.00	1.62416e-16
4426.00	1.64525e-16
4428.00	1.6196e-16
4430.00	1.61196e-16
4432.00	1.61223e-16
4434.00	1.62599e-16
4436.00	1.68747e-16
4438.00	1.62734e-16
4440.00	1.65866e-16
4442.00	1.66144e-16
4444.00	1.67242e-16
4446.00	1.64018e-16
4448.00	1.70056e-16
4450.00	1.65495e-16
4452.00	1.64219e-16
4454.00	1.66073e-16
4456.00	1.67675e-16
4458.00	1.68892e-16
4460.00	1.65788e-16
4462.00	1.62492e-16
4464.00	1.64228e-16
4466.00	1.6871e-16
4468.00	1.65915e-16
4470.00	1.72544e-16
4472.00	1.72887e-16
4474.00	1.67646e-16
4476.00	1.66277e-16
4478.00	1.70481e-16
4480.00	1.68382e-16
4482.00	1.72259e-16
4484.00	1.76221e-16
4486.00	1.70651e-16
4488.00	1.67842e-16
4490.00	1.72798e-16
4492.00	1.73107e-16
4494.00	1.73851e-16
4496.00	1.73662e-16
4498.00	1.70172e-16
4500.00	1.66057e-16
4502.00	1.71874e-16
4504.00	1.70827e-16
4506.00	1.72688e-16
4508.00	1.74855e-16
4510.00	1.69204e-16
4512.00	1.71537e-16
4514.00	1.78344e-16
4516.00	1.77206e-16
4518.00	1.76445e-16
4520.00	1.68754e-16
4522.00	1.77399e-16
4524.00	1.75475e-16
4526.00	1.7034e-16
4528.00	1.77156e-16
4530.00	1.79455e-16
4532.00	1.74564e-16
4534.00	1.73744e-16
4536.00	1.76129e-16
4538.00	1.76791e-16
4540.00	1.763e-16
4542.00	1.76785e-16
4544.00	1.82293e-16
4546.00	1.80762e-16
4548.00	1.78685e-16
4550.00	1.71973e-16
4552.00	1.78142e-16
4554.00	1.73933e-16
4556.00	1.7901e-16
4558.00	1.71082e-16
4560.00	1.75237e-16
4562.00	1.74782e-16
4564.00	1.77358e-16
4566.00	1.77399e-16
4568.00	1.77136e-16
4570.00	1.73337e-16
4572.00	1.76357e-16
4574.00	1.74092e-16
4576.00	1.72945e-16
4578.00	1.73507e-16
4580.00	1.68824e-16
4582.00	1.71976e-16
4584.00	1.71559e-16
4586.00	1.74251e-16
4588.00	1.68279e-16
4590.00	1.7671e-16
4592.00	1.7376e-16
4594.00	1.706e-16
4596.00	1.74937e-16
4598.00	1.74916e-16
4600.00	1.76407e-16
4602.00	1.76239e-16
4604.00	1.79546e-16
4606.00	1.77555e-16
4608.00	1.83084e-16
4610.00	1.79611e-16
4612.00	1.66655e-16
4614.00	1.71627e-16
4616.00	1.71593e-16
4618.00	1.71392e-16
4620.00	1.74257e-16
4622.00	1.69746e-16
4624.00	1.71264e-16
4626.00	1.64304e-16
4628.00	1.68078e-16
4630.00	1.72284e-16
4632.00	1.71318e-16
4634.00	1.69975e-16
4636.00	1.74878e-16
4638.00	1.71978e-16
4640.00	1.73708e-16
4642.00	1.70872e-16
4644.00	1.70498e-16
4646.00	1.68812e-16
4648.00	1.70022e-16
4650.00	1.70139e-16
4652.00	1.65228e-16
4654.00	1.7291e-16
4656.00	1.65269e-16
4658.00	1.66869e-16
4660.00	1.69606e-16
4662.00	1.7799e-16
4664.00	1.73655e-16
4666.00	1.73184e-16
4668.00	1.72041e-16
4670.00	1.72285e-16
4672.00	1.71637e-16
4674.00	1.71011e-16
4676.00	1.75748e-16
4678.00	1.6916e-16
4680.00	1.75673e-16
4682.00	1.69177e-16
4684.00	1.72638e-16
4686.00	1.69578e-16
4688.00	1.74895e-16
4690.00	1.70437e-16
4692.00	1.7584e-16
4694.00	1.72754e-16
4696.00	1.74398e-16
4698.00	1.74638e-16
4700.00	1.74313e-16
4702.00	1.8015e-16
4704.00	1.79132e-16
4706.00	1.76199e-16
4708.00	1.78011e-16
4710.00	1.75866e-16
4712.00	1.76535e-16
4714.00	1.7929e-16
4716.00	1.79655e-16
4718.00	1.7614e-16
4720.00	1.80417e-16
4722.00	1.83033e-16
4724.00	1.91207e-16
4726.00	1.84658e-16
4728.00	1.84263e-16
4730.00	1.79824e-16
4732.00	1.83568e-16
4734.00	1.85234e-16
4736.00	1.84272e-16
4738.00	1.8383e-16
4740.00	1.8777e-16
4742.00	1.93467e-16
4744.00	1.9381e-16
4746.00	1.92381e-16
4748.00	1.92525e-16
4750.00	1.94292e-16
4752.00	1.92935e-16
4754.00	1.93684e-16
4756.00	1.9481e-16
4758.00	1.98298e-16
4760.00	1.95586e-16
4762.00	2.04654e-16
4764.00	2.02912e-16
4766.00	2.00727e-16
4768.00	2.0665e-16
4770.00	2.02495e-16
4772.00	2.04508e-16
4774.00	2.10209e-16
4776.00	2.11188e-16
4778.00	2.13029e-16
4780.00	2.10028e-16
4782.00	2.13068e-16
4784.00	2.1498e-16
4786.00	2.18295e-16
4788.00	2.19864e-16
4790.00	2.2328e-16
4792.00	2.25028e-16
4794.00	2.19983e-16
4796.00	2.27814e-16
4798.00	2.20672e-16
4800.00	2.26007e-16
4802.00	2.23105e-16
4804.00	2.32817e-16
4806.00	2.30172e-16
4808.00	2.25064e-16
4810.00	2.29811e-16
4812.00	2.36367e-16
4814.00	2.30582e-16
4816.00	2.36239e-16
4818.00	2.31476e-16
4820.00	2.37294e-16
4822.00	2.43027e-16
4824.00	2.38867e-16
4826.00	2.39605e-16
4828.00	2.43871e-16
4830.00	2.44955e-16
4832.00	2.41783e-16
4834.00	2.43147e-16
4836.00	2.48391e-16
4838.00	2.43798e-16
4840.00	2.47599e-16
4842.00	2.52072e-16
4844.00	2.48129e-16
4846.00	2.50904e-16
4848.00	2.47787e-16
4850.00	2.54664e-16
4852.00	2.48096e-16
4854.00	2.4882e-16
4856.00	2.50323e-16
4858.00	2.47569e-16
4860.00	2.47205e-16
4862.00	2.52554e-16
4864.00	2.51005e-16
4866.00	2.51255e-16
4868.00	2.47853e-16
4870.00	2.50564e-16
4872.00	2.51159e-16
4874.00	2.46119e-16
4876.00	2.49667e-16
4878.00	2.43253e-16
4880.00	2.44995e-16
4882.00	2.43335e-16
4884.00	2.44732e-16
4886.00	2.48865e-16
4888.00	2.47413e-16
4890.00	2.41932e-16
4892.00	2.39007e-16
4894.00	2.35728e-16
4896.00	2.41259e-16
4898.00	2.39118e-16
4900.00	2.37605e-16
4902.00	2.34487e-16
4904.00	2.3428e-16
4906.00	2.33622e-16
4908.00	2.30665e-16
4910.00	2.32683e-16
4912.00	2.31449e-16
4914.00	2.26806e-16
4916.00	2.31276e-16
4918.00	2.35271e-16
4920.00	2.32129e-16
4922.00	2.20131e-16
4924.00	2.26323e-16
4926.00	2.22854e-16
4928.00	2.22095e-16
4930.00	2.19491e-16
4932.00	2.2023e-16
4934.00	2.1721e-16
4936.00	2.12509e-16
4938.00	2.14927e-16
4940.00	2.15255e-16
4942.00	2.16772e-16
4944.00	2.09646e-16
4946.00	2.08834e-16
4948.00	2.16352e-16
4950.00	2.06497e-16
4952.00	2.05259e-16
4954.00	2.07305e-16
4956.00	2.06697e-16
4958.00	2.04266e-16
4960.00	2.03172e-16
4962.00	2.06877e-16
4964.00	2.05133e-16
4966.00	2.02545e-16
4968.00	2.01887e-16
4970.00	1.98264e-16
4972.00	1.98665e-16
4974.00	2.03456e-16
4976.00	2.02302e-16
4978.00	1.97544e-16
4980.00	1.97457e-16
4982.00	1.97948e-16
4984.00	1.97142e-16
4986.00	1.92278e-16
4988.00	1.9489e-16
4990.00	1.90731e-16
4992.00	1.86266e-16
4994.00	1.92706e-16
4996.00	1.93469e-16
4998.00	1.95046e-16
5000.00	1.89508e-16
5002.00	1.94815e-16
5004.00	1.86149e-16
5006.00	1.88139e-16
5008.00	1.91333e-16
5010.00	1.90626e-16
5012.00	1.90041e-16
5014.00	1.88282e-16
5016.00	1.88419e-16
5018.00	1.90848e-16
5020.00	1.94005e-16
5022.00	1.90693e-16
5024.00	1.896e-16
5026.00	1.90659e-16
5028.00	1.9441e-16
5030.00	1.93466e-16
5032.00	1.93057e-16
5034.00	1.94126e-16
5036.00	1.95901e-16
5038.00	1.98913e-16
5040.00	1.95003e-16
5042.00	2.01793e-16
5044.00	1.99781e-16
5046.00	2.01038e-16
5048.00	2.01331e-16
5050.00	1.96933e-16
5052.00	1.96322e-16
5054.00	2.04139e-16
5056.00	2.04525e-16
5058.00	1.99556e-16
5060.00	2.04823e-16
5062.00	2.00884e-16
5064.00	2.02333e-16
5066.00	2.02267e-16
5068.00	2.04096e-16
5070.00	2.01252e-16
5072.00	2.06105e-16
5074.00	2.06859e-16
5076.00	2.03912e-16
5078.00	2.05568e-16
5080.00	2.0416e-16
5082.00	2.07431e-16
5084.00	2.061e-16
5086.00	2.01963e-16
5088.00	2.07125e-16
5090.00	2.02051e-16
5092.00	2.09539e-16
5094.00	2.09534e-16
5096.00	2.0483e-16
5098.00	2.07406e-16
5100.00	2.08921e-16
5102.00	2.09912e-16
5104.00	2.11173e-16
5106.00	2.11666e-16
5108.00	2.13965e-16
5110.00	2.0976e-16
5112.00	2.10193e-16
5114.00	2.12484e-16
5116.00	2.10817e-16
5118.00	2.13854e-16
5120.00	2.14069e-16
5122.00	2.15937e-16
5124.00	2.09144e-16
5126.00	2.11314e-16
5128.00	2.17387e-16
5130.00	2.16953e-16
5132.00	2.18089e-16
5134.00	2.41053e-16
5136.00	2.23787e-16
5138.00	2.19338e-16
5140.00	2.20209e-16
5142.00	2.20572e-16
5144.00	2.17928e-16
5146.00	2.19707e-16
5148.00	2.21161e-16
5150.00	2.16961e-16
5152.00	2.16503e-16
5154.00	2.14424e-16
5156.00	2.13125e-16
5158.00	2.18611e-16
5160.00	2.18129e-16
5162.00	2.17904e-16
5164.00	2.24029e-16
5166.00	2.2618e-16
5168.00	2.20867e-16
5170.00	2.1921e-16
5172.00	2.21723e-16
5174.00	2.2027e-16
5176.00	2.22491e-16
5178.00	2.21933e-16
5180.00	2.21775e-16
5182.00	2.2528e-16
5184.00	2.18092e-16
5186.00	2.22155e-16
5188.00	2.19382e-16
5190.00	2.2092e-16
5192.00	2.18251e-16
5194.00	2.189e-16
5196.00	2.21684e-16
5198.00	2.23126e-16
5200.00	2.24987e-16
5202.00	2.24405e-16
5204.00	2.23449e-16
5206.00	2.22653e-16
5208.00	2.22551e-16
5210.00	2.19876e-16
5212.00	2.20064e-16
5214.00	2.26323e-16
5216.00	2.19568e-16
5218.00	2.2599e-16
5220.00	2.25665e-16
5222.00	2.22298e-16
5224.00	2.22443e-16
5226.00	2.22447e-16
5228.00	2.19098e-16
5230.00	2.17919e-16
5232.00	2.20573e-16
5234.00	2.18113e-16
5236.00	2.21222e-16
5238.00	2.18176e-16
5240.00	2.12766e-16
5242.00	2.17731e-16
5244.00	2.12299e-16
5246.00	2.11949e-16
5248.00	2.12781e-16
5250.00	2.16742e-16
5252.00	2.12218e-16
5254.00	2.08726e-16
5256.00	2.13251e-16
5258.00	2.1078e-16
5260.00	2.06084e-16
5262.00	2.07284e-16
5264.00	2.05218e-16
5266.00	2.04017e-16
5268.00	2.08601e-16
5270.00	2.00818e-16
5272.00	2.07068e-16
5274.00	2.07157e-16
5276.00	2.07839e-16
5278.00	2.021e-16
5280.00	2.08287e-16
5282.00	2.03174e-16
5284.00	2.05338e-16
5286.00	2.16419e-16
5288.00	2.17744e-16
5290.00	2.03204e-16
5292.00	2.02224e-16
5294.00	1.99846e-16
5296.00	2.087e-16
5298.00	2.03988e-16
5300.00	2.03467e-16
5302.00	2.02493e-16
5304.00	2.00443e-16
5306.00	1.9396e-16
5308.00	1.90638e-16
5310.00	1.98879e-16
5312.00	1.90838e-16
5314.00	1.9096e-16
5316.00	1.91869e-16
5318.00	1.89596e-16
5320.00	1.90041e-16
5322.00	1.89738e-16
5324.00	1.93905e-16
5326.00	1.94174e-16
5328.00	1.95071e-16
5330.00	1.94041e-16
5332.00	1.91039e-16
5334.00	1.86381e-16
5336.00	1.86484e-16
5338.00	1.91772e-16
5340.00	1.95325e-16
5342.00	1.91942e-16
5344.00	1.88951e-16
5346.00	1.90259e-16
5348.00	1.88043e-16
5350.00	1.9198e-16
5352.00	1.82624e-16
5354.00	1.88634e-16
5356.00	1.88793e-16
5358.00	1.88268e-16
5360.00	1.93628e-16
5362.00	1.90731e-16
5364.00	1.9157e-16
5366.00	1.89885e-16
5368.00	1.93751e-16
5370.00	1.90984e-16
5372.00	1.89961e-16
5374.00	1.88755e-16
5376.00	1.91895e-16
5378.00	1.93386e-16
5380.00	1.91228e-16
5382.00	1.90762e-16
5384.00	1.91133e-16
5386.00	1.89681e-16
5388.00	1.9361e-16
5390.00	1.92146e-16
5392.00	1.87592e-16
5394.00	1.92803e-16
5396.00	1.89126e-16
5398.00	1.91157e-16
5400.00	1.89425e-16
5402.00	1.91853e-16
5404.00	1.92647e-16
5406.00	1.88393e-16
5408.00	1.92942e-16
5410.00	1.92395e-16
5412.00	1.95752e-16
5414.00	1.92569e-16
5416.00	1.97231e-16
5418.00	1.94906e-16
5420.00	1.97563e-16
5422.00	1.99971e-16
5424.00	1.9958e-16
5426.00	1.93672e-16
5428.00	1.98479e-16
5430.00	1.96501e-16
5432.00	2.02793e-16
5434.00	1.97244e-16
5436.00	2.01045e-16
5438.00	2.04738e-16
5440.00	1.97097e-16
5442.00	1.97527e-16
5444.00	1.96187e-16
5446.00	2.06237e-16
5448.00	2.09977e-16
5450.00	2.11504e-16
5452.00	2.07356e-16
5454.00	2.07059e-16
5456.00	2.01556e-16
5458.00	2.03716e-16
5460.00	2.10142e-16
5462.00	2.09327e-16
5464.00	2.06761e-16
5466.00	2.07006e-16
5468.00	2.06297e-16
5470.00	2.11695e-16
5472.00	2.09525e-16
5474.00	2.08731e-16
5476.00	2.11884e-16
5478.00	2.13089e-16
5480.00	2.08129e-16
5482.00	2.12068e-16
5484.00	2.10889e-16
5486.00	2.10964e-16
5488.00	2.11958e-16
5490.00	2.15826e-16
5492.00	2.15949e-16
5494.00	2.11603e-16
5496.00	2.1475e-16
5498.00	2.12463e-16
5500.00	2.15558e-16
5502.00	2.12089e-16
5504.00	2.20877e-16
5506.00	2.17451e-16
5508.00	2.18009e-16
5510.00	2.12796e-16
5512.00	2.16887e-16
5514.00	2.20037e-16
5516.00	2.26403e-16
5518.00	2.21012e-16
5520.00	2.28255e-16
5522.00	2.19968e-16
5524.00	2.2166e-16
5526.00	2.20224e-16
5528.00	2.24747e-16
5530.00	2.26833e-16
5532.00	2.27103e-16
5534.00	2.2339e-16
5536.00	2.26362e-16
5538.00	2.32177e-16
5540.00	2.21235e-16
5542.00	2.25042e-16
5544.00	2.27426e-16
5546.00	2.29509e-16
5548.00	2.27493e-16
5550.00	2.28897e-16
5552.00	2.26813e-16
5554.00	2.27212e-16
5556.00	2.34391e-16
5558.00	2.27734e-16
5560.00	2.30142e-16
5562.00	2.33622e-16
5564.00	2.29973e-16
5566.00	2.30678e-16
5568.00	2.31514e-16
5570.00	2.36266e-16
5572.00	2.33539e-16
5574.00	2.3318e-16
5576.00	2.33256e-16
5578.00	2.40079e-16
5580.00	2.25869e-16
5582.00	2.35311e-16
5584.00	2.31061e-16
5586.00	2.30005e-16
5588.00	2.30457e-16
5590.00	2.32743e-16
5592.00	2.35013e-16
5594.00	2.33406e-16
5596.00	2.30664e-16
5598.00	2.2842e-16
5600.00	2.32615e-16
5602.00	2.30676e-16
5604.00	2.32017e-16
5606.00	2.32797e-16
5608.00	2.26599e-16
5610.00	2.30356e-16
5612.00	2.33534e-16
5614.00	2.31429e-16
5616.00	2.32054e-16
5618.00	2.31328e-16
5620.00	2.29617e-16
5622.00	2.29386e-16
5624.00	2.29422e-16
5626.00	2.2901e-16
5628.00	2.29036e-16
5630.00	2.2782e-16
5632.00	2.2328e-16
5634.00	2.23926e-16
5636.00	2.30117e-16
5638.00	2.25989e-16
5640.00	2.22131e-16
5642.00	2.2312e-16
5644.00	2.24889e-16
5646.00	2.22792e-16
5648.00	2.18522e-16
5650.00	2.19919e-16
5652.00	2.22876e-16
5654.00	2.20325e-16
5656.00	2.19075e-16
5658.00	2.15524e-16
5660.00	2.18155e-16
5662.00	2.17085e-16
5664.00	2.15044e-16
5666.00	2.20657e-16
5668.00	2.1757e-16
5670.00	2.16283e-16
5672.00	2.15202e-16
5674.00	2.14718e-16
5676.00	2.15356e-16
5678.00	2.13598e-16
5680.00	2.17405e-16
5682.00	2.23224e-16
5684.00	2.24636e-16
5686.00	2.1943e-16
5688.00	2.17716e-16
5690.00	2.16984e-16
5692.00	2.14507e-16
5694.00	2.13924e-16
5696.00	2.17206e-16
5698.00	2.17887e-16
5700.00	2.16014e-16
5702.00	2.168e-16
5704.00	2.16179e-16
5706.00	2.1543e-16
5708.00	2.17298e-16
5710.00	2.16169e-16
5712.00	2.15767e-16
5714.00	2.10717e-16
5716.00	2.13998e-16
5718.00	2.18186e-16
5720.00	2.16751e-16
5722.00	2.1727e-16
5724.00	2.15887e-16
5726.00	2.15907e-16
5728.00	2.15498e-16
5730.00	2.14135e-16
5732.00	2.15694e-16
5734.00	2.17155e-16
5736.00	2.13035e-16
5738.00	2.12964e-16
5740.00	2.13578e-16
5742.00	2.12139e-16
5744.00	2.13151e-16
5746.00	2.11155e-16
5748.00	2.07731e-16
5750.00	2.08648e-16
5752.00	2.09207e-16
5754.00	2.08585e-16
5756.00	2.08299e-16
5758.00	2.0918e-16
5760.00	2.097e-16
5762.00	2.0845e-16
5764.00	2.05877e-16
5766.00	2.05965e-16
5768.00	2.05763e-16
5770.00	2.04039e-16
5772.00	2.04439e-16
5774.00	2.05994e-16
5776.00	2.03741e-16
5778.00	2.0128e-16
5780.00	2.02395e-16
5782.00	2.03825e-16
5784.00	2.00732e-16
5786.00	2.00216e-16
5788.00	2.0145e-16
5790.00	1.99306e-16
5792.00	2.00621e-16
5794.00	2.00299e-16
5796.00	2.01795e-16
5798.00	1.95834e-16
5800.00	1.97512e-16
5802.00	1.96351e-16
5804.00	1.96623e-16
5806.00	1.97801e-16
5808.00	1.96951e-16
5810.00	1.95133e-16
5812.00	1.94695e-16
5814.00	1.92951e-16
5816.00	1.94234e-16
5818.00	1.93888e-16
5820.00	1.92949e-16
5822.00	1.95721e-16
5824.00	1.94854e-16
5826.00	1.92991e-16
5828.00	1.92724e-16
5830.00	1.93291e-16
5832.00	1.89295e-16
5834.00	1.87569e-16
5836.00	1.88053e-16
5838.00	1.88061e-16
5840.00	1.89664e-16
5842.00	1.88363e-16
5844.00	1.86533e-16
5846.00	1.86499e-16
5848.00	1.84559e-16
5850.00	1.83779e-16
5852.00	1.85294e-16
5854.00	1.84432e-16
5856.00	1.82374e-16
5858.00	1.82091e-16
5860.00	1.79672e-16
5862.00	1.80183e-16
5864.00	1.80386e-16
5866.00	1.78793e-16
5868.00	1.78546e-16
5870.00	1.77318e-16
5872.00	1.76505e-16
5874.00	1.76863e-16
5876.00	1.7616e-16
5878.00	1.75396e-16
5880.00	1.7462e-16
5882.00	1.75567e-16
5884.00	1.72354e-16
5886.00	1.72493e-16
5888.00	1.70371e-16
5890.00	1.66816e-16
5892.00	1.65547e-16
5894.00	1.63362e-16
5896.00	1.63238e-16
5898.00	1.64269e-16
5900.00	1.63583e-16
5902.00	1.6301e-16
5904.00	1.65849e-16
5906.00	1.63491e-16
5908.00	1.63008e-16
5910.00	1.66413e-16
5912.00	1.64779e-16
5914.00	1.62375e-16
5916.00	1.62549e-16
5918.00	1.62568e-16
5920.00	1.61373e-16
5922.00	1.60276e-16
5924.00	1.57969e-16
5926.00	1.58065e-16
5928.00	1.59253e-16
5930.00	1.58636e-16
5932.00	1.56842e-16
5934.00	1.58302e-16
5936.00	1.5784e-16
5938.00	1.55127e-16
5940.00	1.5393e-16
5942.00	1.53662e-16
5944.00	1.53853e-16
5946.00	1.53032e-16
5948.00	1.53757e-16
5950.00	1.54597e-16
5952.00	1.52554e-16
5954.00	1.50659e-16
5956.00	1.49527e-16
5958.00	1.48802e-16
5960.00	1.48862e-16
5962.00	1.49995e-16
5964.00	1.50106e-16
5966.00	1.49526e-16
5968.00	1.47885e-16
5970.00	1.45499e-16
5972.00	1.46568e-16
5974.00	1.46743e-16
5976.00	1.47934e-16
5978.00	1.49959e-16
5980.00	1.49908e-16
5982.00	1.46417e-16
5984.00	1.45158e-16
5986.00	1.44069e-16
5988.00	1.44883e-16
5990.00	1.44676e-16
5992.00	1.44338e-16
5994.00	1.44929e-16
5996.00	1.44056e-16
5998.00	1.42204e-16
6000.00	1.42032e-16
6002.00	1.44313e-16
6004.00	1.44498e-16
6006.00	1.4332e-16
6008.00	1.451e-16
6010.00	1.43677e-16
6012.00	1.4196e-16
6014.00	1.40043e-16
6016.00	1.4496e-16
6018.00	1.44238e-16
6020.00	1.41327e-16
6022.00	1.43499e-16
6024.00	1.41321e-16
6026.00	1.40122e-16
6028.00	1.42447e-16
6030.00	1.40942e-16
6032.00	1.41693e-16
6034.00	1.42482e-16
6036.00	1.40638e-16
6038.00	1.40219e-16
6040.00	1.42149e-16
6042.00	1.43603e-16
6044.00	1.43127e-16
6046.00	1.41834e-16
6048.00	1.41644e-16
6050.00	1.43422e-16
6052.00	1.4351e-16
6054.00	1.40785e-16
6056.00	1.41981e-16
6058.00	1.44421e-16
6060.00	1.44e-16
6062.00	1.44717e-16
6064.00	1.45848e-16
6066.00	1.47005e-16
6068.00	1.47218e-16
6070.00	1.48149e-16
6072.00	1.45428e-16
6074.00	1.48603e-16
6076.00	1.48135e-16
6078.00	1.48212e-16
6080.00	1.55683e-16
6082.00	1.65967e-16
6084.00	1.65822e-16
6086.00	1.60119e-16
6088.00	1.54739e-16
6090.00	1.54527e-16
6092.00	1.52353e-16
6094.00	1.53687e-16
6096.00	1.52661e-16
6098.00	1.52218e-16
6100.00	1.53422e-16
6102.00	1.51889e-16
6104.00	1.5325e-16
6106.00	1.5387e-16
6108.00	1.55906e-16
6110.00	1.57061e-16
6112.00	1.57819e-16
6114.00	1.59219e-16
6116.00	1.58926e-16
6118.00	1.56691e-16
6120.00	1.57569e-16
6122.00	1.58989e-16
6124.00	1.5934e-16
6126.00	1.5933e-16
6128.00	1.58488e-16
6130.00	1.60914e-16
6132.00	1.62147e-16
6134.00	1.61092e-16
6136.00	1.60594e-16
6138.00	1.60354e-16
6140.00	1.59879e-16
6142.00	1.60756e-16
6144.00	1.619e-16
6146.00	1.62058e-16
6148.00	1.62822e-16
6150.00	1.64152e-16
6152.00	1.63646e-16
6154.00	1.64001e-16
6156.00	1.64673e-16
6158.00	1.63282e-16
6160.00	1.63544e-16
6162.00	1.64537e-16
6164.00	1.65388e-16
6166.00	1.6496e-16
6168.00	1.66943e-16
6170.00	1.68124e-16
6172.00	1.66085e-16
6174.00	1.66927e-16
6176.00	1.6722e-16
6178.00	1.66534e-16
6180.00	1.67528e-16
6182.00	1.66658e-16
6184.00	1.66078e-16
6186.00	1.66102e-16
6188.00	1.66852e-16
6190.00	1.66506e-16
6192.00	1.66887e-16
6194.00	1.64855e-16
6196.00	1.64345e-16
6198.00	1.64612e-16
6200.00	1.63468e-16
6202.00	1.63565e-16
6204.00	1.66054e-16
6206.00	1.62544e-16
6208.00	1.61757e-16
6210.00	1.65568e-16
6212.00	1.6759e-16
6214.00	1.68025e-16
6216.00	1.64918e-16
6218.00	1.62282e-16
6220.00	1.60537e-16
6222.00	1.58547e-16
6224.00	1.51749e-16
6226.00	1.4767e-16
6228.00	1.5268e-16
6230.00	1.53087e-16
6232.00	1.49982e-16
6234.00	1.5235e-16
6236.00	1.58481e-16
6238.00	1.59976e-16
6240.00	1.58629e-16
6242.00	1.58334e-16
6244.00	1.58283e-16
6246.00	1.59392e-16
6248.00	1.59509e-16
6250.00	1.57839e-16
6252.00	1.59776e-16
6254.00	1.59155e-16
6256.00	1.59393e-16
6258.00	1.59261e-16
6260.00	1.59089e-16
6262.00	1.58974e-16
6264.00	1.56738e-16
6266.00	1.5788e-16
6268.00	1.58168e-16
6270.00	1.54974e-16
6272.00	1.54842e-16
6274.00	1.56752e-16
6276.00	1.5609e-16
6278.00	1.55259e-16
6280.00	1.53564e-16
6282.00	1.55558e-16
6284.00	1.54566e-16
6286.00	1.52904e-16
6288.00	1.52616e-16
6290.00	1.5378e-16
6292.00	1.55361e-16
6294.00	1.54159e-16
6296.00	1.5458e-16
6298.00	1.57157e-16
6300.00	1.5416e-16
6302.00	1.53276e-16
6304.00	1.54369e-16
6306.00	1.51657e-16
6308.00	1.51254e-16
6310.00	1.50498e-16
6312.00	1.50481e-16
6314.00	1.52494e-16
6316.00	1.53292e-16
6318.00	1.51423e-16
6320.00	1.49439e-16
6322.00	1.50467e-16
6324.00	1.52516e-16
6326.00	1.52308e-16
6328.00	1.52195e-16
6330.00	1.5038e-16
6332.00	1.48476e-16
6334.00	1.48319e-16
6336.00	1.50947e-16
6338.00	1.48375e-16
6340.00	1.48437e-16
6342.00	1.4798e-16
6344.00	1.46949e-16
6346.00	1.49004e-16
6348.00	1.48526e-16
6350.00	1.47788e-16
6352.00	1.4877e-16
6354.00	1.47658e-16
6356.00	1.48454e-16
6358.00	1.49029e-16
6360.00	1.49138e-16
6362.00	1.49745e-16
6364.00	1.48188e-16
6366.00	1.47611e-16
6368.00	1.47488e-16
6370.00	1.48673e-16
6372.00	1.49654e-16
6374.00	1.48161e-16
6376.00	1.48287e-16
6378.00	1.49522e-16
6380.00	1.47634e-16
6382.00	1.46832e-16
6384.00	1.49622e-16
6386.00	1.53616e-16
6388.00	1.5229e-16
6390.00	1.48973e-16
6392.00	1.49156e-16
6394.00	1.49448e-16
6396.00	1.48357e-16
6398.00	1.49443e-16
6400.00	1.50993e-16
6402.00	1.48827e-16
6404.00	1.4825e-16
6406.00	1.49198e-16
6408.00	1.50113e-16
6410.00	1.49708e-16
6412.00	1.49177e-16
6414.00	1.49699e-16
6416.00	1.4738e-16
6418.00	1.49672e-16
6420.00	1.48973e-16
6422.00	1.47589e-16
6424.00	1.4861e-16
6426.00	1.47843e-16
6428.00	1.48974e-16
6430.00	1.50585e-16
6432.00	1.50526e-16
6434.00	1.48543e-16
6436.00	1.47699e-16
6438.00	1.47756e-16
6440.00	1.45777e-16
6442.00	1.4471e-16
6444.00	1.47306e-16
6446.00	1.47783e-16
6448.00	1.47737e-16
6450.00	1.48069e-16
6452.00	1.48131e-16
6454.00	1.47716e-16
6456.00	1.46776e-16
6458.00	1.47231e-16
6460.00	1.47179e-16
6462.00	1.48271e-16
6464.00	1.47034e-16
6466.00	1.45109e-16
6468.00	1.45639e-16
6470.00	1.44843e-16
6472.00	1.43495e-16
6474.00	1.44844e-16
6476.00	1.45476e-16
6478.00	1.44735e-16
6480.00	1.44672e-16
6482.00	1.44915e-16
6484.00	1.45181e-16
6486.00	1.44202e-16
6488.00	1.44815e-16
6490.00	1.45204e-16
6492.00	1.45495e-16
6494.00	1.44151e-16
6496.00	1.43025e-16
6498.00	1.42399e-16
6500.00	1.42725e-16
6502.00	1.4343e-16
6504.00	1.4295e-16
6506.00	1.41397e-16
6508.00	1.39255e-16
6510.00	1.40537e-16
6512.00	1.41915e-16
6514.00	1.40422e-16
6516.00	1.40027e-16
6518.00	1.41019e-16
6520.00	1.4151e-16
6522.00	1.3967e-16
6524.00	1.37728e-16
6526.00	1.37433e-16
6528.00	1.37518e-16
6530.00	1.38329e-16
6532.00	1.38612e-16
6534.00	1.38714e-16
6536.00	1.37917e-16
6538.00	1.35302e-16
6540.00	1.34507e-16
6542.00	1.36008e-16
6544.00	1.3469e-16
6546.00	1.33884e-16
6548.00	1.32747e-16
6550.00	1.3354e-16
6552.00	1.31627e-16
6554.00	1.31626e-16
6556.00	1.33865e-16
6558.00	1.33524e-16
6560.00	1.31696e-16
6562.00	1.29502e-16
6564.00	1.3319e-16
6566.00	1.34984e-16
6568.00	1.35115e-16
6570.00	1.33819e-16
6572.00	1.35367e-16
6574.00	1.3478e-16
6576.00	1.33057e-16
6578.00	1.33573e-16
6580.00	1.35837e-16
6582.00	1.3293e-16
6584.00	1.3342e-16
6586.00	1.3502e-16
6588.00	1.32976e-16
6590.00	1.32732e-16
6592.00	1.35897e-16
6594.00	1.37318e-16
6596.00	1.36051e-16
6598.00	1.34934e-16
6600.00	1.37072e-16
6602.00	1.37842e-16
6604.00	1.37529e-16
6606.00	1.36441e-16
6608.00	1.34312e-16
6610.00	1.34888e-16
6612.00	1.34736e-16
6614.00	1.35084e-16
6616.00	1.35936e-16
6618.00	1.36577e-16
6620.00	1.35408e-16
6622.00	1.34837e-16
6624.00	1.37473e-16
6626.00	1.36118e-16
6628.00	1.35421e-16
6630.00	1.3646e-16
6632.00	1.36383e-16
6634.00	1.35896e-16
6636.00	1.36772e-16
6638.00	1.3668e-16
6640.00	1.35247e-16
6642.00	1.35295e-16
6644.00	1.36265e-16
6646.00	1.35672e-16
6648.00	1.35829e-16
6650.00	1.3729e-16
6652.00	1.36722e-16
6654.00	1.37639e-16
6656.00	1.40562e-16
6658.00	1.41262e-16
6660.00	1.40475e-16
6662.00	1.40712e-16
6664.00	1.40481e-16
6666.00	1.38993e-16
6668.00	1.39577e-16
6670.00	1.42129e-16
6672.00	1.40771e-16
6674.00	1.40578e-16
6676.00	1.40885e-16
6678.00	1.40625e-16
6680.00	1.40125e-16
6682.00	1.40114e-16
6684.00	1.40072e-16
6686.00	1.3896e-16
6688.00	1.39912e-16
6690.00	1.41735e-16
6692.00	1.40883e-16
6694.00	1.41389e-16
6696.00	1.40704e-16
6698.00	1.41747e-16
6700.00	1.39569e-16
6702.00	1.39451e-16
6704.00	1.41935e-16
6706.00	1.42352e-16
6708.00	1.42761e-16
6710.00	1.42398e-16
6712.00	1.42593e-16
6714.00	1.42349e-16
6716.00	1.41592e-16
6718.00	1.4117e-16
6720.00	1.40303e-16
6722.00	1.41512e-16
6724.00	1.42457e-16
6726.00	1.42593e-16
6728.00	1.4285e-16
6730.00	1.41643e-16
6732.00	1.44216e-16
6734.00	1.45186e-16
6736.00	1.43342e-16
6738.00	1.42613e-16
6740.00	1.42345e-16
6742.00	1.44458e-16
6744.00	1.42058e-16
6746.00	1.40783e-16
6748.00	1.42585e-16
6750.00	1.417e-16
6752.00	1.40906e-16
6754.00	1.41035e-16
6756.00	1.41626e-16
6758.00	1.41968e-16
6760.00	1.40809e-16
6762.00	1.41492e-16
6764.00	1.41719e-16
6766.00	1.41221e-16
6768.00	1.41988e-16
6770.00	1.42314e-16
6772.00	1.44091e-16
6774.00	1.4442e-16
6776.00	1.44305e-16
6778.00	1.45222e-16
6780.00	1.45881e-16
6782.00	1.44809e-16
6784.00	1.44032e-16
6786.00	1.44531e-16
6788.00	1.44633e-16
6790.00	1.44173e-16
6792.00	1.44236e-16
6794.00	1.4403e-16
6796.00	1.43974e-16
6798.00	1.45055e-16
6800.00	1.44949e-16
6802.00	1.45429e-16
6804.00	1.44444e-16
6806.00	1.44104e-16
6808.00	1.44752e-16
6810.00	1.45318e-16
6812.00	1.46529e-16
6814.00	1.47556e-16
6816.00	1.45892e-16
6818.00	1.43831e-16
6820.00	1.44922e-16
6822.00	1.45471e-16
6824.00	1.46437e-16
6826.00	1.48485e-16
6828.00	1.46614e-16
6830.00	1.45367e-16
6832.00	1.45896e-16
6834.00	1.44568e-16
6836.00	1.45329e-16
6838.00	1.45354e-16
6840.00	1.43655e-16
6842.00	1.44809e-16
6844.00	1.44821e-16
6846.00	1.44933e-16
6848.00	1.45303e-16
6850.00	1.44021e-16
6852.00	1.43919e-16
6854.00	1.44556e-16
6856.00	1.45291e-16
6858.00	1.44869e-16
6860.00	1.43155e-16
6862.00	1.42838e-16
6864.00	1.42279e-16
6866.00	1.40978e-16
6868.00	1.42664e-16
6870.00	1.43846e-16
6872.00	1.40494e-16
6874.00	1.39303e-16
6876.00	1.39813e-16
6878.00	1.39753e-16
6880.00	1.4104e-16
6882.00	1.39502e-16
6884.00	1.38807e-16
6886.00	1.39879e-16
6888.00	1.40745e-16
6890.00	1.39924e-16
6892.00	1.39581e-16
6894.00	1.38532e-16
6896.00	1.37567e-16
6898.00	1.36067e-16
6900.00	1.35375e-16
6902.00	1.3643e-16
6904.00	1.37726e-16
6906.00	1.36352e-16
6908.00	1.35852e-16
6910.00	1.37669e-16
6912.00	1.35162e-16
6914.00	1.3578e-16
6916.00	1.3554e-16
6918.00	1.36769e-16
6920.00	1.40223e-16
6922.00	1.40514e-16
6924.00	1.39454e-16
6926.00	1.39259e-16
6928.00	1.40399e-16
6930.00	1.44667e-16
6932.00	1.54264e-16
6934.00	2.08034e-16
6936.00	2.5736e-16
6938.00	2.43072e-16
6940.00	1.97959e-16
6942.00	1.5736e-16
6944.00	1.39863e-16
6946.00	1.35904e-16
6948.00	1.336e-16
6950.00	1.28757e-16
6952.00	1.26217e-16
6954.00	1.2769e-16
6956.00	1.32679e-16
6958.00	1.35845e-16
6960.00	1.32484e-16
6962.00	1.27289e-16
6964.00	1.22597e-16
6966.00	1.21699e-16
6968.00	1.19468e-16
6970.00	1.20282e-16
6972.00	1.21417e-16
6974.00	1.19773e-16
6976.00	1.17753e-16
6978.00	1.1668e-16
6980.00	1.16792e-16
6982.00	1.16685e-16
6984.00	1.14125e-16
6986.00	1.15781e-16
6988.00	1.16365e-16
6990.00	1.14372e-16
6992.00	1.12662e-16
6994.00	1.12925e-16
6996.00	1.13355e-16
6998.00	1.12763e-16
7000.00	1.12825e-16
7002.00	1.12053e-16
7004.00	1.12411e-16
7006.00	1.1375e-16
7008.00	1.11994e-16
7010.00	1.09379e-16
7012.00	1.0899e-16
7014.00	1.10419e-16
7016.00	1.09929e-16
7018.00	1.08535e-16
7020.00	1.08248e-16
7022.00	1.09744e-16
7024.00	1.07734e-16
7026.00	1.07152e-16
7028.00	1.09145e-16
7030.00	1.08401e-16
7032.00	1.07066e-16
7034.00	1.06896e-16
7036.00	1.06468e-16
7038.00	1.06986e-16
7040.00	1.05877e-16
7042.00	1.05609e-16
7044.00	1.05542e-16
7046.00	1.04173e-16
7048.00	1.04702e-16
7050.00	1.03814e-16
7052.00	1.03731e-16
7054.00	1.04705e-16
7056.00	1.03934e-16
7058.00	1.04576e-16
7060.00	1.05381e-16
7062.00	1.03248e-16
7064.00	1.02499e-16
7066.00	1.02151e-16
7068.00	1.01165e-16
7070.00	1.01626e-16
7072.00	1.01244e-16
7074.00	1.02126e-16
7076.00	1.01797e-16
7078.00	1.01321e-16
7080.00	1.01635e-16
7082.00	9.9643e-17
7084.00	9.8475e-17
7086.00	9.86886e-17
7088.00	9.82639e-17
7090.00	9.73399e-17
7092.00	9.83562e-17
7094.00	9.87913e-17
7096.00	9.97734e-17
7098.00	1.00444e-16
7100.00	9.9979e-17
7102.00	9.97189e-17
7104.00	9.65344e-17
7106.00	9.5727e-17
7108.00	9.54555e-17
7110.00	9.56182e-17
7112.00	9.62314e-17
7114.00	9.43493e-17
7116.00	9.44383e-17
7118.00	9.46947e-17
7120.00	9.43192e-17
7122.00	9.445e-17
7124.00	9.30787e-17
7126.00	9.23188e-17
7128.00	9.18091e-17
7130.00	9.15763e-17
7132.00	9.3273e-17
7134.00	9.20151e-17
7136.00	9.10493e-17
7138.00	9.23442e-17
7140.00	9.22591e-17
7142.00	9.28866e-17
7144.00	9.11762e-17
7146.00	8.94488e-17
7148.00	8.85342e-17
7150.00	8.73672e-17
7152.00	8.92441e-17
7154.00	8.84142e-17
7156.00	8.81228e-17
7158.00	8.81304e-17
7160.00	8.73772e-17
7162.00	8.79323e-17
7164.00	8.77434e-17
7166.00	8.7231e-17
7168.00	8.76538e-17
7170.00	8.68858e-17
7172.00	8.64028e-17
7174.00	8.45831e-17
7176.00	8.4222e-17
7178.00	8.69292e-17
7180.00	8.71973e-17
7182.00	8.75094e-17
7184.00	8.64968e-17
7186.00	8.54571e-17
7188.00	8.58146e-17
7190.00	8.69025e-17
7192.00	8.71509e-17
7194.00	8.49532e-17
7196.00	8.51401e-17
7198.00	8.46518e-17
7200.00	8.49583e-17
7202.00	8.68181e-17
7204.00	8.58911e-17
7206.00	8.48654e-17
7208.00	8.50784e-17
7210.00	8.51909e-17
7212.00	8.24031e-17
7214.00	8.11928e-17
7216.00	8.30331e-17
7218.00	8.49426e-17
7220.00	8.48508e-17
7222.00	8.38325e-17
7224.00	8.31878e-17
7226.00	8.29391e-17
7228.00	8.25966e-17
7230.00	7.99154e-17
7232.00	8.18052e-17
7234.00	8.10774e-17
7236.00	8.05096e-17
7238.00	8.26735e-17
7240.00	8.25798e-17
7242.00	8.12711e-17
7244.00	8.28193e-17
7246.00	8.08903e-17
7248.00	8.0926e-17
7250.00	8.10914e-17
7252.00	8.08296e-17
7254.00	8.14851e-17
7256.00	8.03397e-17
7258.00	7.98245e-17
7260.00	8.01788e-17
7262.00	8.06019e-17
7264.00	8.16707e-17
7266.00	8.18023e-17
7268.00	7.92784e-17
7270.00	7.90983e-17
7272.00	7.93666e-17
7274.00	8.10258e-17
7276.00	8.07418e-17
7278.00	7.87954e-17
7280.00	7.97899e-17
7282.00	8.00386e-17
7284.00	7.9526e-17
7286.00	8.14834e-17
7288.00	7.84848e-17
7290.00	7.74361e-17
7292.00	7.80345e-17
7294.00	7.81754e-17
7296.00	7.84509e-17
7298.00	7.85087e-17
7300.00	7.70986e-17
7302.00	7.82276e-17
7304.00	8.13168e-17
7306.00	8.0302e-17
7308.00	7.74897e-17
7310.00	7.81223e-17
7312.00	7.66674e-17
7314.00	7.785e-17
7316.00	7.78833e-17
7318.00	7.84085e-17
7320.00	7.83699e-17
7322.00	7.77346e-17
7324.00	7.67644e-17
7326.00	7.70713e-17
7328.00	7.90826e-17
7330.00	7.92564e-17
7332.00	7.91524e-17
7334.00	7.79174e-17
7336.00	7.7309e-17
7338.00	7.77577e-17
7340.00	7.77573e-17
7342.00	7.67931e-17
7344.00	7.66039e-17
7346.00	7.75825e-17
7348.00	7.79843e-17
7350.00	7.73465e-17
7352.00	7.73862e-17
7354.00	7.64594e-17
7356.00	7.75004e-17
7358.00	7.83091e-17
7360.00	7.68054e-17
7362.00	7.68021e-17
7364.00	7.82667e-17
7366.00	7.84273e-17
7368.00	7.68088e-17
7370.00	7.73172e-17
7372.00	7.7979e-17
7374.00	7.75208e-17
7376.00	7.66273e-17
7378.00	7.8091e-17
7380.00	7.79079e-17
7382.00	7.76664e-17
7384.00	7.82328e-17
7386.00	7.78268e-17
7388.00	7.66768e-17
7390.00	7.90461e-17
7392.00	7.7345e-17
7394.00	8.00935e-17
7396.00	7.83611e-17
7398.00	7.81236e-17
7400.00	7.74882e-17
7402.00	7.72731e-17
7404.00	7.76586e-17
7406.00	7.75356e-17
7408.00	7.88261e-17
7410.00	7.84404e-17
7412.00	7.83623e-17
7414.00	7.78337e-17
7416.00	7.64279e-17
7418.00	7.68889e-17
7420.00	7.80696e-17
7422.00	7.98813e-17
7424.00	7.85378e-17
7426.00	7.91205e-17
7428.00	7.96573e-17
7430.00	7.78768e-17
7432.00	7.77204e-17
7434.00	7.98444e-17
7436.00	8.06531e-17
7438.00	8.01171e-17
7440.00	7.92241e-17
7442.00	7.83294e-17
7444.00	7.99322e-17
7446.00	7.86212e-17
7448.00	7.97096e-17
7450.00	7.91295e-17
7452.00	7.9046e-17
7454.00	7.85797e-17
7456.00	7.80841e-17
7458.00	7.8879e-17
7460.00	7.77999e-17
7462.00	7.84769e-17
7464.00	8.29118e-17
7466.00	8.77224e-17
7468.00	8.76676e-17
7470.00	8.45044e-17
7472.00	8.21955e-17
7474.00	8.0712e-17
7476.00	8.1234e-17
7478.00	8.00454e-17
7480.00	7.98225e-17
7482.00	7.91582e-17
7484.00	8.05707e-17
7486.00	8.07512e-17
7488.00	8.07009e-17
7490.00	8.19446e-17
7492.00	8.05621e-17
7494.00	7.87563e-17
7496.00	7.93851e-17
7498.00	8.12981e-17
7500.00	7.87091e-17
7502.00	7.91238e-17
7504.00	8.27571e-17
7506.00	8.27435e-17
7508.00	8.05276e-17
7510.00	8.1476e-17
7512.00	8.20318e-17
7514.00	8.03664e-17
7516.00	8.15317e-17
7518.00	8.12617e-17
7520.00	8.01519e-17
7522.00	8.08946e-17
7524.00	8.21386e-17
7526.00	8.26909e-17
7528.00	8.11667e-17
7530.00	8.15676e-17
7532.00	8.19105e-17
7534.00	8.08428e-17
7536.00	8.0182e-17
7538.00	8.04719e-17
7540.00	8.25006e-17
7542.00	8.31538e-17
7544.00	8.1738e-17
7546.00	7.98747e-17
7548.00	8.15292e-17
7550.00	8.21672e-17
7552.00	8.0329e-17
7554.00	8.11947e-17
7556.00	8.10556e-17
7558.00	8.14716e-17
7560.00	8.10698e-17
7562.00	8.10341e-17
7564.00	8.1845e-17
7566.00	8.14289e-17
7568.00	8.03223e-17
7570.00	8.17258e-17
7572.00	8.32037e-17
7574.00	8.24195e-17
7576.00	8.03515e-17
7578.00	8.09995e-17
7580.00	8.01187e-17
7582.00	7.97589e-17
7584.00	7.89854e-17
7586.00	7.77418e-17
7588.00	8.05209e-17
7590.00	8.10039e-17
7592.00	7.76133e-17
7594.00	7.8339e-17
7596.00	7.83169e-17
7598.00	7.56851e-17
7600.00	7.80221e-17
7602.00	7.6517e-17
7604.00	7.64318e-17
7606.00	7.94713e-17
7608.00	7.75097e-17
7610.00	7.60954e-17
7612.00	7.67343e-17
7614.00	7.96723e-17
7616.00	8.1237e-17
7618.00	8.07934e-17
7620.00	7.88097e-17
7622.00	7.86658e-17
7624.00	7.93431e-17
7626.00	7.77199e-17
7628.00	7.72692e-17
7630.00	8.09306e-17
7632.00	7.69859e-17
7634.00	7.84427e-17
7636.00	7.8986e-17
7638.00	7.6049e-17
7640.00	7.97812e-17
7642.00	7.74613e-17
7644.00	7.96283e-17
7646.00	8.08322e-17
7648.00	7.83415e-17
7650.00	7.99217e-17
7652.00	7.95038e-17
7654.00	8.08497e-17
7656.00	8.41574e-17
7658.00	8.17135e-17
7660.00	8.21434e-17
7662.00	8.0337e-17
7664.00	7.85634e-17
7666.00	8.10997e-17
7668.00	8.09856e-17
7670.00	8.02659e-17
7672.00	8.15766e-17
7674.00	7.913e-17
7676.00	7.9751e-17
7678.00	8.1743e-17
7680.00	7.6983e-17
7682.00	7.59722e-17
7684.00	7.77145e-17
7686.00	7.74432e-17
7688.00	7.96097e-17
7690.00	8.06277e-17
7692.00	8.0746e-17
7694.00	8.12402e-17
7696.00	8.2019e-17
7698.00	8.1046e-17
7700.00	7.89248e-17
7702.00	7.8401e-17
7704.00	8.08292e-17
7706.00	8.16946e-17
7708.00	7.92297e-17
7710.00	7.94726e-17
7712.00	7.98382e-17
7714.00	7.87073e-17
7716.00	7.81773e-17
7718.00	8.14259e-17
7720.00	8.15245e-17
7722.00	7.87958e-17
7724.00	7.88932e-17
7726.00	7.88705e-17
7728.00	7.95929e-17
7730.00	8.00303e-17
7732.00	7.9288e-17
7734.00	7.97688e-17
7736.00	8.14913e-17
7738.00	8.2016e-17
7740.00	8.00502e-17
7742.00	7.9195e-17
7744.00	7.84316e-17
7746.00	7.95866e-17
7748.00	8.11252e-17
7750.00	8.21196e-17
7752.00	8.18316e-17
7754.00	7.88556e-17
7756.00	7.73473e-17
7758.00	7.66832e-17
7760.00	7.54128e-17
7762.00	7.59328e-17
7764.00	7.85038e-17
7766.00	7.87981e-17
7768.00	7.6995e-17
7770.00	7.72499e-17
7772.00	7.64091e-17
7774.00	7.69294e-17
7776.00	7.69915e-17
7778.00	7.75772e-17
7780.00	7.63835e-17
7782.00	7.49491e-17
7784.00	7.57622e-17
7786.00	7.64356e-17
7788.00	7.47047e-17
7790.00	7.38521e-17
7792.00	7.37593e-17
7794.00	7.32069e-17
7796.00	7.36686e-17
7798.00	7.41565e-17
7800.00	7.38639e-17
7802.00	7.42658e-17
7804.00	7.32741e-17
7806.00	7.26593e-17
7808.00	7.37044e-17
7810.00	7.19068e-17
7812.00	7.27708e-17
7814.00	7.34824e-17
7816.00	7.4357e-17
7818.00	7.35965e-17
7820.00	6.97305e-17
7822.00	7.43655e-17
7824.00	7.16661e-17
7826.00	7.28528e-17
7828.00	7.20167e-17
7830.00	7.19707e-17
7832.00	7.39232e-17
7834.00	7.4146e-17
7836.00	7.15812e-17
7838.00	7.10414e-17
7840.00	7.1628e-17
7842.00	7.19405e-17
7844.00	7.32784e-17
7846.00	7.1461e-17
7848.00	7.2302e-17
7850.00	7.12476e-17
7852.00	6.87452e-17
7854.00	7.19762e-17
7856.00	7.0783e-17
7858.00	7.04449e-17
7860.00	7.10083e-17
7862.00	7.26499e-17
7864.00	7.19667e-17
7866.00	7.34668e-17
7868.00	7.14773e-17
7870.00	7.15808e-17
7872.00	7.34813e-17
7874.00	7.15553e-17
7876.00	7.09018e-17
7878.00	7.21698e-17
7880.00	7.07378e-17
7882.00	7.22422e-17
7884.00	7.23641e-17
7886.00	7.18871e-17
7888.00	7.11645e-17
7890.00	6.82858e-17
7892.00	7.04449e-17
7894.00	7.16008e-17
7896.00	6.83494e-17
7898.00	6.78761e-17
7900.00	6.82175e-17
7902.00	6.97721e-17
7904.00	7.01885e-17
7906.00	6.91258e-17
7908.00	6.94052e-17
7910.00	6.7678e-17
7912.00	6.65666e-17
7914.00	6.83852e-17
7916.00	7.05204e-17
7918.00	6.95878e-17
7920.00	6.80586e-17
7922.00	6.86941e-17
7924.00	7.00355e-17
7926.00	7.06929e-17
7928.00	7.16479e-17
7930.00	6.92106e-17
7932.00	6.85352e-17
7934.00	7.0507e-17
7936.00	6.93815e-17
7938.00	6.82691e-17
7940.00	6.75316e-17
7942.00	6.92781e-17
7944.00	7.03339e-17
7946.00	6.69366e-17
7948.00	6.57817e-17
7950.00	6.71038e-17
7952.00	6.67663e-17
7954.00	6.59325e-17
7956.00	6.74814e-17
7958.00	6.71026e-17
7960.00	6.64652e-17
7962.00	6.69088e-17
7964.00	6.59173e-17
7966.00	6.43688e-17
7968.00	6.57236e-17
7970.00	6.67924e-17
7972.00	6.42982e-17
7974.00	6.35494e-17
7976.00	6.53714e-17
7978.00	6.70449e-17
7980.00	6.49388e-17
7982.00	6.28143e-17
7984.00	6.34486e-17
7986.00	6.29422e-17
7988.00	6.28361e-17
7990.00	6.36452e-17
7992.00	6.54372e-17
7994.00	6.40153e-17
7996.00	6.3591e-17
7998.00	6.54154e-17
8000.00	6.24424e-17
8002.00	6.00083e-17
8004.00	5.94188e-17
8006.00	6.1473e-17
8008.00	6.26129e-17
8010.00	6.25606e-17
8012.00	6.2571e-17
8014.00	6.27026e-17
8016.00	6.33257e-17
8018.00	6.40819e-17
8020.00	6.21266e-17
8022.00	6.15496e-17
8024.00	6.23396e-17
8026.00	6.47441e-17
8028.00	6.16109e-17
8030.00	5.92272e-17
8032.00	6.23372e-17
8034.00	6.31655e-17
8036.00	6.21341e-17
8038.00	6.15967e-17
8040.00	6.16735e-17
8042.00	6.1853e-17
8044.00	6.27162e-17
8046.00	6.01753e-17
8048.00	5.92134e-17
8050.00	6.25049e-17
8052.00	6.37143e-17
8054.00	6.09224e-17
8056.00	6.06532e-17
8058.00	6.06878e-17
8060.00	6.02946e-17
8062.00	6.11231e-17
8064.00	6.0552e-17
8066.00	6.11537e-17
8068.00	6.11058e-17
8070.00	6.18318e-17
8072.00	5.95992e-17
8074.00	5.8681e-17
8076.00	6.12818e-17
8078.00	6.29255e-17
8080.00	6.3294e-17
8082.00	6.08355e-17
8084.00	6.0334e-17
8086.00	6.06767e-17
8088.00	6.08159e-17
8090.00	6.08561e-17
8092.00	6.0293e-17
8094.00	5.96827e-17
8096.00	6.12988e-17
8098.00	6.14909e-17
8100.00	6.05751e-17
8102.00	6.06604e-17
8104.00	5.91215e-17
8106.00	5.96134e-17
8108.00	6.09247e-17
8110.00	6.06083e-17
8112.00	6.21563e-17
8114.00	6.01797e-17
8116.00	5.94358e-17
8118.00	6.05756e-17
8120.00	5.98533e-17
8122.00	5.96991e-17
8124.00	5.98905e-17
8126.00	5.95903e-17
8128.00	6.00409e-17
8130.00	6.05932e-17
8132.00	5.88869e-17
8134.00	5.88612e-17
8136.00	5.90877e-17
8138.00	5.91345e-17
8140.00	5.76356e-17
8142.00	5.84088e-17
8144.00	6.11594e-17
8146.00	5.94041e-17
8148.00	5.91778e-17
8150.00	5.89648e-17
8152.00	6.03281e-17
8154.00	6.00044e-17
8156.00	5.83699e-17
8158.00	5.70918e-17
8160.00	5.71429e-17
8162.00	5.70834e-17
8164.00	5.75741e-17
8166.00	5.86611e-17
8168.00	5.86721e-17
8170.00	5.88721e-17
8172.00	5.77382e-17
8174.00	5.61349e-17
8176.00	5.58169e-17
8178.00	5.73322e-17
8180.00	5.86981e-17
8182.00	5.98501e-17
8184.00	5.79337e-17
8186.00	5.94873e-17
8188.00	6.12262e-17
8190.00	5.8875e-17
8192.00	5.86143e-17
8194.00	5.91651e-17
8196.00	5.73253e-17
8198.00	5.69245e-17
8200.00	5.70357e-17
8202.00	5.7215e-17
8204.00	5.66391e-17
8206.00	5.65192e-17
8208.00	5.63128e-17
8210.00	5.49879e-17
8212.00	5.56898e-17
8214.00	5.56751e-17
8216.00	5.44651e-17
8218.00	5.61867e-17
8220.00	5.61004e-17
8222.00	5.58771e-17
8224.00	5.48047e-17
8226.00	5.61548e-17
8228.00	5.66901e-17
8230.00	5.73236e-17
8232.00	5.59889e-17
8234.00	5.47068e-17
8236.00	5.55308e-17
8238.00	5.5291e-17
8240.00	5.59589e-17
8242.00	5.56585e-17
8244.00	5.51053e-17
8246.00	5.5442e-17
8248.00	5.54353e-17
8250.00	5.47774e-17
8252.00	5.51441e-17
8254.00	5.54361e-17
8256.00	5.54286e-17
8258.00	5.40926e-17
8260.00	5.30308e-17
8262.00	5.35814e-17
8264.00	5.50241e-17
8266.00	5.57336e-17
8268.00	5.49008e-17
8270.00	5.6064e-17
8272.00	5.58267e-17
8274.00	5.39253e-17
8276.00	5.26764e-17
8278.00	5.4105e-17
8280.00	5.50664e-17
8282.00	5.32272e-17
8284.00	5.28479e-17
8286.00	5.35984e-17
8288.00	5.26792e-17
8290.00	5.37929e-17
8292.00	5.33847e-17
8294.00	5.26492e-17
8296.00	5.40525e-17
8298.00	5.51913e-17
8300.00	5.33915e-17
8302.00	5.37357e-17
8304.00	5.59205e-17
8306.00	5.52227e-17
8308.00	5.41224e-17
8310.00	5.28445e-17
8312.00	5.2232e-17
8314.00	5.38049e-17
8316.00	5.00376e-17
8318.00	2.47053e-17
8320.00	4.38266e-17
8322.00	5.24985e-17
8324.00	5.25899e-17
8326.00	5.355e-17
8328.00	5.06933e-17
8330.00	5.21361e-17
8332.00	5.24923e-17
8334.00	5.19172e-17
8336.00	5.17756e-17
8338.00	5.13819e-17
8340.00	5.22331e-17
8342.00	5.20173e-17
8344.00	5.31154e-17
8346.00	5.32121e-17
8348.00	5.29862e-17
8350.00	5.44344e-17
8352.00	5.19753e-17
8354.00	4.97069e-17
8356.00	5.13048e-17
8358.00	5.06558e-17
8360.00	5.21499e-17
8362.00	5.38434e-17
8364.00	5.31232e-17
8366.00	5.39104e-17
8368.00	5.18002e-17
8370.00	5.26377e-17
8372.00	5.30053e-17
8374.00	5.15416e-17
8376.00	5.38235e-17
8378.00	5.32011e-17
8380.00	5.19697e-17
8382.00	5.07119e-17
8384.00	5.10237e-17
8386.00	5.09354e-17
8388.00	5.10103e-17
8390.00	5.23485e-17
8392.00	5.07912e-17
8394.00	4.99482e-17
8396.00	5.1272e-17
8398.00	5.17429e-17
8400.00	5.29009e-17
8402.00	5.23503e-17
8404.00	5.10672e-17
8406.00	5.08318e-17
8408.00	4.95723e-17
8410.00	5.17848e-17
8412.00	5.15057e-17
8414.00	4.64932e-17
8416.00	4.591e-17
8418.00	4.81717e-17
8420.00	4.99095e-17
8422.00	4.98705e-17
8424.00	4.7834e-17
8426.00	4.68476e-17
8428.00	4.43314e-17
8430.00	4.45051e-17
8432.00	4.80324e-17
8434.00	4.76899e-17
8436.00	4.74457e-17
8438.00	4.90771e-17
8440.00	4.93075e-17
8442.00	4.91249e-17
8444.00	4.87734e-17
8446.00	4.91687e-17
8448.00	4.87642e-17
8450.00	5.13615e-17
8452.00	5.26733e-17
8454.00	4.67155e-17
8456.00	4.72373e-17
8458.00	4.9574e-17
8460.00	4.94192e-17
8462.00	4.81404e-17
8464.00	5.20325e-17
8466.00	5.17339e-17
8468.00	4.7965e-17
8470.00	4.70087e-17
8472.00	3.71362e-17
8474.00	2.42577e-17
8476.00	4.16105e-17
8478.00	5.03465e-17
8480.00	4.89471e-17
8482.00	4.92208e-17
8484.00	4.66263e-17
8486.00	4.63997e-17
8488.00	4.63699e-17
8490.00	4.68045e-17
8492.00	4.92882e-17
8494.00	4.76066e-17
8496.00	4.75696e-17
8498.00	4.9224e-17
8500.00	4.75309e-17
8502.00	4.68819e-17
8504.00	4.8858e-17
8506.00	4.89411e-17
8508.00	5.00266e-17
8510.00	4.9975e-17
8512.00	4.68403e-17
8514.00	4.8841e-17
8516.00	4.90507e-17
8518.00	4.97188e-17
8520.00	5.13784e-17
8522.00	5.03401e-17
8524.00	4.77316e-17
8526.00	4.77814e-17
8528.00	4.8407e-17
8530.00	4.78588e-17
8532.00	4.81856e-17
8534.00	4.75222e-17
8536.00	4.88233e-17
8538.00	4.64769e-17
8540.00	4.94427e-17
8542.00	5.0259e-17
8544.00	4.96596e-17
8546.00	4.97915e-17
8548.00	4.82249e-17
8550.00	4.78134e-17
8552.00	5.04381e-17
8554.00	5.21934e-17
8556.00	5.069e-17
8558.00	5.07868e-17
8560.00	5.07362e-17
8562.00	4.97961e-17
8564.00	5.12235e-17
8566.00	5.16745e-17
8568.00	5.14645e-17
8570.00	4.96355e-17
8572.00	4.87211e-17
8574.00	4.96523e-17
8576.00	4.93036e-17
8578.00	4.77707e-17
8580.00	4.82215e-17
8582.00	4.70773e-17
8584.00	4.75763e-17
8586.00	4.76609e-17
8588.00	5.01341e-17
8590.00	4.91736e-17
8592.00	4.80047e-17
8594.00	5.07323e-17
8596.00	5.07706e-17
8598.00	5.15316e-17
8600.00	5.01762e-17
8602.00	4.83832e-17
8604.00	4.99385e-17
8606.00	4.91433e-17
8608.00	4.76541e-17
8610.00	4.81256e-17
8612.00	5.10323e-17
8614.00	5.18679e-17
8616.00	4.93762e-17
8618.00	4.497e-17
8620.00	4.5938e-17
8622.00	5.12533e-17
8624.00	4.68614e-17
8626.00	4.50227e-17
8628.00	4.99594e-17
8630.00	5.21076e-17
8632.00	5.11796e-17
8634.00	5.38363e-17
8636.00	5.00409e-17
8638.00	4.74939e-17
8640.00	4.79612e-17
8642.00	5.1126e-17
8644.00	4.98325e-17
8646.00	4.4978e-17
8648.00	4.68151e-17
8650.00	4.80811e-17
8652.00	5.01251e-17
8654.00	4.70501e-17
8656.00	4.91671e-17
8658.00	5.22412e-17
8660.00	5.00593e-17
8662.00	4.75578e-17
8664.00	4.9661e-17
8666.00	5.23058e-17
8668.00	5.00057e-17
8670.00	4.97372e-17
8672.00	4.61064e-17
8674.00	4.753e-17
8676.00	4.68789e-17
8678.00	4.81339e-17
8680.00	4.57355e-17
8682.00	4.62328e-17
8684.00	4.91249e-17
8686.00	4.86546e-17
8688.00	4.7874e-17
8690.00	4.73206e-17
8692.00	4.73459e-17
8694.00	4.79565e-17
8696.00	4.64472e-17
8698.00	4.74092e-17
8700.00	4.8623e-17
8702.00	4.9051e-17
8704.00	5.02636e-17
8706.00	4.78087e-17
8708.00	4.53911e-17
8710.00	4.71205e-17
8712.00	4.77065e-17
8714.00	4.84491e-17
8716.00	4.90631e-17
8718.00	4.88245e-17
8720.00	4.72132e-17
8722.00	4.61781e-17
8724.00	4.64096e-17
8726.00	4.52883e-17
8728.00	4.57129e-17
8730.00	4.73386e-17
8732.00	4.74574e-17
8734.00	4.68289e-17
8736.00	4.67948e-17
8738.00	4.74491e-17
8740.00	4.88887e-17
8742.00	4.62811e-17
8744.00	4.66704e-17
8746.00	4.87315e-17
8748.00	4.81676e-17
8750.00	4.74191e-17
8752.00	4.53517e-17
8754.00	4.65965e-17
8756.00	4.81557e-17
8758.00	4.95441e-17
8760.00	4.82214e-17
8762.00	4.47512e-17
8764.00	4.93486e-17
8766.00	5.07615e-17
8768.00	4.80888e-17
8770.00	4.71616e-17
8772.00	4.56356e-17
8774.00	4.4512e-17
8776.00	4.75071e-17
8778.00	4.57457e-17
8780.00	4.34866e-17
8782.00	4.64529e-17
8784.00	4.62923e-17
8786.00	4.57505e-17
8788.00	4.72213e-17
8790.00	4.76662e-17
8792.00	4.59979e-17
8794.00	4.74595e-17
8796.00	4.66931e-17
8798.00	4.27454e-17
8800.00	4.66136e-17
8802.00	4.85715e-17
8804.00	4.60481e-17
8806.00	4.79321e-17
8808.00	4.82613e-17
8810.00	4.71957e-17
8812.00	4.69833e-17
8814.00	4.81236e-17
8816.00	4.88093e-17
8818.00	5.09643e-17
8820.00	5.05096e-17
8822.00	4.73073e-17
8824.00	4.47688e-17
8826.00	5.0573e-17
8828.00	4.81079e-17
8830.00	4.76391e-17
8832.00	5.12623e-17
8834.00	4.96235e-17
8836.00	4.82808e-17
8838.00	4.84931e-17
8840.00	5.12836e-17
8842.00	5.04856e-17
8844.00	5.10203e-17
8846.00	5.14735e-17
8848.00	5.18458e-17
8850.00	5.25923e-17
8852.00	5.37786e-17
8854.00	5.12082e-17
8856.00	5.56966e-17
8858.00	5.25974e-17
8860.00	5.25837e-17
8862.00	5.16455e-17
8864.00	5.21744e-17
8866.00	5.38324e-17
8868.00	5.28406e-17
8870.00	5.28619e-17
8872.00	5.545e-17
8874.00	5.36526e-17
8876.00	4.96962e-17
8878.00	4.78087e-17
8880.00	5.23823e-17
8882.00	5.40043e-17
8884.00	5.02918e-17
8886.00	5.04059e-17
8888.00	5.0662e-17
8890.00	5.1723e-17
8892.00	5.18186e-17
8894.00	4.91132e-17
8896.00	5.10839e-17
8898.00	5.43486e-17
8900.00	5.29639e-17
8902.00	5.28498e-17
8904.00	5.20346e-17
8906.00	5.12294e-17
8908.00	5.16364e-17
8910.00	5.34519e-17
8912.00	5.23483e-17
8914.00	5.11008e-17
8916.00	5.14693e-17
8918.00	5.33402e-17
8920.00	5.38126e-17
8922.00	5.16429e-17
8924.00	5.30864e-17
8926.00	5.36352e-17
8928.00	5.35216e-17
8930.00	5.22624e-17
8932.00	4.93387e-17
8934.00	5.07145e-17
8936.00	5.04963e-17
8938.00	5.08802e-17
8940.00	5.30996e-17
8942.00	5.31888e-17
8944.00	5.28945e-17
8946.00	5.1848e-17
8948.00	5.09991e-17
8950.00	4.65242e-17
8952.00	3.82138e-17
8954.00	4.83075e-17
8956.00	5.49524e-17
8958.00	5.55354e-17
8960.00	5.24339e-17
8962.00	4.92247e-17
8964.00	4.95037e-17
8966.00	5.11035e-17
8968.00	5.21086e-17
8970.00	4.97734e-17
8972.00	5.16836e-17
8974.00	5.43885e-17
8976.00	5.35986e-17
8978.00	5.2249e-17
8980.00	5.14669e-17
8982.00	5.14998e-17
8984.00	5.0856e-17
8986.00	5.0878e-17
8988.00	5.24412e-17
8990.00	5.44516e-17
8992.00	5.38574e-17
8994.00	5.3131e-17
8996.00	4.39914e-17
8998.00	4.2123e-17
9000.00	5.23948e-17
9002.00	5.51992e-17
9004.00	5.58334e-17
9006.00	5.64293e-17
9008.00	5.58568e-17
9010.00	5.36006e-17
9012.00	5.31004e-17
9014.00	5.61192e-17
9016.00	5.48305e-17
9018.00	5.40045e-17
9020.00	5.16979e-17
9022.00	5.24999e-17
9024.00	5.58227e-17
9026.00	5.45983e-17
9028.00	5.27889e-17
9030.00	5.36153e-17
9032.00	5.19696e-17
9034.00	5.12409e-17
9036.00	5.21986e-17
9038.00	5.22196e-17
9040.00	5.30877e-17
9042.00	5.179e-17
9044.00	5.20895e-17
9046.00	5.14033e-17
9048.00	4.91475e-17
9050.00	5.04195e-17
9052.00	5.07348e-17
9054.00	5.1083e-17
9056.00	5.34861e-17
9058.00	5.34392e-17
9060.00	5.08926e-17
9062.00	5.17938e-17
9064.00	5.37245e-17
9066.00	5.30752e-17
9068.00	5.13486e-17
9070.00	4.91225e-17
9072.00	5.0974e-17
9074.00	5.31431e-17
9076.00	5.19814e-17
9078.00	4.91416e-17
9080.00	4.93404e-17
9082.00	4.99585e-17
9084.00	4.76772e-17
9086.00	4.90663e-17
9088.00	4.97822e-17
9090.00	4.9032e-17
9092.00	5.11019e-17
9094.00	4.88884e-17
9096.00	4.8594e-17
9098.00	4.97757e-17
9100.00	4.85502e-17
9102.00	4.62247e-17
9104.00	4.82977e-17
9106.00	4.85089e-17
9108.00	4.79562e-17
9110.00	4.87248e-17
9112.00	4.84028e-17
9114.00	4.64338e-17
9116.00	4.72478e-17
9118.00	4.91184e-17
9120.00	4.73076e-17
9122.00	4.68734e-17
9124.00	4.73615e-17
9126.00	4.78116e-17
9128.00	4.89795e-17
9130.00	4.88176e-17
9132.00	4.68927e-17
9134.00	4.66869e-17
9136.00	4.93192e-17
9138.00	4.90417e-17
9140.00	4.84213e-17
9142.00	4.88176e-17
9144.00	4.69686e-17
9146.00	4.66982e-17
9148.00	4.63534e-17
9150.00	4.58814e-17
9152.00	4.18096e-17
9154.00	4.51981e-17
9156.00	5.05391e-17
9158.00	4.7648e-17
9160.00	4.61816e-17
9162.00	4.58942e-17
9164.00	4.67286e-17
9166.00	4.75853e-17
9168.00	4.65215e-17
9170.00	4.4107e-17
9172.00	4.39024e-17
9174.00	4.56632e-17
9176.00	4.44164e-17
9178.00	4.40263e-17
9180.00	4.38903e-17
9182.00	4.53232e-17
9184.00	4.57048e-17
9186.00	4.44632e-17
9188.00	4.37195e-17
9190.00	4.22577e-17
9192.00	4.36533e-17
9194.00	4.47408e-17
9196.00	4.42314e-17
9198.00	4.40705e-17
9200.00	4.47052e-17
9202.00	4.51262e-17
9204.00	4.39805e-17
9206.00	4.52111e-17
9208.00	4.39865e-17
9210.00	4.32472e-17
9212.00	4.37102e-17
9214.00	4.21379e-17
9216.00	4.59306e-17
9218.00	4.71179e-17
9220.00	4.52805e-17
9222.00	4.62434e-17
9224.00	4.34186e-17
9226.00	4.29694e-17
9228.00	4.60218e-17
9230.00	4.64514e-17
9232.00	4.33188e-17
9234.00	4.22138e-17
9236.00	4.40927e-17
9238.00	4.36985e-17
9240.00	4.3231e-17
9242.00	4.35469e-17
9244.00	4.17375e-17
9246.00	4.19806e-17
9248.00	4.32957e-17
9250.00	4.1253e-17
9252.00	3.97607e-17
9254.00	3.97661e-17
9256.00	3.69163e-17
9258.00	4.31809e-17
9260.00	4.16277e-17
9262.00	3.99078e-17
9264.00	3.90791e-17
9266.00	4.05591e-17
9268.00	4.1583e-17
9270.00	4.2292e-17
9272.00	3.97918e-17
9274.00	3.9212e-17
9276.00	3.87954e-17
9278.00	3.77828e-17
9280.00	4.1939e-17
9282.00	4.05382e-17
9284.00	3.89373e-17
9286.00	4.00159e-17
9288.00	4.14237e-17
9290.00	3.84039e-17
9292.00	3.72351e-17
9294.00	3.96321e-17
9296.00	4.09228e-17
9298.00	3.67149e-17
9300.00	3.68493e-17
9302.00	3.87461e-17
9304.00	4.11663e-17
9306.00	3.63038e-17
9308.00	3.28606e-17
9310.00	3.3873e-17
9312.00	3.62959e-17
9314.00	3.132e-17
9316.00	3.74525e-17
9318.00	4.31275e-17
9320.00	3.73128e-17
9322.00	4.09496e-17
9324.00	3.89892e-17
9326.00	3.55726e-17
9328.00	3.59705e-17
9330.00	3.5244e-17
