4260.00	1.14293e-16
4261.00	1.19989e-16
4262.00	1.31549e-16
4263.00	1.35716e-16
4264.00	1.42883e-16
4265.00	9.91639e-17
4266.00	5.46078e-17
4267.00	8.85076e-17
4268.00	1.01457e-16
4269.00	1.30942e-16
4270.00	1.20903e-16
4271.00	9.51347e-17
4272.00	1.56551e-16
4273.00	1.43567e-16
4274.00	1.1195e-16
4275.00	1.17576e-16
4276.00	1.03433e-16
4277.00	9.99494e-17
4278.00	9.22787e-17
4279.00	1.06272e-16
4280.00	8.48653e-17
4281.00	9.24749e-17
4282.00	9.12045e-17
4283.00	1.33812e-16
4284.00	1.07229e-16
4285.00	1.01078e-16
4286.00	1.22467e-16
4287.00	1.50934e-16
4288.00	1.02137e-16
4289.00	1.64583e-16
4290.00	8.28741e-17
4291.00	4.79535e-17
4292.00	9.87214e-17
4293.00	8.17008e-17
4294.00	8.77606e-17
4295.00	1.04495e-16
4296.00	1.10103e-16
4297.00	7.9912e-17
4298.00	1.1613e-16
4299.00	1.27583e-16
4300.00	1.30168e-16
4301.00	1.1569e-16
4302.00	1.12483e-16
4303.00	1.20269e-16
4304.00	1.08342e-16
4305.00	1.14074e-16
4306.00	1.36778e-16
4307.00	9.5013e-17
4308.00	1.06691e-16
4309.00	5.89329e-17
4310.00	9.92109e-17
4311.00	1.11165e-16
4312.00	9.84306e-17
4313.00	1.44045e-16
4314.00	1.1345e-16
4315.00	1.05106e-16
4316.00	7.52008e-17
4317.00	8.55576e-17
4318.00	1.02706e-16
4319.00	1.05112e-16
4320.00	8.18768e-17
4321.00	9.45434e-17
4322.00	1.0913e-16
4323.00	1.03676e-16
4324.00	1.31737e-16
4325.00	1.19397e-16
4326.00	1.35617e-16
4327.00	1.22823e-16
4328.00	1.13154e-16
4329.00	9.28417e-17
4330.00	1.18728e-16
4331.00	8.95733e-17
4332.00	1.15479e-16
4333.00	1.01412e-16
4334.00	9.68325e-17
4335.00	9.56737e-17
4336.00	9.8773e-17
4337.00	1.01872e-16
4338.00	1.04972e-16
4339.00	1.08071e-16
4340.00	1.1117e-16
4341.00	1.1117e-16
4342.00	1.04494e-16
4343.00	1.10346e-16
4344.00	8.07195e-17
4345.00	1.31982e-16
4346.00	1.14132e-16
4347.00	1.0213e-16
4348.00	1.07441e-16
4349.00	9.64643e-17
4350.00	7.89385e-17
4351.00	1.07762e-16
4352.00	1.0666e-16
4353.00	1.23425e-16
4354.00	1.13045e-16
4355.00	1.12412e-16
4356.00	1.02692e-16
4357.00	1.15295e-16
4358.00	7.8525e-17
4359.00	8.87373e-17
4360.00	1.15641e-16
4361.00	8.70719e-17
4362.00	1.11181e-16
4363.00	1.32757e-16
4364.00	7.74567e-17
4365.00	1.00959e-16
4366.00	1.05881e-16
4367.00	9.47059e-17
4368.00	9.77556e-17
4369.00	1.19679e-16
4370.00	1.23439e-16
4371.00	1.32733e-16
4372.00	1.48315e-16
4373.00	9.67985e-17
4374.00	1.10698e-16
4375.00	1.2657e-16
4376.00	1.25966e-16
4377.00	9.65969e-17
4378.00	1.17477e-16
4379.00	1.08328e-16
4380.00	9.88431e-17
4381.00	9.44425e-17
4382.00	8.71548e-17
4383.00	8.49584e-17
4384.00	1.03026e-16
4385.00	6.87752e-17
4386.00	1.38173e-16
4387.00	1.06936e-16
4388.00	1.06585e-16
4389.00	1.11441e-16
4390.00	1.01988e-16
4391.00	1.00044e-16
4392.00	9.89038e-17
4393.00	9.32615e-17
4394.00	1.16342e-16
4395.00	9.98318e-17
4396.00	8.86299e-17
4397.00	1.34569e-16
4398.00	9.39751e-17
4399.00	9.42871e-17
4400.00	9.49737e-17
4401.00	1.16246e-16
4402.00	1.19837e-16
4403.00	9.96926e-17
4404.00	1.00028e-16
4405.00	6.15179e-17
4406.00	1.21198e-16
4407.00	1.03137e-16
4408.00	1.25837e-16
4409.00	1.37492e-16
4410.00	9.76215e-17
4411.00	9.76287e-17
4412.00	1.18847e-16
4413.00	1.01878e-16
4414.00	1.0225e-16
4415.00	1.17894e-16
4416.00	8.15259e-17
4417.00	1.07549e-16
4418.00	9.01801e-17
4419.00	1.21096e-16
4420.00	8.60453e-17
4421.00	9.34334e-17
4422.00	1.13868e-16
4423.00	7.40009e-17
4424.00	9.84875e-17
4425.00	8.88627e-17
4426.00	7.26371e-17
4427.00	1.03765e-16
4428.00	1.06484e-16
4429.00	9.6642e-17
4430.00	1.02912e-16
4431.00	1.14644e-16
4432.00	9.69648e-17
4433.00	1.27094e-16
4434.00	1.38023e-16
4435.00	1.08428e-16
4436.00	7.06963e-17
4437.00	1.06254e-16
4438.00	9.93765e-17
4439.00	1.01306e-16
4440.00	9.01017e-17
4441.00	9.95641e-17
4442.00	1.24211e-16
4443.00	1.05806e-16
4444.00	9.35342e-17
4445.00	9.15353e-17
4446.00	1.23688e-16
4447.00	1.05876e-16
4448.00	9.64628e-17
4449.00	7.42431e-17
4450.00	8.36109e-17
4451.00	1.08982e-16
4452.00	9.77504e-17
4453.00	1.04094e-16
4454.00	8.58487e-17
4455.00	7.21888e-17
4456.00	1.00098e-16
4457.00	1.00356e-16
4458.00	8.81571e-17
4459.00	9.84095e-17
4460.00	1.11894e-16
4461.00	1.00294e-16
4462.00	1.28213e-16
4463.00	8.44954e-17
4464.00	1.09958e-16
4465.00	1.15811e-16
4466.00	1.28578e-16
4467.00	9.47116e-17
4468.00	1.00951e-16
4469.00	8.85948e-17
4470.00	9.59234e-17
4471.00	9.95636e-17
4472.00	1.06474e-16
4473.00	9.95703e-17
4474.00	7.64288e-17
4475.00	9.11505e-17
4476.00	9.76561e-17
4477.00	1.15912e-16
4478.00	9.7769e-17
4479.00	8.28962e-17
4480.00	1.25774e-16
4481.00	1.01207e-16
4482.00	1.10033e-16
4483.00	9.68639e-17
4484.00	6.92822e-17
4485.00	1.10906e-16
4486.00	1.04494e-16
4487.00	1.09504e-16
4488.00	1.03094e-16
4489.00	7.42098e-17
4490.00	8.752e-17
4491.00	1.06519e-16
4492.00	1.08761e-16
4493.00	8.84879e-17
4494.00	9.66649e-17
4495.00	6.64874e-17
4496.00	9.28533e-17
4497.00	1.1871e-16
4498.00	1.05874e-16
4499.00	8.36474e-17
4500.00	1.20362e-16
4501.00	1.15906e-16
4502.00	9.67275e-17
4503.00	8.73172e-17
4504.00	8.72857e-17
4505.00	1.28918e-16
4506.00	1.04326e-16
4507.00	9.44463e-17
4508.00	1.07308e-16
4509.00	8.05329e-17
4510.00	1.03267e-16
4511.00	9.09496e-17
4512.00	1.07443e-16
4513.00	1.16698e-16
4514.00	1.05918e-16
4515.00	1.16126e-16
4516.00	9.96603e-17
4517.00	9.43804e-17
4518.00	9.62129e-17
4519.00	7.41481e-17
4520.00	9.78683e-17
4521.00	9.69737e-17
4522.00	1.10529e-16
4523.00	8.34193e-17
4524.00	7.12261e-17
4525.00	9.77393e-17
4526.00	1.19664e-16
4527.00	8.95496e-17
4528.00	1.01951e-16
4529.00	8.10676e-17
4530.00	8.10676e-17
4531.00	9.28503e-17
4532.00	8.50113e-17
4533.00	8.44675e-17
4534.00	7.29796e-17
4535.00	1.01676e-16
4536.00	1.31558e-16
4537.00	1.13771e-16
4538.00	1.15516e-16
4539.00	1.1295e-16
4540.00	9.71441e-17
4541.00	1.07317e-16
4542.00	1.12409e-16
4543.00	1.05768e-16
4544.00	9.9181e-17
4545.00	1.16458e-16
4546.00	9.95952e-17
4547.00	1.09562e-16
4548.00	1.34332e-16
4549.00	1.01291e-16
4550.00	9.82095e-17
4551.00	9.95588e-17
4552.00	1.02689e-16
4553.00	9.10721e-17
4554.00	9.69508e-17
4555.00	9.27514e-17
4556.00	1.06771e-16
4557.00	1.29455e-16
4558.00	1.14692e-16
4559.00	1.04746e-16
4560.00	1.02278e-16
4561.00	1.16458e-16
4562.00	1.21205e-16
4563.00	1.44918e-16
4564.00	1.26869e-16
4565.00	1.11227e-16
4566.00	1.14157e-16
4567.00	1.11447e-16
4568.00	1.20754e-16
4569.00	1.28183e-16
4570.00	1.04696e-16
4571.00	9.16036e-17
4572.00	1.00233e-16
4573.00	1.08936e-16
4574.00	9.78162e-17
4575.00	1.08391e-16
4576.00	1.00849e-16
4577.00	1.07615e-16
4578.00	9.24119e-17
4579.00	9.24058e-17
4580.00	1.02292e-16
4581.00	9.55897e-17
4582.00	7.51232e-17
4583.00	1.08398e-16
4584.00	1.1594e-16
4585.00	1.07197e-16
4586.00	8.49166e-17
4587.00	1.13609e-16
4588.00	1.24486e-16
4589.00	1.17671e-16
4590.00	1.05486e-16
4591.00	1.08468e-16
4592.00	9.10957e-17
4593.00	9.16118e-17
4594.00	1.16638e-16
4595.00	1.07622e-16
4596.00	1.09435e-16
4597.00	1.00118e-16
4598.00	1.27563e-16
4599.00	1.18569e-16
4600.00	1.09052e-16
4601.00	9.53511e-17
4602.00	1.05431e-16
4603.00	9.8596e-17
4604.00	8.16626e-17
4605.00	1.08742e-16
4606.00	1.27628e-16
4607.00	1.19804e-16
4608.00	1.22694e-16
4609.00	1.35258e-16
4610.00	1.13495e-16
4611.00	1.27026e-16
4612.00	1.27561e-16
4613.00	1.13531e-16
4614.00	9.9572e-17
4615.00	1.1001e-16
4616.00	1.19864e-16
4617.00	1.10323e-16
4618.00	1.30278e-16
4619.00	9.71035e-17
4620.00	8.98987e-17
4621.00	1.13909e-16
4622.00	8.62394e-17
4623.00	9.69728e-17
4624.00	9.7694e-17
4625.00	9.15341e-17
4626.00	7.98522e-17
4627.00	8.1044e-17
4628.00	7.14601e-17
4629.00	9.02981e-17
4630.00	1.13716e-16
4631.00	1.4101e-16
4632.00	1.1802e-16
4633.00	1.19775e-16
4634.00	1.26035e-16
4635.00	9.23237e-17
4636.00	1.04266e-16
4637.00	1.15152e-16
4638.00	7.50476e-17
4639.00	8.62989e-17
4640.00	1.03978e-16
4641.00	1.13893e-16
4642.00	9.41866e-17
4643.00	1.02955e-16
4644.00	1.10179e-16
4645.00	1.13322e-16
4646.00	9.78109e-17
4647.00	8.4839e-17
4648.00	1.13908e-16
4649.00	9.36439e-17
4650.00	9.68084e-17
4651.00	1.13161e-16
4652.00	1.14804e-16
4653.00	1.16565e-16
4654.00	8.88573e-17
4655.00	1.15697e-16
4656.00	9.07113e-17
4657.00	9.42009e-17
4658.00	9.80165e-17
4659.00	9.53523e-17
4660.00	1.03814e-16
4661.00	8.59061e-17
4662.00	1.0494e-16
4663.00	1.02244e-16
4664.00	1.06284e-16
4665.00	9.76311e-17
4666.00	8.95883e-17
4667.00	1.14145e-16
4668.00	1.04881e-16
4669.00	9.81387e-17
4670.00	1.1149e-16
4671.00	1.03228e-16
4672.00	8.62386e-17
4673.00	9.86111e-17
4674.00	7.94202e-17
4675.00	9.40826e-17
4676.00	8.39884e-17
4677.00	7.67454e-17
4678.00	1.09556e-16
4679.00	1.00179e-16
4680.00	1.05536e-16
4681.00	1.03279e-16
4682.00	1.00181e-16
4683.00	1.05662e-16
4684.00	1.15858e-16
4685.00	1.01162e-16
4686.00	9.27692e-17
4687.00	9.31696e-17
4688.00	8.4712e-17
4689.00	9.72426e-17
4690.00	9.31313e-17
4691.00	9.79719e-17
4692.00	9.77269e-17
4693.00	1.17216e-16
4694.00	8.86799e-17
4695.00	9.08634e-17
4696.00	1.01199e-16
4697.00	1.10586e-16
4698.00	1.24208e-16
4699.00	1.00652e-16
4700.00	1.02479e-16
4701.00	9.3768e-17
4702.00	9.26733e-17
4703.00	1.15778e-16
4704.00	8.79907e-17
4705.00	9.99723e-17
4706.00	9.42661e-17
4707.00	9.91125e-17
4708.00	1.11513e-16
4709.00	8.69744e-17
4710.00	9.35384e-17
4711.00	1.09764e-16
4712.00	1.08006e-16
4713.00	1.21761e-16
4714.00	1.00833e-16
4715.00	1.11651e-16
4716.00	1.2675e-16
4717.00	1.13777e-16
4718.00	9.94462e-17
4719.00	1.23671e-16
4720.00	9.81887e-17
4721.00	9.43596e-17
4722.00	8.85184e-17
4723.00	8.71172e-17
4724.00	1.13673e-16
4725.00	1.21813e-16
4726.00	9.7462e-17
4727.00	1.07183e-16
4728.00	1.3119e-16
4729.00	9.8629e-17
4730.00	1.26432e-16
4731.00	9.51833e-17
4732.00	9.42896e-17
4733.00	1.05195e-16
4734.00	8.53234e-17
4735.00	9.5278e-17
4736.00	9.11178e-17
4737.00	1.06038e-16
4738.00	1.12206e-16
4739.00	1.18874e-16
4740.00	1.10698e-16
4741.00	1.10881e-16
4742.00	1.17389e-16
4743.00	1.22627e-16
4744.00	1.26519e-16
4745.00	1.13459e-16
4746.00	1.06823e-16
4747.00	1.02929e-16
4748.00	1.17007e-16
4749.00	1.20588e-16
4750.00	1.16782e-16
4751.00	1.13529e-16
4752.00	1.00633e-16
4753.00	8.0413e-17
4754.00	1.00048e-16
4755.00	9.66484e-17
4756.00	1.10833e-16
4757.00	1.42443e-16
4758.00	1.37117e-16
4759.00	1.24187e-16
4760.00	1.17416e-16
4761.00	1.1579e-16
4762.00	1.18223e-16
4763.00	1.19359e-16
4764.00	1.06189e-16
4765.00	1.21401e-16
4766.00	1.2019e-16
4767.00	1.22898e-16
4768.00	1.27233e-16
4769.00	1.09729e-16
4770.00	1.16057e-16
4771.00	1.30387e-16
4772.00	1.12676e-16
4773.00	1.17504e-16
4774.00	1.19025e-16
4775.00	1.11917e-16
4776.00	1.22933e-16
4777.00	1.11973e-16
4778.00	1.14195e-16
4779.00	1.47342e-16
4780.00	1.41149e-16
4781.00	1.125e-16
4782.00	1.06657e-16
4783.00	1.34541e-16
4784.00	1.21477e-16
4785.00	1.20125e-16
4786.00	1.33391e-16
4787.00	1.16325e-16
4788.00	1.34717e-16
4789.00	1.31126e-16
4790.00	1.43197e-16
4791.00	1.36046e-16
4792.00	1.26475e-16
4793.00	1.2598e-16
4794.00	1.03242e-16
4795.00	1.30025e-16
4796.00	1.39707e-16
4797.00	1.41466e-16
4798.00	1.53228e-16
4799.00	1.46922e-16
4800.00	1.50537e-16
4801.00	1.34932e-16
4802.00	1.24778e-16
4803.00	1.24247e-16
4804.00	1.43852e-16
4805.00	1.35809e-16
4806.00	1.43882e-16
4807.00	1.32834e-16
4808.00	1.16081e-16
4809.00	1.29621e-16
4810.00	1.25158e-16
4811.00	1.25438e-16
4812.00	1.23768e-16
4813.00	1.35745e-16
4814.00	1.3262e-16
4815.00	1.37491e-16
4816.00	1.30459e-16
4817.00	1.08748e-16
4818.00	1.29851e-16
4819.00	1.26421e-16
4820.00	1.45067e-16
4821.00	1.46538e-16
4822.00	1.62239e-16
4823.00	1.4349e-16
4824.00	1.40276e-16
4825.00	1.39864e-16
4826.00	1.50785e-16
4827.00	1.30539e-16
4828.00	1.29371e-16
4829.00	1.5703e-16
4830.00	1.4053e-16
4831.00	1.38321e-16
4832.00	1.518e-16
4833.00	1.50179e-16
4834.00	1.46458e-16
4835.00	1.28193e-16
4836.00	1.46119e-16
4837.00	1.38044e-16
4838.00	1.47272e-16
4839.00	1.48333e-16
4840.00	1.32999e-16
4841.00	1.41145e-16
4842.00	1.38535e-16
4843.00	1.25997e-16
4844.00	1.5509e-16
4845.00	1.20279e-16
4846.00	1.50374e-16
4847.00	1.28077e-16
4848.00	1.2663e-16
4849.00	1.4537e-16
4850.00	1.38332e-16
4851.00	1.46178e-16
4852.00	1.4827e-16
4853.00	1.3157e-16
4854.00	1.46732e-16
4855.00	1.5364e-16
4856.00	1.56315e-16
4857.00	1.52705e-16
4858.00	1.5538e-16
4859.00	1.56631e-16
4860.00	1.21368e-16
4861.00	1.43668e-16
4862.00	1.53966e-16
4863.00	1.47904e-16
4864.00	1.41168e-16
4865.00	1.37988e-16
4866.00	1.26502e-16
4867.00	1.46815e-16
4868.00	1.42642e-16
4869.00	1.54836e-16
4870.00	1.54156e-16
4871.00	1.68108e-16
4872.00	1.27204e-16
4873.00	1.45999e-16
4874.00	1.52527e-16
4875.00	1.50204e-16
4876.00	1.30537e-16
4877.00	1.40306e-16
4878.00	1.55778e-16
4879.00	1.44982e-16
4880.00	1.47519e-16
4881.00	1.65126e-16
4882.00	1.59172e-16
4883.00	1.5181e-16
4884.00	1.39153e-16
4885.00	1.58022e-16
4886.00	1.32992e-16
4887.00	1.18107e-16
4888.00	1.06851e-16
4889.00	1.23035e-16
4890.00	1.27211e-16
4891.00	1.29977e-16
4892.00	1.43765e-16
4893.00	1.54559e-16
4894.00	1.46937e-16
4895.00	1.24975e-16
4896.00	1.08327e-16
4897.00	1.30438e-16
4898.00	1.28378e-16
4899.00	1.28914e-16
4900.00	1.26198e-16
4901.00	1.19274e-16
4902.00	1.39434e-16
4903.00	1.3517e-16
4904.00	1.39076e-16
4905.00	1.27164e-16
4906.00	1.3572e-16
4907.00	1.37854e-16
4908.00	1.30835e-16
4909.00	1.32478e-16
4910.00	1.45754e-16
4911.00	1.29702e-16
4912.00	1.41443e-16
4913.00	1.26871e-16
4914.00	1.34797e-16
4915.00	1.21633e-16
4916.00	1.25765e-16
4917.00	1.2717e-16
4918.00	1.22973e-16
4919.00	1.37664e-16
4920.00	1.47678e-16
4921.00	1.46517e-16
4922.00	1.37962e-16
4923.00	1.40674e-16
4924.00	1.27158e-16
4925.00	1.23186e-16
4926.00	1.26702e-16
4927.00	1.43908e-16
4928.00	1.27479e-16
4929.00	1.30761e-16
4930.00	1.20517e-16
4931.00	1.12207e-16
4932.00	1.36383e-16
4933.00	1.37892e-16
4934.00	1.28891e-16
4935.00	1.2854e-16
4936.00	1.21074e-16
4937.00	1.14079e-16
4938.00	1.30486e-16
4939.00	1.25215e-16
4940.00	1.11155e-16
4941.00	1.19274e-16
4942.00	1.11023e-16
4943.00	1.27156e-16
4944.00	1.19934e-16
4945.00	1.1994e-16
4946.00	1.0432e-16
4947.00	1.06162e-16
4948.00	9.94146e-17
4949.00	1.14483e-16
4950.00	1.34928e-16
4951.00	1.26455e-16
4952.00	1.10259e-16
4953.00	1.10073e-16
4954.00	1.13647e-16
4955.00	1.16414e-16
4956.00	1.54723e-16
4957.00	1.41292e-16
4958.00	1.09637e-16
4959.00	1.07907e-16
4960.00	1.20735e-16
4961.00	1.05712e-16
4962.00	1.08694e-16
4963.00	1.17693e-16
4964.00	9.65606e-17
4965.00	1.21326e-16
4966.00	1.0237e-16
4967.00	1.07778e-16
4968.00	1.21752e-16
4969.00	1.25762e-16
4970.00	1.14123e-16
4971.00	1.08498e-16
4972.00	1.14604e-16
4973.00	1.10177e-16
4974.00	1.00982e-16
4975.00	1.20175e-16
4976.00	1.22272e-16
4977.00	9.90752e-17
4978.00	1.11007e-16
4979.00	1.32315e-16
4980.00	1.26827e-16
4981.00	1.11008e-16
4982.00	9.93069e-17
4983.00	1.15293e-16
4984.00	9.83038e-17
4985.00	1.06409e-16
4986.00	9.57315e-17
4987.00	1.22636e-16
4988.00	1.16019e-16
4989.00	1.23166e-16
4990.00	8.96866e-17
4991.00	1.11277e-16
4992.00	1.01559e-16
4993.00	9.39513e-17
4994.00	1.22696e-16
4995.00	1.2604e-16
4996.00	1.05346e-16
4997.00	9.65103e-17
4998.00	9.00803e-17
4999.00	1.01875e-16
5000.00	1.0599e-16
5001.00	1.09425e-16
5002.00	1.0139e-16
5003.00	8.64237e-17
5004.00	1.00761e-16
5005.00	9.26488e-17
5006.00	9.64018e-17
5007.00	1.02785e-16
5008.00	1.02417e-16
5009.00	1.18949e-16
5010.00	1.11213e-16
5011.00	1.07436e-16
5012.00	1.06541e-16
5013.00	1.22056e-16
5014.00	1.11937e-16
5015.00	9.27763e-17
5016.00	1.00593e-16
5017.00	1.1515e-16
5018.00	1.1283e-16
5019.00	1.11877e-16
5020.00	1.01033e-16
5021.00	1.01363e-16
5022.00	1.10161e-16
5023.00	1.03075e-16
5024.00	1.04843e-16
5025.00	1.12547e-16
5026.00	1.1199e-16
5027.00	1.06135e-16
5028.00	1.1369e-16
5029.00	1.1061e-16
5030.00	1.12147e-16
5031.00	1.0844e-16
5032.00	9.44062e-17
5033.00	1.03513e-16
5034.00	1.01662e-16
5035.00	1.03614e-16
5036.00	1.21939e-16
5037.00	1.20839e-16
5038.00	9.6436e-17
5039.00	1.08335e-16
5040.00	1.00066e-16
5041.00	1.11195e-16
5042.00	1.12652e-16
5043.00	1.02268e-16
5044.00	9.62587e-17
5045.00	1.03915e-16
5046.00	9.90561e-17
5047.00	1.11108e-16
5048.00	1.0548e-16
5049.00	1.15636e-16
5050.00	1.19672e-16
5051.00	1.0317e-16
5052.00	9.91566e-17
5053.00	1.19278e-16
5054.00	1.15716e-16
5055.00	1.09974e-16
5056.00	9.70697e-17
5057.00	1.0436e-16
5058.00	1.1663e-16
5059.00	1.03366e-16
5060.00	1.14759e-16
5061.00	1.27281e-16
5062.00	1.01516e-16
5063.00	1.06006e-16
5064.00	9.2388e-17
5065.00	1.01693e-16
5066.00	9.97195e-17
5067.00	1.07562e-16
5068.00	9.70077e-17
5069.00	1.01982e-16
5070.00	1.16619e-16
5071.00	1.13115e-16
5072.00	1.10012e-16
5073.00	1.06004e-16
5074.00	1.17551e-16
5075.00	1.23781e-16
5076.00	1.07562e-16
5077.00	1.05372e-16
5078.00	1.02083e-16
5079.00	9.46315e-17
5080.00	9.47698e-17
5081.00	9.98566e-17
5082.00	1.0252e-16
5083.00	1.00888e-16
5084.00	1.16963e-16
5085.00	1.02115e-16
5086.00	1.00405e-16
5087.00	1.1102e-16
5088.00	1.10024e-16
5089.00	1.10891e-16
5090.00	1.02594e-16
5091.00	1.05078e-16
5092.00	1.1916e-16
5093.00	1.20894e-16
5094.00	1.08296e-16
5095.00	1.10069e-16
5096.00	1.10158e-16
5097.00	1.1996e-16
5098.00	1.08559e-16
5099.00	1.03178e-16
5100.00	1.20645e-16
5101.00	1.11927e-16
5102.00	1.16282e-16
5103.00	1.08205e-16
5104.00	1.23677e-16
5105.00	1.11108e-16
5106.00	1.14248e-16
5107.00	1.18802e-16
5108.00	1.11808e-16
5109.00	1.11604e-16
5110.00	9.9402e-17
5111.00	1.05277e-16
5112.00	1.26497e-16
5113.00	1.16811e-16
5114.00	1.06627e-16
5115.00	1.13721e-16
5116.00	1.20815e-16
5117.00	1.20815e-16
5118.00	1.16356e-16
5119.00	1.20933e-16
5120.00	1.18514e-16
5121.00	1.0749e-16
5122.00	1.21656e-16
5123.00	1.13921e-16
5124.00	1.2256e-16
5125.00	1.20172e-16
5126.00	1.17707e-16
5127.00	1.29274e-16
5128.00	1.15832e-16
5129.00	1.3024e-16
5130.00	1.22774e-16
5131.00	1.15234e-16
5132.00	1.15358e-16
5133.00	1.18265e-16
5134.00	1.26662e-16
5135.00	1.17094e-16
5136.00	1.07492e-16
5137.00	1.12196e-16
5138.00	1.22464e-16
5139.00	1.37435e-16
5140.00	1.33603e-16
5141.00	1.31437e-16
5142.00	1.20209e-16
5143.00	1.3297e-16
5144.00	1.12714e-16
5145.00	1.09299e-16
5146.00	1.20962e-16
5147.00	1.15626e-16
5148.00	1.15362e-16
5149.00	1.12213e-16
5150.00	1.20453e-16
5151.00	1.17154e-16
5152.00	1.21021e-16
5153.00	1.3053e-16
5154.00	1.23835e-16
5155.00	1.187e-16
5156.00	1.02978e-16
5157.00	1.37672e-16
5158.00	1.19393e-16
5159.00	1.28004e-16
5160.00	1.20751e-16
5161.00	1.24185e-16
5162.00	1.3579e-16
5163.00	1.17521e-16
5164.00	1.23257e-16
5165.00	1.17131e-16
5166.00	1.27718e-16
5167.00	1.23396e-16
5168.00	1.31192e-16
5169.00	1.37634e-16
5170.00	1.37769e-16
5171.00	1.24275e-16
5172.00	1.21146e-16
5173.00	1.12462e-16
5174.00	1.22201e-16
5175.00	1.26921e-16
5176.00	1.17337e-16
5177.00	1.28045e-16
5178.00	1.24849e-16
5179.00	1.37112e-16
5180.00	1.31996e-16
5181.00	1.24201e-16
5182.00	1.13123e-16
5183.00	1.24126e-16
5184.00	1.21569e-16
5185.00	1.22571e-16
5186.00	1.48618e-16
5187.00	1.3451e-16
5188.00	1.07904e-16
5189.00	1.2695e-16
5190.00	1.22681e-16
5191.00	1.39257e-16
5192.00	1.28794e-16
5193.00	1.29707e-16
5194.00	1.34062e-16
5195.00	1.24943e-16
5196.00	1.18965e-16
5197.00	1.1224e-16
5198.00	1.38208e-16
5199.00	1.20736e-16
5200.00	1.24913e-16
5201.00	1.10281e-16
5202.00	1.17481e-16
5203.00	1.02095e-16
5204.00	1.24231e-16
5205.00	1.19643e-16
5206.00	1.31277e-16
5207.00	1.45572e-16
5208.00	1.20258e-16
5209.00	1.21728e-16
5210.00	1.1921e-16
5211.00	1.1101e-16
5212.00	1.26453e-16
5213.00	1.23385e-16
5214.00	1.28671e-16
5215.00	1.25638e-16
5216.00	1.25278e-16
5217.00	1.18501e-16
5218.00	1.28291e-16
5219.00	1.20416e-16
5220.00	1.23109e-16
5221.00	1.09948e-16
5222.00	1.14888e-16
5223.00	1.2613e-16
5224.00	1.24567e-16
5225.00	1.25117e-16
5226.00	1.24986e-16
5227.00	1.33647e-16
5228.00	1.20997e-16
5229.00	1.11563e-16
5230.00	1.09499e-16
5231.00	1.28868e-16
5232.00	1.17129e-16
5233.00	1.10948e-16
5234.00	1.26835e-16
5235.00	1.24747e-16
5236.00	1.14112e-16
5237.00	1.12143e-16
5238.00	1.14768e-16
5239.00	1.0863e-16
5240.00	1.05055e-16
5241.00	1.23176e-16
5242.00	1.21143e-16
5243.00	1.20642e-16
5244.00	1.21689e-16
5245.00	1.26204e-16
5246.00	1.23862e-16
5247.00	1.20772e-16
5248.00	1.21709e-16
5249.00	1.29628e-16
5250.00	1.22142e-16
5251.00	1.1896e-16
5252.00	1.14694e-16
5253.00	1.2617e-16
5254.00	1.20506e-16
5255.00	1.11517e-16
5256.00	1.12936e-16
5257.00	1.23261e-16
5258.00	1.14465e-16
5259.00	1.15731e-16
5260.00	1.09135e-16
5261.00	1.14787e-16
5262.00	9.69772e-17
5263.00	1.1234e-16
5264.00	1.16661e-16
5265.00	1.11917e-16
5266.00	1.06589e-16
5267.00	1.10595e-16
5268.00	1.10674e-16
5269.00	1.13998e-16
5270.00	1.07809e-16
5271.00	1.14252e-16
5272.00	1.24462e-16
5273.00	1.04301e-16
5274.00	1.16332e-16
5275.00	1.09785e-16
5276.00	1.08291e-16
5277.00	1.182e-16
5278.00	1.21464e-16
5279.00	1.22392e-16
5280.00	1.18544e-16
5281.00	1.12584e-16
5282.00	1.14691e-16
5283.00	1.14333e-16
5284.00	1.16902e-16
5285.00	1.14124e-16
5286.00	1.05455e-16
5287.00	9.85468e-17
5288.00	9.93573e-17
5289.00	1.07493e-16
5290.00	1.02325e-16
5291.00	1.09252e-16
5292.00	1.23962e-16
5293.00	1.14495e-16
5294.00	1.08341e-16
5295.00	1.11922e-16
5296.00	1.09292e-16
5297.00	1.07248e-16
5298.00	1.11681e-16
5299.00	1.13424e-16
5300.00	1.10143e-16
5301.00	1.05177e-16
5302.00	1.12794e-16
5303.00	1.11316e-16
5304.00	9.85685e-17
5305.00	1.12217e-16
5306.00	1.04137e-16
5307.00	9.60284e-17
5308.00	1.10651e-16
5309.00	1.10533e-16
5310.00	9.54574e-17
5311.00	9.38788e-17
5312.00	1.08854e-16
5313.00	1.08028e-16
5314.00	9.75715e-17
5315.00	1.06995e-16
5316.00	1.03588e-16
5317.00	9.6188e-17
5318.00	1.02239e-16
5319.00	1.15982e-16
5320.00	1.115e-16
5321.00	1.00889e-16
5322.00	9.38288e-17
5323.00	9.88127e-17
5324.00	1.0729e-16
5325.00	1.16544e-16
5326.00	1.02402e-16
5327.00	1.08375e-16
5328.00	1.20343e-16
5329.00	1.03332e-16
5330.00	9.76113e-17
5331.00	1.14575e-16
5332.00	9.27436e-17
5333.00	9.3048e-17
5334.00	9.56785e-17
5335.00	9.88208e-17
5336.00	9.63455e-17
5337.00	1.00102e-16
5338.00	1.22962e-16
5339.00	1.0668e-16
5340.00	1.10225e-16
5341.00	1.09878e-16
5342.00	1.007e-16
5343.00	1.05181e-16
5344.00	1.0764e-16
5345.00	9.82125e-17
5346.00	9.65934e-17
5347.00	9.75017e-17
5348.00	1.09915e-16
5349.00	1.05124e-16
5350.00	1.10341e-16
5351.00	1.05944e-16
5352.00	1.05799e-16
5353.00	1.01369e-16
5354.00	1.01293e-16
5355.00	1.02738e-16
5356.00	1.21079e-16
5357.00	1.0287e-16
5358.00	1.06766e-16
5359.00	9.66942e-17
5360.00	1.14835e-16
5361.00	1.11798e-16
5362.00	9.77661e-17
5363.00	1.00055e-16
5364.00	1.03855e-16
5365.00	1.16845e-16
5366.00	9.86478e-17
5367.00	1.03805e-16
5368.00	1.03599e-16
5369.00	9.20193e-17
5370.00	8.95514e-17
5371.00	1.04896e-16
5372.00	1.08408e-16
5373.00	1.19124e-16
5374.00	1.01348e-16
5375.00	1.11441e-16
5376.00	1.11063e-16
5377.00	1.14247e-16
5378.00	1.16942e-16
5379.00	1.04393e-16
5380.00	1.12206e-16
5381.00	1.08932e-16
5382.00	9.558e-17
5383.00	9.73194e-17
5384.00	1.05958e-16
5385.00	1.01171e-16
5386.00	1.14401e-16
5387.00	9.62292e-17
5388.00	1.14987e-16
5389.00	1.0109e-16
5390.00	1.01783e-16
5391.00	9.75501e-17
5392.00	1.01366e-16
5393.00	9.44341e-17
5394.00	1.11372e-16
5395.00	1.04679e-16
5396.00	1.03853e-16
5397.00	1.11816e-16
5398.00	1.01096e-16
5399.00	1.09935e-16
5400.00	1.05326e-16
5401.00	1.0574e-16
5402.00	1.02685e-16
5403.00	1.0838e-16
5404.00	9.78967e-17
5405.00	9.29004e-17
5406.00	8.72403e-17
5407.00	1.02771e-16
5408.00	1.03508e-16
5409.00	1.05589e-16
5410.00	1.04575e-16
5411.00	1.09889e-16
5412.00	1.12927e-16
5413.00	9.99032e-17
5414.00	1.05722e-16
5415.00	1.10822e-16
5416.00	8.93986e-17
5417.00	1.08826e-16
5418.00	9.41678e-17
5419.00	9.50688e-17
5420.00	1.10949e-16
5421.00	1.09908e-16
5422.00	1.0684e-16
5423.00	1.06136e-16
5424.00	1.05296e-16
5425.00	1.0814e-16
5426.00	9.47362e-17
5427.00	1.06946e-16
5428.00	1.11322e-16
5429.00	1.10573e-16
5430.00	1.07913e-16
5431.00	1.10153e-16
5432.00	1.03662e-16
5433.00	1.12507e-16
5434.00	1.07499e-16
5435.00	1.11753e-16
5436.00	8.79993e-17
5437.00	1.02989e-16
5438.00	1.04198e-16
5439.00	1.06393e-16
5440.00	1.09152e-16
5441.00	1.02046e-16
5442.00	1.03985e-16
5443.00	1.06507e-16
5444.00	1.07127e-16
5445.00	1.14903e-16
5446.00	1.23016e-16
5447.00	1.11968e-16
5448.00	1.08044e-16
5449.00	1.15828e-16
5450.00	1.18412e-16
5451.00	1.10798e-16
5452.00	1.10652e-16
5453.00	1.14377e-16
5454.00	1.251e-16
5455.00	1.18617e-16
5456.00	1.20631e-16
5457.00	1.21769e-16
5458.00	1.2822e-16
5459.00	1.23183e-16
5460.00	1.17686e-16
5461.00	1.14359e-16
5462.00	1.12089e-16
5463.00	1.15984e-16
5464.00	1.09991e-16
5465.00	1.15612e-16
5466.00	1.17617e-16
5467.00	1.29175e-16
5468.00	1.26198e-16
5469.00	1.20865e-16
5470.00	1.27823e-16
5471.00	1.17405e-16
5472.00	1.1709e-16
5473.00	9.55885e-17
5474.00	1.28643e-16
5475.00	1.30006e-16
5476.00	1.07523e-16
5477.00	1.04148e-16
5478.00	1.07286e-16
5479.00	1.2398e-16
5480.00	1.25295e-16
5481.00	1.21323e-16
5482.00	1.09304e-16
5483.00	1.03701e-16
5484.00	1.26344e-16
5485.00	1.29135e-16
5486.00	1.12981e-16
5487.00	1.04829e-16
5488.00	1.19814e-16
5489.00	1.09955e-16
5490.00	8.81065e-17
5491.00	1.274e-16
5492.00	1.19138e-16
5493.00	1.1864e-16
5494.00	1.19782e-16
5495.00	1.29123e-16
5496.00	1.31777e-16
5497.00	1.07959e-16
5498.00	1.18022e-16
5499.00	1.24645e-16
5500.00	1.37296e-16
5501.00	1.25394e-16
5502.00	1.25057e-16
5503.00	1.24768e-16
5504.00	1.2258e-16
5505.00	1.29083e-16
5506.00	1.18766e-16
5507.00	1.19121e-16
5508.00	1.23264e-16
5509.00	1.23488e-16
5510.00	1.26868e-16
5511.00	1.33426e-16
5512.00	1.28302e-16
5513.00	1.26453e-16
5514.00	1.14675e-16
5515.00	1.21711e-16
5516.00	1.2214e-16
5517.00	1.3262e-16
5518.00	1.19929e-16
5519.00	1.28835e-16
5520.00	1.41266e-16
5521.00	1.30124e-16
5522.00	1.36248e-16
5523.00	1.17852e-16
5524.00	1.26886e-16
5525.00	1.36274e-16
5526.00	1.33924e-16
5527.00	1.28668e-16
5528.00	1.24156e-16
5529.00	1.2824e-16
5530.00	1.37914e-16
5531.00	1.34871e-16
5532.00	1.32108e-16
5533.00	1.33297e-16
5534.00	1.51035e-16
5535.00	1.32455e-16
5536.00	1.18269e-16
5537.00	1.33826e-16
5538.00	1.24246e-16
5539.00	1.3023e-16
5540.00	1.3103e-16
5541.00	1.19201e-16
5542.00	1.3589e-16
5543.00	1.37331e-16
5544.00	1.24099e-16
5545.00	1.32812e-16
5546.00	1.35052e-16
5547.00	1.20162e-16
5548.00	1.28667e-16
5549.00	1.33039e-16
5550.00	1.27764e-16
5551.00	1.41541e-16
5552.00	1.4205e-16
5553.00	1.29805e-16
5554.00	1.44045e-16
5555.00	1.33708e-16
5556.00	1.35655e-16
5557.00	1.35807e-16
5558.00	1.44463e-16
5559.00	1.31272e-16
5560.00	1.31341e-16
5561.00	1.36214e-16
5562.00	1.40259e-16
5563.00	1.40303e-16
5564.00	1.4012e-16
5565.00	1.39937e-16
5566.00	1.39754e-16
5567.00	1.39571e-16
5568.00	1.39388e-16
5569.00	1.39206e-16
5570.00	1.39023e-16
5571.00	1.3884e-16
5572.00	1.38657e-16
5573.00	1.38474e-16
5574.00	1.38291e-16
5575.00	1.38109e-16
5576.00	1.37926e-16
5577.00	1.37743e-16
5578.00	1.3756e-16
5579.00	1.37377e-16
5580.00	1.37194e-16
5581.00	1.37012e-16
5582.00	1.36829e-16
5583.00	1.36646e-16
5584.00	1.36646e-16
5585.00	1.41864e-16
5586.00	1.36238e-16
5587.00	1.2588e-16
5588.00	1.35052e-16
5589.00	1.41227e-16
5590.00	1.39346e-16
5591.00	1.37365e-16
5592.00	1.32893e-16
5593.00	1.42662e-16
5594.00	1.28592e-16
5595.00	1.2547e-16
5596.00	1.37201e-16
5597.00	1.27869e-16
5598.00	1.35168e-16
5599.00	1.34406e-16
5600.00	1.2124e-16
5601.00	1.29342e-16
5602.00	1.39578e-16
5603.00	1.29044e-16
5604.00	1.34435e-16
5605.00	1.20974e-16
5606.00	1.25869e-16
5607.00	1.36062e-16
5608.00	1.31256e-16
5609.00	1.3002e-16
5610.00	1.26771e-16
5611.00	1.42332e-16
5612.00	1.40172e-16
5613.00	1.41353e-16
5614.00	1.3679e-16
5615.00	1.33304e-16
5616.00	1.36326e-16
5617.00	1.30129e-16
5618.00	1.319e-16
5619.00	1.44308e-16
5620.00	1.25742e-16
5621.00	1.42873e-16
5622.00	1.36225e-16
5623.00	1.31042e-16
5624.00	1.34194e-16
5625.00	1.34036e-16
5626.00	1.40113e-16
5627.00	1.45505e-16
5628.00	1.447e-16
5629.00	1.29311e-16
5630.00	1.41651e-16
5631.00	1.33757e-16
5632.00	1.25499e-16
5633.00	1.51444e-16
5634.00	1.46814e-16
5635.00	1.34414e-16
5636.00	1.41851e-16
5637.00	1.3358e-16
5638.00	1.33723e-16
5639.00	1.33596e-16
5640.00	1.41882e-16
5641.00	1.39937e-16
5642.00	1.26492e-16
5643.00	1.22167e-16
5644.00	1.24184e-16
5645.00	1.31762e-16
5646.00	1.39099e-16
5647.00	1.381e-16
5648.00	1.30532e-16
5649.00	1.35514e-16
5650.00	1.29058e-16
5651.00	1.25957e-16
5652.00	1.34602e-16
5653.00	1.36431e-16
5654.00	1.35852e-16
5655.00	1.21848e-16
5656.00	1.32541e-16
5657.00	1.40219e-16
5658.00	1.3222e-16
5659.00	1.35815e-16
5660.00	1.20755e-16
5661.00	1.313e-16
5662.00	1.24956e-16
5663.00	1.29515e-16
5664.00	1.30111e-16
5665.00	1.45682e-16
5666.00	1.33521e-16
5667.00	1.22656e-16
5668.00	1.38499e-16
5669.00	1.46497e-16
5670.00	1.4463e-16
5671.00	1.4039e-16
5672.00	1.2672e-16
5673.00	1.30462e-16
5674.00	1.31707e-16
5675.00	1.37117e-16
5676.00	1.41559e-16
5677.00	1.32309e-16
5678.00	1.45759e-16
5679.00	1.36807e-16
5680.00	1.30652e-16
5681.00	1.3349e-16
5682.00	1.39163e-16
5683.00	1.3667e-16
5684.00	1.36995e-16
5685.00	1.37113e-16
5686.00	1.3715e-16
5687.00	1.27054e-16
5688.00	1.3737e-16
5689.00	1.28286e-16
5690.00	1.36816e-16
5691.00	1.29052e-16
5692.00	1.30712e-16
5693.00	1.38753e-16
5694.00	1.28924e-16
5695.00	1.33783e-16
5696.00	1.30904e-16
5697.00	1.33287e-16
5698.00	1.33101e-16
5699.00	1.35449e-16
5700.00	1.39228e-16
5701.00	1.35485e-16
5702.00	1.32604e-16
5703.00	1.41344e-16
5704.00	1.38642e-16
5705.00	1.30448e-16
5706.00	1.36313e-16
5707.00	1.45872e-16
5708.00	1.39152e-16
5709.00	1.56613e-16
5710.00	1.32224e-16
5711.00	1.31613e-16
5712.00	1.284e-16
5713.00	1.22363e-16
5714.00	1.3473e-16
5715.00	1.40333e-16
5716.00	1.15898e-16
5717.00	1.41809e-16
5718.00	1.38653e-16
5719.00	1.2685e-16
5720.00	1.30463e-16
5721.00	1.26167e-16
5722.00	1.41129e-16
5723.00	1.25511e-16
5724.00	1.26987e-16
5725.00	1.27232e-16
5726.00	1.31441e-16
5727.00	1.21464e-16
5728.00	1.25619e-16
5729.00	1.30685e-16
5730.00	1.2588e-16
5731.00	1.37676e-16
5732.00	1.36454e-16
5733.00	1.27381e-16
5734.00	1.3378e-16
5735.00	1.25434e-16
5736.00	1.41598e-16
5737.00	1.27472e-16
5738.00	1.22907e-16
5739.00	1.27109e-16
5740.00	1.24337e-16
5741.00	1.39526e-16
5742.00	1.33645e-16
5743.00	1.2543e-16
5744.00	1.3528e-16
5745.00	1.3974e-16
5746.00	1.34387e-16
5747.00	1.36699e-16
5748.00	1.36751e-16
5749.00	1.44428e-16
5750.00	1.37853e-16
5751.00	1.21193e-16
5752.00	1.20928e-16
5753.00	1.30244e-16
5754.00	1.30411e-16
5755.00	1.41005e-16
5756.00	1.29242e-16
5757.00	1.30487e-16
5758.00	1.21898e-16
5759.00	1.32066e-16
5760.00	1.39496e-16
5761.00	1.29545e-16
5762.00	1.26749e-16
5763.00	1.43202e-16
5764.00	1.25689e-16
5765.00	1.35739e-16
5766.00	1.28773e-16
5767.00	1.16711e-16
5768.00	1.32121e-16
5769.00	1.38659e-16
5770.00	1.38758e-16
5771.00	1.29861e-16
5772.00	1.36787e-16
5773.00	1.32464e-16
5774.00	1.25547e-16
5775.00	1.42575e-16
5776.00	1.27676e-16
5777.00	1.31944e-16
5778.00	1.23088e-16
5779.00	1.1894e-16
5780.00	1.28289e-16
5781.00	1.24852e-16
5782.00	1.28888e-16
5783.00	1.36571e-16
5784.00	1.26233e-16
5785.00	1.26941e-16
5786.00	1.26506e-16
5787.00	1.3909e-16
5788.00	1.2148e-16
5789.00	1.31428e-16
5790.00	1.25825e-16
5791.00	1.32008e-16
5792.00	1.24985e-16
5793.00	1.27633e-16
5794.00	1.24519e-16
5795.00	1.31201e-16
5796.00	1.43581e-16
5797.00	1.35947e-16
5798.00	1.28972e-16
5799.00	1.15684e-16
5800.00	1.27475e-16
5801.00	1.28022e-16
5802.00	1.2458e-16
5803.00	1.35058e-16
5804.00	1.23579e-16
5805.00	1.18336e-16
5806.00	1.3652e-16
5807.00	1.31076e-16
5808.00	1.39452e-16
5809.00	1.36157e-16
5810.00	1.34059e-16
5811.00	1.31737e-16
5812.00	1.24086e-16
5813.00	1.16522e-16
5814.00	1.18558e-16
5815.00	1.19419e-16
5816.00	1.10242e-16
5817.00	1.29237e-16
5818.00	1.39434e-16
5819.00	1.26245e-16
5820.00	1.23478e-16
5821.00	1.27151e-16
5822.00	1.27726e-16
5823.00	1.23634e-16
5824.00	1.19865e-16
5825.00	1.25929e-16
5826.00	1.23877e-16
5827.00	1.26793e-16
5828.00	1.29181e-16
5829.00	1.2711e-16
5830.00	1.2095e-16
5831.00	1.33544e-16
5832.00	1.36367e-16
5833.00	1.43404e-16
5834.00	1.27088e-16
5835.00	1.2782e-16
5836.00	1.2902e-16
5837.00	1.17238e-16
5838.00	1.19738e-16
5839.00	1.26896e-16
5840.00	1.19586e-16
5841.00	1.23254e-16
5842.00	1.41398e-16
5843.00	1.24409e-16
5844.00	1.17163e-16
5845.00	1.19421e-16
5846.00	1.18465e-16
5847.00	1.29911e-16
5848.00	1.21177e-16
5849.00	1.15332e-16
5850.00	1.09187e-16
5851.00	1.15042e-16
5852.00	1.20152e-16
5853.00	1.08647e-16
5854.00	1.2234e-16
5855.00	1.21842e-16
5856.00	1.20818e-16
5857.00	1.29456e-16
5858.00	1.17113e-16
5859.00	1.18989e-16
5860.00	1.29646e-16
5861.00	1.31822e-16
5862.00	1.28641e-16
5863.00	1.30819e-16
5864.00	1.20185e-16
5865.00	1.19687e-16
5866.00	1.12906e-16
5867.00	1.14011e-16
5868.00	1.22931e-16
5869.00	1.20256e-16
5870.00	1.13149e-16
5871.00	1.22437e-16
5872.00	1.3434e-16
5873.00	1.26057e-16
5874.00	1.10755e-16
5875.00	1.10882e-16
5876.00	1.1122e-16
5877.00	1.15254e-16
5878.00	1.09175e-16
5879.00	1.03653e-16
5880.00	1.1766e-16
5881.00	1.27515e-16
5882.00	1.11776e-16
5883.00	1.12829e-16
5884.00	1.30345e-16
5885.00	1.14417e-16
5886.00	1.13232e-16
5887.00	1.18607e-16
5888.00	1.12973e-16
5889.00	1.0356e-16
5890.00	9.40223e-17
5891.00	9.35658e-17
5892.00	1.11549e-16
5893.00	1.13424e-16
5894.00	1.16984e-16
5895.00	1.13712e-16
5896.00	1.15115e-16
5897.00	1.06102e-16
5898.00	1.0161e-16
5899.00	1.06367e-16
5900.00	1.105e-16
5901.00	1.04204e-16
5902.00	1.01078e-16
5903.00	1.05885e-16
5904.00	1.08754e-16
5905.00	1.11359e-16
5906.00	1.0877e-16
5907.00	1.12129e-16
5908.00	1.09944e-16
5909.00	1.13048e-16
5910.00	1.08908e-16
5911.00	1.1984e-16
5912.00	1.23224e-16
5913.00	1.08052e-16
5914.00	1.08866e-16
5915.00	1.11494e-16
5916.00	1.08507e-16
5917.00	1.07458e-16
5918.00	1.08488e-16
5919.00	1.10316e-16
5920.00	1.06009e-16
5921.00	1.04403e-16
5922.00	1.06342e-16
5923.00	1.03483e-16
5924.00	1.04349e-16
5925.00	9.11739e-17
5926.00	1.09086e-16
5927.00	1.07685e-16
5928.00	9.32247e-17
5929.00	1.0888e-16
5930.00	1.08739e-16
5931.00	9.78588e-17
5932.00	1.05843e-16
5933.00	9.05026e-17
5934.00	8.99603e-17
5935.00	1.04839e-16
5936.00	1.08136e-16
5937.00	1.03789e-16
5938.00	1.08345e-16
5939.00	1.09039e-16
5940.00	1.13379e-16
5941.00	1.08323e-16
5942.00	1.16854e-16
5943.00	1.07648e-16
5944.00	1.23681e-16
5945.00	1.14709e-16
5946.00	9.02313e-17
5947.00	1.00461e-16
5948.00	1.08089e-16
5949.00	1.18941e-16
5950.00	1.11043e-16
5951.00	1.02989e-16
5952.00	1.07395e-16
5953.00	9.74881e-17
5954.00	1.14089e-16
5955.00	1.38154e-16
5956.00	1.60916e-16
5957.00	1.50581e-16
5958.00	1.25095e-16
5959.00	1.06482e-16
5960.00	1.0147e-16
5961.00	9.73994e-17
5962.00	9.73559e-17
5963.00	1.08137e-16
5964.00	9.27628e-17
5965.00	1.06842e-16
5966.00	1.10005e-16
5967.00	1.01517e-16
5968.00	9.88119e-17
5969.00	1.02021e-16
5970.00	8.79897e-17
5971.00	1.06149e-16
5972.00	1.07102e-16
5973.00	9.79725e-17
5974.00	1.07753e-16
5975.00	1.00497e-16
5976.00	9.82262e-17
5977.00	9.09893e-17
5978.00	1.03021e-16
5979.00	1.09365e-16
5980.00	9.09059e-17
5981.00	1.00244e-16
5982.00	9.70086e-17
5983.00	1.03354e-16
5984.00	8.87667e-17
5985.00	9.33952e-17
5986.00	8.6527e-17
5987.00	9.56109e-17
5988.00	1.02042e-16
5989.00	9.99023e-17
5990.00	1.07466e-16
5991.00	1.03995e-16
5992.00	9.73209e-17
5993.00	1.00517e-16
5994.00	1.19479e-16
5995.00	1.02019e-16
5996.00	9.43779e-17
5997.00	1.09871e-16
5998.00	1.06746e-16
5999.00	9.72122e-17
6000.00	9.01152e-17
6001.00	1.03268e-16
6002.00	1.00136e-16
6003.00	9.92053e-17
6004.00	1.01141e-16
6005.00	9.38786e-17
6006.00	9.5329e-17
6007.00	1.1311e-16
6008.00	1.0456e-16
6009.00	9.88103e-17
6010.00	1.00936e-16
6011.00	9.6375e-17
6012.00	9.63037e-17
6013.00	9.99436e-17
6014.00	8.98179e-17
6015.00	1.01488e-16
6016.00	1.07046e-16
6017.00	9.09192e-17
6018.00	8.87629e-17
6019.00	1.00441e-16
6020.00	9.0922e-17
6021.00	9.99795e-17
6022.00	9.80141e-17
6023.00	9.79935e-17
6024.00	1.01311e-16
6025.00	9.65374e-17
6026.00	9.83651e-17
6027.00	1.00671e-16
6028.00	9.49578e-17
6029.00	9.51435e-17
6030.00	8.8804e-17
6031.00	9.38945e-17
6032.00	9.72786e-17
6033.00	8.39181e-17
6034.00	9.54722e-17
6035.00	8.70695e-17
6036.00	9.44415e-17
6037.00	9.47417e-17
6038.00	8.01703e-17
6039.00	9.75085e-17
6040.00	1.14934e-16
6041.00	1.13206e-16
6042.00	9.23487e-17
6043.00	1.11622e-16
6044.00	1.05681e-16
6045.00	1.01202e-16
6046.00	9.93088e-17
6047.00	9.91709e-17
6048.00	1.03406e-16
6049.00	1.08648e-16
6050.00	9.86242e-17
6051.00	9.58245e-17
6052.00	1.04247e-16
6053.00	1.03918e-16
6054.00	1.13087e-16
6055.00	1.03475e-16
6056.00	9.39538e-17
6057.00	1.11949e-16
6058.00	1.0758e-16
6059.00	9.52906e-17
6060.00	1.02219e-16
6061.00	9.35739e-17
6062.00	9.3455e-17
6063.00	1.04849e-16
6064.00	1.02703e-16
6065.00	1.05964e-16
6066.00	1.10924e-16
6067.00	1.09555e-16
6068.00	1.02365e-16
6069.00	1.08942e-16
6070.00	9.83939e-17
6071.00	9.29289e-17
6072.00	1.09097e-16
6073.00	1.12991e-16
6074.00	1.11796e-16
6075.00	1.17436e-16
6076.00	1.19979e-16
6077.00	1.03215e-16
6078.00	1.12688e-16
6079.00	1.09664e-16
6080.00	1.05016e-16
6081.00	1.29781e-16
6082.00	1.39856e-16
6083.00	1.25443e-16
6084.00	1.08209e-16
6085.00	1.01456e-16
6086.00	1.02279e-16
6087.00	1.08216e-16
6088.00	9.55632e-17
6089.00	1.10374e-16
6090.00	1.18811e-16
6091.00	1.08542e-16
6092.00	1.05168e-16
6093.00	1.08763e-16
6094.00	1.02956e-16
6095.00	1.00273e-16
6096.00	1.05519e-16
6097.00	1.00221e-16
6098.00	1.05493e-16
6099.00	1.08432e-16
6100.00	1.07679e-16
6101.00	1.02042e-16
6102.00	1.1052e-16
6103.00	1.00621e-16
6104.00	1.16156e-16
6105.00	1.05834e-16
6106.00	1.12912e-16
6107.00	1.12183e-16
6108.00	1.12231e-16
6109.00	1.1519e-16
6110.00	1.15404e-16
6111.00	1.10674e-16
6112.00	1.05763e-16
6113.00	1.08026e-16
6114.00	1.17674e-16
6115.00	1.1302e-16
6116.00	1.0988e-16
6117.00	1.1138e-16
6118.00	1.17787e-16
6119.00	1.06128e-16
6120.00	1.13939e-16
6121.00	1.10284e-16
6122.00	1.10125e-16
6123.00	1.07176e-16
6124.00	1.04648e-16
6125.00	9.80334e-17
6126.00	1.02665e-16
6127.00	1.13032e-16
6128.00	1.18233e-16
6129.00	9.85893e-17
6130.00	9.91162e-17
6131.00	1.17596e-16
6132.00	1.21444e-16
6133.00	1.29769e-16
6134.00	1.13206e-16
6135.00	1.2059e-16
6136.00	1.21317e-16
6137.00	1.24524e-16
6138.00	1.16691e-16
6139.00	1.14574e-16
6140.00	1.01952e-16
6141.00	1.04814e-16
6142.00	1.22572e-16
6143.00	1.19642e-16
6144.00	1.24539e-16
6145.00	1.29332e-16
6146.00	1.34398e-16
6147.00	1.20682e-16
6148.00	1.29094e-16
6149.00	1.10782e-16
6150.00	1.16008e-16
6151.00	1.15597e-16
6152.00	1.14422e-16
6153.00	1.12565e-16
6154.00	1.20508e-16
6155.00	1.30856e-16
6156.00	1.19094e-16
6157.00	1.15501e-16
6158.00	1.22857e-16
6159.00	1.16862e-16
6160.00	1.18348e-16
6161.00	1.15151e-16
6162.00	1.22171e-16
6163.00	1.27446e-16
6164.00	1.18709e-16
6165.00	1.23397e-16
6166.00	1.29193e-16
6167.00	1.25567e-16
6168.00	1.24766e-16
6169.00	1.16564e-16
6170.00	1.24976e-16
6171.00	1.2101e-16
6172.00	1.26807e-16
6173.00	1.26893e-16
6174.00	1.1771e-16
6175.00	1.2186e-16
6176.00	1.11328e-16
6177.00	1.02562e-16
6178.00	1.17704e-16
6179.00	1.26203e-16
6180.00	1.29204e-16
6181.00	1.08223e-16
6182.00	1.31339e-16
6183.00	1.33095e-16
6184.00	1.36099e-16
6185.00	1.28687e-16
6186.00	1.21379e-16
6187.00	1.19819e-16
6188.00	1.13478e-16
6189.00	1.12737e-16
6190.00	1.12737e-16
6191.00	1.26363e-16
6192.00	1.24177e-16
6193.00	1.19797e-16
6194.00	1.15992e-16
6195.00	1.2604e-16
6196.00	1.21337e-16
6197.00	1.24506e-16
6198.00	1.20536e-16
6199.00	1.04722e-16
6200.00	1.10877e-16
6201.00	1.15833e-16
6202.00	1.16067e-16
6203.00	1.27775e-16
6204.00	1.07374e-16
6205.00	1.18956e-16
6206.00	1.1293e-16
6207.00	1.21184e-16
6208.00	1.13769e-16
6209.00	1.12094e-16
6210.00	1.22668e-16
6211.00	1.16503e-16
6212.00	1.17224e-16
6213.00	1.21739e-16
6214.00	1.12248e-16
6215.00	1.09175e-16
6216.00	1.06103e-16
6217.00	1.06103e-16
6218.00	1.18909e-16
6219.00	1.19647e-16
6220.00	1.20411e-16
6221.00	1.2288e-16
6222.00	1.23211e-16
6223.00	1.17058e-16
6224.00	1.03021e-16
6225.00	9.69514e-17
6226.00	1.02524e-16
6227.00	1.04534e-16
6228.00	1.1504e-16
6229.00	1.21357e-16
6230.00	1.03293e-16
6231.00	1.04851e-16
6232.00	1.11039e-16
6233.00	1.14905e-16
6234.00	9.65534e-17
6235.00	1.03407e-16
6236.00	1.17037e-16
6237.00	1.08861e-16
6238.00	1.182e-16
6239.00	1.24239e-16
6240.00	1.27076e-16
6241.00	1.24079e-16
6242.00	1.21082e-16
6243.00	1.21082e-16
6244.00	1.05265e-16
6245.00	1.21872e-16
6246.00	1.21924e-16
6247.00	1.1786e-16
6248.00	1.16276e-16
6249.00	1.15991e-16
6250.00	1.23804e-16
6251.00	1.28947e-16
6252.00	1.26756e-16
6253.00	1.20818e-16
6254.00	1.23781e-16
6255.00	1.17458e-16
6256.00	1.06838e-16
6257.00	1.14028e-16
6258.00	1.0259e-16
6259.00	1.16577e-16
6260.00	1.13221e-16
6261.00	1.24365e-16
6262.00	1.2586e-16
6263.00	1.22872e-16
6264.00	1.11708e-16
6265.00	1.20305e-16
6266.00	1.08707e-16
6267.00	1.17037e-16
6268.00	1.23141e-16
6269.00	1.24342e-16
6270.00	1.31202e-16
6271.00	1.12904e-16
6272.00	1.13705e-16
6273.00	1.27699e-16
6274.00	1.20445e-16
6275.00	1.138e-16
6276.00	1.1799e-16
6277.00	1.24583e-16
6278.00	1.25105e-16
6279.00	1.19003e-16
6280.00	1.16628e-16
6281.00	1.17446e-16
6282.00	1.12955e-16
6283.00	1.12548e-16
6284.00	1.16974e-16
6285.00	1.29939e-16
6286.00	1.20749e-16
6287.00	1.0626e-16
6288.00	1.05624e-16
6289.00	1.15761e-16
6290.00	1.19971e-16
6291.00	1.11339e-16
6292.00	1.08147e-16
6293.00	1.09464e-16
6294.00	1.25769e-16
6295.00	1.16352e-16
6296.00	1.18363e-16
6297.00	1.2045e-16
6298.00	1.20445e-16
6299.00	1.2044e-16
6300.00	1.20435e-16
6301.00	1.2043e-16
6302.00	1.2043e-16
6303.00	1.09922e-16
6304.00	1.18228e-16
6305.00	1.10519e-16
6306.00	1.1977e-16
6307.00	1.18791e-16
6308.00	1.20709e-16
6309.00	1.10087e-16
6310.00	1.07144e-16
6311.00	1.10585e-16
6312.00	1.20909e-16
6313.00	1.23922e-16
6314.00	1.16248e-16
6315.00	1.16415e-16
6316.00	1.03207e-16
6317.00	1.0383e-16
6318.00	1.05515e-16
6319.00	1.16122e-16
6320.00	1.16875e-16
6321.00	1.21431e-16
6322.00	1.18684e-16
6323.00	1.07017e-16
6324.00	1.06224e-16
6325.00	1.15478e-16
6326.00	1.14128e-16
6327.00	1.16503e-16
6328.00	1.1593e-16
6329.00	1.09401e-16
6330.00	1.06905e-16
6331.00	1.12908e-16
6332.00	1.08338e-16
6333.00	1.09379e-16
6334.00	1.20913e-16
6335.00	1.1791e-16
6336.00	1.13453e-16
6337.00	1.10231e-16
6338.00	1.01946e-16
6339.00	1.1829e-16
6340.00	1.21117e-16
6341.00	1.13241e-16
6342.00	1.11335e-16
6343.00	1.06693e-16
6344.00	1.0839e-16
6345.00	1.1267e-16
6346.00	1.12311e-16
6347.00	1.12404e-16
6348.00	1.07544e-16
6349.00	1.17177e-16
6350.00	1.14937e-16
6351.00	9.928e-17
6352.00	1.11745e-16
6353.00	1.21786e-16
6354.00	1.09302e-16
6355.00	1.12571e-16
6356.00	1.06959e-16
6357.00	1.15523e-16
6358.00	1.09739e-16
6359.00	1.09898e-16
6360.00	1.07812e-16
6361.00	1.10695e-16
6362.00	9.7956e-17
6363.00	1.16411e-16
6364.00	1.17769e-16
6365.00	1.14863e-16
6366.00	1.18503e-16
6367.00	1.14524e-16
6368.00	9.94532e-17
6369.00	9.74195e-17
6370.00	1.01804e-16
6371.00	1.04474e-16
6372.00	1.02172e-16
6373.00	1.11925e-16
6374.00	1.10935e-16
6375.00	1.07442e-16
6376.00	1.06645e-16
6377.00	1.04982e-16
6378.00	1.04066e-16
6379.00	1.00996e-16
6380.00	1.09621e-16
6381.00	1.09711e-16
6382.00	1.15043e-16
6383.00	1.14959e-16
6384.00	1.17279e-16
6385.00	1.0708e-16
6386.00	1.12889e-16
6387.00	1.18616e-16
6388.00	1.06099e-16
6389.00	1.13096e-16
6390.00	1.13614e-16
6391.00	1.06112e-16
6392.00	1.17974e-16
6393.00	1.17742e-16
6394.00	1.16113e-16
6395.00	1.14484e-16
6396.00	1.14484e-16
6397.00	1.09693e-16
6398.00	1.13884e-16
6399.00	1.0338e-16
6400.00	1.17426e-16
6401.00	1.21292e-16
6402.00	1.133e-16
6403.00	1.07902e-16
6404.00	1.23036e-16
6405.00	1.16643e-16
6406.00	1.08728e-16
6407.00	1.11758e-16
6408.00	1.17054e-16
6409.00	1.16066e-16
6410.00	1.09167e-16
6411.00	1.05903e-16
6412.00	1.19434e-16
6413.00	1.144e-16
6414.00	1.13237e-16
6415.00	1.07592e-16
6416.00	1.17044e-16
6417.00	1.13636e-16
6418.00	1.122e-16
6419.00	1.16543e-16
6420.00	1.1973e-16
6421.00	1.10768e-16
6422.00	1.1786e-16
6423.00	1.18042e-16
6424.00	1.15326e-16
6425.00	1.20259e-16
6426.00	1.10999e-16
6427.00	1.12414e-16
6428.00	1.0349e-16
6429.00	1.12579e-16
6430.00	1.17367e-16
6431.00	1.06698e-16
6432.00	1.17493e-16
6433.00	1.22191e-16
6434.00	1.14336e-16
6435.00	1.13121e-16
6436.00	1.16483e-16
6437.00	1.27511e-16
6438.00	1.10166e-16
6439.00	1.26673e-16
6440.00	1.20161e-16
6441.00	1.11164e-16
6442.00	1.06301e-16
6443.00	1.19022e-16
6444.00	1.21407e-16
6445.00	1.25194e-16
6446.00	1.13096e-16
6447.00	1.15579e-16
6448.00	1.11132e-16
6449.00	1.0247e-16
6450.00	1.09061e-16
6451.00	1.18298e-16
6452.00	1.20294e-16
6453.00	1.19679e-16
6454.00	1.14011e-16
6455.00	1.06378e-16
6456.00	1.01905e-16
6457.00	1.12874e-16
6458.00	1.1497e-16
6459.00	1.23945e-16
6460.00	1.14785e-16
6461.00	1.0341e-16
6462.00	1.10101e-16
6463.00	1.19918e-16
6464.00	1.09721e-16
6465.00	1.05638e-16
6466.00	1.06026e-16
6467.00	1.04454e-16
6468.00	1.10203e-16
6469.00	1.15858e-16
6470.00	1.17506e-16
6471.00	1.29004e-16
6472.00	1.19985e-16
6473.00	1.22368e-16
6474.00	1.15419e-16
6475.00	1.11803e-16
6476.00	1.16013e-16
6477.00	1.10925e-16
6478.00	1.15081e-16
6479.00	1.17142e-16
6480.00	1.13015e-16
6481.00	1.07325e-16
6482.00	1.17083e-16
6483.00	1.12646e-16
6484.00	1.10178e-16
6485.00	1.06821e-16
6486.00	1.08538e-16
6487.00	1.04332e-16
6488.00	1.23041e-16
6489.00	1.29618e-16
6490.00	1.24713e-16
6491.00	1.18515e-16
6492.00	1.10349e-16
6493.00	1.20803e-16
6494.00	1.12722e-16
6495.00	1.09505e-16
6496.00	1.10684e-16
6497.00	1.01825e-16
6498.00	1.0512e-16
6499.00	1.02362e-16
6500.00	1.21886e-16
6501.00	1.17201e-16
6502.00	1.03216e-16
6503.00	1.06947e-16
6504.00	1.09775e-16
6505.00	1.10458e-16
6506.00	1.14035e-16
6507.00	1.16486e-16
6508.00	9.92056e-17
6509.00	1.12404e-16
6510.00	1.12416e-16
6511.00	1.12428e-16
6512.00	1.12428e-16
6513.00	1.10949e-16
6514.00	1.11208e-16
6515.00	1.12191e-16
6516.00	1.09244e-16
6517.00	1.08886e-16
6518.00	1.04346e-16
6519.00	1.11258e-16
6520.00	1.09763e-16
6521.00	1.0436e-16
6522.00	1.12768e-16
6523.00	1.08931e-16
6524.00	1.03342e-16
6525.00	1.08966e-16
6526.00	1.10816e-16
6527.00	1.06139e-16
6528.00	1.09482e-16
6529.00	1.0999e-16
6530.00	1.20861e-16
6531.00	1.20146e-16
6532.00	1.12777e-16
6533.00	9.96806e-17
6534.00	1.0227e-16
6535.00	1.07774e-16
6536.00	1.12058e-16
6537.00	1.1774e-16
6538.00	1.13212e-16
6539.00	9.8823e-17
6540.00	9.95476e-17
6541.00	1.02451e-16
6542.00	1.11957e-16
6543.00	1.22072e-16
6544.00	1.10352e-16
6545.00	1.01111e-16
6546.00	1.12452e-16
6547.00	1.19366e-16
6548.00	1.09178e-16
6549.00	1.03689e-16
6550.00	1.05221e-16
6551.00	1.04517e-16
6552.00	9.81846e-17
6553.00	9.42587e-17
6554.00	1.03096e-16
6555.00	9.69032e-17
6556.00	9.89807e-17
6557.00	9.58908e-17
6558.00	1.04999e-16
6559.00	1.03166e-16
6560.00	1.00121e-16
6561.00	1.04698e-16
6562.00	9.37835e-17
6563.00	1.08958e-16
6564.00	1.03536e-16
6565.00	9.5168e-17
6566.00	1.03507e-16
6567.00	1.16604e-16
6568.00	1.15719e-16
6569.00	1.02661e-16
6570.00	1.12116e-16
6571.00	9.95726e-17
6572.00	9.27005e-17
6573.00	9.97897e-17
6574.00	1.01499e-16
6575.00	9.56047e-17
6576.00	1.03631e-16
6577.00	9.68355e-17
6578.00	9.74281e-17
6579.00	9.7884e-17
6580.00	9.53086e-17
6581.00	9.83685e-17
6582.00	9.8729e-17
6583.00	1.00468e-16
6584.00	1.00515e-16
6585.00	1.03708e-16
6586.00	8.7513e-17
6587.00	1.05787e-16
6588.00	9.93284e-17
6589.00	9.76124e-17
6590.00	1.04939e-16
6591.00	9.49479e-17
6592.00	9.44926e-17
6593.00	9.39302e-17
6594.00	1.11024e-16
6595.00	1.04242e-16
6596.00	1.07083e-16
6597.00	9.97844e-17
6598.00	9.88091e-17
6599.00	1.02256e-16
6600.00	1.11969e-16
6601.00	1.0499e-16
6602.00	9.97417e-17
6603.00	1.14283e-16
6604.00	1.03909e-16
6605.00	1.06882e-16
6606.00	1.07874e-16
6607.00	1.02885e-16
6608.00	1.04283e-16
6609.00	9.97226e-17
6610.00	9.68219e-17
6611.00	1.0221e-16
6612.00	1.03691e-16
6613.00	1.04423e-16
6614.00	1.04266e-16
6615.00	9.33356e-17
6616.00	9.891e-17
6617.00	1.05176e-16
6618.00	9.28732e-17
6619.00	1.07075e-16
6620.00	9.74189e-17
6621.00	1.042e-16
6622.00	1.03688e-16
6623.00	1.08051e-16
6624.00	1.11771e-16
6625.00	1.13467e-16
6626.00	1.12391e-16
6627.00	1.09721e-16
6628.00	1.11815e-16
6629.00	1.10531e-16
6630.00	1.09401e-16
6631.00	9.80369e-17
6632.00	1.01912e-16
6633.00	1.01956e-16
6634.00	9.90395e-17
6635.00	1.02209e-16
6636.00	9.98052e-17
6637.00	1.06904e-16
6638.00	1.0343e-16
6639.00	9.98048e-17
6640.00	1.11108e-16
6641.00	1.05173e-16
6642.00	1.00162e-16
6643.00	1.02333e-16
6644.00	1.16902e-16
6645.00	1.13918e-16
6646.00	1.09493e-16
6647.00	1.10457e-16
6648.00	1.16041e-16
6649.00	1.10358e-16
6650.00	1.21152e-16
6651.00	1.10005e-16
6652.00	1.02922e-16
6653.00	1.14458e-16
6654.00	1.14741e-16
6655.00	1.15766e-16
6656.00	1.11243e-16
6657.00	1.16895e-16
6658.00	1.07922e-16
6659.00	9.99559e-17
6660.00	1.01911e-16
6661.00	1.07174e-16
6662.00	1.05089e-16
6663.00	1.15833e-16
6664.00	1.14456e-16
6665.00	1.06307e-16
6666.00	1.13273e-16
6667.00	1.00141e-16
6668.00	1.12476e-16
6669.00	1.17819e-16
6670.00	1.12179e-16
6671.00	1.1088e-16
6672.00	1.17179e-16
6673.00	1.25363e-16
6674.00	1.13812e-16
6675.00	1.16725e-16
6676.00	1.04779e-16
6677.00	1.11118e-16
6678.00	1.09271e-16
6679.00	9.98135e-17
6680.00	9.94819e-17
6681.00	1.13658e-16
6682.00	1.06478e-16
6683.00	1.1261e-16
6684.00	1.20554e-16
6685.00	1.16375e-16
6686.00	1.06351e-16
6687.00	1.04243e-16
6688.00	1.17189e-16
6689.00	1.1735e-16
6690.00	1.01414e-16
6691.00	1.01407e-16
6692.00	1.06362e-16
6693.00	1.16942e-16
6694.00	1.06031e-16
6695.00	1.06072e-16
6696.00	1.12086e-16
6697.00	1.11406e-16
6698.00	1.07117e-16
6699.00	9.87935e-17
6700.00	1.03893e-16
6701.00	1.10222e-16
6702.00	1.0268e-16
6703.00	1.03814e-16
6704.00	1.08389e-16
6705.00	1.15272e-16
6706.00	1.12442e-16
6707.00	9.85553e-17
6708.00	1.03035e-16
6709.00	1.13064e-16
6710.00	1.14631e-16
6711.00	1.14379e-16
6712.00	9.86888e-17
6713.00	1.11093e-16
6714.00	1.1058e-16
6715.00	1.04301e-16
6716.00	1.10657e-16
6717.00	1.10441e-16
6718.00	1.19454e-16
6719.00	1.15362e-16
6720.00	1.1201e-16
6721.00	1.12238e-16
6722.00	1.20448e-16
6723.00	1.05127e-16
6724.00	1.07883e-16
6725.00	1.17558e-16
6726.00	1.24105e-16
6727.00	1.20477e-16
6728.00	1.13253e-16
6729.00	1.08459e-16
6730.00	1.17101e-16
6731.00	1.12244e-16
6732.00	1.04212e-16
6733.00	1.17619e-16
6734.00	1.22555e-16
6735.00	1.18511e-16
6736.00	1.1356e-16
6737.00	1.07275e-16
6738.00	1.03284e-16
6739.00	1.10774e-16
6740.00	1.03983e-16
6741.00	1.04728e-16
6742.00	1.17861e-16
6743.00	1.18514e-16
6744.00	1.15068e-16
6745.00	1.19277e-16
6746.00	1.21928e-16
6747.00	1.06593e-16
6748.00	1.02086e-16
6749.00	1.09981e-16
6750.00	1.21559e-16
6751.00	1.19394e-16
6752.00	1.01265e-16
6753.00	1.0757e-16
6754.00	1.06795e-16
6755.00	1.07715e-16
6756.00	1.1643e-16
6757.00	1.07492e-16
6758.00	1.05125e-16
6759.00	1.20494e-16
6760.00	1.08243e-16
6761.00	1.17188e-16
6762.00	1.04829e-16
6763.00	1.16603e-16
6764.00	1.21383e-16
6765.00	1.08046e-16
6766.00	1.00605e-16
6767.00	1.21253e-16
6768.00	1.05062e-16
6769.00	1.14144e-16
6770.00	1.19694e-16
6771.00	1.21836e-16
6772.00	1.226e-16
6773.00	1.2215e-16
6774.00	1.14264e-16
6775.00	1.18798e-16
6776.00	1.12976e-16
6777.00	1.05592e-16
6778.00	1.06266e-16
6779.00	1.04873e-16
6780.00	1.21154e-16
6781.00	1.28218e-16
6782.00	1.07449e-16
6783.00	1.07686e-16
6784.00	1.0614e-16
6785.00	1.14188e-16
6786.00	9.755e-17
6787.00	1.1175e-16
6788.00	1.2147e-16
6789.00	1.21271e-16
6790.00	1.15699e-16
6791.00	1.03813e-16
6792.00	1.08687e-16
6793.00	1.02975e-16
6794.00	1.00196e-16
6795.00	9.74775e-17
6796.00	1.19722e-16
6797.00	1.17142e-16
6798.00	1.13685e-16
6799.00	1.1899e-16
6800.00	1.12741e-16
6801.00	1.05102e-16
6802.00	1.13746e-16
6803.00	1.10282e-16
6804.00	1.02436e-16
6805.00	1.27287e-16
6806.00	1.12393e-16
6807.00	1.13418e-16
6808.00	1.1631e-16
6809.00	1.07315e-16
6810.00	1.09721e-16
6811.00	1.01594e-16
6812.00	1.06757e-16
6813.00	1.00864e-16
6814.00	1.15514e-16
6815.00	1.20469e-16
6816.00	1.1039e-16
6817.00	1.08516e-16
6818.00	1.12852e-16
6819.00	1.10779e-16
6820.00	1.13584e-16
6821.00	1.14613e-16
6822.00	1.04406e-16
6823.00	1.11727e-16
6824.00	1.13653e-16
6825.00	1.11343e-16
6826.00	1.02158e-16
6827.00	1.14319e-16
6828.00	1.02665e-16
6829.00	1.0478e-16
6830.00	1.1575e-16
6831.00	1.10921e-16
6832.00	1.02986e-16
6833.00	1.18915e-16
6834.00	1.07831e-16
6835.00	1.06709e-16
6836.00	1.17672e-16
6837.00	1.13632e-16
6838.00	1.05359e-16
6839.00	1.08192e-16
6840.00	1.08386e-16
6841.00	1.1071e-16
6842.00	1.0525e-16
6843.00	1.03395e-16
6844.00	9.67551e-17
6845.00	9.64662e-17
6846.00	1.10041e-16
6847.00	1.07735e-16
6848.00	1.11653e-16
6849.00	1.14306e-16
6850.00	1.08315e-16
6851.00	1.05197e-16
6852.00	1.09847e-16
6853.00	1.04887e-16
6854.00	1.057e-16
6855.00	1.12778e-16
6856.00	1.06909e-16
6857.00	1.12052e-16
6858.00	1.17034e-16
6859.00	1.06202e-16
6860.00	1.10404e-16
6861.00	1.07246e-16
6862.00	1.07417e-16
6863.00	1.04818e-16
6864.00	1.17651e-16
6865.00	1.09759e-16
6866.00	9.39118e-17
6867.00	9.19347e-17
6868.00	9.89554e-17
6869.00	1.13195e-16
6870.00	8.94622e-17
6871.00	9.19036e-17
6872.00	1.02599e-16
6873.00	9.60438e-17
6874.00	9.59497e-17
6875.00	9.38015e-17
6876.00	1.03139e-16
6877.00	1.00509e-16
6878.00	9.79934e-17
6879.00	9.39485e-17
6880.00	1.02271e-16
6881.00	9.96068e-17
6882.00	1.14991e-16
6883.00	1.02433e-16
6884.00	1.01801e-16
6885.00	1.17113e-16
6886.00	1.03609e-16
6887.00	9.81332e-17
6888.00	9.256e-17
6889.00	9.81682e-17
6890.00	9.76397e-17
6891.00	9.63724e-17
6892.00	9.63328e-17
6893.00	9.48921e-17
6894.00	1.05131e-16
6895.00	1.04498e-16
6896.00	1.03102e-16
6897.00	1.06676e-16
6898.00	1.04118e-16
6899.00	1.12089e-16
6900.00	1.05176e-16
6901.00	1.08119e-16
6902.00	9.68913e-17
6903.00	1.00737e-16
6904.00	9.61332e-17
6905.00	1.00858e-16
6906.00	1.07862e-16
6907.00	1.02495e-16
6908.00	1.09367e-16
6909.00	1.01325e-16
6910.00	1.01673e-16
6911.00	1.10705e-16
6912.00	1.07918e-16
6913.00	1.10334e-16
6914.00	1.05111e-16
6915.00	1.00003e-16
6916.00	1.00839e-16
6917.00	9.93498e-17
6918.00	1.05546e-16
6919.00	9.84008e-17
6920.00	1.03308e-16
6921.00	1.02558e-16
6922.00	1.14123e-16
6923.00	9.36951e-17
6924.00	9.57329e-17
6925.00	1.15478e-16
6926.00	1.06501e-16
6927.00	1.01527e-16
6928.00	1.06461e-16
6929.00	1.08023e-16
6930.00	9.49111e-17
6931.00	9.36959e-17
6932.00	1.08637e-16
6933.00	1.08501e-16
6934.00	1.0204e-16
6935.00	1.43431e-16
6936.00	2.19033e-16
6937.00	2.68966e-16
6938.00	2.24799e-16
6939.00	1.57887e-16
6940.00	1.18224e-16
6941.00	1.11606e-16
6942.00	9.34264e-17
6943.00	1.07866e-16
6944.00	1.02733e-16
6945.00	9.67579e-17
6946.00	9.44225e-17
6947.00	9.75343e-17
6948.00	9.64236e-17
6949.00	8.0952e-17
6950.00	1.02911e-16
6951.00	8.4435e-17
6952.00	9.55061e-17
6953.00	9.67619e-17
6954.00	8.40627e-17
6955.00	9.23468e-17
6956.00	1.04538e-16
6957.00	8.9995e-17
6958.00	1.03305e-16
6959.00	1.00681e-16
6960.00	9.32902e-17
6961.00	8.7758e-17
6962.00	1.01238e-16
6963.00	8.45959e-17
6964.00	7.74466e-17
6965.00	8.68559e-17
6966.00	8.92474e-17
6967.00	8.58339e-17
6968.00	6.61671e-17
6969.00	8.46814e-17
6970.00	7.39449e-17
6971.00	7.33244e-17
6972.00	8.85816e-17
6973.00	9.14259e-17
6974.00	7.72637e-17
6975.00	8.0626e-17
6976.00	8.03299e-17
6977.00	6.10651e-17
6978.00	5.95503e-17
6979.00	7.6766e-17
6980.00	8.95651e-17
6981.00	7.26476e-17
6982.00	7.97859e-17
6983.00	7.6468e-17
6984.00	9.64495e-17
6985.00	7.08003e-17
6986.00	5.98463e-17
6987.00	8.27522e-17
6988.00	9.42119e-17
6989.00	7.66364e-17
6990.00	8.27163e-17
6991.00	8.31128e-17
6992.00	8.11703e-17
6993.00	8.85891e-17
6994.00	7.8635e-17
6995.00	8.27084e-17
6996.00	7.79381e-17
6997.00	6.75697e-17
6998.00	7.53889e-17
6999.00	7.4079e-17
7000.00	7.85016e-17
7001.00	8.18023e-17
7002.00	7.72029e-17
7003.00	8.12574e-17
7004.00	8.01533e-17
7005.00	7.99502e-17
7006.00	7.71266e-17
7007.00	6.70055e-17
7008.00	7.20159e-17
7009.00	7.31085e-17
7010.00	8.14453e-17
7011.00	7.16243e-17
7012.00	8.71968e-17
7013.00	7.69126e-17
7014.00	7.91234e-17
7015.00	8.00221e-17
7016.00	7.53461e-17
7017.00	7.22098e-17
7018.00	6.9909e-17
7019.00	8.72061e-17
7020.00	8.3082e-17
7021.00	8.00916e-17
7022.00	8.75117e-17
7023.00	7.96761e-17
7024.00	7.93137e-17
7025.00	8.46787e-17
7026.00	6.76682e-17
7027.00	8.2397e-17
7028.00	7.0418e-17
7029.00	6.75461e-17
7030.00	7.41485e-17
7031.00	7.01221e-17
7032.00	7.35407e-17
7033.00	8.65931e-17
7034.00	8.03168e-17
7035.00	7.3608e-17
7036.00	6.57384e-17
7037.00	6.087e-17
7038.00	7.06606e-17
7039.00	7.70694e-17
7040.00	7.16642e-17
