4351.00	2.01832e-16
4353.60	2.01243e-16
4356.20	1.92986e-16
4358.80	1.86111e-16
4361.40	1.93045e-16
4364.00	1.89634e-16
4366.60	1.88729e-16
4369.20	1.89591e-16
4371.80	1.92537e-16
4374.40	1.95538e-16
4377.00	1.95447e-16
4379.60	1.93624e-16
4382.20	1.94959e-16
4384.80	1.99655e-16
4387.40	1.93399e-16
4390.00	1.90583e-16
4392.60	1.90404e-16
4395.20	1.9484e-16
4397.80	1.9479e-16
4400.40	1.90205e-16
4403.00	1.97031e-16
4405.60	1.89099e-16
4408.20	1.93648e-16
4410.80	1.89575e-16
4413.40	1.97711e-16
4416.00	1.88009e-16
4418.60	1.9165e-16
4421.20	1.90659e-16
4423.80	1.90327e-16
4426.40	1.92026e-16
4429.00	1.85819e-16
4431.60	1.91003e-16
4434.20	1.87647e-16
4436.80	1.86882e-16
4439.40	1.86379e-16
4442.00	1.8885e-16
4444.60	1.88043e-16
4447.20	1.93147e-16
4449.80	1.88165e-16
4452.40	1.84608e-16
4455.00	1.87293e-16
4457.60	1.91085e-16
4460.20	1.90122e-16
4462.80	1.84434e-16
4465.40	1.87301e-16
4468.00	1.9476e-16
4470.60	1.93148e-16
4473.20	1.87717e-16
4475.80	1.8691e-16
4478.40	1.85801e-16
4481.00	1.89939e-16
4483.60	1.9059e-16
4486.20	1.85273e-16
4488.80	1.92675e-16
4491.40	1.88472e-16
4494.00	1.88072e-16
4496.60	1.92229e-16
4499.20	1.90671e-16
4501.80	1.87391e-16
4504.40	1.91275e-16
4507.00	1.90301e-16
4509.60	1.90123e-16
4512.20	1.9102e-16
4514.80	1.89905e-16
4517.40	1.91808e-16
4520.00	1.9294e-16
4522.60	1.86898e-16
4525.20	1.93249e-16
4527.80	1.94049e-16
4530.40	1.95069e-16
4533.00	1.92744e-16
4535.60	1.9777e-16
4538.20	1.9298e-16
4540.80	1.92843e-16
4543.40	1.89967e-16
4546.00	1.96432e-16
4548.60	1.95474e-16
4551.20	1.94613e-16
4553.80	1.98059e-16
4556.40	1.92985e-16
4559.00	1.93614e-16
4561.60	1.89237e-16
4564.20	1.92405e-16
4566.80	1.87504e-16
4569.40	1.90009e-16
4572.00	1.87541e-16
4574.60	1.88722e-16
4577.20	1.87246e-16
4579.80	1.83735e-16
4582.40	1.78028e-16
4585.00	1.79573e-16
4587.60	1.79566e-16
4590.20	1.80457e-16
4592.80	1.83242e-16
4595.40	1.8063e-16
4598.00	1.83019e-16
4600.60	1.78718e-16
4603.20	1.81066e-16
4605.80	1.80931e-16
4608.40	1.8272e-16
4611.00	1.88968e-16
4613.60	1.85991e-16
4616.20	1.80176e-16
4618.80	1.78499e-16
4621.40	1.78199e-16
4624.00	1.73977e-16
4626.60	1.72239e-16
4629.20	1.76436e-16
4631.80	1.75839e-16
4634.40	1.70766e-16
4637.00	1.73456e-16
4639.60	1.6831e-16
4642.20	1.68466e-16
4644.80	1.75188e-16
4647.40	1.71446e-16
4650.00	1.70418e-16
4652.60	1.7019e-16
4655.20	1.69269e-16
4657.80	1.72235e-16
4660.40	1.72203e-16
4663.00	1.72181e-16
4665.60	1.71428e-16
4668.20	1.77181e-16
4670.80	1.74481e-16
4673.40	1.69447e-16
4676.00	1.72498e-16
4678.60	1.75133e-16
4681.20	1.72748e-16
4683.80	1.67954e-16
4686.40	1.70822e-16
4689.00	1.72208e-16
4691.60	1.70162e-16
4694.20	1.71717e-16
4696.80	1.71815e-16
4699.40	1.69793e-16
4702.00	1.74292e-16
4704.60	1.71229e-16
4707.20	1.76324e-16
4709.80	1.7655e-16
4712.40	1.75757e-16
4715.00	1.76138e-16
4717.60	1.7591e-16
4720.20	1.73368e-16
4722.80	1.788e-16
4725.40	1.72506e-16
4728.00	1.79877e-16
4730.60	1.82024e-16
4733.20	1.80497e-16
4735.80	1.79973e-16
4738.40	1.83363e-16
4741.00	1.81468e-16
4743.60	1.85021e-16
4746.20	1.85299e-16
4748.80	1.86404e-16
4751.40	1.87997e-16
4754.00	1.89609e-16
4756.60	1.89145e-16
4759.20	1.88874e-16
4761.80	1.92059e-16
4764.40	1.93839e-16
4767.00	1.90815e-16
4769.60	1.93342e-16
4772.20	1.97035e-16
4774.80	1.98573e-16
4777.40	2.02348e-16
4780.00	2.00375e-16
4782.60	2.00716e-16
4785.20	2.05909e-16
4787.80	2.13449e-16
4790.40	2.13423e-16
4793.00	2.11852e-16
4795.60	2.11441e-16
4798.20	2.15153e-16
4800.80	2.17237e-16
4803.40	2.2082e-16
4806.00	2.21107e-16
4808.60	2.19685e-16
4811.20	2.24514e-16
4813.80	2.26257e-16
4816.40	2.22706e-16
4819.00	2.25582e-16
4821.60	2.24494e-16
4824.20	2.29128e-16
4826.80	2.31178e-16
4829.40	2.29888e-16
4832.00	2.31288e-16
4834.60	2.29499e-16
4837.20	2.31664e-16
4839.80	2.36647e-16
4842.40	2.34662e-16
4845.00	2.32745e-16
4847.60	2.36374e-16
4850.20	2.36769e-16
4852.80	2.36385e-16
4855.40	2.37847e-16
4858.00	2.33103e-16
4860.60	2.38781e-16
4863.20	2.36203e-16
4865.80	2.39246e-16
4868.40	2.35808e-16
4871.00	2.3521e-16
4873.60	2.42026e-16
4876.20	2.37462e-16
4878.80	2.33748e-16
4881.40	2.35137e-16
4884.00	2.31348e-16
4886.60	2.30029e-16
4889.20	2.32314e-16
4891.80	2.28373e-16
4894.40	2.26446e-16
4897.00	2.24055e-16
4899.60	2.2162e-16
4902.20	2.20931e-16
4904.80	2.20196e-16
4907.40	2.20426e-16
4910.00	2.1665e-16
4912.60	2.13763e-16
4915.20	2.11208e-16
4917.80	2.1461e-16
4920.40	2.11422e-16
4923.00	2.11293e-16
4925.60	2.11004e-16
4928.20	2.05075e-16
4930.80	2.05972e-16
4933.40	2.04812e-16
4936.00	2.04113e-16
4938.60	2.00657e-16
4941.20	1.96908e-16
4943.80	1.93127e-16
4946.40	1.89427e-16
4949.00	1.92545e-16
4951.60	1.92272e-16
4954.20	1.91155e-16
4956.80	1.87825e-16
4959.40	1.88639e-16
4962.00	1.8424e-16
4964.60	1.84735e-16
4967.20	1.81386e-16
4969.80	1.79443e-16
4972.40	1.81227e-16
4975.00	1.8613e-16
4977.60	1.84014e-16
4980.20	1.75385e-16
4982.80	1.77054e-16
4985.40	1.75631e-16
4988.00	1.76754e-16
4990.60	1.69466e-16
4993.20	1.69185e-16
4995.80	1.73511e-16
4998.40	1.71209e-16
5001.00	1.65189e-16
5003.60	1.71739e-16
5006.20	1.66817e-16
5008.80	1.62701e-16
5011.40	1.62441e-16
5014.00	1.64615e-16
5016.60	1.63921e-16
5019.20	1.62207e-16
5021.80	1.69267e-16
5024.40	1.66754e-16
5027.00	1.65712e-16
5029.60	1.69523e-16
5032.20	1.72171e-16
5034.80	1.69384e-16
5037.40	1.67929e-16
5040.00	1.66534e-16
5042.60	1.70034e-16
5045.20	1.73668e-16
5047.80	1.74821e-16
5050.40	1.75387e-16
5053.00	1.74542e-16
5055.60	1.72382e-16
5058.20	1.73785e-16
5060.80	1.74817e-16
5063.40	1.76539e-16
5066.00	1.75323e-16
5068.60	1.72875e-16
5071.20	1.76219e-16
5073.80	1.77596e-16
5076.40	1.75373e-16
5079.00	1.75639e-16
5081.60	1.77309e-16
5084.20	1.75163e-16
5086.80	1.76938e-16
5089.40	1.76844e-16
5092.00	1.74484e-16
5094.60	1.76886e-16
5097.20	1.74544e-16
5099.80	1.75246e-16
5102.40	1.75401e-16
5105.00	1.71335e-16
5107.60	1.7499e-16
5110.20	1.79281e-16
5112.80	1.7963e-16
5115.40	1.77349e-16
5118.00	1.77803e-16
5120.60	1.79686e-16
5123.20	1.78654e-16
5125.80	1.7828e-16
5128.40	1.77259e-16
5131.00	1.79054e-16
5133.60	1.81304e-16
5136.20	1.83477e-16
5138.80	1.8988e-16
5141.40	1.94618e-16
5144.00	1.94695e-16
5146.60	1.92098e-16
5149.20	1.85721e-16
5151.80	1.82904e-16
5154.40	1.88228e-16
5157.00	1.88239e-16
5159.60	1.85135e-16
5162.20	1.85033e-16
5164.80	1.86957e-16
5167.40	1.86658e-16
5170.00	1.83545e-16
5172.60	1.88128e-16
5175.20	1.88357e-16
5177.80	1.86512e-16
5180.40	1.87273e-16
5183.00	1.85493e-16
5185.60	1.8551e-16
5188.20	1.85077e-16
5190.80	1.85039e-16
5193.40	1.85068e-16
5196.00	1.89189e-16
5198.60	1.8592e-16
5201.20	1.85297e-16
5203.80	1.88232e-16
5206.40	1.87927e-16
5209.00	1.89827e-16
5211.60	1.90232e-16
5214.20	1.87563e-16
5216.80	1.87638e-16
5219.40	1.87908e-16
5222.00	1.91527e-16
5224.60	1.85743e-16
5227.20	1.83383e-16
5229.80	1.8683e-16
5232.40	1.84812e-16
5235.00	1.81492e-16
5237.60	1.82186e-16
5240.20	1.83489e-16
5242.80	1.85828e-16
5245.40	1.80579e-16
5248.00	1.79331e-16
5250.60	1.80086e-16
5253.20	1.76802e-16
5255.80	1.75655e-16
5258.40	1.78151e-16
5261.00	1.75893e-16
5263.60	1.73334e-16
5266.20	1.7187e-16
5268.80	1.71017e-16
5271.40	1.6943e-16
5274.00	1.7205e-16
5276.60	1.72241e-16
5279.20	1.71e-16
5281.80	1.70174e-16
5284.40	1.68932e-16
5287.00	1.69697e-16
5289.60	1.72718e-16
5292.20	1.73593e-16
5294.80	1.73466e-16
5297.40	1.73548e-16
5300.00	1.70118e-16
5302.60	1.69053e-16
5305.20	1.67034e-16
5307.80	1.65855e-16
5310.40	1.63655e-16
5313.00	1.60054e-16
5315.60	1.61014e-16
5318.20	1.59832e-16
5320.80	1.58473e-16
5323.40	1.58956e-16
5326.00	1.60639e-16
5328.60	1.617e-16
5331.20	1.58179e-16
5333.80	1.54537e-16
5336.40	1.56978e-16
5339.00	1.59867e-16
5341.60	1.58792e-16
5344.20	1.61551e-16
5346.80	1.59656e-16
5349.40	1.5652e-16
5352.00	1.55798e-16
5354.60	1.56401e-16
5357.20	1.57852e-16
5359.80	1.54681e-16
5362.40	1.54487e-16
5365.00	1.58214e-16
5367.60	1.5754e-16
5370.20	1.57005e-16
5372.80	1.57251e-16
5375.40	1.59309e-16
5378.00	1.59262e-16
5380.60	1.56396e-16
5383.20	1.56847e-16
5385.80	1.60862e-16
5388.40	1.61557e-16
5391.00	1.6012e-16
5393.60	1.59187e-16
5396.20	1.59911e-16
5398.80	1.61402e-16
5401.40	1.59471e-16
5404.00	1.56188e-16
5406.60	1.60371e-16
5409.20	1.62563e-16
5411.80	1.60118e-16
5414.40	1.59513e-16
5417.00	1.58102e-16
5419.60	1.59227e-16
5422.20	1.60756e-16
5424.80	1.60646e-16
5427.40	1.6146e-16
5430.00	1.65809e-16
5432.60	1.68358e-16
5435.20	1.66412e-16
5437.80	1.65991e-16
5440.40	1.63698e-16
5443.00	1.63256e-16
5445.60	1.66983e-16
5448.20	1.68807e-16
5450.80	1.70283e-16
5453.40	1.69491e-16
5456.00	1.69854e-16
5458.60	1.72716e-16
5461.20	1.7423e-16
5463.80	1.7586e-16
5466.40	1.78665e-16
5469.00	1.80356e-16
5471.60	1.80578e-16
5474.20	1.78972e-16
5476.80	1.77738e-16
5479.40	1.79323e-16
5482.00	1.79597e-16
5484.60	1.81237e-16
5487.20	1.81287e-16
5489.80	1.80727e-16
5492.40	1.81156e-16
5495.00	1.79305e-16
5497.60	1.82072e-16
5500.20	1.86056e-16
5502.80	1.84683e-16
5505.40	1.83288e-16
5508.00	1.83675e-16
5510.60	1.83206e-16
5513.20	1.81395e-16
5515.80	1.82524e-16
5518.40	1.86174e-16
5521.00	1.84455e-16
5523.60	1.84797e-16
5526.20	1.88631e-16
5528.80	1.88892e-16
5531.40	1.89508e-16
5534.00	1.91356e-16
5536.60	1.92191e-16
5539.20	1.91531e-16
5541.80	1.93157e-16
5544.40	1.93773e-16
5547.00	1.92447e-16
5549.60	1.95504e-16
5552.20	1.97944e-16
5554.80	1.97375e-16
5557.40	1.96776e-16
5560.00	1.9855e-16
5562.60	1.95435e-16
5565.20	1.95005e-16
5567.80	1.94574e-16
5570.40	1.94144e-16
5573.00	1.93713e-16
5575.60	1.93282e-16
5578.20	1.92852e-16
5580.80	1.92852e-16
5583.40	1.96103e-16
5586.00	1.97157e-16
5588.60	1.94039e-16
5591.20	1.92723e-16
5593.80	1.91209e-16
5596.40	1.95091e-16
5599.00	1.96135e-16
5601.60	1.94332e-16
5604.20	1.94047e-16
5606.80	1.92933e-16
5609.40	1.93642e-16
5612.00	1.94824e-16
5614.60	1.95011e-16
5617.20	1.92572e-16
5619.80	1.91479e-16
5622.40	1.92678e-16
5625.00	1.91587e-16
5627.60	1.91575e-16
5630.20	1.91231e-16
5632.80	1.91837e-16
5635.40	1.94394e-16
5638.00	1.94849e-16
5640.60	1.9214e-16
5643.20	1.88954e-16
5645.80	1.91121e-16
5648.40	1.90569e-16
5651.00	1.9117e-16
5653.60	1.93633e-16
5656.20	1.92224e-16
5658.80	1.93169e-16
5661.40	1.90953e-16
5664.00	1.89063e-16
5666.60	1.90958e-16
5669.20	1.90588e-16
5671.80	1.89302e-16
5674.40	1.89248e-16
5677.00	1.90701e-16
5679.60	1.93799e-16
5682.20	1.91911e-16
5684.80	1.90919e-16
5687.40	1.9136e-16
5690.00	1.90014e-16
5692.60	1.89255e-16
5695.20	1.90302e-16
5697.80	1.90399e-16
5700.40	1.88679e-16
5703.00	1.90694e-16
5705.60	1.92592e-16
5708.20	1.89597e-16
5710.80	1.87383e-16
5713.40	1.88901e-16
5716.00	1.89286e-16
5718.60	1.87747e-16
5721.20	1.9079e-16
5723.80	1.92291e-16
5726.40	1.91255e-16
5729.00	1.91954e-16
5731.60	1.91245e-16
5734.20	1.88394e-16
5736.80	1.90306e-16
5739.40	1.92378e-16
5742.00	1.88572e-16
5744.60	1.87162e-16
5747.20	1.89249e-16
5749.80	1.87097e-16
5752.40	1.84954e-16
5755.00	1.86054e-16
5757.60	1.86168e-16
5760.20	1.85953e-16
5762.80	1.85541e-16
5765.40	1.85054e-16
5768.00	1.83633e-16
5770.60	1.81813e-16
5773.20	1.83096e-16
5775.80	1.81786e-16
5778.40	1.80752e-16
5781.00	1.80198e-16
5783.60	1.80036e-16
5786.20	1.82979e-16
5788.80	1.84354e-16
5791.40	1.82897e-16
5794.00	1.77251e-16
5796.60	1.77982e-16
5799.20	1.81212e-16
5801.80	1.77195e-16
5804.40	1.75391e-16
5807.00	1.79053e-16
5809.60	1.74542e-16
5812.20	1.74313e-16
5814.80	1.75613e-16
5817.40	1.75081e-16
5820.00	1.74177e-16
5822.60	1.74177e-16
5825.20	1.72751e-16
5827.80	1.71693e-16
5830.40	1.69181e-16
5833.00	1.71451e-16
5835.60	1.69774e-16
5838.20	1.67943e-16
5840.80	1.70084e-16
5843.40	1.67701e-16
5846.00	1.70183e-16
5848.60	1.73039e-16
5851.20	1.68041e-16
5853.80	1.67763e-16
5856.40	1.65402e-16
5859.00	1.61293e-16
5861.60	1.63998e-16
5864.20	1.61718e-16
5866.80	1.60505e-16
5869.40	1.61351e-16
5872.00	1.62593e-16
5874.60	1.62231e-16
5877.20	1.61658e-16
5879.80	1.61985e-16
5882.40	1.58176e-16
5885.00	1.5234e-16
5887.60	1.54775e-16
5890.20	1.52507e-16
5892.80	1.50042e-16
5895.40	1.49683e-16
5898.00	1.50574e-16
5900.60	1.47924e-16
5903.20	1.55816e-16
5905.80	1.5425e-16
5908.40	1.50282e-16
5911.00	1.50407e-16
5913.60	1.47441e-16
5916.20	1.48922e-16
5918.80	1.49776e-16
5921.40	1.47049e-16
5924.00	1.44616e-16
5926.60	1.4333e-16
5929.20	1.45226e-16
5931.80	1.43324e-16
5934.40	1.4208e-16
5937.00	1.45963e-16
5939.60	1.43819e-16
5942.20	1.42924e-16
5944.80	1.41994e-16
5947.40	1.38244e-16
5950.00	1.40249e-16
5952.60	1.38919e-16
5955.20	1.38504e-16
5957.80	1.38265e-16
5960.40	1.36674e-16
5963.00	1.36968e-16
5965.60	1.36554e-16
5968.20	1.38821e-16
5970.80	1.37658e-16
5973.40	1.35653e-16
5976.00	1.37387e-16
5978.60	1.34971e-16
5981.20	1.32524e-16
5983.80	1.32176e-16
5986.40	1.32682e-16
5989.00	1.34005e-16
5991.60	1.34049e-16
5994.20	1.35495e-16
5996.80	1.33146e-16
5999.40	1.33858e-16
6002.00	1.35226e-16
6004.60	1.30319e-16
6007.20	1.28846e-16
6009.80	1.32453e-16
6012.40	1.32325e-16
6015.00	1.33616e-16
6017.60	1.3221e-16
6020.20	1.30387e-16
6022.80	1.31844e-16
6025.40	1.32764e-16
6028.00	1.32155e-16
6030.60	1.31045e-16
6033.20	1.29823e-16
6035.80	1.32449e-16
6038.40	1.32835e-16
6041.00	1.32807e-16
6043.60	1.35797e-16
6046.20	1.33811e-16
6048.80	1.32529e-16
6051.40	1.32054e-16
6054.00	1.34747e-16
6056.60	1.36358e-16
6059.20	1.3418e-16
6061.80	1.34001e-16
6064.40	1.37346e-16
6067.00	1.37169e-16
6069.60	1.37226e-16
6072.20	1.37907e-16
6074.80	1.40378e-16
6077.40	1.42371e-16
6080.00	1.42312e-16
6082.60	1.42253e-16
6085.20	1.42194e-16
6087.80	1.42135e-16
6090.40	1.42077e-16
6093.00	1.42018e-16
6095.60	1.42018e-16
6098.20	1.45196e-16
6100.80	1.45975e-16
6103.40	1.47218e-16
6106.00	1.47027e-16
6108.60	1.46464e-16
6111.20	1.44714e-16
6113.80	1.45734e-16
6116.40	1.50488e-16
6119.00	1.51463e-16
6121.60	1.47353e-16
6124.20	1.488e-16
6126.80	1.51152e-16
6129.40	1.52027e-16
6132.00	1.52157e-16
6134.60	1.5319e-16
6137.20	1.53645e-16
6139.80	1.52885e-16
6142.40	1.53684e-16
6145.00	1.54456e-16
6147.60	1.55524e-16
6150.20	1.53354e-16
6152.80	1.54986e-16
6155.40	1.52413e-16
6158.00	1.56528e-16
6160.60	1.59678e-16
6163.20	1.56309e-16
6165.80	1.6194e-16
6168.40	1.57559e-16
6171.00	1.57177e-16
6173.60	1.55311e-16
6176.20	1.57666e-16
6178.80	1.55531e-16
6181.40	1.52673e-16
6184.00	1.5652e-16
6186.60	1.57409e-16
6189.20	1.542e-16
6191.80	1.57027e-16
6194.40	1.54791e-16
6197.00	1.56524e-16
6199.60	1.54749e-16
6202.20	1.54608e-16
6204.80	1.57016e-16
6207.40	1.55714e-16
6210.00	1.5551e-16
6212.60	1.53234e-16
6215.20	1.54e-16
6217.80	1.56901e-16
6220.40	1.49016e-16
6223.00	1.45358e-16
6225.60	1.44198e-16
6228.20	1.42805e-16
6230.80	1.43064e-16
6233.40	1.44244e-16
6236.00	1.49785e-16
6238.60	1.50309e-16
6241.20	1.52982e-16
6243.80	1.51576e-16
6246.40	1.49896e-16
6249.00	1.51362e-16
6251.60	1.49747e-16
6254.20	1.48332e-16
6256.80	1.47718e-16
6259.40	1.53833e-16
6262.00	1.47838e-16
6264.60	1.498e-16
6267.20	1.46842e-16
6269.80	1.4696e-16
6272.40	1.48468e-16
6275.00	1.45004e-16
6277.60	1.48022e-16
6280.20	1.46886e-16
6282.80	1.48559e-16
6285.40	1.45804e-16
6288.00	1.44466e-16
6290.60	1.47616e-16
6293.20	1.50191e-16
6295.80	1.43052e-16
6298.40	1.44532e-16
6301.00	1.44822e-16
6303.60	1.44453e-16
6306.20	1.43118e-16
6308.80	1.41846e-16
6311.40	1.43543e-16
6314.00	1.43673e-16
6316.60	1.42201e-16
6319.20	1.44624e-16
6321.80	1.42853e-16
6324.40	1.41753e-16
6327.00	1.39849e-16
6329.60	1.40534e-16
6332.20	1.42974e-16
6334.80	1.42747e-16
6337.40	1.40087e-16
6340.00	1.38371e-16
6342.60	1.38905e-16
6345.20	1.40708e-16
6347.80	1.39812e-16
6350.40	1.39554e-16
6353.00	1.41562e-16
6355.60	1.40815e-16
6358.20	1.40522e-16
6360.80	1.36319e-16
6363.40	1.38095e-16
6366.00	1.372e-16
6368.60	1.39575e-16
6371.20	1.37367e-16
6373.80	1.38724e-16
6376.40	1.43856e-16
6379.00	1.38411e-16
6381.60	1.42555e-16
6384.20	1.42063e-16
6386.80	1.42886e-16
6389.40	1.42827e-16
6392.00	1.37678e-16
6394.60	1.41584e-16
6397.20	1.36125e-16
6399.80	1.45624e-16
6402.40	1.42331e-16
6405.00	1.42915e-16
6407.60	1.40036e-16
6410.20	1.41332e-16
6412.80	1.43488e-16
6415.40	1.42194e-16
6418.00	1.41413e-16
6420.60	1.43903e-16
6423.20	1.43237e-16
6425.80	1.43368e-16
6428.40	1.44343e-16
6431.00	1.42474e-16
6433.60	1.39402e-16
6436.20	1.39595e-16
6438.80	1.40275e-16
6441.40	1.39993e-16
6444.00	1.41462e-16
6446.60	1.4088e-16
6449.20	1.3864e-16
6451.80	1.39241e-16
6454.40	1.40792e-16
6457.00	1.38022e-16
6459.60	1.36445e-16
6462.20	1.36425e-16
6464.80	1.36072e-16
6467.40	1.4e-16
6470.00	1.36019e-16
6472.60	1.3906e-16
6475.20	1.38876e-16
6477.80	1.33931e-16
6480.40	1.35321e-16
6483.00	1.38373e-16
6485.60	1.38009e-16
6488.20	1.33541e-16
6490.80	1.36297e-16
6493.40	1.37201e-16
6496.00	1.34258e-16
6498.60	1.37595e-16
6501.20	1.30532e-16
6503.80	1.35658e-16
6506.40	1.33389e-16
6509.00	1.34558e-16
6511.60	1.34052e-16
6514.20	1.30783e-16
6516.80	1.33849e-16
6519.40	1.35015e-16
6522.00	1.2994e-16
6524.60	1.30809e-16
6527.20	1.3189e-16
6529.80	1.3043e-16
6532.40	1.30482e-16
6535.00	1.26097e-16
6537.60	1.25666e-16
6540.20	1.29761e-16
6542.80	1.29357e-16
6545.40	1.28171e-16
6548.00	1.27691e-16
6550.60	1.27567e-16
6553.20	1.29011e-16
6555.80	1.24241e-16
6558.40	1.22681e-16
6561.00	1.27414e-16
6563.60	1.3142e-16
6566.20	1.2684e-16
6568.80	1.2632e-16
6571.40	1.2336e-16
6574.00	1.29455e-16
6576.60	1.30185e-16
6579.20	1.28395e-16
6581.80	1.28891e-16
6584.40	1.27173e-16
6587.00	1.25106e-16
6589.60	1.27221e-16
6592.20	1.29128e-16
6594.80	1.31761e-16
6597.40	1.31552e-16
6600.00	1.32362e-16
6602.60	1.33374e-16
6605.20	1.31199e-16
6607.80	1.33076e-16
6610.40	1.32722e-16
6613.00	1.32324e-16
6615.60	1.31004e-16
6618.20	1.32233e-16
6620.80	1.34663e-16
6623.40	1.33294e-16
6626.00	1.30258e-16
6628.60	1.28799e-16
6631.20	1.29043e-16
6633.80	1.28839e-16
6636.40	1.30197e-16
6639.00	1.32173e-16
6641.60	1.33476e-16
6644.20	1.34052e-16
6646.80	1.34244e-16
6649.40	1.36058e-16
6652.00	1.33039e-16
6654.60	1.35201e-16
6657.20	1.35673e-16
6659.80	1.37345e-16
6662.40	1.36109e-16
6665.00	1.38418e-16
6667.60	1.37668e-16
6670.20	1.35224e-16
6672.80	1.3696e-16
6675.40	1.3486e-16
6678.00	1.32922e-16
6680.60	1.37972e-16
6683.20	1.37083e-16
6685.80	1.36942e-16
6688.40	1.38739e-16
6691.00	1.39016e-16
6693.60	1.37612e-16
6696.20	1.40409e-16
6698.80	1.38371e-16
6701.40	1.36133e-16
6704.00	1.39384e-16
6706.60	1.39193e-16
6709.20	1.38516e-16
6711.80	1.37527e-16
6714.40	1.39047e-16
6717.00	1.38077e-16
6719.60	1.35585e-16
6722.20	1.38214e-16
6724.80	1.38184e-16
6727.40	1.37367e-16
6730.00	1.35817e-16
6732.60	1.40144e-16
6735.20	1.36627e-16
6737.80	1.41898e-16
6740.40	1.38705e-16
6743.00	1.38266e-16
6745.60	1.38991e-16
6748.20	1.38901e-16
6750.80	1.36172e-16
6753.40	1.36975e-16
6756.00	1.36239e-16
6758.60	1.39509e-16
6761.20	1.38424e-16
6763.80	1.38757e-16
6766.40	1.39069e-16
6769.00	1.41833e-16
6771.60	1.38857e-16
6774.20	1.39778e-16
6776.80	1.40953e-16
6779.40	1.40649e-16
6782.00	1.40575e-16
6784.60	1.4022e-16
6787.20	1.3943e-16
6789.80	1.3956e-16
6792.40	1.41893e-16
6795.00	1.38677e-16
6797.60	1.35487e-16
6800.20	1.3913e-16
6802.80	1.41121e-16
6805.40	1.41561e-16
6808.00	1.42838e-16
6810.60	1.42071e-16
6813.20	1.43364e-16
6815.80	1.40103e-16
6818.40	1.42572e-16
6821.00	1.40853e-16
6823.60	1.40842e-16
6826.20	1.43585e-16
6828.80	1.4249e-16
6831.40	1.4156e-16
6834.00	1.42279e-16
6836.60	1.40964e-16
6839.20	1.39216e-16
6841.80	1.43206e-16
6844.40	1.44945e-16
6847.00	1.45161e-16
6849.60	1.43504e-16
6852.20	1.44343e-16
6854.80	1.42893e-16
6857.40	1.41687e-16
6860.00	1.44191e-16
6862.60	1.39441e-16
6865.20	1.37784e-16
6867.80	1.41019e-16
6870.40	1.35813e-16
6873.00	1.33574e-16
6875.60	1.37648e-16
6878.20	1.37715e-16
6880.80	1.37657e-16
6883.40	1.38039e-16
6886.00	1.36299e-16
6888.60	1.35766e-16
6891.20	1.34966e-16
6893.80	1.34013e-16
6896.40	1.36854e-16
6899.00	1.36975e-16
6901.60	1.35887e-16
6904.20	1.37747e-16
6906.80	1.31882e-16
6909.40	1.32349e-16
6912.00	1.36071e-16
6914.60	1.37158e-16
6917.20	1.35568e-16
6919.80	1.39006e-16
6922.40	1.4075e-16
6925.00	1.4057e-16
6927.60	1.41922e-16
6930.20	1.57853e-16
6932.80	1.83465e-16
6935.40	2.05758e-16
6938.00	2.12647e-16
6940.60	1.95671e-16
6943.20	1.64702e-16
6945.80	1.43136e-16
6948.40	1.34925e-16
6951.00	1.3275e-16
6953.60	1.3502e-16
6956.20	1.35588e-16
6958.80	1.33283e-16
6961.40	1.32277e-16
6964.00	1.2764e-16
6966.60	1.21736e-16
6969.20	1.23001e-16
6971.80	1.22747e-16
6974.40	1.17369e-16
6977.00	1.16447e-16
6979.60	1.13675e-16
6982.20	1.15426e-16
6984.80	1.1894e-16
6987.40	1.17285e-16
6990.00	1.1823e-16
6992.60	1.15936e-16
6995.20	1.1548e-16
6997.80	1.16516e-16
7000.40	1.1463e-16
7003.00	1.15083e-16
7005.60	1.14867e-16
7008.20	1.15406e-16
7010.80	1.18189e-16
7013.40	1.15873e-16
7016.00	1.12374e-16
7018.60	1.11612e-16
7021.20	1.11345e-16
7023.80	1.11761e-16
7026.40	1.11861e-16
7029.00	1.09483e-16
7031.60	1.08356e-16
7034.20	1.09369e-16
7036.80	1.09743e-16
7039.40	1.08429e-16
7042.00	1.09365e-16
7044.60	1.08094e-16
7047.20	1.07457e-16
7049.80	1.059e-16
7052.40	1.10238e-16
7055.00	1.10328e-16
7057.60	1.0882e-16
7060.20	1.11306e-16
7062.80	1.10217e-16
7065.40	1.07368e-16
7068.00	1.06613e-16
7070.60	1.06539e-16
7073.20	1.06364e-16
7075.80	1.06195e-16
7078.40	1.05253e-16
7081.00	1.04583e-16
7083.60	1.05073e-16
7086.20	1.0431e-16
7088.80	1.02839e-16
7091.40	1.02745e-16
7094.00	1.02772e-16
7096.60	1.02745e-16
7099.20	1.03765e-16
7101.80	1.04316e-16
7104.40	1.02202e-16
7107.00	1.01902e-16
7109.60	1.05096e-16
7112.20	1.04022e-16
7114.80	1.03329e-16
7117.40	1.02732e-16
7120.00	9.76917e-17
7122.60	9.67093e-17
7125.20	9.8382e-17
7127.80	9.53709e-17
7130.40	9.67286e-17
7133.00	9.67241e-17
7135.60	9.58471e-17
7138.20	9.38401e-17
7140.80	9.63004e-17
7143.40	9.73936e-17
7146.00	9.66084e-17
7148.60	9.71107e-17
7151.20	9.58063e-17
7153.80	9.34583e-17
7156.40	9.20808e-17
7159.00	9.2929e-17
7161.60	9.2598e-17
7164.20	9.40365e-17
7166.80	9.57495e-17
7169.40	9.55705e-17
7172.00	9.66282e-17
7174.60	9.55428e-17
7177.20	9.78508e-17
7179.80	9.8404e-17
7182.40	9.55358e-17
7185.00	9.46615e-17
7187.60	9.52025e-17
7190.20	9.47442e-17
7192.80	9.2204e-17
7195.40	9.20142e-17
7198.00	9.49533e-17
7200.60	9.41018e-17
7203.20	9.34262e-17
7205.80	9.17861e-17
7208.40	9.0406e-17
7211.00	9.18942e-17
7213.60	9.14656e-17
7216.20	8.98041e-17
7218.80	9.02612e-17
7221.40	9.05083e-17
7224.00	9.0957e-17
7226.60	9.15658e-17
7229.20	9.09118e-17
7231.80	8.99845e-17
7234.40	9.16127e-17
7237.00	9.35925e-17
7239.60	9.11606e-17
7242.20	8.73814e-17
7244.80	8.75361e-17
7247.40	8.93015e-17
7250.00	8.82936e-17
7252.60	8.73741e-17
7255.20	8.82631e-17
7257.80	8.83912e-17
7260.40	9.05723e-17
7263.00	9.21246e-17
7265.60	9.09764e-17
7268.20	8.83762e-17
7270.80	8.72903e-17
7273.40	8.82188e-17
7276.00	8.54217e-17
7278.60	8.47043e-17
7281.20	8.55817e-17
7283.80	8.72065e-17
7286.40	8.88851e-17
7289.00	9.00023e-17
7291.60	9.06006e-17
7294.20	8.87982e-17
7296.80	8.8722e-17
7299.40	8.6689e-17
7302.00	8.48556e-17
7304.60	8.76915e-17
7307.20	8.87957e-17
7309.80	8.82381e-17
7312.40	8.75904e-17
7315.00	8.66092e-17
7317.60	8.65532e-17
7320.20	8.75212e-17
7322.80	8.74286e-17
7325.40	8.69136e-17
7328.00	8.60027e-17
7330.60	8.44662e-17
7333.20	8.59431e-17
7335.80	8.41418e-17
7338.40	8.38033e-17
7341.00	8.6878e-17
7343.60	8.48928e-17
7346.20	8.55118e-17
7348.80	8.61776e-17
7351.40	8.7609e-17
7354.00	8.81071e-17
7356.60	8.54576e-17
7359.20	8.50408e-17
7361.80	8.44376e-17
7364.40	8.63452e-17
7367.00	8.6829e-17
7369.60	8.48138e-17
7372.20	8.51158e-17
7374.80	8.58896e-17
7377.40	8.69997e-17
7380.00	8.73576e-17
7382.60	8.55866e-17
7385.20	8.61897e-17
7387.80	8.75778e-17
7390.40	8.71511e-17
7393.00	8.67167e-17
7395.60	8.77825e-17
7398.20	8.81042e-17
7400.80	8.39369e-17
7403.40	8.52091e-17
7406.00	8.87969e-17
7408.60	8.62041e-17
7411.20	8.54305e-17
7413.80	8.47495e-17
7416.40	8.40554e-17
7419.00	8.47125e-17
7421.60	8.64878e-17
7424.20	8.70687e-17
7426.80	8.46274e-17
7429.40	8.50232e-17
7432.00	8.52907e-17
7434.60	8.52914e-17
7437.20	8.59103e-17
7439.80	8.58545e-17
7442.40	8.6841e-17
7445.00	8.66215e-17
7447.60	8.61204e-17
7450.20	8.69873e-17
7452.80	8.65068e-17
7455.40	8.59913e-17
7458.00	8.67079e-17
7460.60	8.7936e-17
7463.20	8.91432e-17
7465.80	9.27354e-17
7468.40	9.48402e-17
7471.00	9.2821e-17
7473.60	9.13e-17
7476.20	8.7121e-17
7478.80	8.71962e-17
7481.40	8.96086e-17
7484.00	9.07423e-17
7486.60	9.16209e-17
7489.20	8.97665e-17
7491.80	8.71481e-17
7494.40	8.75072e-17
7497.00	8.8845e-17
7499.60	8.77596e-17
7502.20	8.75029e-17
7504.80	8.91193e-17
7507.40	8.85831e-17
7510.00	8.52741e-17
7512.60	8.51431e-17
7515.20	8.97548e-17
7517.80	9.20606e-17
7520.40	8.95035e-17
7523.00	8.71861e-17
7525.60	8.8415e-17
7528.20	8.73528e-17
7530.80	8.84184e-17
7533.40	8.99988e-17
7536.00	8.80284e-17
7538.60	9.18827e-17
7541.20	9.04322e-17
7543.80	8.56102e-17
7546.40	8.73601e-17
7549.00	8.9103e-17
7551.60	8.6105e-17
7554.20	8.58185e-17
7556.80	8.90859e-17
7559.40	8.81615e-17
7562.00	8.66465e-17
7564.60	8.98729e-17
7567.20	9.23671e-17
7569.80	9.18008e-17
7572.40	9.1628e-17
7575.00	9.01243e-17
7577.60	8.96021e-17
7580.20	9.00872e-17
7582.80	9.03708e-17
7585.40	9.35018e-17
7588.00	9.35015e-17
7590.60	9.04998e-17
7593.20	9.34843e-17
7595.80	9.32361e-17
7598.40	8.70324e-17
7601.00	8.45516e-17
7603.60	8.61645e-17
7606.20	8.38824e-17
7608.80	8.55217e-17
7611.40	8.64504e-17
7614.00	8.39405e-17
7616.60	8.58876e-17
7619.20	9.08326e-17
7621.80	9.12148e-17
7624.40	8.90773e-17
7627.00	8.46485e-17
7629.60	8.57772e-17
7632.20	8.9965e-17
7634.80	9.11092e-17
7637.40	8.84513e-17
7640.00	8.92556e-17
7642.60	8.84889e-17
7645.20	8.68651e-17
7647.80	8.76863e-17
7650.40	8.78419e-17
7653.00	8.74726e-17
7655.60	8.83414e-17
7658.20	8.8949e-17
7660.80	8.91897e-17
7663.40	8.89524e-17
7666.00	9.10838e-17
7668.60	9.20523e-17
7671.20	8.91827e-17
7673.80	9.14437e-17
7676.40	9.04199e-17
7679.00	9.05029e-17
7681.60	8.89717e-17
7684.20	9.00917e-17
7686.80	8.9591e-17
7689.40	8.79866e-17
7692.00	8.69599e-17
7694.60	8.88999e-17
7697.20	9.19124e-17
7699.80	9.19328e-17
7702.40	9.33481e-17
7705.00	9.16301e-17
7707.60	9.05196e-17
7710.20	9.15996e-17
7712.80	9.00934e-17
7715.40	8.83152e-17
7718.00	8.82806e-17
7720.60	8.9904e-17
7723.20	9.04153e-17
7725.80	9.3971e-17
7728.40	9.34073e-17
7731.00	9.12754e-17
7733.60	9.09879e-17
7736.20	9.24919e-17
7738.80	9.34735e-17
7741.40	9.01751e-17
7744.00	8.96942e-17
7746.60	9.31009e-17
7749.20	9.16621e-17
7751.80	8.95604e-17
7754.40	9.04253e-17
7757.00	8.90357e-17
7759.60	8.93003e-17
7762.20	8.6813e-17
7764.80	8.73944e-17
7767.40	8.89741e-17
7770.00	8.8182e-17
7772.60	8.94779e-17
7775.20	8.8718e-17
7777.80	8.76708e-17
7780.40	8.82519e-17
7783.00	8.79477e-17
7785.60	8.44831e-17
7788.20	8.47253e-17
7790.80	8.61481e-17
7793.40	8.5698e-17
7796.00	8.79049e-17
7798.60	8.7964e-17
7801.20	8.60492e-17
7803.80	8.63118e-17
7806.40	8.63763e-17
7809.00	8.96517e-17
7811.60	8.7323e-17
7814.20	8.61203e-17
7816.80	8.87562e-17
7819.40	8.75704e-17
7822.00	8.4574e-17
7824.60	8.47452e-17
7827.20	8.27477e-17
7829.80	8.52856e-17
7832.40	8.86579e-17
7835.00	8.569e-17
7837.60	8.20109e-17
7840.20	8.36078e-17
7842.80	8.55007e-17
7845.40	8.36195e-17
7848.00	8.69955e-17
7850.60	9.18318e-17
7853.20	8.80359e-17
7855.80	8.57191e-17
7858.40	8.7604e-17
7861.00	8.72757e-17
7863.60	8.79042e-17
7866.20	8.55329e-17
7868.80	8.55258e-17
7871.40	8.61422e-17
7874.00	8.3372e-17
7876.60	8.40163e-17
7879.20	8.53692e-17
7881.80	8.39196e-17
7884.40	8.4986e-17
7887.00	8.63557e-17
7889.60	8.52944e-17
7892.20	8.67923e-17
7894.80	8.73609e-17
7897.40	8.64213e-17
7900.00	8.42025e-17
7902.60	8.51949e-17
7905.20	8.63731e-17
7907.80	8.37062e-17
7910.40	8.54254e-17
7913.00	8.43821e-17
7915.60	8.17693e-17
7918.20	8.12157e-17
7920.80	8.2094e-17
7923.40	8.11163e-17
7926.00	8.42594e-17
7928.60	8.39029e-17
7931.20	8.27566e-17
7933.80	8.56329e-17
7936.40	8.32263e-17
7939.00	8.52057e-17
7941.60	8.18441e-17
7944.20	8.13886e-17
7946.80	8.10037e-17
7949.40	8.14984e-17
7952.00	8.30344e-17
7954.60	8.34175e-17
7957.20	8.54427e-17
7959.80	8.5238e-17
7962.40	8.22628e-17
7965.00	8.01074e-17
7967.60	7.99574e-17
7970.20	8.15783e-17
7972.80	7.9711e-17
7975.40	7.79801e-17
7978.00	8.16731e-17
7980.60	7.9687e-17
7983.20	7.83258e-17
7985.80	7.64032e-17
7988.40	7.9192e-17
7991.00	7.68001e-17
7993.60	8.4112e-17
7996.20	8.31745e-17
7998.80	8.26696e-17
8001.40	7.79023e-17
8004.00	7.60079e-17
8006.60	7.81965e-17
8009.20	8.25819e-17
8011.80	7.78815e-17
8014.40	7.72779e-17
8017.00	7.48295e-17
8019.60	7.63866e-17
8022.20	7.79227e-17
8024.80	7.57949e-17
8027.40	7.59831e-17
8030.00	7.58877e-17
8032.60	7.63975e-17
8035.20	7.71744e-17
8037.80	8.23012e-17
8040.40	8.04218e-17
8043.00	7.30531e-17
8045.60	8.01353e-17
8048.20	7.91977e-17
8050.80	7.56789e-17
8053.40	7.82694e-17
8056.00	7.43478e-17
8058.60	7.74021e-17
8061.20	8.05699e-17
8063.80	7.88621e-17
8066.40	7.54257e-17
8069.00	7.58694e-17
8071.60	7.73644e-17
8074.20	7.92639e-17
8076.80	7.75834e-17
8079.40	7.90654e-17
8082.00	7.72293e-17
8084.60	7.75065e-17
8087.20	8.00769e-17
8089.80	7.43964e-17
8092.40	7.66739e-17
8095.00	7.74967e-17
8097.60	7.32442e-17
8100.20	7.56726e-17
8102.80	7.91662e-17
8105.40	8.03562e-17
8108.00	7.72545e-17
8110.60	7.40127e-17
8113.20	7.48904e-17
8115.80	7.99702e-17
8118.40	7.78957e-17
8121.00	8.34806e-17
8123.60	7.85359e-17
8126.20	7.68575e-17
8128.80	8.08221e-17
8131.40	7.96729e-17
8134.00	8.01496e-17
8136.60	7.77405e-17
8139.20	8.08913e-17
8141.80	8.21529e-17
8144.40	8.00425e-17
8147.00	7.91599e-17
8149.60	7.88618e-17
8152.20	7.72867e-17
8154.80	7.74629e-17
8157.40	7.76609e-17
8160.00	7.72437e-17
8162.60	8.02929e-17
8165.20	7.84342e-17
8167.80	7.82623e-17
8170.40	7.97462e-17
8173.00	7.72014e-17
8175.60	7.95326e-17
8178.20	7.75621e-17
8180.80	8.02195e-17
8183.40	7.96437e-17
8186.00	7.89147e-17
8188.60	8.08103e-17
8191.20	7.53041e-17
8193.80	7.48814e-17
8196.40	7.74256e-17
8199.00	7.65423e-17
8201.60	7.89719e-17
8204.20	7.45569e-17
8206.80	7.3232e-17
8209.40	7.72513e-17
8212.00	7.82602e-17
8214.60	8.08069e-17
8217.20	7.82654e-17
8219.80	7.55542e-17
8222.40	7.79632e-17
8225.00	7.80291e-17
8227.60	7.68586e-17
8230.20	7.93234e-17
8232.80	8.22896e-17
8235.40	7.71423e-17
8238.00	7.79464e-17
8240.60	7.98904e-17
8243.20	7.66594e-17
8245.80	7.4101e-17
8248.40	7.53532e-17
8251.00	6.9162e-17
8253.60	7.33644e-17
8256.20	7.26855e-17
8258.80	7.33447e-17
8261.40	7.26678e-17
8264.00	7.42562e-17
8266.60	7.868e-17
8269.20	7.57222e-17
8271.80	7.29542e-17
8274.40	7.01102e-17
8277.00	6.97605e-17
8279.60	7.38537e-17
8282.20	7.47611e-17
8284.80	7.32676e-17
8287.40	7.13184e-17
8290.00	7.24993e-17
8292.60	6.96157e-17
8295.20	7.03687e-17
8297.80	7.29418e-17
8300.40	7.07094e-17
8303.00	6.55056e-17
8305.60	7.3892e-17
8308.20	7.15337e-17
8310.80	7.23446e-17
8313.40	7.19024e-17
8316.00	7.23047e-17
8318.60	7.38214e-17
8321.20	7.23831e-17
8323.80	6.83793e-17
8326.40	6.90883e-17
8329.00	7.20411e-17
8331.60	7.40664e-17
8334.20	6.80076e-17
8336.80	6.95014e-17
8339.40	6.94403e-17
8342.00	7.26504e-17
8344.60	7.26525e-17
8347.20	7.01279e-17
8349.80	7.01947e-17
8352.40	6.72091e-17
8355.00	6.89976e-17
8357.60	7.21239e-17
8360.20	6.59778e-17
8362.80	6.49833e-17
8365.40	6.78313e-17
8368.00	6.8955e-17
8370.60	6.64086e-17
8373.20	6.5983e-17
8375.80	6.65786e-17
8378.40	6.63761e-17
8381.00	7.0487e-17
8383.60	6.77628e-17
8386.20	7.01485e-17
8388.80	6.57222e-17
8391.40	6.53687e-17
8394.00	7.01914e-17
8396.60	6.79625e-17
8399.20	6.80973e-17
8401.80	6.7388e-17
8404.40	6.64928e-17
8407.00	6.65328e-17
8409.60	6.71241e-17
8412.20	6.456e-17
8414.80	6.35338e-17
8417.40	6.57338e-17
8420.00	6.67902e-17
8422.60	6.42359e-17
8425.20	6.19872e-17
8427.80	6.35838e-17
8430.40	6.61393e-17
8433.00	6.73002e-17
8435.60	6.53613e-17
8438.20	6.75786e-17
8440.80	6.31059e-17
8443.40	6.48971e-17
8446.00	6.62053e-17
8448.60	6.53659e-17
8451.20	6.25708e-17
8453.80	6.43554e-17
8456.40	6.50511e-17
8459.00	6.28336e-17
8461.60	6.64731e-17
8464.20	6.50029e-17
8466.80	6.103e-17
8469.40	6.23317e-17
8472.00	6.36754e-17
8474.60	6.48086e-17
8477.20	6.59343e-17
8479.80	6.27726e-17
8482.40	6.43113e-17
8485.00	6.33672e-17
8487.60	6.20343e-17
8490.20	6.43327e-17
8492.80	6.26395e-17
8495.40	6.51063e-17
8498.00	6.52038e-17
8500.60	6.29201e-17
8503.20	6.42108e-17
8505.80	6.45463e-17
8508.40	6.42181e-17
8511.00	6.36486e-17
8513.60	6.21014e-17
8516.20	6.16607e-17
8518.80	6.34515e-17
8521.40	6.52704e-17
8524.00	6.51053e-17
8526.60	6.5038e-17
8529.20	6.403e-17
8531.80	6.38888e-17
8534.40	6.78865e-17
8537.00	6.56463e-17
8539.60	6.43407e-17
8542.20	6.42786e-17
8544.80	6.42294e-17
8547.40	6.84323e-17
8550.00	6.34494e-17
8552.60	6.44526e-17
8555.20	6.72652e-17
8557.80	6.5932e-17
8560.40	6.68213e-17
8563.00	6.17471e-17
8565.60	6.2164e-17
8568.20	6.66853e-17
8570.80	6.52715e-17
8573.40	6.3152e-17
8576.00	6.50691e-17
8578.60	6.65232e-17
8581.20	6.3595e-17
8583.80	6.50181e-17
8586.40	6.44927e-17
8589.00	6.42621e-17
8591.60	6.45919e-17
8594.20	6.42939e-17
8596.80	6.6558e-17
8599.40	6.50081e-17
8602.00	6.25119e-17
8604.60	6.60123e-17
8607.20	6.6413e-17
8609.80	6.81638e-17
8612.40	6.77812e-17
8615.00	6.4739e-17
8617.60	6.4779e-17
8620.20	7.17558e-17
8622.80	6.88531e-17
8625.40	6.01848e-17
8628.00	6.32825e-17
8630.60	6.33547e-17
8633.20	5.86586e-17
8635.80	6.68212e-17
8638.40	6.53122e-17
8641.00	6.79127e-17
8643.60	6.48767e-17
8646.20	6.57379e-17
8648.80	6.45915e-17
8651.40	6.46342e-17
8654.00	6.4587e-17
8656.60	5.9709e-17
8659.20	6.30721e-17
8661.80	6.66151e-17
8664.40	6.56392e-17
8667.00	6.5756e-17
8669.60	6.53346e-17
8672.20	6.19554e-17
8674.80	6.15924e-17
8677.40	6.61615e-17
8680.00	6.62509e-17
8682.60	6.75937e-17
8685.20	6.62344e-17
8687.80	6.24223e-17
8690.40	6.49122e-17
8693.00	6.25287e-17
8695.60	6.15894e-17
8698.20	6.08036e-17
8700.80	6.32882e-17
8703.40	6.37676e-17
8706.00	6.16652e-17
8708.60	6.46477e-17
8711.20	6.2839e-17
8713.80	6.28485e-17
8716.40	6.36131e-17
8719.00	6.16795e-17
8721.60	6.25471e-17
8724.20	6.23452e-17
8726.80	6.28792e-17
8729.40	6.08981e-17
8732.00	6.35472e-17
8734.60	6.3506e-17
8737.20	6.33773e-17
8739.80	6.74809e-17
8742.40	6.78561e-17
8745.00	6.67447e-17
8747.60	6.34461e-17
8750.20	5.97521e-17
8752.80	6.29313e-17
8755.40	6.40135e-17
8758.00	6.26098e-17
8760.60	6.51476e-17
8763.20	6.07499e-17
8765.80	5.98313e-17
8768.40	5.95698e-17
8771.00	6.03945e-17
8773.60	6.72656e-17
8776.20	6.67036e-17
8778.80	6.36252e-17
8781.40	6.52994e-17
8784.00	6.94042e-17
8786.60	6.75917e-17
8789.20	6.3323e-17
8791.80	6.1787e-17
8794.40	6.16966e-17
8797.00	6.59061e-17
8799.60	6.46336e-17
8802.20	6.29581e-17
8804.80	6.61904e-17
8807.40	6.40601e-17
8810.00	6.09163e-17
8812.60	6.67576e-17
8815.20	6.96826e-17
8817.80	6.55646e-17
8820.40	6.80395e-17
8823.00	6.68921e-17
8825.60	6.78285e-17
8828.20	6.97218e-17
8830.80	7.24656e-17
8833.40	7.22693e-17
8836.00	6.69531e-17
8838.60	6.88871e-17
8841.20	6.99995e-17
8843.80	6.93759e-17
8846.40	7.15827e-17
8849.00	6.71222e-17
8851.60	6.64504e-17
8854.20	7.12532e-17
8856.80	7.13454e-17
8859.40	7.11461e-17
8862.00	7.1339e-17
8864.60	7.12958e-17
8867.20	7.34747e-17
8869.80	7.16174e-17
8872.40	6.85781e-17
8875.00	6.92658e-17
8877.60	6.86578e-17
