3932.0581659250	8.447234e-17
3933.4458214378	1.693897e-16
3934.8334769506	1.772926e-16
3936.2211324634	1.422434e-16
3937.6087879761	1.941747e-16
3938.9964434889	1.340042e-16
3940.3840990017	1.448062e-16
3941.7717545145	2.035310e-16
3943.1594100273	5.949567e-17
3944.5470655401	9.953232e-17
3945.9347210529	1.646323e-16
3947.3223765656	1.168989e-16
3948.7100320784	1.501614e-16
3950.0976875912	1.758160e-16
3951.4853431040	1.484188e-16
3952.8729986168	1.477856e-16
3954.2606541296	1.612129e-16
3955.6483096423	1.367494e-16
3957.0359651551	1.706645e-16
3958.4236206679	2.159700e-16
3959.8112761807	2.089117e-16
3961.1989316935	1.827146e-16
3962.5865872063	2.346529e-16
3963.9742427190	1.730449e-16
3965.3618982318	2.186128e-16
3966.7495537446	2.097672e-16
3968.1372092574	1.778073e-16
3969.5248647702	2.170560e-16
3970.9125202830	1.347000e-16
3972.3001757958	1.866706e-16
3973.6878313085	2.053114e-16
3975.0754868213	1.835565e-16
3976.4631423341	1.440505e-16
3977.8507978469	1.375011e-16
3979.2384533597	2.307578e-16
3980.6261088725	2.165636e-16
3982.0137643852	1.893427e-16
3983.4014198980	2.573655e-16
3984.7890754108	2.106587e-16
3986.1767309236	1.512064e-16
3987.5643864364	1.750981e-16
3988.9520419492	2.367653e-16
3990.3396974619	1.845905e-16
3991.7273529747	1.498638e-16
3993.1150084875	1.424785e-16
3994.5026640003	2.565810e-16
3995.8903195131	2.656746e-16
3997.2779750259	2.043768e-16
3998.6656305386	2.162445e-16
4000.0532860514	2.066339e-16
4001.4409415642	1.667444e-16
4002.8285970770	3.096077e-16
4004.2162525898	2.779131e-16
4005.6039081026	2.123031e-16
4006.9915636154	2.349704e-16
4008.3792191281	1.360884e-16
4009.7668746409	1.237512e-16
4011.1545301537	1.792666e-16
4012.5421856665	1.920218e-16
4013.9298411793	2.342568e-16
4015.3174966921	1.480904e-16
4016.7051522048	2.069193e-16
4018.0928077176	2.022997e-16
4019.4804632304	1.975135e-16
4020.8681187432	2.085958e-16
4022.2557742560	2.106271e-16
4023.6434297688	2.080342e-16
4025.0310852815	1.394921e-16
4026.4187407943	1.783602e-16
4027.8063963071	1.116178e-16
4029.1940518199	1.854382e-16
4030.5817073327	2.545294e-16
4031.9693628455	1.913315e-16
4033.3570183583	1.144135e-16
4034.7446738710	1.286558e-16
4036.1323293838	1.260324e-16
4037.5199848966	1.556516e-16
4038.9076404094	1.452768e-16
4040.2952959222	1.059657e-16
4041.6829514350	9.909916e-17
4043.0706069477	7.944419e-17
4044.4582624605	1.415033e-16
4045.8459179733	2.669339e-16
4047.2335734861	2.437771e-16
4048.6212289989	2.126597e-16
4050.0088845117	1.903107e-16
4051.3965400245	1.524433e-16
4052.7841955372	1.577087e-16
4054.1718510500	1.653109e-16
4055.5595065628	1.720847e-16
4056.9471620756	1.847925e-16
4058.3348175884	2.195440e-16
4059.7224731012	2.681578e-16
4061.1101286139	2.712185e-16
4062.4977841267	2.670810e-16
4063.8854396395	3.112309e-16
4065.2730951523	3.678411e-16
4066.6607506651	3.288154e-16
4068.0484061779	4.134453e-16
4069.4360616906	3.844168e-16
4070.8237172034	4.114135e-16
4072.2113727162	4.802472e-16
4073.5990282290	4.602580e-16
4074.9866837418	4.597688e-16
4076.3743392546	4.521567e-16
4077.7619947674	4.202584e-16
4079.1496502801	4.111641e-16
4080.5373057929	4.422736e-16
4081.9249613057	4.012445e-16
4083.3126168185	4.706356e-16
4084.7002723313	4.787661e-16
4086.0879278441	3.729510e-16
4087.4755833568	3.746290e-16
4088.8632388696	3.933215e-16
4090.2508943824	3.794389e-16
4091.6385498952	3.658241e-16
4093.0262054080	3.200420e-16
4094.4138609208	3.546809e-16
4095.8015164335	2.956188e-16
4097.1891719463	3.723143e-16
4098.5768274591	3.500025e-16
4099.9644829719	3.320157e-16
4101.3521384847	3.410524e-16
4102.7397939975	3.650207e-16
4104.1274495102	3.557076e-16
4105.5151050230	2.645544e-16
4106.9027605358	2.929522e-16
4108.2904160486	2.967310e-16
4109.6780715614	2.998540e-16
4111.0657270742	2.521929e-16
4112.4533825870	2.934212e-16
4113.8410380997	2.849901e-16
4115.2286936125	3.260474e-16
4116.6163491253	3.346470e-16
4118.0040046381	2.903057e-16
4119.3916601509	3.199782e-16
4120.7793156637	3.142435e-16
4122.1669711764	3.703783e-16
4123.5546266892	3.024348e-16
4124.9422822020	3.067027e-16
4126.3299377148	3.306037e-16
4127.7175932276	2.740088e-16
4129.1052487404	2.856177e-16
4130.4929042532	2.759060e-16
4131.8805597659	2.450579e-16
4133.2682152787	2.234227e-16
4134.6558707915	2.722251e-16
4136.0435263043	2.154107e-16
4137.4311818171	1.664164e-16
4138.8188373299	1.869617e-16
4140.2064928426	1.746737e-16
4141.5941483554	2.001061e-16
4142.9818038682	1.537174e-16
4144.3694593810	2.161109e-16
4145.7571148938	1.649975e-16
4147.1447704066	1.405694e-16
4148.5324259193	2.096050e-16
4149.9200814321	2.389926e-16
4151.3077369449	2.029780e-16
4152.6953924577	2.239547e-16
4154.0830479705	2.268455e-16
4155.4707034833	1.924580e-16
4156.8583589961	2.076761e-16
4158.2460145088	2.192177e-16
4159.6336700216	2.050670e-16
4161.0213255344	2.000460e-16
4162.4089810472	1.581009e-16
4163.7966365600	1.512244e-16
4165.1842920728	1.888829e-16
4166.5719475855	1.313428e-16
4167.9596030983	1.580235e-16
4169.3472586111	1.375019e-16
4170.7349141239	1.548753e-16
4172.1225696367	1.406848e-16
4173.5102251495	9.517960e-17
4174.8978806622	1.102082e-16
4176.2855361750	1.431167e-16
4177.6731916878	9.308936e-17
4179.0608472006	1.269210e-16
4180.4485027134	1.315225e-16
4181.8361582262	1.483996e-16
4183.2238137389	2.004039e-16
4184.6114692517	1.802510e-16
4185.9991247645	1.345971e-16
4187.3867802773	1.207590e-16
4188.7744357901	1.066525e-16
4190.1620913029	1.017821e-16
4191.5497468157	1.151801e-16
4192.9374023284	1.136306e-16
4194.3250578412	1.677566e-16
4195.7127133540	1.544182e-16
4197.1003688668	1.676552e-16
4198.4880243796	1.828369e-16
4199.8756798924	1.573202e-16
4201.2633354051	1.269440e-16
4202.6509909179	1.316991e-16
4204.0386464307	1.056184e-16
4205.4263019435	1.168495e-16
4206.8139574563	1.370428e-16
4208.2016129691	1.805897e-16
4209.5892684819	1.241395e-16
4210.9769239946	9.994972e-17
4212.3645795074	1.833922e-16
4213.7522350202	1.769637e-16
4215.1398905330	1.340728e-16
4216.5275460458	1.568553e-16
4217.9152015586	1.414780e-16
4219.3028570713	1.769855e-16
4220.6905125841	2.348327e-16
4222.0781680969	2.180956e-16
4223.4658236097	2.542037e-16
4224.8534791225	2.021827e-16
4226.2411346353	2.312979e-16
4227.6287901480	1.796403e-16
4229.0164456608	2.348381e-16
4230.4041011736	2.306413e-16
4231.7917566864	2.854143e-16
4233.1794121992	2.583763e-16
4234.5670677120	3.079355e-16
4235.9547232248	2.605329e-16
4237.3423787375	2.533492e-16
4238.7300342503	2.684433e-16
4240.1176897631	3.115077e-16
4241.5053452759	3.420303e-16
4242.8930007887	3.056220e-16
4244.2806563015	3.054065e-16
4245.6683118142	2.816726e-16
4247.0559673270	2.522869e-16
4248.4436228398	1.974353e-16
4249.8312783526	2.150147e-16
4251.2189338654	1.632810e-16
4252.6065893782	1.527082e-16
4253.9942448910	1.210053e-16
4255.3819004037	1.523047e-16
4256.7695559165	2.237719e-16
4258.1572114293	2.030648e-16
4259.5448669421	1.567050e-16
4260.9325224549	1.470772e-16
4262.3201779676	2.049351e-16
4263.7078334804	1.491085e-16
4265.0954889932	1.290185e-16
4266.4831445060	1.922789e-16
4267.8708000188	1.746658e-16
4269.2584555316	1.925691e-16
4270.6461110444	1.171040e-16
4272.0337665571	1.272516e-16
4273.4214220699	1.484013e-16
4274.8090775827	1.331614e-16
4276.1967330955	4.776626e-17
4277.5843886083	9.549948e-17
4278.9720441211	1.156637e-16
4280.3596996338	1.397612e-16
4281.7473551466	1.217887e-16
4283.1350106594	1.145567e-16
4284.5226661722	1.145164e-16
4285.9103216850	1.610025e-16
4287.2979771978	1.087606e-16
4288.6856327106	1.581069e-16
4290.0732882233	1.418469e-16
4291.4609437361	1.210454e-16
4292.8485992489	1.495560e-16
4294.2362547617	2.271372e-16
4295.6239102745	1.472551e-16
4297.0115657873	1.218530e-16
4298.3992213000	1.854358e-16
4299.7868768128	1.623889e-16
4301.1745323256	1.615419e-16
4302.5621878384	2.188074e-16
4303.9498433512	1.626212e-16
4305.3374988640	2.221878e-16
4306.7251543767	2.160148e-16
4308.1128098895	1.746604e-16
4309.5004654023	1.767189e-16
4310.8881209151	2.176454e-16
4312.2757764279	2.295883e-16
4313.6634319407	2.087138e-16
4315.0510874535	1.789742e-16
4316.4387429662	2.131039e-16
4317.8263984790	1.981088e-16
4319.2140539918	1.579713e-16
4320.6017095046	1.577366e-16
4321.9893650174	1.843782e-16
4323.3770205302	2.055637e-16
4324.7646760429	2.187556e-16
4326.1523315557	2.288076e-16
4327.5399870685	2.031817e-16
4328.9276425813	1.801569e-16
4330.3152980941	2.044819e-16
4331.7029536069	2.182202e-16
4333.0906091196	2.037723e-16
4334.4782646324	2.136172e-16
4335.8659201452	2.326225e-16
4337.2535756580	2.181673e-16
4338.6412311708	2.354565e-16
4340.0288866836	2.094734e-16
4341.4165421964	2.039153e-16
4342.8041977091	1.487737e-16
4344.1918532219	1.724138e-16
4345.5795087347	1.542759e-16
4346.9671642475	1.687834e-16
4348.3548197603	1.619558e-16
4349.7424752731	1.924308e-16
4351.1301307858	1.699478e-16
4352.5177862986	1.602168e-16
4353.9054418114	1.750760e-16
4355.2930973242	1.497394e-16
4356.6807528370	1.189089e-16
4358.0684083498	1.000090e-16
4359.4560638626	1.158821e-16
4360.8437193753	1.081502e-16
4362.2313748881	1.353567e-16
4363.6190304009	1.292967e-16
4365.0066859137	1.552423e-16
4366.3943414265	1.503314e-16
4367.7819969392	1.883148e-16
4369.1696524520	1.522287e-16
4370.5573079648	1.698783e-16
4371.9449634776	1.683189e-16
4373.3326189904	1.687138e-16
4374.7202745032	1.297217e-16
4376.1079300160	2.078244e-16
4377.4955855287	2.054408e-16
4378.8832410415	2.011785e-16
4380.2708965543	2.274268e-16
4381.6585520671	2.612042e-16
4383.0462075799	2.201534e-16
4384.4338630927	1.984274e-16
4385.8215186054	1.816709e-16
4387.2091741182	1.784417e-16
4388.5968296310	2.078523e-16
4389.9844851438	1.574190e-16
4391.3721406566	2.130382e-16
4392.7597961694	2.017386e-16
4394.1474516822	2.112486e-16
4395.5351071949	2.104378e-16
4396.9227627077	2.305333e-16
4398.3104182205	2.637688e-16
4399.6980737333	2.542282e-16
4401.0857292461	2.844705e-16
4402.4733847589	2.413408e-16
4403.8610402716	1.971478e-16
4405.2486957844	1.975659e-16
4406.6363512972	2.499497e-16
4408.0240068100	1.886950e-16
4409.4116623228	2.042781e-16
4410.7993178356	2.278588e-16
4412.1869733483	1.977443e-16
4413.5746288611	1.904586e-16
4414.9622843739	2.093168e-16
4416.3499398867	1.928334e-16
4417.7375953995	1.858533e-16
4419.1252509123	2.200337e-16
4420.5129064251	1.951376e-16
4421.9005619378	1.876935e-16
4423.2882174506	2.268685e-16
4424.6758729634	2.311083e-16
4426.0635284762	2.094017e-16
4427.4511839890	2.133615e-16
4428.8388395018	2.221664e-16
4430.2264950145	2.283513e-16
4431.6141505273	2.229092e-16
4433.0018060401	2.502240e-16
4434.3894615529	2.137840e-16
4435.7771170657	2.008286e-16
4437.1647725785	2.308879e-16
4438.5524280913	2.452968e-16
4439.9400836040	2.442856e-16
4441.3277391168	2.653147e-16
4442.7153946296	2.534789e-16
4444.1030501424	2.824872e-16
4445.4907056552	3.008424e-16
4446.8783611679	2.933561e-16
4448.2660166807	3.195176e-16
4449.6536721935	3.154121e-16
4451.0413277063	3.607656e-16
4452.4289832191	3.382127e-16
4453.8166387319	3.380267e-16
4455.2042942447	3.727041e-16
4456.5919497574	3.409043e-16
4457.9796052702	2.907326e-16
4459.3672607830	2.861460e-16
4460.7549162958	2.796116e-16
4462.1425718086	2.960069e-16
4463.5302273214	3.557584e-16
4464.9178828341	3.118654e-16
4466.3055383469	2.377764e-16
4467.6931938597	2.859764e-16
4469.0808493725	2.306226e-16
4470.4685048853	3.018990e-16
4471.8561603981	2.888776e-16
4473.2438159109	3.104465e-16
4474.6314714236	2.213788e-16
4476.0191269364	2.543428e-16
4477.4067824492	2.764710e-16
4478.7944379620	3.128983e-16
4480.1820934748	3.516363e-16
4481.5697489876	2.597887e-16
4482.9574045003	2.251665e-16
4484.3450600131	2.263385e-16
4485.7327155259	2.327609e-16
4487.1203710387	2.388297e-16
4488.5080265515	2.383094e-16
4489.8956820643	2.271578e-16
4491.2833375770	2.013526e-16
4492.6709930898	2.207767e-16
4494.0586486026	2.371985e-16
4495.4463041154	1.907014e-16
4496.8339596282	2.067761e-16
4498.2216151410	1.881757e-16
4499.6092706538	2.106659e-16
4500.9969261665	2.093732e-16
4502.3845816793	2.331366e-16
4503.7722371921	1.794110e-16
4505.1598927049	1.670922e-16
4506.5475482177	1.575322e-16
4507.9352037305	1.886488e-16
4509.3228592432	1.555442e-16
4510.7105147560	1.358011e-16
4512.0981702688	1.497564e-16
4513.4858257816	1.064208e-16
4514.8734812944	8.279608e-17
4516.2611368072	1.887414e-16
4517.6487923200	1.667362e-16
4519.0364478327	1.589084e-16
4520.4241033455	1.563134e-16
4521.8117588583	1.055464e-16
4523.1994143711	1.570079e-16
4524.5870698839	1.573180e-16
4525.9747253966	1.927917e-16
4527.3623809094	1.983243e-16
4528.7500364222	1.992332e-16
4530.1376919350	1.582429e-16
4531.5253474478	1.758981e-16
4532.9130029606	1.305194e-16
4534.3006584734	1.856287e-16
4535.6883139861	1.972473e-16
4537.0759694989	1.599712e-16
4538.4636250117	2.292251e-16
4539.8512805245	2.236126e-16
4541.2389360373	2.198246e-16
4542.6265915501	2.285698e-16
4544.0142470628	2.656399e-16
4545.4019025756	3.172160e-16
4546.7895580884	2.794719e-16
4548.1772136012	2.450059e-16
4549.5648691140	2.751836e-16
4550.9525246268	3.003104e-16
4552.3401801396	2.900366e-16
4553.7278356523	2.785633e-16
4555.1154911651	3.062059e-16
4556.5031466779	2.698003e-16
4557.8908021907	2.953241e-16
4559.2784577035	3.418605e-16
4560.6661132163	3.695912e-16
4562.0537687290	3.962458e-16
4563.4414242418	4.404613e-16
4564.8290797546	4.166763e-16
4566.2167352674	3.876601e-16
4567.6043907802	4.639149e-16
4568.9920462930	5.292588e-16
4570.3797018057	4.828539e-16
4571.7673573185	6.128783e-16
4573.1550128313	5.533427e-16
4574.5426683441	6.420965e-16
4575.9303238569	7.002817e-16
4577.3179793697	7.112031e-16
4578.7056348825	7.313288e-16
4580.0932903952	7.715216e-16
4581.4809459080	9.168348e-16
4582.8686014208	9.601932e-16
4584.2562569336	9.273991e-16
4585.6439124464	9.260604e-16
4587.0315679592	8.619203e-16
4588.4192234719	9.180866e-16
4589.8068789847	8.951941e-16
4591.1945344975	8.734266e-16
4592.5821900103	8.061567e-16
4593.9698455231	8.101768e-16
4595.3575010359	7.233152e-16
4596.7451565486	7.316645e-16
4598.1328120614	6.124394e-16
4599.5204675742	5.624792e-16
4600.9081230870	6.267796e-16
4602.2957785998	5.450501e-16
4603.6834341126	5.048351e-16
4605.0710896253	4.456781e-16
4606.4587451381	4.454983e-16
4607.8464006509	4.718926e-16
4609.2340561637	4.864550e-16
4610.6217116765	4.889994e-16
4612.0093671893	5.123652e-16
4613.3970227021	5.537116e-16
4614.7846782148	5.728224e-16
4616.1723337276	5.610742e-16
4617.5599892404	6.295198e-16
4618.9476447532	6.960190e-16
4620.3353002660	6.962218e-16
4621.7229557788	6.970981e-16
4623.1106112915	7.780063e-16
4624.4982668043	7.899011e-16
4625.8859223171	8.439924e-16
4627.2735778299	8.304640e-16
4628.6612333427	8.541474e-16
4630.0488888555	8.025344e-16
4631.4365443683	8.018603e-16
4632.8241998810	7.570050e-16
4634.2118553938	6.896969e-16
4635.5995109066	6.874598e-16
4636.9871664194	6.246965e-16
4638.3748219322	5.772989e-16
4639.7624774450	5.989414e-16
4641.1501329577	6.022036e-16
4642.5377884705	5.639733e-16
4643.9254439833	5.712500e-16
4645.3130994961	5.967382e-16
4646.7007550089	5.556367e-16
4648.0884105217	5.652709e-16
4649.4760660344	5.525460e-16
4650.8637215472	6.135461e-16
4652.2513770600	6.465974e-16
4653.6390325728	6.874702e-16
4655.0266880856	6.831863e-16
4656.4143435984	6.930803e-16
4657.8019991112	7.829116e-16
4659.1896546239	8.205510e-16
4660.5773101367	9.262990e-16
4661.9649656495	9.445588e-16
4663.3526211623	9.471034e-16
4664.7402766751	1.034088e-15
4666.1279321879	9.590724e-16
4667.5155877006	9.426350e-16
4668.9032432134	1.033050e-15
4670.2908987262	9.453375e-16
4671.6785542390	9.370994e-16
4673.0662097518	9.118585e-16
4674.4538652646	9.046480e-16
4675.8415207773	8.844811e-16
4677.2291762901	8.962683e-16
4678.6168318029	8.301365e-16
4680.0044873157	8.210863e-16
4681.3921428285	8.497977e-16
4682.7797983413	7.587787e-16
4684.1674538541	7.236945e-16
4685.5551093668	7.853758e-16
4686.9427648796	7.530049e-16
4688.3304203924	7.291274e-16
4689.7180759052	6.899414e-16
4691.1057314180	6.772245e-16
4692.4933869308	6.717617e-16
4693.8810424435	7.216165e-16
4695.2686979563	7.609273e-16
4696.6563534691	8.158524e-16
4698.0440089819	7.972973e-16
4699.4316644947	7.570985e-16
4700.8193200075	7.979194e-16
4702.2069755203	8.180093e-16
4703.5946310330	7.697708e-16
4704.9822865458	7.750463e-16
4706.3699420586	7.639267e-16
4707.7575975714	7.708365e-16
4709.1452530842	7.378771e-16
4710.5329085969	7.345783e-16
4711.9205641097	7.771032e-16
4713.3082196225	7.124639e-16
4714.6958751353	7.429224e-16
4716.0835306481	7.513834e-16
4717.4711861609	7.805567e-16
4718.8588416737	7.869681e-16
4720.2464971864	7.560473e-16
4721.6341526992	7.815188e-16
4723.0218082120	7.238987e-16
4724.4094637248	7.767519e-16
4725.7971192376	7.801218e-16
4727.1847747504	7.619180e-16
4728.5724302631	7.839974e-16
4729.9600857759	8.521339e-16
4731.3477412887	7.813989e-16
4732.7353968015	7.573175e-16
4734.1230523143	7.050220e-16
4735.5107078271	6.508657e-16
4736.8983633399	6.575535e-16
4738.2860188526	6.603662e-16
4739.6736743654	6.520967e-16
4741.0613298782	6.157474e-16
4742.4489853910	5.678543e-16
4743.8366409038	5.792914e-16
4745.2242964166	5.598546e-16
4746.6119519293	5.328091e-16
4747.9996074421	5.644859e-16
4749.3872629549	5.367432e-16
4750.7749184677	5.643926e-16
4752.1625739805	6.011732e-16
4753.5502294933	6.161458e-16
4754.9378850060	5.839935e-16
4756.3255405188	5.564747e-16
4757.7131960316	5.449490e-16
4759.1008515444	5.746945e-16
4760.4885070572	5.990541e-16
4761.8761625700	5.676528e-16
4763.2638180828	6.009068e-16
4764.6514735955	5.770891e-16
4766.0391291083	5.551600e-16
4767.4267846211	5.723091e-16
4768.8144401339	5.882677e-16
4770.2020956467	5.774038e-16
4771.5897511595	5.324763e-16
4772.9774066722	5.881309e-16
4774.3650621850	5.756971e-16
4775.7527176978	5.606072e-16
4777.1403732106	6.046655e-16
4778.5280287234	5.359123e-16
4779.9156842362	5.072524e-16
4781.3033397490	5.511399e-16
4782.6909952617	5.032146e-16
4784.0786507745	5.191818e-16
4785.4663062873	5.526717e-16
4786.8539618001	5.570384e-16
4788.2416173129	5.983106e-16
4789.6292728256	6.538816e-16
4791.0169283384	6.502220e-16
4792.4045838512	7.460334e-16
4793.7922393640	7.519078e-16
4795.1798948768	7.355065e-16
4796.5675503896	7.053247e-16
4797.9552059024	7.158143e-16
4799.3428614151	7.739642e-16
4800.7305169279	7.692623e-16
4802.1181724407	7.744640e-16
4803.5058279535	7.549892e-16
4804.8934834663	7.026729e-16
4806.2811389791	7.814778e-16
4807.6687944918	8.057121e-16
4809.0564500046	8.192526e-16
4810.4441055174	8.703595e-16
4811.8317610302	9.135457e-16
4813.2194165430	8.176101e-16
4814.6070720558	8.260284e-16
4815.9947275686	9.249671e-16
4817.3823830813	9.160711e-16
4818.7700385941	8.490568e-16
4820.1576941069	8.169680e-16
4821.5453496197	7.144981e-16
4822.9330051325	7.135235e-16
4824.3206606453	6.982673e-16
4825.7083161580	6.588841e-16
4827.0959716708	6.045360e-16
4828.4836271836	5.584450e-16
4829.8712826964	4.971538e-16
4831.2589382092	4.843536e-16
4832.6465937220	4.423778e-16
4834.0342492347	4.227425e-16
4835.4219047475	3.806223e-16
4836.8095602603	4.188145e-16
4838.1972157731	4.376797e-16
4839.5848712859	3.972757e-16
4840.9725267987	4.420647e-16
4842.3601823115	4.317630e-16
4843.7478378242	4.449396e-16
4845.1354933370	5.096603e-16
4846.5231488498	4.762379e-16
4847.9108043626	5.079695e-16
4849.2984598754	5.266321e-16
4850.6861153882	5.660820e-16
4852.0737709009	5.688149e-16
4853.4614264137	5.469494e-16
4854.8490819265	5.447456e-16
4856.2367374393	6.049583e-16
4857.6243929521	6.045757e-16
4859.0120484649	5.747230e-16
4860.3997039777	6.093793e-16
4861.7873594904	6.357839e-16
4863.1750150032	6.366107e-16
4864.5626705160	6.151218e-16
4865.9503260288	6.324395e-16
4867.3379815416	6.515610e-16
4868.7256370543	6.414591e-16
4870.1132925671	6.650697e-16
4871.5009480799	6.852275e-16
4872.8886035927	5.875992e-16
4874.2762591055	5.715903e-16
4875.6639146183	6.064512e-16
4877.0515701311	5.237206e-16
4878.4392256438	4.667709e-16
4879.8268811566	4.490260e-16
4881.2145366694	4.032777e-16
4882.6021921822	3.892919e-16
4883.9898476950	3.215116e-16
4885.3775032078	2.930518e-16
4886.7651587205	2.650677e-16
4888.1528142333	2.508369e-16
4889.5404697461	2.464060e-16
4890.9281252589	2.495982e-16
4892.3157807717	2.533179e-16
4893.7034362845	2.641764e-16
4895.0910917973	2.687725e-16
4896.4787473100	2.555076e-16
4897.8664028228	2.295617e-16
4899.2540583356	2.765347e-16
4900.6417138484	3.354013e-16
4902.0293693612	3.284985e-16
4903.4170248740	3.454640e-16
4904.8046803867	4.012444e-16
4906.1923358995	4.501245e-16
4907.5799914123	5.222890e-16
4908.9676469251	5.565790e-16
4910.3553024379	6.088366e-16
4911.7429579507	6.392279e-16
4913.1306134634	7.466722e-16
4914.5182689762	8.007936e-16
4915.9059244890	8.576496e-16
4917.2935800018	9.346589e-16
4918.6812355146	9.943350e-16
4920.0688910274	1.101517e-15
4921.4565465402	1.167807e-15
4922.8442020529	1.195721e-15
4924.2318575657	1.283843e-15
4925.6195130785	1.297929e-15
4927.0071685913	1.363032e-15
4928.3948241041	1.370222e-15
4929.7824796169	1.428378e-15
4931.1701351296	1.435022e-15
4932.5577906424	1.390800e-15
4933.9454461552	1.430329e-15
4935.3331016680	1.373340e-15
4936.7207571808	1.315223e-15
4938.1084126936	1.372400e-15
4939.4960682064	1.331641e-15
4940.8837237191	1.360392e-15
4942.2713792319	1.389151e-15
4943.6590347447	1.296662e-15
4945.0466902575	1.324509e-15
4946.4343457703	1.324529e-15
4947.8220012831	1.269927e-15
4949.2096567958	1.267064e-15
4950.5973123086	1.224020e-15
4951.9849678214	1.188639e-15
4953.3726233342	1.151902e-15
4954.7602788470	1.077866e-15
4956.1479343598	1.051611e-15
4957.5355898725	1.049335e-15
4958.9232453853	9.885816e-16
4960.3109008981	9.038101e-16
4961.6985564109	8.581246e-16
4963.0862119237	8.309108e-16
4964.4738674365	7.695311e-16
4965.8615229493	7.143379e-16
4967.2491784620	6.594564e-16
4968.6368339748	6.350403e-16
4970.0244894876	5.808569e-16
4971.4121450004	4.754188e-16
4972.7998005132	4.361017e-16
4974.1874560260	4.150667e-16
4975.5751115387	3.489866e-16
4976.9627670515	3.498720e-16
4978.3504225643	3.224092e-16
4979.7380780771	3.009987e-16
4981.1257335899	2.904872e-16
4982.5133891027	2.710683e-16
4983.9010446154	2.625780e-16
4985.2887001282	2.461512e-16
4986.6763556410	2.889530e-16
4988.0640111538	3.242094e-16
4989.4516666666	3.109721e-16
4990.8393221794	3.337630e-16
4992.2269776921	4.075617e-16
4993.6146332049	4.402303e-16
4995.0022887177	3.970681e-16
4996.3899442305	4.423721e-16
4997.7775997433	5.348876e-16
4999.1652552561	5.758976e-16
5000.5529107689	6.193150e-16
5001.9405662816	6.722903e-16
5003.3282217944	6.605647e-16
5004.7158773072	7.145495e-16
5006.1035328200	7.739946e-16
5007.4911883328	8.175168e-16
5008.8788438456	8.664420e-16
5010.2664993583	8.629919e-16
5011.6541548711	9.040357e-16
5013.0418103839	1.009685e-15
5014.4294658967	1.028137e-15
5015.8171214095	1.068172e-15
5017.2047769223	1.110585e-15
5018.5924324350	1.103702e-15
5019.9800879478	1.158487e-15
5021.3677434606	1.281060e-15
5022.7553989734	1.304561e-15
5024.1430544862	1.291264e-15
5025.5307099990	1.342663e-15
5026.9183655118	1.369808e-15
5028.3060210245	1.333382e-15
5029.6936765373	1.343725e-15
5031.0813320501	1.372792e-15
5032.4689875629	1.332953e-15
5033.8566430757	1.323694e-15
5035.2442985885	1.261001e-15
5036.6319541012	1.219650e-15
5038.0196096140	1.168895e-15
5039.4072651268	1.195647e-15
5040.7949206396	1.151246e-15
5042.1825761524	1.140643e-15
5043.5702316652	1.131358e-15
5044.9578871780	1.044730e-15
5046.3455426907	9.814237e-16
5047.7331982035	9.313752e-16
5049.1208537163	9.229072e-16
5050.5085092291	8.861985e-16
5051.8961647419	8.274453e-16
5053.2838202546	8.073875e-16
5054.6714757674	7.974122e-16
5056.0591312802	7.655473e-16
5057.4467867930	7.344092e-16
5058.8344423058	7.038829e-16
5060.2220978186	7.250422e-16
5061.6097533314	7.740215e-16
5062.9974088441	7.281681e-16
5064.3850643569	6.732345e-16
5065.7727198697	7.417606e-16
5067.1603753825	7.609366e-16
5068.5480308953	7.469882e-16
5069.9356864081	8.040466e-16
5071.3233419208	8.138414e-16
5072.7109974336	7.944611e-16
5074.0986529464	7.864311e-16
5075.4863084592	8.329298e-16
5076.8739639720	8.034258e-16
5078.2616194848	8.297195e-16
5079.6492749976	8.545237e-16
5081.0369305103	8.621452e-16
5082.4245860231	8.105108e-16
5083.8122415359	8.187620e-16
5085.1998970487	8.172715e-16
5086.5875525615	8.071653e-16
5087.9752080743	8.205229e-16
5089.3628635870	7.321473e-16
5090.7505190998	7.437916e-16
5092.1381746126	7.784341e-16
5093.5258301254	7.304306e-16
5094.9134856382	6.735347e-16
5096.3011411510	6.221831e-16
5097.6887966637	6.069435e-16
5099.0764521765	5.951197e-16
5100.4641076893	5.718702e-16
5101.8517632021	5.810513e-16
5103.2394187149	5.233544e-16
5104.6270742277	5.561290e-16
5106.0147297405	5.648834e-16
5107.4023852532	5.416514e-16
5108.7900407660	5.551801e-16
5110.1776962788	5.519377e-16
5111.5653517916	5.523404e-16
5112.9530073044	5.464794e-16
5114.3406628172	5.381324e-16
5115.7283183299	5.031471e-16
5117.1159738427	5.111105e-16
5118.5036293555	4.756678e-16
5119.8912848683	4.082850e-16
5121.2789403811	4.034804e-16
5122.6665958939	4.108581e-16
5124.0542514067	3.744597e-16
5125.4419069194	3.345621e-16
5126.8295624322	3.216808e-16
5128.2172179450	3.183879e-16
5129.6048734578	2.746026e-16
5130.9925289706	2.735365e-16
5132.3801844834	2.800880e-16
5133.7678399961	2.721803e-16
5135.1554955089	2.823726e-16
5136.5431510217	2.729026e-16
5137.9308065345	2.848945e-16
5139.3184620473	3.247185e-16
5140.7061175601	3.419613e-16
5142.0937730728	3.589904e-16
5143.4814285856	3.441980e-16
5144.8690840984	3.825825e-16
5146.2567396112	3.564188e-16
5147.6443951240	3.776208e-16
5149.0320506368	3.896175e-16
5150.4197061495	3.954841e-16
5151.8073616623	4.150720e-16
5153.1950171751	4.397052e-16
5154.5826726879	4.454443e-16
5155.9703282007	4.506047e-16
5157.3579837135	4.889255e-16
5158.7456392263	5.082919e-16
5160.1332947390	5.037501e-16
5161.5209502518	4.576538e-16
5162.9086057646	5.047752e-16
5164.2962612774	5.350027e-16
5165.6839167902	5.261811e-16
5167.0715723030	5.515820e-16
5168.4592278157	5.857088e-16
5169.8468833285	6.112413e-16
5171.2345388413	5.997420e-16
5172.6221943541	6.158810e-16
5174.0098498669	6.553886e-16
5175.3975053797	6.440549e-16
5176.7851608924	6.800782e-16
5178.1728164052	6.933076e-16
5179.5604719180	7.414961e-16
5180.9481274308	7.649772e-16
5182.3357829436	7.485665e-16
5183.7234384564	7.075996e-16
5185.1110939692	7.677005e-16
5186.4987494819	7.622198e-16
5187.8864049947	7.072065e-16
5189.2740605075	7.175777e-16
5190.6617160203	7.407941e-16
5192.0493715331	7.313907e-16
5193.4370270459	6.751801e-16
5194.8246825586	6.831426e-16
5196.2123380714	6.416997e-16
5197.5999935842	6.292344e-16
5198.9876490970	6.245282e-16
5200.3753046098	6.061073e-16
5201.7629601226	6.214498e-16
5203.1506156354	5.971923e-16
5204.5382711481	5.891140e-16
5205.9259266609	5.805835e-16
5207.3135821737	5.594646e-16
5208.7012376865	5.972440e-16
5210.0888931993	6.344323e-16
5211.4765487121	6.003089e-16
5212.8642042248	6.342126e-16
5214.2518597376	6.455181e-16
5215.6395152504	6.887862e-16
5217.0271707632	6.825653e-16
5218.4148262760	7.084686e-16
5219.8024817888	7.722323e-16
5221.1901373015	7.669145e-16
5222.5777928143	7.720977e-16
5223.9654483271	8.560823e-16
5225.3531038399	8.751954e-16
5226.7407593527	8.399801e-16
5228.1284148655	8.627849e-16
5229.5160703783	8.698554e-16
5230.9037258910	8.763214e-16
5232.2913814038	8.214677e-16
5233.6790369166	7.682402e-16
5235.0666924294	7.862930e-16
5236.4543479422	7.317137e-16
5237.8420034550	6.677526e-16
5239.2296589677	6.716965e-16
5240.6173144805	6.469576e-16
5242.0049699933	6.558654e-16
5243.3926255061	6.796047e-16
5244.7802810189	6.258040e-16
5246.1679365317	6.022542e-16
5247.5555920444	6.251656e-16
5248.9432475572	6.285499e-16
5250.3309030700	6.152236e-16
5251.7185585828	6.146382e-16
5253.1062140956	6.558195e-16
5254.4938696084	6.779005e-16
5255.8815251211	6.622740e-16
5257.2691806339	6.915205e-16
5258.6568361467	7.560546e-16
5260.0444916595	7.692972e-16
5261.4321471723	8.185827e-16
5262.8198026851	8.495033e-16
5264.2074581979	8.509217e-16
5265.5951137106	8.982041e-16
5266.9827692234	8.864474e-16
5268.3704247362	9.126806e-16
5269.7580802490	9.613753e-16
5271.1457357618	9.661763e-16
5272.5333912746	9.604406e-16
5273.9210467873	9.295643e-16
5275.3087023001	9.072261e-16
5276.6963578129	8.189218e-16
5278.0840133257	7.498196e-16
5279.4716688385	7.533991e-16
5280.8593243513	6.722085e-16
5282.2469798641	6.117540e-16
5283.6346353768	5.888079e-16
5285.0222908896	5.765158e-16
5286.4099464024	5.700517e-16
5287.7976019152	5.594891e-16
5289.1852574280	5.025181e-16
5290.5729129408	5.254477e-16
5291.9605684535	5.496769e-16
5293.3482239663	5.647070e-16
5294.7358794791	5.766430e-16
5296.1235349919	6.031549e-16
5297.5111905047	6.682189e-16
5298.8988460175	7.058795e-16
5300.2865015302	6.379685e-16
5301.6741570430	6.470039e-16
5303.0618125558	7.070828e-16
5304.4494680686	7.326345e-16
5305.8371235814	7.351700e-16
5307.2247790942	8.083993e-16
5308.6124346070	8.084526e-16
5310.0000901197	8.275174e-16
5311.3877456325	8.364495e-16
5312.7754011453	8.794185e-16
5314.1630566581	9.021392e-16
5315.5507121709	9.038456e-16
5316.9383676837	9.519409e-16
5318.3260231964	9.693890e-16
5319.7136787092	1.003098e-15
5321.1013342220	9.911064e-16
5322.4889897348	1.077947e-15
5323.8766452476	1.118448e-15
5325.2643007604	1.145489e-15
5326.6519562732	1.081753e-15
5328.0396117859	1.125432e-15
5329.4272672987	1.056272e-15
5330.8149228115	1.046117e-15
5332.2025783243	1.054237e-15
5333.5902338371	1.033346e-15
5334.9778893498	9.403729e-16
5336.3655448626	9.619988e-16
5337.7532003754	8.966750e-16
5339.1408558882	9.183001e-16
5340.5285114010	9.071244e-16
5341.9161669138	8.785852e-16
5343.3038224266	9.017113e-16
5344.6914779393	9.692488e-16
5346.0791334521	9.472324e-16
5347.4667889649	9.525724e-16
5348.8544444777	9.019342e-16
5350.2420999905	9.676171e-16
5351.6297555033	9.869274e-16
5353.0174110160	9.588015e-16
5354.4050665288	9.287228e-16
5355.7927220416	1.005689e-15
5357.1803775544	1.014042e-15
5358.5680330672	1.009682e-15
5359.9556885800	1.052562e-15
5361.3433440928	1.009743e-15
5362.7309996055	1.012217e-15
5364.1186551183	1.073856e-15
5365.5063106311	1.087189e-15
5366.8939661439	1.116222e-15
5368.2816216567	1.120781e-15
5369.6692771695	1.163646e-15
5371.0569326822	1.157686e-15
5372.4445881950	1.092171e-15
5373.8322437078	1.115666e-15
5375.2198992206	1.125336e-15
5376.6075547334	1.115658e-15
5377.9952102462	1.078429e-15
5379.3828657589	1.035737e-15
5380.7705212717	1.004717e-15
5382.1581767845	1.008900e-15
5383.5458322973	1.024476e-15
5384.9334878101	9.928045e-16
5386.3211433229	9.818920e-16
5387.7087988357	1.000536e-15
5389.0964543484	9.427687e-16
5390.4841098612	8.707322e-16
5391.8717653740	8.914908e-16
5393.2594208868	9.242488e-16
5394.6470763996	8.730339e-16
5396.0347319124	8.121773e-16
5397.4223874251	8.453885e-16
5398.8100429379	8.951765e-16
5400.1976984507	9.597801e-16
5401.5853539635	9.132466e-16
5402.9730094763	9.259308e-16
5404.3606649891	9.667804e-16
5405.7483205018	9.928304e-16
5407.1359760146	9.967939e-16
5408.5236315274	1.035864e-15
5409.9112870402	1.089354e-15
5411.2989425530	1.039099e-15
5412.6865980658	1.097573e-15
5414.0742535785	1.113039e-15
5415.4619090913	1.152359e-15
5416.8495646041	1.190961e-15
5418.2372201169	1.171784e-15
5419.6248756297	1.249076e-15
5421.0125311425	1.272096e-15
5422.4001866553	1.257951e-15
5423.7878421680	1.318426e-15
5425.1754976808	1.348653e-15
5426.5631531936	1.311256e-15
5427.9508087064	1.392328e-15
5429.3384642192	1.372606e-15
5430.7261197320	1.298999e-15
5432.1137752447	1.339469e-15
5433.5014307575	1.360174e-15
5434.8890862703	1.268365e-15
5436.2767417831	1.239294e-15
5437.6643972959	1.297643e-15
5439.0520528087	1.292914e-15
5440.4397083214	1.173390e-15
5441.8273638342	1.224594e-15
5443.2150193470	1.202150e-15
5444.6026748598	1.158046e-15
5445.9903303726	1.139608e-15
5447.3779858854	1.148786e-15
5448.7656413982	1.110141e-15
5450.1532969109	1.034501e-15
5451.5409524237	9.153254e-16
5452.9286079365	9.796788e-16
5454.3162634493	9.823168e-16
5455.7039189621	9.507589e-16
5457.0915744749	9.889289e-16
5458.4792299876	9.650575e-16
5459.8668855004	9.195689e-16
5461.2545410132	9.521002e-16
5462.6421965260	9.455320e-16
5464.0298520388	9.063691e-16
5465.4175075516	9.761864e-16
5466.8051630644	9.825922e-16
5468.1928185771	9.529027e-16
5469.5804740899	9.382076e-16
5470.9681296027	9.050402e-16
5472.3557851155	9.188478e-16
5473.7434406283	8.914059e-16
5475.1310961411	8.698688e-16
5476.5187516538	9.171864e-16
5477.9064071666	8.868602e-16
5479.2940626794	8.335587e-16
5480.6817181922	9.042054e-16
5482.0693737050	8.765411e-16
5483.4570292178	8.425473e-16
5484.8446847305	8.749307e-16
5486.2323402433	7.926871e-16
5487.6199957561	7.661140e-16
5489.0076512689	7.486302e-16
5490.3953067817	7.043241e-16
5491.7829622945	6.992733e-16
5493.1706178073	6.758314e-16
5494.5582733200	6.693418e-16
5495.9459288328	6.098964e-16
5497.3335843456	6.553299e-16
5498.7212398584	6.629013e-16
5500.1088953712	6.445684e-16
5501.4965508840	6.185480e-16
5502.8842063967	6.115753e-16
5504.2718619095	6.192810e-16
5505.6595174223	6.588286e-16
5507.0471729351	6.808783e-16
5508.4348284479	6.742140e-16
5509.8224839607	7.427956e-16
5511.2101394735	7.651239e-16
5512.5977949862	8.738000e-16
5513.9854504990	9.229618e-16
5515.3731060118	9.166804e-16
5516.7607615246	1.027174e-15
5518.1484170374	1.058635e-15
5519.5360725501	1.126666e-15
5520.9237280629	1.151531e-15
5522.3113835757	1.264131e-15
5523.6990390885	1.306323e-15
5525.0866946013	1.320903e-15
5526.4743501141	1.424154e-15
5527.8620056269	1.426858e-15
5529.2496611396	1.403845e-15
5530.6373166524	1.402362e-15
5532.0249721652	1.422342e-15
5533.4126276780	1.454397e-15
5534.8002831908	1.436882e-15
5536.1879387036	1.415172e-15
5537.5755942163	1.428769e-15
5538.9632497291	1.421650e-15
5540.3509052419	1.430779e-15
5541.7385607547	1.436940e-15
5543.1262162675	1.407970e-15
5544.5138717803	1.437122e-15
5545.9015272931	1.438211e-15
5547.2891828058	1.347880e-15
5548.6768383186	1.270550e-15
5550.0644938314	1.267575e-15
5551.4521493442	1.274450e-15
5552.8398048570	1.240592e-15
5554.2274603698	1.214181e-15
5555.6151158825	1.187568e-15
5557.0027713953	1.169743e-15
5558.3904269081	1.147637e-15
5559.7780824209	1.090528e-15
5561.1657379337	1.118672e-15
5562.5533934465	1.119092e-15
5563.9410489592	1.068493e-15
5565.3287044720	1.052189e-15
5566.7163599848	1.110862e-15
5568.1040154976	1.087344e-15
5569.4916710104	1.046952e-15
5570.8793265232	1.023332e-15
5572.2669820360	1.030834e-15
5573.6546375487	1.034804e-15
5575.0422930615	1.013726e-15
5576.4299485743	1.004255e-15
5577.8176040871	1.027017e-15
5579.2052595999	1.041951e-15
5580.5929151127	1.034830e-15
5581.9805706254	1.013259e-15
5583.3682261382	9.544288e-16
5584.7558816510	9.791518e-16
5586.1435371638	9.595487e-16
5587.5311926766	9.122318e-16
5588.9188481894	9.561414e-16
5590.3065037022	9.667513e-16
5591.6941592149	9.350631e-16
5593.0818147277	9.136455e-16
5594.4694702405	8.780835e-16
5595.8571257533	8.358192e-16
5597.2447812661	8.312465e-16
5598.6324367788	8.640132e-16
5600.0200922916	8.306569e-16
5601.4077478044	8.200240e-16
5602.7954033172	8.359469e-16
5604.1830588300	7.753415e-16
5605.5707143428	7.603728e-16
5606.9583698556	7.442098e-16
5608.3460253683	6.980099e-16
5609.7336808811	6.726844e-16
5611.1213363939	6.715763e-16
5612.5089919067	6.593678e-16
5613.8966474195	6.312231e-16
5615.2843029323	6.019630e-16
5616.6719584450	5.846697e-16
5618.0596139578	5.150947e-16
5619.4472694706	4.747463e-16
5620.8349249834	4.575450e-16
5622.2225804962	4.973070e-16
5623.6102360090	4.497541e-16
5624.9978915218	4.345148e-16
5626.3855470345	4.729893e-16
5627.7732025473	4.827212e-16
5629.1608580601	4.552379e-16
5630.5485135729	4.214761e-16
5631.9361690857	4.607518e-16
5633.3238245985	4.881268e-16
5634.7114801112	4.734032e-16
5636.0991356240	4.745994e-16
5637.4867911368	4.652683e-16
5638.8744466496	4.986751e-16
5640.2621021624	5.118806e-16
5641.6497576752	5.476009e-16
5643.0374131879	5.811042e-16
5644.4250687007	6.344043e-16
5645.8127242135	6.825952e-16
5647.2003797263	6.985269e-16
5648.5880352391	7.390695e-16
5649.9756907519	7.889082e-16
5651.3633462647	8.350242e-16
5652.7510017774	8.328212e-16
5654.1386572902	8.881240e-16
5655.5263128030	9.546930e-16
5656.9139683158	9.474354e-16
5658.3016238286	9.995835e-16
5659.6892793414	9.962595e-16
5661.0769348541	9.684641e-16
5662.4645903669	9.798834e-16
5663.8522458797	9.845677e-16
5665.2399013925	1.042391e-15
5666.6275569053	1.061015e-15
5668.0152124181	1.113284e-15
5669.4028679308	1.115773e-15
5670.7905234436	1.116102e-15
5672.1781789564	1.200071e-15
5673.5658344692	1.183023e-15
5674.9534899820	1.164084e-15
5676.3411454948	1.148912e-15
5677.7288010075	1.257680e-15
5679.1164565203	1.240279e-15
5680.5041120331	1.179372e-15
5681.8917675459	1.188900e-15
5683.2794230587	1.166083e-15
5684.6670785715	1.160886e-15
5686.0547340843	1.187243e-15
5687.4423895970	1.146602e-15
5688.8300451098	1.162348e-15
5690.2177006226	1.102236e-15
5691.6053561354	1.016285e-15
5692.9930116482	1.057777e-15
5694.3806671610	1.087628e-15
5695.7683226737	1.114753e-15
5697.1559781865	1.075910e-15
5698.5436336993	1.010220e-15
5699.9312892121	1.015144e-15
5701.3189447249	1.013218e-15
5702.7066002377	9.684066e-16
5704.0942557504	9.099748e-16
5705.4819112632	9.146232e-16
5706.8695667760	9.282294e-16
5708.2572222888	8.887010e-16
5709.6448778016	8.752313e-16
5711.0325333144	8.949287e-16
5712.4201888272	9.398408e-16
5713.8078443399	9.145362e-16
5715.1954998527	8.883660e-16
5716.5831553655	8.570177e-16
5717.9708108783	8.467628e-16
5719.3584663911	9.295597e-16
5720.7461219039	9.658978e-16
5722.1337774166	8.756654e-16
5723.5214329294	8.311629e-16
5724.9090884422	8.883453e-16
5726.2967439550	9.566053e-16
5727.6843994678	9.188141e-16
5729.0720549806	9.203513e-16
5730.4597104934	8.846374e-16
5731.8473660061	8.195369e-16
5733.2350215189	8.860065e-16
5734.6226770317	8.697759e-16
5736.0103325445	8.407006e-16
5737.3979880573	8.216310e-16
5738.7856435701	8.645572e-16
5740.1732990828	8.326600e-16
5741.5609545956	8.198817e-16
5742.9486101084	8.339507e-16
5744.3362656212	8.296679e-16
5745.7239211340	8.485079e-16
5747.1115766468	8.695490e-16
5748.4992321595	8.653266e-16
5749.8868876723	8.104347e-16
5751.2745431851	8.053955e-16
5752.6621986979	8.511588e-16
5754.0498542107	8.461593e-16
5755.4375097235	8.502469e-16
5756.8251652363	8.326317e-16
5758.2128207490	8.041082e-16
5759.6004762618	8.090077e-16
5760.9881317746	7.876166e-16
5762.3757872874	7.824268e-16
5763.7634428002	7.672551e-16
5765.1510983130	7.741800e-16
5766.5387538257	7.813929e-16
5767.9264093385	7.546102e-16
5769.3140648513	7.491018e-16
5770.7017203641	7.210009e-16
5772.0893758769	7.732385e-16
5773.4770313897	7.562355e-16
5774.8646869025	6.826797e-16
5776.2523424152	7.129292e-16
5777.6399979280	7.105002e-16
5779.0276534408	6.610841e-16
5780.4153089536	6.977045e-16
5781.8029644664	6.493233e-16
5783.1906199791	5.909585e-16
5784.5782754919	6.206384e-16
5785.9659310047	6.189687e-16
5787.3535865175	6.131488e-16
5788.7412420303	5.601580e-16
5790.1288975431	5.214124e-16
5791.5165530559	5.389330e-16
5792.9042085686	5.347680e-16
5794.2918640814	4.991276e-16
5795.6795195942	4.893073e-16
5797.0671751070	4.879978e-16
5798.4548306198	4.717539e-16
5799.8424861326	4.871720e-16
5801.2301416453	4.652564e-16
5802.6177971581	4.383517e-16
5804.0054526709	4.791930e-16
5805.3931081837	4.487822e-16
5806.7807636965	4.056095e-16
5808.1684192093	4.200603e-16
5809.5560747221	4.282361e-16
5810.9437302348	4.542765e-16
5812.3313857476	4.630226e-16
5813.7190412604	4.582466e-16
5815.1066967732	5.434313e-16
5816.4943522860	4.718109e-16
5817.8820077988	4.268311e-16
5819.2696633115	3.861767e-16
5820.6573188243	3.642002e-16
5822.0449743371	3.843487e-16
5823.4326298499	4.115401e-16
5824.8202853627	4.066186e-16
5826.2079408755	3.826575e-16
5827.5955963882	3.770388e-16
5828.9832519010	3.845789e-16
5830.3709074138	3.517714e-16
5831.7585629266	3.125392e-16
5833.1462184394	3.295404e-16
5834.5338739522	3.367877e-16
5835.9215294650	3.497816e-16
5837.3091849777	3.578161e-16
5838.6968404905	3.296840e-16
5840.0844960033	3.233883e-16
5841.4721515161	3.166422e-16
5842.8598070289	2.934494e-16
5844.2474625417	2.920039e-16
5845.6351180544	3.196729e-16
5847.0227735672	3.069322e-16
5848.4104290800	3.380721e-16
5849.7980845928	3.800488e-16
5851.1857401056	3.528935e-16
5852.5733956184	3.318058e-16
5853.9610511312	3.393650e-16
5855.3487066439	3.690002e-16
5856.7363621567	3.732626e-16
5858.1240176695	4.016054e-16
5859.5116731823	4.113300e-16
5860.8993286951	4.591475e-16
5862.2869842078	4.682364e-16
5863.6746397206	4.307469e-16
5865.0622952334	5.346212e-16
5866.4499507462	5.496225e-16
5867.8376062590	5.586076e-16
5869.2252617718	6.046067e-16
5870.6129172846	6.192230e-16
5872.0005727973	7.081576e-16
5873.3882283101	8.041104e-16
5874.7758838229	8.390757e-16
5876.1635393357	8.667683e-16
5877.5511948485	9.494387e-16
5878.9388503613	1.056291e-15
5880.3265058740	1.110531e-15
5881.7141613868	1.139314e-15
5883.1018168996	1.220391e-15
5884.4894724124	1.337179e-15
5885.8771279252	1.351792e-15
5887.2647834380	1.350218e-15
5888.6524389508	1.341609e-15
5890.0400944635	1.398274e-15
5891.4277499763	1.406820e-15
5892.8154054891	1.383341e-15
5894.2030610019	1.413084e-15
5895.5907165147	1.398877e-15
5896.9783720275	1.472311e-15
5898.3660275402	1.472630e-15
5899.7536830530	1.445245e-15
5901.1413385658	1.497941e-15
5902.5289940786	1.505391e-15
5903.9166495914	1.476485e-15
5905.3043051042	1.482624e-15
5906.6919606169	1.500881e-15
5908.0796161297	1.448366e-15
5909.4672716425	1.412958e-15
5910.8549271553	1.400689e-15
5912.2425826681	1.439142e-15
5913.6302381809	1.403569e-15
5915.0178936937	1.340592e-15
5916.4055492064	1.371126e-15
5917.7932047192	1.318736e-15
5919.1808602320	1.256810e-15
5920.5685157448	1.321114e-15
5921.9561712576	1.359472e-15
5923.3438267704	1.308931e-15
5924.7314822831	1.277937e-15
5926.1191377959	1.294580e-15
5927.5067933087	1.262557e-15
5928.8944488215	1.262734e-15
5930.2821043343	1.256347e-15
5931.6697598471	1.192387e-15
5933.0574153599	1.204763e-15
5934.4450708726	1.172548e-15
5935.8327263854	1.159325e-15
5937.2203818982	1.124678e-15
5938.6080374110	1.123985e-15
5939.9956929238	1.106959e-15
5941.3833484365	1.131807e-15
5942.7710039493	1.098618e-15
5944.1586594621	1.054467e-15
5945.5463149749	1.046820e-15
5946.9339704877	1.001075e-15
5948.3216260005	1.016548e-15
5949.7092815133	1.070279e-15
5951.0969370260	1.066279e-15
5952.4845925388	1.036885e-15
5953.8722480516	1.016928e-15
5955.2599035644	1.031929e-15
5956.6475590772	1.025522e-15
5958.0352145900	9.756301e-16
5959.4228701027	9.585218e-16
5960.8105256155	9.472480e-16
5962.1981811283	9.535361e-16
5963.5858366411	9.447984e-16
5964.9734921539	9.303079e-16
5966.3611476667	9.042416e-16
5967.7488031795	9.001230e-16
5969.1364586922	9.136017e-16
5970.5241142050	9.362294e-16
5971.9117697178	8.885972e-16
5973.2994252306	6.658449e-16
5974.6870807434	9.335372e-16
5976.0747362562	1.019351e-15
5977.4623917689	1.000948e-15
5978.8500472817	9.955956e-16
5980.2377027945	1.033981e-15
5981.6253583073	1.031485e-15
5983.0130138201	1.031034e-15
5984.4006693329	1.044712e-15
5985.7883248456	1.073901e-15
5987.1759803584	1.049165e-15
5988.5636358712	1.046406e-15
5989.9512913840	1.053623e-15
5991.3389468968	9.937423e-16
5992.7266024096	1.008444e-15
5994.1142579224	1.026215e-15
5995.5019134351	9.869893e-16
5996.8895689479	9.615472e-16
5998.2772244607	9.941852e-16
5999.6648799735	9.894617e-16
6001.0525354863	9.912767e-16
6002.4401909991	9.536645e-16
6003.8278465118	9.406081e-16
6005.2155020246	9.586498e-16
6006.6031575374	9.244817e-16
6007.9908130502	9.185578e-16
6009.3784685630	9.291731e-16
6010.7661240758	9.380012e-16
6012.1537795885	9.676483e-16
6013.5414351013	9.519858e-16
6014.9290906141	9.688491e-16
6016.3167461269	9.923812e-16
6017.7044016397	9.646511e-16
6019.0920571525	9.587976e-16
6020.4797126653	9.545900e-16
6021.8673681780	9.243548e-16
6023.2550236908	9.317730e-16
6024.6426792036	9.569442e-16
6026.0303347164	9.506509e-16
6027.4179902292	9.510253e-16
6028.8056457420	9.418703e-16
6030.1933012547	8.961086e-16
6031.5809567675	9.080004e-16
6032.9686122803	9.459349e-16
6034.3562677931	9.305668e-16
6035.7439233059	9.215998e-16
6037.1315788187	9.392804e-16
6038.5192343315	9.530678e-16
6039.9068898442	9.324923e-16
6041.2945453570	8.907845e-16
6042.6822008698	8.797770e-16
6044.0698563826	9.357206e-16
6045.4575118954	9.333569e-16
6046.8451674081	9.029946e-16
6048.2328229209	9.095779e-16
6049.6204784337	9.167700e-16
6051.0081339465	8.917351e-16
6052.3957894593	8.903218e-16
6053.7834449721	8.967611e-16
6055.1711004849	8.915282e-16
6056.5587559976	8.578921e-16
6057.9464115104	8.437831e-16
6059.3340670232	8.756253e-16
6060.7217225360	8.667734e-16
6062.1093780488	8.660312e-16
6063.4970335616	9.145797e-16
6064.8846890743	9.227663e-16
6066.2723445871	8.857677e-16
6067.6600000999	8.474786e-16
6069.0476556127	8.860063e-16
6070.4353111255	8.767637e-16
6071.8229666383	8.834126e-16
6073.2106221511	8.804348e-16
6074.5982776638	8.853637e-16
6075.9859331766	8.866735e-16
6077.3735886894	8.429554e-16
6078.7612442022	7.565769e-16
6080.1488997150	7.290000e-16
6081.5365552278	7.038222e-16
6082.9242107405	6.905672e-16
6084.3118662533	6.610260e-16
6085.6995217661	6.448161e-16
6087.0871772789	6.181054e-16
6088.4748327917	5.595445e-16
6089.8624883045	5.294892e-16
6091.2501438172	5.077027e-16
6092.6377993300	4.985445e-16
6094.0254548428	5.063129e-16
6095.4131103556	4.789345e-16
6096.8007658684	4.761306e-16
6098.1884213812	4.824502e-16
6099.5760768940	4.744994e-16
6100.9637324067	4.942588e-16
6102.3513879195	4.748023e-16
6103.7390434323	4.812832e-16
6105.1266989451	4.979655e-16
6106.5143544579	5.171699e-16
6107.9020099707	5.021946e-16
6109.2896654834	5.133858e-16
6110.6773209962	5.365412e-16
6112.0649765090	5.526804e-16
6113.4526320218	5.839419e-16
6114.8402875346	6.057430e-16
6116.2279430474	5.850841e-16
6117.6155985602	6.026024e-16
6119.0032540729	6.502460e-16
6120.3909095857	6.949506e-16
6121.7785650985	7.153086e-16
6123.1662206113	7.131387e-16
6124.5538761241	7.408809e-16
6125.9415316369	8.163574e-16
6127.3291871496	8.903799e-16
6128.7168426624	9.208511e-16
6130.1044981752	9.384674e-16
6131.4921536880	9.633967e-16
6132.8798092008	1.022090e-15
6134.2674647136	1.030621e-15
6135.6551202263	1.088628e-15
6137.0427757391	1.101016e-15
6138.4304312519	1.127521e-15
6139.8180867647	1.159326e-15
6141.2057422775	1.214625e-15
6142.5933977903	1.261945e-15
6143.9810533030	1.250945e-15
6145.3687088158	1.241548e-15
6146.7563643286	1.269453e-15
6148.1440198414	1.328378e-15
6149.5316753542	1.321750e-15
6150.9193308670	1.253516e-15
6152.3069863798	1.241727e-15
6153.6946418925	1.239412e-15
6155.0822974053	1.206088e-15
6156.4699529181	1.204156e-15
6157.8576084309	1.210746e-15
6159.2452639437	1.204320e-15
6160.6329194565	1.200619e-15
6162.0205749692	1.186030e-15
6163.4082304820	1.153714e-15
6164.7958859948	1.159268e-15
6166.1835415076	1.160686e-15
6167.5711970204	1.119937e-15
6168.9588525332	1.130130e-15
6170.3465080459	1.081991e-15
6171.7341635587	1.076795e-15
6173.1218190715	1.132193e-15
6174.5094745843	1.095962e-15
6175.8971300971	1.056384e-15
6177.2847856099	1.041762e-15
6178.6724411227	1.032737e-15
6180.0600966354	1.006633e-15
6181.4477521482	9.739945e-16
6182.8354076610	9.326298e-16
6184.2230631738	9.090805e-16
6185.6107186866	9.023636e-16
6186.9983741994	9.013464e-16
6188.3860297121	8.919529e-16
6189.7736852249	8.830859e-16
6191.1613407377	8.971169e-16
6192.5489962505	8.357434e-16
6193.9366517633	8.069214e-16
6195.3243072761	8.102843e-16
6196.7119627889	7.296787e-16
6198.0996183016	7.323657e-16
6199.4872738144	7.047124e-16
6200.8749293272	7.055927e-16
6202.2625848400	6.760634e-16
6203.6502403528	6.829967e-16
6205.0378958655	6.419998e-16
6206.4255513783	6.137186e-16
6207.8132068911	5.512046e-16
6209.2008624039	5.575422e-16
6210.5885179167	5.739925e-16
6211.9761734295	5.302894e-16
6213.3638289423	5.441767e-16
6214.7514844550	5.415676e-16
6216.1391399678	5.246004e-16
6217.5267954806	5.460905e-16
6218.9144509934	5.494344e-16
6220.3021065062	5.696811e-16
6221.6897620190	5.849279e-16
6223.0774175317	6.436963e-16
6224.4650730445	6.807381e-16
6225.8527285573	7.379626e-16
6227.2403840701	8.039164e-16
6228.6280395829	7.937699e-16
6230.0156950957	8.456330e-16
6231.4033506085	9.159449e-16
6232.7910061212	9.888866e-16
6234.1786616340	1.037488e-15
6235.5663171468	1.016196e-15
6236.9539726596	1.019975e-15
6238.3416281724	1.059986e-15
6239.7292836852	1.096321e-15
6241.1169391979	1.078816e-15
6242.5045947107	1.058787e-15
6243.8922502235	1.066654e-15
6245.2799057363	1.090411e-15
6246.6675612491	1.065025e-15
6248.0552167619	1.024326e-15
6249.4428722746	1.027449e-15
6250.8305277874	9.727374e-16
6252.2181833002	9.661422e-16
6253.6058388130	1.000025e-15
6254.9934943258	9.899270e-16
6256.3811498386	9.765990e-16
6257.7688053514	9.686196e-16
6259.1564608641	1.013789e-15
6260.5441163769	9.364861e-16
6261.9317718897	9.478855e-16
6263.3194274025	9.349955e-16
6264.7070829153	1.007564e-15
6266.0947384281	1.002818e-15
6267.4823939408	9.240811e-16
6268.8700494536	9.578863e-16
6270.2577049664	9.691776e-16
6271.6453604792	9.384367e-16
6273.0330159920	9.500306e-16
6274.4206715048	9.633983e-16
6275.8083270176	9.288407e-16
6277.1959825303	9.170867e-16
6278.5836380431	9.315067e-16
6279.9712935559	8.737968e-16
6281.3589490687	8.709188e-16
6282.7466045815	9.163254e-16
6284.1342600943	9.060741e-16
6285.5219156070	8.994766e-16
6286.9095711198	9.092273e-16
6288.2972266326	8.927470e-16
6289.6848821454	8.635122e-16
6291.0725376582	8.964069e-16
6292.4601931710	9.027331e-16
6293.8478486837	9.164979e-16
6295.2355041965	9.138613e-16
6296.6231597093	8.687648e-16
6298.0108152221	8.630142e-16
6299.3984707349	8.552491e-16
6300.7861262477	8.783460e-16
6302.1737817604	9.229932e-16
6303.5614372732	9.160213e-16
6304.9490927860	9.268223e-16
6306.3367482988	9.533860e-16
6307.7244038116	9.468423e-16
6309.1120593244	9.570471e-16
6310.4997148372	9.392565e-16
6311.8873703499	9.031060e-16
6313.2750258627	8.939055e-16
6314.6626813755	8.931685e-16
6316.0503368883	8.901377e-16
6317.4379924011	8.735931e-16
6318.8256479139	8.193897e-16
6320.2133034266	8.459441e-16
6321.6009589394	8.159072e-16
6322.9886144522	8.028674e-16
6324.3762699650	7.950320e-16
6325.7639254778	7.422385e-16
6327.1515809906	7.264398e-16
6328.5392365033	7.275772e-16
6329.9268920161	7.487899e-16
6331.3145475289	7.963364e-16
6332.7022030417	8.225663e-16
6334.0898585545	8.318035e-16
6335.4775140673	8.164878e-16
6336.8651695801	8.203680e-16
6338.2528250928	8.661478e-16
6339.6404806056	8.520595e-16
6341.0281361184	8.268648e-16
6342.4157916312	7.978490e-16
6343.8034471440	7.915958e-16
6345.1911026568	7.929199e-16
6346.5787581695	8.091849e-16
6347.9664136823	8.018161e-16
6349.3540691951	7.862467e-16
6350.7417247079	8.127473e-16
6352.1293802207	7.996326e-16
6353.5170357335	8.049905e-16
6354.9046912462	8.157418e-16
6356.2923467590	8.161359e-16
6357.6800022718	8.504372e-16
6359.0676577846	8.349653e-16
6360.4553132974	8.022734e-16
6361.8429688102	8.292320e-16
6363.2306243230	8.306530e-16
6364.6182798357	8.297682e-16
6366.0059353485	8.326677e-16
6367.3935908613	8.116099e-16
6368.7812463741	8.235943e-16
6370.1689018869	8.167703e-16
6371.5565573997	8.426312e-16
6372.9442129124	8.197505e-16
6374.3318684252	7.805237e-16
6375.7195239380	7.630323e-16
6377.1071794508	7.272740e-16
6378.4948349636	7.216859e-16
6379.8824904764	6.909938e-16
6381.2701459892	6.828756e-16
6382.6578015019	6.705498e-16
6384.0454570147	6.551345e-16
6385.4331125275	6.598113e-16
6386.8207680403	6.298893e-16
6388.2084235531	5.976482e-16
6389.5960790659	6.023990e-16
6390.9837345786	6.105341e-16
6392.3713900914	6.218076e-16
6393.7590456042	6.032896e-16
6395.1467011170	6.021105e-16
6396.5343566298	6.544237e-16
6397.9220121426	6.529041e-16
6399.3096676553	6.351506e-16
6400.6973231681	6.673904e-16
6402.0849786809	6.562571e-16
6403.4726341937	6.534393e-16
6404.8602897065	6.983000e-16
6406.2479452193	6.883075e-16
6407.6356007320	6.894894e-16
6409.0232562448	7.113465e-16
6410.4109117576	6.959578e-16
6411.7985672704	7.279852e-16
6413.1862227832	7.458925e-16
6414.5738782960	7.182188e-16
6415.9615338088	7.182153e-16
6417.3491893215	7.098302e-16
6418.7368448343	6.961951e-16
6420.1245003471	6.740764e-16
6421.5121558599	6.597114e-16
6422.8998113727	6.274993e-16
6424.2874668855	6.066861e-16
6425.6751223982	5.761572e-16
6427.0627779110	5.519233e-16
6428.4504334238	5.391481e-16
6429.8380889366	5.247966e-16
6431.2257444494	5.039673e-16
6432.6133999622	4.975817e-16
6434.0010554749	4.923925e-16
6435.3887109877	4.826106e-16
6436.7763665005	5.215727e-16
6438.1640220133	5.250097e-16
6439.5516775261	5.177871e-16
6440.9393330389	5.115853e-16
6442.3269885517	4.985491e-16
6443.7146440644	5.171049e-16
6445.1022995772	5.001425e-16
6446.4899550900	4.844202e-16
6447.8776106028	4.786237e-16
6449.2652661156	5.062590e-16
6450.6529216284	4.875085e-16
6452.0405771411	4.754282e-16
6453.4282326539	4.877609e-16
6454.8158881667	4.594628e-16
6456.2035436795	4.956087e-16
6457.5911991923	4.614033e-16
6458.9788547051	4.655219e-16
6460.3665102179	5.102353e-16
6461.7541657306	4.918370e-16
6463.1418212434	4.863589e-16
6464.5294767562	4.808159e-16
6465.9171322690	4.645041e-16
6467.3047877818	4.546901e-16
6468.6924432946	4.840827e-16
6470.0800988073	5.309256e-16
6471.4677543201	5.205835e-16
6472.8554098329	5.656144e-16
6474.2430653457	6.210903e-16
6475.6307208585	6.341114e-16
6477.0183763713	6.446514e-16
6478.4060318840	6.430429e-16
6479.7936873968	6.528020e-16
6481.1813429096	6.747616e-16
6482.5689984224	5.904995e-16
6483.9566539352	6.721798e-16
6485.3443094480	7.198593e-16
6486.7319649607	7.233636e-16
6488.1196204735	7.598948e-16
6489.5072759863	7.718143e-16
6490.8949314991	8.105002e-16
6492.2825870119	8.101438e-16
6493.6702425247	8.337732e-16
6495.0578980375	8.845411e-16
6496.4455535502	8.836756e-16
6497.8332090630	9.736355e-16
6499.2208645758	9.993352e-16
6500.6085200886	9.942573e-16
6501.9961756014	1.000746e-15
6503.3838311142	1.021942e-15
6504.7714866269	1.023239e-15
6506.1591421397	1.032474e-15
6507.5467976525	1.038830e-15
6508.9344531653	1.045216e-15
6510.3221086781	9.621948e-16
6511.7097641909	8.663316e-16
6513.0974197036	8.054781e-16
6514.4850752164	7.651519e-16
6515.8727307292	7.313102e-16
6517.2603862420	7.104723e-16
6518.6480417548	6.730128e-16
6520.0356972676	6.047580e-16
6521.4233527804	5.864655e-16
6522.8110082931	6.273748e-16
6524.1986638059	6.237412e-16
6525.5863193187	6.110753e-16
6526.9739748315	6.681713e-16
6528.3616303443	6.855770e-16
6529.7492858571	7.310132e-16
6531.1369413698	7.875365e-16
6532.5245968826	8.596415e-16
6533.9122523954	9.164490e-16
6535.2999079082	9.968982e-16
6536.6875634210	1.096164e-15
6538.0752189338	1.209206e-15
6539.4628744466	1.355123e-15
6540.8505299593	1.424290e-15
6542.2381854721	1.495201e-15
6543.6258409849	1.610997e-15
6545.0134964977	1.708442e-15
6546.4011520105	1.816506e-15
6547.7888075233	1.889548e-15
6549.1764630360	1.917303e-15
6550.5641185488	1.988844e-15
6551.9517740616	2.024082e-15
6553.3394295744	2.013971e-15
6554.7270850872	2.063583e-15
6556.1147406000	2.088261e-15
6557.5023961127	2.098501e-15
6558.8900516255	2.045567e-15
6560.2777071383	2.053554e-15
6561.6653626511	2.050376e-15
6563.0530181639	2.034712e-15
6564.4406736767	2.001492e-15
6565.8283291894	1.938644e-15
6567.2159847022	1.894845e-15
6568.6036402150	1.871583e-15
6569.9912957278	1.879198e-15
6571.3789512406	1.855955e-15
6572.7666067534	1.765083e-15
6574.1542622662	1.718869e-15
6575.5419177789	1.702128e-15
6576.9295732917	1.681896e-15
6578.3172288045	1.622381e-15
6579.7048843173	1.615392e-15
6581.0925398301	1.532078e-15
6582.4801953429	1.494229e-15
6583.8678508556	1.450422e-15
6585.2555063684	1.403509e-15
6586.6431618812	1.424111e-15
6588.0308173940	1.400867e-15
6589.4184729068	1.357272e-15
6590.8061284196	1.330642e-15
6592.1937839323	1.348317e-15
6593.5814394451	1.354005e-15
6594.9690949579	1.329991e-15
6596.3567504707	1.305438e-15
6597.7444059835	1.289025e-15
6599.1320614963	1.305946e-15
6600.5197170091	1.268651e-15
6601.9073725218	1.229033e-15
6603.2950280346	1.253172e-15
6604.6826835474	1.278007e-15
6606.0703390602	1.197532e-15
6607.4579945730	1.131629e-15
6608.8456500858	1.129235e-15
6610.2333055985	1.115252e-15
6611.6209611113	1.109328e-15
6613.0086166241	1.107957e-15
6614.3962721369	1.097578e-15
6615.7839276497	1.094078e-15
6617.1715831625	1.065510e-15
6618.5592386753	1.075291e-15
6619.9468941880	1.087900e-15
6621.3345497008	1.035178e-15
6622.7222052136	1.009488e-15
6624.1098607264	9.919062e-16
6625.4975162392	9.731433e-16
6626.8851717520	9.642871e-16
6628.2728272647	9.486531e-16
6629.6604827775	9.143847e-16
6631.0481382903	9.426860e-16
6632.4357938031	8.969161e-16
6633.8234493159	9.176134e-16
6635.2111048287	9.017820e-16
6636.5987603414	9.044818e-16
6637.9864158542	9.016984e-16
6639.3740713670	8.948233e-16
6640.7617268798	8.599670e-16
6642.1493823926	8.641867e-16
6643.5370379054	8.706073e-16
6644.9246934182	8.227472e-16
6646.3123489309	8.154202e-16
6647.7000044437	8.276278e-16
6649.0876599565	8.197384e-16
6650.4753154693	8.012562e-16
6651.8629709821	7.920442e-16
6653.2506264949	7.913096e-16
6654.6382820076	8.129138e-16
6656.0259375204	7.824731e-16
6657.4135930332	7.815550e-16
6658.8012485460	7.744254e-16
6660.1889040588	7.263162e-16
6661.5765595716	7.621600e-16
6662.9642150843	8.026826e-16
6664.3518705971	7.813613e-16
6665.7395261099	8.211002e-16
6667.1271816227	8.213703e-16
6668.5148371355	7.765635e-16
6669.9024926483	7.829882e-16
6671.2901481610	7.684485e-16
6672.6778036738	7.532426e-16
6674.0654591866	7.166073e-16
6675.4531146994	7.382497e-16
6676.8407702122	7.362049e-16
6678.2284257250	7.099319e-16
6679.6160812378	7.243850e-16
6681.0037367505	7.732288e-16
6682.3913922633	7.392754e-16
6683.7790477761	7.552382e-16
6685.1667032889	7.290307e-16
6686.5543588017	7.228235e-16
6687.9420143145	7.333205e-16
6689.3296698272	7.346189e-16
6690.7173253400	7.367602e-16
6692.1049808528	7.390006e-16
6693.4926363656	7.442090e-16
6694.8802918784	7.388377e-16
6696.2679473912	6.976934e-16
6697.6556029040	6.497709e-16
6699.0432584167	6.906269e-16
6700.4309139295	7.051220e-16
6701.8185694423	6.840318e-16
6703.2062249551	6.923599e-16
6704.5938804679	7.190900e-16
6705.9815359807	7.445662e-16
6707.3691914934	7.518309e-16
6708.7568470062	7.189636e-16
6710.1445025190	7.334799e-16
6711.5321580318	7.248292e-16
6712.9198135446	7.142200e-16
6714.3074690574	7.217992e-16
6715.6951245701	6.872213e-16
6717.0827800829	6.752831e-16
6718.4704355957	6.862396e-16
6719.8580911085	6.747630e-16
6721.2457466213	6.900457e-16
6722.6334021341	6.506701e-16
6724.0210576469	6.530791e-16
6725.4087131596	6.643797e-16
6726.7963686724	6.691155e-16
6728.1840241852	6.838240e-16
6729.5716796980	7.086474e-16
6730.9593352108	7.042595e-16
6732.3469907236	6.809807e-16
6733.7346462363	6.607828e-16
6735.1223017491	7.155895e-16
6736.5099572619	7.078570e-16
6737.8976127747	6.836080e-16
6739.2852682875	6.954929e-16
6740.6729238003	6.563294e-16
6742.0605793130	6.679605e-16
6743.4482348258	6.992939e-16
6744.8358903386	6.487324e-16
6746.2235458514	6.544298e-16
6747.6112013642	6.428526e-16
6748.9988568770	6.405377e-16
6750.3865123897	6.364157e-16
6751.7741679025	6.651450e-16
6753.1618234153	6.664831e-16
6754.5494789281	6.571995e-16
6755.9371344409	6.674059e-16
6757.3247899537	6.661689e-16
6758.7124454665	6.883224e-16
6760.1001009792	6.797736e-16
6761.4877564920	6.235616e-16
6762.8754120048	6.354801e-16
6764.2630675176	6.995851e-16
6765.6507230304	6.914006e-16
6767.0383785432	6.603604e-16
6768.4260340559	6.786338e-16
6769.8136895687	6.868294e-16
6771.2013450815	7.081264e-16
6772.5890005943	6.130432e-16
