3781.5054157083	2.063219e-17
3783.6143983828	4.214974e-17
3785.7233810574	4.388234e-17
3787.8323637319	2.074327e-17
3789.9512944379	9.417452e-18
3792.0602771124	6.304549e-17
3794.1692597869	4.956583e-17
3796.2782424614	2.735895e-17
3798.3872251359	4.417202e-17
3800.4962078104	3.057585e-17
3802.6151385164	2.611422e-17
3804.7241211909	4.597758e-17
3806.8331038654	4.705678e-17
3808.9420865399	2.649210e-17
3811.0510692144	4.301332e-17
3813.1600518889	2.988869e-17
3815.2789825949	2.918411e-17
3817.3879652694	4.226518e-17
3819.4969479439	6.232891e-17
3821.6059306184	4.694461e-17
3823.7149132930	4.109668e-17
3825.8238959675	2.145330e-17
3827.9328786420	1.279684e-17
3830.0518093480	2.115927e-17
3832.1607920225	2.546626e-17
3834.2697746970	3.855060e-17
3836.3787573715	2.449052e-17
3838.4877400460	2.571673e-17
3840.5967227205	3.735379e-17
3842.7156534265	1.135500e-17
3844.8246361010	2.087395e-17
3846.9336187755	6.882370e-18
3849.0426014500	2.926470e-17
3851.1515841245	3.806164e-17
3853.2605667990	4.739872e-17
3855.3794975050	3.285949e-17
3857.4884801795	3.447447e-17
3859.5974628541	6.639309e-18
3861.7064455286	3.065317e-17
3863.8154282031	3.247398e-17
3865.9244108776	4.407401e-17
3868.0333935521	2.901314e-17
3870.1523242581	2.901640e-17
3872.2613069326	2.844032e-17
3874.3702896071	4.080701e-17
3876.4792722816	2.617956e-17
3878.5882549561	2.932895e-17
3880.6972376306	2.195860e-17
3882.8161683366	2.026629e-17
3884.9251510111	2.880296e-17
3887.0341336856	2.440340e-17
3889.1431163601	3.457575e-17
3891.2520990346	2.167110e-17
3893.3610817092	3.920727e-17
3895.4800124151	3.023608e-17
3897.5889950897	2.242904e-17
3899.6979777642	2.801126e-17
3901.8069604387	2.475297e-17
3903.9159431132	3.072722e-17
3906.0249257877	2.969050e-17
3908.1339084622	4.350555e-17
3910.2528391682	2.744933e-17
3912.3618218427	2.932350e-17
3914.4708045172	1.514037e-17
3916.5797871917	4.165752e-17
3918.6887698662	2.753210e-17
3920.7977525407	3.401709e-17
3922.9166832467	4.002946e-17
3925.0256659212	2.711065e-17
3927.1346485957	2.039697e-17
3929.2436312702	3.683869e-17
3931.3526139448	1.457082e-17
3933.4615966193	1.594949e-17
3935.5805273253	3.984978e-17
3937.6895099998	2.268169e-17
3939.7984926743	3.502442e-17
3941.9074753488	3.946972e-17
3944.0164580233	3.925192e-17
3946.1254406978	3.116609e-17
3948.2344233723	4.016994e-17
3950.3533540783	3.697917e-17
3952.4623367528	3.250229e-17
3954.5713194273	5.022141e-17
3956.6803021018	3.517252e-17
3958.7892847763	3.314372e-17
3960.8982674508	4.553653e-17
3963.0171981568	5.363978e-17
3965.1261808313	3.243586e-17
3967.2351635058	3.818579e-17
3969.3441461804	3.717628e-17
3971.4531288549	6.099490e-17
3973.5621115294	4.050318e-17
3975.6810422354	4.430488e-17
3977.7900249099	3.755090e-17
3979.8990075844	3.158971e-17
3982.0079902589	4.018301e-17
3984.1169729334	3.728083e-17
3986.2259556079	3.804748e-17
3988.3349382824	4.124152e-17
3990.4538689884	2.801452e-17
3992.5628516629	3.461495e-17
3994.6718343374	3.592175e-17
3996.7808170119	4.017974e-17
3998.8897996864	3.064773e-17
4000.9987823609	3.834587e-17
4003.1177130669	4.446496e-17
4005.2266957414	3.930092e-17
4007.3356784160	4.428527e-17
4009.4446610905	5.072998e-17
4011.5536437650	4.573038e-17
4013.6626264395	4.026251e-17
4015.7815571455	4.995025e-17
4017.8905398200	4.609628e-17
4019.9995224945	3.016966e-17
4022.1085051690	5.244733e-17
4024.2174878435	2.970683e-17
4026.3264705180	3.164961e-17
4028.4354531925	3.132726e-17
4030.5543838985	4.488422e-17
4032.6633665730	5.356246e-17
4034.7723492475	3.911579e-17
4036.8813319220	3.327548e-17
4038.9903145965	4.312549e-17
4041.0992972711	3.651853e-17
4043.2182279770	4.315598e-17
4045.3272106516	2.995186e-17
4047.4361933261	3.786126e-17
4049.5451760006	3.858872e-17
4051.6541586751	5.444129e-17
4053.7631413496	5.808726e-17
4055.8820720556	5.217726e-17
4057.9910547301	4.370593e-17
4060.1000374046	4.315380e-17
4062.2090200791	4.846812e-17
4064.3180027536	5.680877e-17
4066.4269854281	5.438902e-17
4068.5359681026	6.161561e-17
4070.6548988086	4.938833e-17
4072.7638814831	5.702331e-17
4074.8728641576	5.387501e-17
4076.9818468321	5.968700e-17
4079.0908295067	4.982175e-17
4081.1998121812	4.830259e-17
4083.3187428872	6.012260e-17
4085.4277255617	3.825439e-17
4087.5367082362	5.847603e-17
4089.6456909107	4.311133e-17
4091.7546735852	4.566395e-17
4093.8636562597	4.614420e-17
4095.9825869657	4.441922e-17
4098.0915696402	4.318756e-17
4100.2005523147	3.662525e-17
4102.3095349892	5.003302e-17
4104.4185176637	4.894946e-17
4106.5275003382	4.962900e-17
4108.6364830127	3.063793e-17
4110.7554137187	4.028647e-17
4112.8643963932	4.092789e-17
4114.9733790678	4.190581e-17
4117.0823617423	3.499393e-17
4119.1913444168	4.854109e-17
4121.3003270913	4.780492e-17
4123.4192577973	4.569771e-17
4125.5282404718	4.792689e-17
4127.6372231463	4.188185e-17
4129.7462058208	5.739466e-17
4131.8551884953	4.864454e-17
4133.9641711698	5.858384e-17
4136.0831018758	4.352188e-17
4138.1920845503	4.678888e-17
4140.3010672248	5.210429e-17
4142.4100498993	5.399371e-17
4144.5190325738	4.841367e-17
4146.6280152483	4.770909e-17
4148.7469459543	4.640556e-17
4150.8559286288	4.985224e-17
4152.9649113034	4.535032e-17
4155.0738939779	4.279334e-17
4157.1828766524	3.780355e-17
4159.2918593269	3.685503e-17
4161.4008420014	3.447447e-17
4163.5197727074	4.348050e-17
4165.6287553819	2.990176e-17
4167.7377380564	3.459644e-17
4169.8467207309	3.495363e-17
4171.9557034054	3.645536e-17
4174.0646860799	2.831618e-17
4176.1836167859	3.370673e-17
4178.2925994604	3.355318e-17
4180.4015821349	2.927232e-17
4182.5105648094	3.362614e-17
4184.6195474839	3.238795e-17
4186.7285301585	3.439498e-17
4188.8474608644	1.984811e-17
4190.9564435390	3.204274e-17
4193.0654262135	3.679949e-17
4195.1744088880	3.081543e-17
4197.2833915625	3.447992e-17
4199.3923742370	4.245140e-17
4201.5013569115	3.905916e-17
4203.6202876175	3.235855e-17
4205.7292702920	3.552318e-17
4207.8382529665	3.849942e-17
4209.9472356410	3.500155e-17
4212.0562183155	3.297056e-17
4214.1652009900	3.744527e-17
4216.2841316960	2.863417e-17
4218.3931143705	3.509411e-17
4220.5020970450	4.616380e-17
4222.6110797195	3.305006e-17
4224.7200623941	3.541864e-17
4226.8290450686	3.833280e-17
4228.9479757746	3.667752e-17
4231.0569584491	3.759772e-17
4233.1659411236	2.949883e-17
4235.2749237981	3.207432e-17
4237.3839064726	3.620380e-17
4239.4928891471	3.130548e-17
4241.6018718216	3.308818e-17
4243.7208025276	3.778503e-17
4245.8297852021	3.816618e-17
4247.9387678766	3.916480e-17
4250.0477505511	3.785473e-17
4252.1567332256	4.537972e-17
4254.2657159001	3.530865e-17
4256.3846466061	4.218350e-17
4258.4936292806	3.701947e-17
4260.6026119551	3.891542e-17
4262.7115946297	4.271602e-17
4264.8205773042	3.713490e-17
4266.9295599787	3.420767e-17
4269.0385426532	4.266266e-17
4271.1574733592	3.401600e-17
4273.2664560337	4.745753e-17
4275.3754387082	3.322430e-17
4277.4844213827	4.094749e-17
4279.5934040572	3.908094e-17
4281.7023867317	4.053694e-17
4283.8213174377	3.966574e-17
4285.9303001122	3.851357e-17
4288.0392827867	3.943378e-17
4290.1482654612	4.501490e-17
4292.2572481357	4.208876e-17
4294.3662308102	4.217044e-17
4296.4851615162	4.113153e-17
4298.5941441907	4.098343e-17
4300.7031268653	4.138527e-17
4302.8121095398	5.423547e-17
4304.9210922143	4.563237e-17
4307.0300748888	4.612895e-17
4309.1390575633	4.362970e-17
4311.2579882693	4.593729e-17
4313.3669709438	5.083452e-17
4315.4759536183	5.165345e-17
4317.5849362928	6.106131e-17
4319.6939189673	5.367463e-17
4321.8029016418	5.591470e-17
4323.9218323478	5.200193e-17
4326.0308150223	5.274680e-17
4328.1397976968	4.946782e-17
4330.2487803713	5.179393e-17
4332.3577630458	4.697619e-17
4334.4667457204	5.625992e-17
4336.5856764263	6.060829e-17
4338.6946591009	4.907796e-17
4340.8036417754	4.735734e-17
4342.9126244499	4.514558e-17
4345.0216071244	4.355673e-17
4347.1305897989	3.814114e-17
4349.2395724734	3.804857e-17
4351.3585031794	4.424716e-17
4353.4674858539	3.788086e-17
4355.5764685284	3.640963e-17
4357.6854512029	3.470752e-17
4359.7944338774	3.721331e-17
4361.9034165519	3.985631e-17
4364.0223472579	4.158891e-17
4366.1313299324	4.428854e-17
4368.2403126069	4.190472e-17
4370.3492952815	3.918331e-17
4372.4582779560	4.093551e-17
4374.5672606305	3.752803e-17
4376.6861913365	4.977492e-17
4378.7951740110	3.557436e-17
4380.9041566855	4.767206e-17
4383.0131393600	3.405630e-17
4385.1221220345	3.950348e-17
4387.2311047090	4.329537e-17
4389.3400873835	4.352080e-17
4391.4590180895	4.212579e-17
4393.5680007640	4.398144e-17
4395.6769834385	3.944467e-17
4397.7859661130	4.033438e-17
4399.8949487875	4.196788e-17
4402.0039314620	4.356545e-17
4404.1228621680	4.601134e-17
4406.2318448425	4.909103e-17
4408.3408275171	4.468385e-17
4410.4498101916	4.407836e-17
4412.5587928661	3.835349e-17
4414.6677755406	4.615291e-17
4416.7867062466	4.341081e-17
4418.8956889211	3.637804e-17
4421.0046715956	4.287720e-17
4423.1136542701	4.270949e-17
4425.2226369446	3.909510e-17
4427.3316196191	3.688879e-17
4429.4406022936	4.265940e-17
4431.5595329996	4.286631e-17
4433.6685156741	4.089522e-17
4435.7774983486	3.746160e-17
4437.8864810231	3.759990e-17
4439.9954636976	4.268662e-17
4442.1044463722	4.544615e-17
4444.2233770781	4.656891e-17
4446.3323597527	4.104005e-17
4448.4413424272	3.932597e-17
4450.5503251017	3.962544e-17
4452.6593077762	4.951683e-17
4454.7682904507	4.466969e-17
4456.8872211567	4.838754e-17
4458.9962038312	4.697619e-17
4461.1051865057	4.422538e-17
4463.2141691802	4.727240e-17
4465.3231518547	5.161424e-17
4467.4321345292	5.578185e-17
4469.5510652352	5.264008e-17
4471.6600479097	5.182006e-17
4473.7690305842	5.772353e-17
4475.8780132587	6.377182e-17
4477.9869959332	6.227229e-17
4480.0959786078	6.031644e-17
4482.2049612823	6.602061e-17
4484.3238919883	6.888251e-17
4486.4328746628	6.304220e-17
4488.5418573373	6.081412e-17
4490.6508400118	5.949316e-17
4492.7598226863	5.916428e-17
4494.8688053608	5.600727e-17
4496.9877360668	5.317478e-17
4499.0967187413	5.491391e-17
4501.2057014158	5.936792e-17
4503.3146840903	4.614855e-17
4505.4236667648	5.331417e-17
4507.5326494393	4.852366e-17
4509.6515801453	5.465364e-17
4511.7605628198	5.047951e-17
4513.8695454943	5.530269e-17
4515.9785281688	5.437704e-17
4518.0875108434	5.211410e-17
4520.1964935179	5.156851e-17
4522.3054761924	5.539961e-17
4524.4244068984	5.289273e-17
4526.5333895729	5.448485e-17
4528.6423722474	6.400489e-17
4530.7513549219	6.682211e-17
4532.8603375964	7.010110e-17
4534.9693202709	6.968182e-17
4537.0882509769	6.468770e-17
4539.1972336514	7.592509e-17
4541.3062163259	7.094071e-17
4543.4151990004	8.890051e-17
4545.5241816749	9.472559e-17
4547.6331643494	9.211309e-17
4549.7520950554	1.062298e-16
4551.8610777299	9.849570e-17
4553.9700604044	1.092267e-16
4556.0790430790	1.125808e-16
4558.1880257535	1.151182e-16
4560.2970084280	1.259102e-16
4562.4059911025	1.319977e-16
4564.5249218085	1.262151e-16
4566.6339044830	1.281644e-16
4568.7428871575	1.227956e-16
4570.8518698320	1.255072e-16
4572.9608525065	1.201385e-16
4575.0698351810	1.282733e-16
4577.1887658870	1.294821e-16
4579.2977485615	1.471021e-16
4581.4067312360	1.494435e-16
4583.5157139105	1.543984e-16
4585.6246965850	1.559230e-16
4587.7336792595	1.648310e-16
4589.8526099655	1.862299e-16
4591.9615926400	1.959111e-16
4594.0705753146	1.832569e-16
4596.1795579891	1.984920e-16
4598.2885406636	1.977951e-16
4600.3975233381	1.927312e-16
4602.5065060126	1.777466e-16
4604.6254367186	1.662794e-16
4606.7344193931	1.682287e-16
4608.8434020676	1.622283e-16
4610.9523847421	1.499335e-16
4613.0613674166	1.445212e-16
4615.1703500911	1.392722e-16
4617.2892807971	1.332936e-16
4619.3982634716	1.323135e-16
4621.5072461461	1.289485e-16
4623.6162288206	1.300484e-16
4625.7252114951	1.272714e-16
4627.8341941697	1.271625e-16
4629.9531248757	1.292207e-16
4632.0621075502	1.310720e-16
4634.1710902247	1.383139e-16
4636.2800728992	1.351449e-16
4638.3890555737	1.316274e-16
4640.4980382482	1.351231e-16
4642.6070209227	1.334352e-16
4644.7259516287	1.344697e-16
4646.8349343032	1.341103e-16
4648.9439169777	1.318126e-16
4651.0528996522	1.384555e-16
4653.1618823267	1.378565e-16
4655.2708650012	1.408513e-16
4657.3897957072	1.509681e-16
4659.4987783817	1.558359e-16
4661.6077610562	1.595603e-16
4663.7167437308	1.605839e-16
4665.8257264053	1.713433e-16
4667.9347090798	1.778337e-16
4670.0536397858	1.873298e-16
4672.1626224603	1.864477e-16
4674.2716051348	1.853914e-16
4676.3805878093	1.866873e-16
4678.4895704838	1.839757e-16
4680.5985531583	1.822768e-16
4682.7075358328	1.812967e-16
4684.8264665388	1.702434e-16
4686.9354492133	1.620868e-16
4689.0444318878	1.593098e-16
4691.1534145623	1.515126e-16
4693.2623972368	1.526233e-16
4695.3713799113	1.581772e-16
4697.4903106173	1.576219e-16
4699.5992932918	1.606384e-16
4701.7082759664	1.640796e-16
4703.8172586409	1.684030e-16
4705.9262413154	1.790860e-16
4708.0352239899	1.786504e-16
4710.1541546959	1.756339e-16
4712.2631373704	1.843024e-16
4714.3721200449	1.849558e-16
4716.4811027194	1.771150e-16
4718.5900853939	1.760042e-16
4720.6990680684	1.780733e-16
4722.8080507429	1.762220e-16
4724.9269814489	1.760260e-16
4727.0359641234	1.746647e-16
4729.1449467979	1.870575e-16
4731.2539294724	1.935589e-16
4733.3629121469	1.894642e-16
4735.4718948215	1.879723e-16
4737.5908255274	1.935589e-16
4739.6998082020	1.867744e-16
4741.8087908765	1.809591e-16
4743.9177735510	1.833440e-16
4746.0267562255	1.787158e-16
4748.1357389000	1.764616e-16
4750.2546696060	1.750894e-16
4752.3636522805	1.751874e-16
4754.4726349550	1.705265e-16
4756.5816176295	1.736628e-16
4758.6906003040	1.728134e-16
4760.7995829785	1.778119e-16
4762.9085656530	1.763309e-16
4765.0274963590	1.700365e-16
4767.1364790335	1.682505e-16
4769.2454617080	1.646459e-16
4771.3544443825	1.733579e-16
4773.4634270571	1.703414e-16
4775.5724097316	1.771150e-16
4777.6913404376	1.755904e-16
4779.8003231121	1.742836e-16
4781.9093057866	1.800335e-16
4784.0182884611	1.764724e-16
4786.1272711356	1.648419e-16
4788.2362538101	1.598870e-16
4790.3551845161	1.587217e-16
4792.4641671906	1.624135e-16
4794.5731498651	1.614878e-16
4796.6821325396	1.654300e-16
4798.7911152141	1.691435e-16
4800.9000978886	1.738044e-16
4803.0090805631	1.779426e-16
4805.1280112691	1.897256e-16
4807.2369939436	1.906730e-16
4809.3459766181	1.882663e-16
4811.4549592927	1.939945e-16
4813.5639419672	1.917184e-16
4815.6729246417	1.905423e-16
4817.7918553477	1.970219e-16
4819.9008380222	1.970001e-16
4822.0098206967	1.810680e-16
4824.1188033712	1.819283e-16
4826.2277860457	1.768645e-16
4828.3367687202	1.627293e-16
4830.4556994262	1.544638e-16
4832.5646821007	1.373447e-16
4834.6736647752	1.336856e-16
4836.7826474497	1.249192e-16
4838.8916301242	1.189515e-16
4841.0006127987	1.105880e-16
4843.1095954732	1.058639e-16
4845.2285261792	1.029846e-16
4847.3375088537	1.105662e-16
4849.4464915283	1.072828e-16
4851.5554742028	1.182001e-16
4853.6644568773	1.238629e-16
4855.7734395518	1.357330e-16
4857.8923702578	1.434322e-16
4860.0013529323	1.396098e-16
4862.1103356068	1.363319e-16
4864.2193182813	1.503256e-16
4866.3283009558	1.371378e-16
4868.4372836303	1.371269e-16
4870.5562143363	1.253657e-16
4872.6651970108	1.222947e-16
4874.7741796853	1.155865e-16
4876.8831623598	1.107840e-16
4878.9921450343	1.062940e-16
4881.1011277089	1.018302e-16
4883.2101103834	9.692429e-17
4885.3290410894	8.613880e-17
4887.4380237639	7.761411e-17
4889.5470064384	7.400519e-17
4891.6559891129	7.195679e-17
4893.7649717874	7.152551e-17
4895.8739544619	7.358371e-17
4897.9928851679	7.502559e-17
4900.1018678424	7.799529e-17
4902.2108505169	8.268341e-17
4904.3198331914	9.353201e-17
4906.4288158659	9.297010e-17
4908.5377985404	1.024324e-16
4910.6567292464	1.066109e-16
4912.7657119209	1.175467e-16
4914.8746945954	1.351994e-16
4916.9836772699	1.428223e-16
4919.0926599445	1.489208e-16
4921.2016426190	1.601483e-16
4923.3106252935	1.656696e-16
4925.4295559995	1.742727e-16
4927.5385386740	1.867308e-16
4929.6475213485	1.917076e-16
4931.7565040230	1.876783e-16
4933.8654866975	1.890177e-16
4935.9744693720	1.936895e-16
4938.0934000780	1.846399e-16
4940.2023827525	1.786396e-16
4942.3113654270	1.779970e-16
4944.4203481015	1.698949e-16
4946.5293307760	1.720729e-16
4948.6383134505	1.688386e-16
4950.7572441565	1.624026e-16
4952.8662268310	1.487792e-16
4954.9752095055	1.469497e-16
4957.0841921801	1.370289e-16
4959.1931748546	1.304077e-16
4961.3021575291	1.252894e-16
4963.4111402036	1.212710e-16
4965.5300709096	1.001673e-16
4967.6390535841	1.037686e-16
4969.7480362586	9.887359e-17
4971.8570189331	1.028702e-16
4973.9660016076	1.050939e-16
4976.0749842821	9.909249e-17
4978.1939149881	1.063016e-16
4980.3028976626	1.134193e-16
4982.4118803371	1.119819e-16
4984.5208630116	1.196593e-16
4986.6298456861	1.264329e-16
4988.7388283606	1.367457e-16
4990.8577590666	1.342955e-16
4992.9667417411	1.338599e-16
4995.0757244157	1.399365e-16
4997.1847070902	1.361359e-16
4999.2936897647	1.322373e-16
5001.4026724392	1.319324e-16
5003.5116551137	1.280337e-16
5005.6305858197	1.280555e-16
5007.7395684942	1.249519e-16
5009.8485511687	1.169804e-16
5011.9575338432	1.100326e-16
5014.0665165177	1.074593e-16
5016.1754991922	1.061437e-16
5018.2944298982	1.082314e-16
5020.4034125727	1.036641e-16
5022.5123952472	1.099237e-16
5024.6213779217	1.148568e-16
5026.7303605962	1.194415e-16
5028.8393432708	1.281753e-16
5030.9582739767	1.269338e-16
5033.0672566513	1.324333e-16
5035.1762393258	1.403394e-16
5037.2852220003	1.389019e-16
5039.3942046748	1.415918e-16
5041.5031873493	1.444994e-16
5043.6121700238	1.474179e-16
5045.7311007298	1.494544e-16
5047.8400834043	1.418096e-16
5049.9490660788	1.335550e-16
5052.0580487533	1.330540e-16
5054.1670314278	1.324333e-16
5056.2760141023	1.210750e-16
5058.3949448083	1.098148e-16
5060.5039274828	9.891931e-17
5062.6129101573	1.010113e-16
5064.7218928318	9.500542e-17
5066.8308755064	8.763510e-17
5068.9398581809	8.487340e-17
5071.0587888869	8.169570e-17
5073.1677715614	7.870420e-17
5075.2767542359	7.853979e-17
5077.3857369104	7.695639e-17
5079.4947195849	8.486469e-17
5081.6037022594	8.749899e-17
5083.7126849339	9.241252e-17
5085.8316156399	9.904452e-17
5087.9405983144	9.754938e-17
5090.0495809889	1.064062e-16
5092.1585636634	1.176447e-16
5094.2675463379	1.203345e-16
5096.3765290124	1.255181e-16
5098.4954597184	1.308869e-16
5100.6044423929	1.275872e-16
5102.7134250674	1.332174e-16
5104.8224077420	1.305275e-16
5106.9313904165	1.250063e-16
5109.0403730910	1.249954e-16
5111.1593037970	1.204107e-16
5113.2682864715	1.104137e-16
5115.3772691460	9.815049e-17
5117.4862518205	9.122770e-17
5119.5952344950	8.519249e-17
5121.7042171695	7.879350e-17
5123.8131998440	7.513010e-17
5125.9321305500	7.334199e-17
5128.0411132245	6.504051e-17
5130.1500958990	6.884550e-17
5132.2590785735	6.604678e-17
5134.3680612480	6.186281e-17
5136.4770439225	6.791002e-17
5138.5959746285	6.675789e-17
5140.7049573030	6.341791e-17
5142.8139399776	5.824843e-17
5144.9229226521	6.325672e-17
5147.0319053266	6.749730e-17
5149.1408880011	6.816050e-17
5151.2598187071	6.342551e-17
5153.3688013816	7.004449e-17
5155.4777840561	6.997041e-17
5157.5867667306	5.932763e-17
5159.6957494051	6.987241e-17
5161.8047320796	6.656511e-17
5163.9137147541	7.319060e-17
5166.0326454601	6.172232e-17
5168.1416281346	7.611130e-17
5170.2506108091	6.998131e-17
5172.3595934836	7.672440e-17
5174.4685761582	7.393659e-17
5176.5775588327	7.272018e-17
5178.6964895387	7.745292e-17
5180.8054722132	7.380480e-17
5182.9144548877	8.107389e-17
5185.0234375622	7.582161e-17
5187.1324202367	8.361779e-17
5189.2414029112	9.033581e-17
5191.3603336172	8.354590e-17
5193.4693162917	8.095628e-17
5195.5782989662	8.713851e-17
5197.6872816407	8.752401e-17
5199.7962643152	8.939272e-17
5201.9052469897	9.349939e-17
5204.0241776957	8.420910e-17
5206.1331603702	8.629238e-17
5208.2421430447	8.171311e-17
5210.3511257192	8.215090e-17
5212.4601083938	7.881529e-17
5214.5690910683	7.940332e-17
5216.6780737428	8.231209e-17
5218.7970044488	8.000120e-17
5220.9059871233	6.856999e-17
5223.0149697978	7.562779e-17
5225.1239524723	7.672112e-17
5227.2329351468	7.778510e-17
5229.3419178213	8.063171e-17
5231.4608485273	9.113299e-17
5233.5698312018	9.246152e-17
5235.6788138763	1.005920e-16
5237.7877965508	1.066588e-16
5239.8967792253	1.061873e-16
5242.0057618998	1.218373e-16
5244.1147445743	1.305166e-16
5246.2336752803	1.433560e-16
5248.3426579548	1.505434e-16
5250.4516406294	1.647221e-16
5252.5606233039	1.830500e-16
5254.6696059784	2.027718e-16
5256.7785886529	2.169724e-16
5258.8975193589	2.292236e-16
5261.0065020334	2.344835e-16
5263.1154847079	2.424658e-16
5265.2244673824	2.423678e-16
5267.3334500569	2.296919e-16
5269.4424327314	2.207730e-16
5271.5613634374	2.076723e-16
5273.6703461119	1.822333e-16
5275.7793287864	1.715393e-16
5277.8883114609	1.495850e-16
5279.9972941354	1.365497e-16
5282.1062768099	1.220551e-16
5284.2152594845	1.101632e-16
5286.3341901904	1.056036e-16
5288.4431728650	1.012324e-16
5290.5521555395	9.701249e-17
5292.6611382140	9.583638e-17
5294.7701208885	1.011028e-16
5296.8791035630	9.822561e-17
5298.9980342690	1.016974e-16
5301.1070169435	1.104682e-16
5303.2159996180	1.157825e-16
5305.3249822925	1.182545e-16
5307.4339649670	1.237322e-16
5309.5429476415	1.260626e-16
5311.6618783475	1.354389e-16
5313.7708610220	1.368220e-16
5315.8798436965	1.359181e-16
5317.9888263710	1.302444e-16
5320.0978090455	1.315076e-16
5322.2067917201	1.328798e-16
5324.3157743946	1.295257e-16
5326.4347051006	1.282515e-16
5328.5436877751	1.214997e-16
5330.6526704496	1.197791e-16
5332.7616531241	1.170784e-16
5334.8706357986	1.159132e-16
5336.9796184731	1.146826e-16
5339.0985491791	1.200949e-16
5341.2075318536	1.179605e-16
5343.3165145281	1.093138e-16
5345.4254972026	1.029323e-16
5347.5344798771	9.751992e-17
5349.6434625516	9.835411e-17
5351.7623932576	9.865031e-17
5353.8713759321	9.402970e-17
5355.9803586066	9.639829e-17
5358.0893412811	9.144222e-17
5360.1983239557	9.161211e-17
5362.3073066302	9.294180e-17
5364.4162893047	9.532561e-17
5366.5352200107	9.694170e-17
5368.6442026852	1.002305e-16
5370.7531853597	9.712571e-17
5372.8621680342	1.008610e-16
5374.9711507087	9.669669e-17
5377.0801333832	9.613910e-17
5379.1990640892	1.000399e-16
5381.3080467637	9.717362e-17
5383.4170294382	9.645058e-17
5385.5260121127	9.314328e-17
5387.6349947872	9.347978e-17
5389.7439774617	9.442610e-17
5391.8629081677	8.976519e-17
5393.9718908422	9.206731e-17
5396.0808735167	9.095652e-17
5398.1898561913	8.799230e-17
5400.2988388658	8.604299e-17
5402.4078215403	8.899200e-17
5404.5168042148	8.794549e-17
5406.6357349208	9.017139e-17
5408.7447175953	9.454918e-17
5410.8537002698	1.018618e-16
5412.9626829443	1.053716e-16
5415.0716656188	1.063844e-16
5417.1806482933	1.123739e-16
5419.2995789993	1.195286e-16
5421.4085616738	1.252132e-16
5423.5175443483	1.319541e-16
5425.6265270228	1.422887e-16
5427.7355096973	1.499771e-16
5429.8444923718	1.566309e-16
5431.9634230778	1.694811e-16
5434.0724057524	1.765160e-16
5436.1813884269	1.754597e-16
5438.2903711014	1.875476e-16
5440.3993537759	1.915224e-16
5442.5083364504	1.932539e-16
5444.6173191249	1.903027e-16
5446.7362498309	1.953448e-16
5448.8452325054	1.944192e-16
5450.9542151799	1.836925e-16
5453.0631978544	1.801859e-16
5455.1721805289	1.742945e-16
5457.2811632034	1.653429e-16
5459.4000939094	1.696009e-16
5461.5090765839	1.660072e-16
5463.6180592584	1.624570e-16
5465.7270419329	1.593643e-16
5467.8360246075	1.702216e-16
5469.9450072820	1.712126e-16
5472.0639379880	1.746538e-16
5474.1729206625	1.868724e-16
5476.2819033370	1.976208e-16
5478.3908860115	2.094692e-16
5480.4998686860	2.307373e-16
5482.6088513605	2.400374e-16
5484.7277820665	2.610333e-16
5486.8367647410	2.719560e-16
5488.9457474155	2.878445e-16
5491.0547300900	3.041686e-16
5493.1637127645	3.117698e-16
5495.2726954390	3.277999e-16
5497.3816781135	3.403561e-16
5499.5006088195	3.440695e-16
5501.6095914940	3.356080e-16
5503.7185741685	3.374484e-16
5505.8275568431	3.273643e-16
5507.9365395176	3.202313e-16
5510.0455221921	3.157120e-16
5512.1644528981	3.145576e-16
5514.2734355726	3.041577e-16
5516.3824182471	3.103214e-16
5518.4914009216	3.212768e-16
5520.6003835961	3.322975e-16
5522.7093662706	3.453328e-16
5524.8282969766	3.451912e-16
5526.9372796511	3.515836e-16
5529.0462623256	3.549051e-16
5531.1552450001	3.498195e-16
5533.2642276746	3.452021e-16
5535.3732103491	3.428716e-16
5537.4821930236	3.414668e-16
5539.6011237296	3.221480e-16
5541.7101064041	3.054863e-16
5543.8190890787	2.884761e-16
5545.9280717532	2.920262e-16
5548.0370544277	2.763229e-16
5550.1460371022	2.539003e-16
5552.2649678082	2.548260e-16
5554.3739504827	2.485642e-16
5556.4829331572	2.636033e-16
5558.5919158317	2.584197e-16
5560.7008985062	2.509056e-16
5562.8098811807	2.507096e-16
5564.9288118867	2.610115e-16
5567.0377945612	2.575594e-16
5569.1467772357	2.570911e-16
5571.2557599102	2.485860e-16
5573.3647425847	2.519184e-16
5575.4737252592	2.550438e-16
5577.5827079338	2.557190e-16
5579.7016386397	2.556536e-16
5581.8106213143	2.597809e-16
5583.9196039888	2.610660e-16
5586.0285866633	2.687434e-16
5588.1375693378	2.677742e-16
5590.2465520123	2.636578e-16
5592.3654827183	2.634727e-16
5594.4744653928	2.607719e-16
5596.5834480673	2.556319e-16
5598.6924307418	2.588553e-16
5600.8014134163	2.660209e-16
5602.9103960908	2.633420e-16
5605.0293267968	2.707798e-16
5607.1383094713	2.702353e-16
5609.2472921458	2.680900e-16
5611.3562748203	2.690374e-16
5613.4652574948	2.626015e-16
5615.5742401694	2.613600e-16
5617.6832228439	2.598136e-16
5619.8021535499	2.491850e-16
5621.9111362244	2.539657e-16
5624.0201188989	2.375000e-16
5626.1291015734	2.221342e-16
5628.2380842479	2.087177e-16
5630.3470669224	2.049062e-16
5632.4659976284	1.998097e-16
5634.5749803029	1.901285e-16
5636.6839629774	1.833549e-16
5638.7929456519	1.813403e-16
5640.9019283264	1.794672e-16
5643.0109110009	1.777792e-16
5645.1298417069	1.792821e-16
5647.2388243814	1.826689e-16
5649.3478070559	1.902156e-16
5651.4567897304	2.035668e-16
5653.5657724050	2.056250e-16
5655.6747550795	2.144023e-16
5657.7837377540	2.251725e-16
5659.9026684600	2.278515e-16
5662.0116511345	2.305957e-16
5664.1206338090	2.298879e-16
5666.2296164835	2.227549e-16
5668.3385991580	2.173535e-16
5670.4475818325	2.155131e-16
5672.5665125385	2.175495e-16
5674.6754952130	2.169070e-16
5676.7844778875	2.221778e-16
5678.8934605620	2.234628e-16
5681.0024432365	2.320986e-16
5683.1114259110	2.401027e-16
5685.2204085856	2.379247e-16
5687.3393392915	2.363021e-16
5689.4483219660	2.402987e-16
5691.5573046406	2.369773e-16
5693.6662873151	2.335905e-16
5695.7752699896	2.375545e-16
5697.8842526641	2.451012e-16
5700.0031833701	2.528876e-16
5702.1121660446	2.608046e-16
5704.2211487191	2.689721e-16
5706.3301313936	2.752883e-16
5708.4391140681	2.773683e-16
5710.5480967426	2.736875e-16
5712.6670274486	2.711719e-16
5714.7760101231	2.673059e-16
5716.8849927976	2.611204e-16
5718.9939754721	2.605324e-16
5721.1029581466	2.612511e-16
5723.2119408212	2.614798e-16
5725.3308715271	2.605215e-16
5727.4398542017	2.536608e-16
5729.5488368762	2.532143e-16
5731.6578195507	2.478020e-16
5733.7668022252	2.422698e-16
5735.8757848997	2.531816e-16
5737.9847675742	2.421500e-16
5740.1036982802	2.457546e-16
5742.2126809547	2.490761e-16
5744.3216636292	2.588880e-16
5746.4306463037	2.511125e-16
5748.5396289782	2.517224e-16
5750.6486116527	2.560130e-16
5752.7675423587	2.519293e-16
5754.8765250332	2.440776e-16
5756.9855077077	2.354745e-16
5759.0944903822	2.268714e-16
5761.2034730568	2.141083e-16
5763.3124557313	2.095018e-16
5765.4214384058	2.011383e-16
5767.5403691118	1.766576e-16
5769.6493517863	1.706899e-16
5771.7583344608	1.596474e-16
5773.8673171353	1.441074e-16
5775.9762998098	1.233837e-16
5778.0852824843	1.170457e-16
5780.2042131903	9.727929e-17
5782.3131958648	8.661251e-17
5784.4221785393	7.604379e-17
5786.5311612138	7.227691e-17
5788.6401438883	6.004201e-17
5790.7491265628	6.069977e-17
5792.8680572688	5.154673e-17
5794.9770399433	5.854355e-17
5797.0860226178	5.408954e-17
5799.1950052924	4.913241e-17
5801.3039879669	5.089224e-17
5803.4129706414	4.989145e-17
5805.5219533159	5.179502e-17
5807.6408840219	5.753296e-17
5809.7498666964	5.824408e-17
5811.8588493709	6.541299e-17
5813.9678320454	6.560680e-17
5816.0768147199	6.654441e-17
5818.1857973944	6.895001e-17
5820.3047281004	7.496350e-17
5822.4137107749	7.772191e-17
5824.5226934494	7.704240e-17
5826.6316761239	7.693678e-17
5828.7406587984	8.592320e-17
5830.8496414729	8.808379e-17
5832.9685721789	9.098702e-17
5835.0775548534	8.828412e-17
5837.1865375280	9.800020e-17
5839.2955202025	9.494010e-17
5841.4045028770	9.953570e-17
5843.5134855515	1.129402e-16
5845.6324162575	1.197791e-16
5847.7413989320	1.209443e-16
5849.8503816065	1.319432e-16
5851.9593642810	1.366477e-16
5854.0683469555	1.463180e-16
5856.1773296300	1.524382e-16
5858.2863123045	1.624352e-16
5860.4052430105	1.741420e-16
5862.5142256850	1.869268e-16
5864.6232083595	1.988623e-16
5866.7321910340	2.070407e-16
5868.8411737085	2.219273e-16
5870.9501563831	2.384365e-16
5873.0690870890	2.554358e-16
5875.1780697636	2.795354e-16
5877.2870524381	3.063357e-16
5879.3960351126	3.357169e-16
5881.5050177871	3.703362e-16
5883.6140004616	4.072642e-16
5885.7329311676	4.373968e-16
5887.8419138421	4.711014e-16
5889.9508965166	5.022141e-16
5892.0598791911	5.238199e-16
5894.1688618656	5.389025e-16
5896.2778445401	5.482462e-16
5898.3868272146	5.606825e-16
5900.5057579206	5.581343e-16
5902.6147405951	5.539525e-16
5904.7237232696	5.572304e-16
5906.8327059441	5.529615e-16
5908.9416886187	5.407974e-16
5911.0506712932	5.206073e-16
5913.1696019992	5.012776e-16
5915.2785846737	4.949178e-16
5917.3875673482	4.759039e-16
5919.4965500227	4.719617e-16
5921.6055326972	4.597431e-16
5923.7145153717	4.561494e-16
5925.8334460777	4.488096e-16
5927.9424287522	4.350010e-16
5930.0514114267	4.262128e-16
5932.1603941012	4.132319e-16
5934.2693767757	3.953288e-16
5936.3783594502	3.904827e-16
5938.4873421247	3.770336e-16
5940.6062728307	3.717301e-16
5942.7152555052	3.665247e-16
5944.8242381797	3.666445e-16
5946.9332208543	3.637260e-16
5949.0422035288	3.679949e-16
5951.1511862033	3.490245e-16
5953.2701169093	3.506580e-16
5955.3790995838	3.422727e-16
5957.4880822583	3.392235e-16
5959.5970649328	3.305877e-16
5961.7060476073	3.261991e-16
5963.8150302818	3.225727e-16
5965.9339609878	3.088186e-16
5968.0429436623	2.919936e-16
5970.1519263368	2.836518e-16
5972.2609090113	2.859387e-16
5974.3698916858	2.890424e-16
5976.4788743603	2.850022e-16
5978.5878570349	2.841310e-16
5980.7067877408	2.911115e-16
5982.8157704154	2.952388e-16
5984.9247530899	2.985385e-16
5987.0337357644	2.991483e-16
5989.1427184389	2.956417e-16
5991.2517011134	2.958051e-16
5993.3706318194	2.944438e-16
5995.4796144939	2.859714e-16
5997.5885971684	2.844359e-16
5999.6975798429	2.865486e-16
6001.8065625174	2.788276e-16
6003.9155451919	2.684167e-16
6006.0344758979	2.611966e-16
6008.1434585724	2.615560e-16
6010.2524412469	2.638756e-16
6012.3614239214	2.537479e-16
6014.4704065959	2.477148e-16
6016.5793892705	2.480742e-16
6018.6883719450	2.450141e-16
6020.8073026510	2.482920e-16
6022.9162853255	2.509056e-16
6025.0252680000	2.518857e-16
6027.1342506745	2.521906e-16
6029.2432333490	2.452973e-16
6031.3522160235	2.396018e-16
6033.4711467295	2.403205e-16
6035.5801294040	2.338954e-16
6037.6891120785	2.279930e-16
6039.7980947530	2.269585e-16
6041.9070774275	2.209472e-16
6044.0160601020	2.200869e-16
6046.1349908080	2.253141e-16
6048.2439734825	2.323055e-16
6050.3529561570	2.355071e-16
6052.4619388315	2.377287e-16
6054.5709215061	2.417689e-16
6056.6799041806	2.419213e-16
6058.7888868551	2.449270e-16
6060.9078175611	2.419105e-16
6063.0168002356	2.320659e-16
6065.1257829101	2.282871e-16
6067.2347655846	2.161012e-16
6069.3437482591	2.063873e-16
6071.4527309336	1.983396e-16
6073.5716616396	1.862843e-16
6075.6806443141	1.716373e-16
6077.7896269886	1.677387e-16
6079.8986096631	1.552805e-16
6082.0075923376	1.438569e-16
6084.1165750121	1.294276e-16
6086.2355057181	1.164794e-16
6088.3444883926	1.034104e-16
6090.4534710671	9.391429e-17
6092.5624537417	9.353092e-17
6094.6714364162	8.375390e-17
6096.7804190907	8.127318e-17
6098.8894017652	7.282360e-17
6101.0083324712	7.857132e-17
6103.1173151457	8.201588e-17
6105.2262978202	8.483091e-17
6107.3352804947	8.809359e-17
6109.4442631692	9.632859e-17
6111.5532458437	1.044939e-16
6113.6721765497	1.153469e-16
6115.7811592242	1.262478e-16
6117.8901418987	1.420165e-16
6119.9991245732	1.541044e-16
6122.1081072477	1.742727e-16
6124.2170899222	1.972615e-16
6126.3260725968	2.176911e-16
6128.4450033027	2.409304e-16
6130.5539859773	2.537261e-16
6132.6629686518	2.717599e-16
6134.7719513263	2.806026e-16
6136.8809340008	2.926252e-16
6138.9899166753	2.956744e-16
6141.1088473813	2.990938e-16
6143.2178300558	3.057585e-16
6145.3268127303	3.058021e-16
6147.4357954048	3.066515e-16
6149.5447780793	3.097878e-16
6151.6537607538	3.124777e-16
6153.7726914598	3.093740e-16
6155.8816741343	3.047893e-16
6157.9906568088	2.971445e-16
6160.0996394833	2.999650e-16
6162.2086221578	2.889988e-16
6164.3176048324	2.750269e-16
6166.4365355383	2.661080e-16
6168.5455182129	2.593671e-16
6170.6545008874	2.513521e-16
6172.7634835619	2.386652e-16
6174.8724662364	2.361714e-16
6176.9814489109	2.345270e-16
6179.1003796169	2.297028e-16
6181.2093622914	2.299206e-16
6183.3183449659	2.252052e-16
6185.4273276404	2.252705e-16
6187.5363103149	2.197711e-16
6189.6452929894	2.136400e-16
6191.7542756639	2.089246e-16
6193.8732063699	2.105146e-16
6195.9821890444	2.029352e-16
6198.0911717189	1.964774e-16
6200.2001543934	1.984703e-16
6202.3091370680	1.889633e-16
6204.4181197425	1.864586e-16
6206.5370504485	1.851300e-16
6208.6460331230	1.825491e-16
6210.7550157975	1.810027e-16
6212.8639984720	1.869922e-16
6214.9729811465	1.828649e-16
6217.0819638210	1.897256e-16
6219.1909464955	1.770170e-16
6221.3098772015	1.795761e-16
6223.4188598760	1.827124e-16
6225.5278425505	1.784218e-16
6227.6368252250	1.879505e-16
6229.7458078995	1.887890e-16
6231.8547905740	1.912066e-16
6233.9737212800	2.062566e-16
6236.0827039545	2.075198e-16
6238.1916866291	2.179089e-16
6240.3006693036	2.310749e-16
6242.4096519781	2.440449e-16
6244.5186346526	2.563179e-16
6246.6375653586	2.657269e-16
6248.7465480331	2.700611e-16
6250.8555307076	2.821708e-16
6252.9645133821	2.948359e-16
6255.0734960566	2.938340e-16
6257.1824787311	2.963169e-16
6259.3014094371	2.993334e-16
6261.4103921116	2.818877e-16
6263.5193747861	2.709323e-16
6265.6283574606	2.625470e-16
6267.7373401351	2.659774e-16
6269.8463228096	2.529094e-16
6271.9553054842	2.485207e-16
6274.0742361901	2.544993e-16
6276.1832188647	2.525718e-16
6278.2922015392	2.464516e-16
6280.4011842137	2.385346e-16
6282.5101668882	2.249329e-16
6284.6191495627	2.236153e-16
6286.7380802687	2.164932e-16
6288.8470629432	2.160467e-16
6290.9560456177	2.139449e-16
6293.0650282922	2.118105e-16
6295.1740109667	2.077812e-16
6297.2829936412	2.113858e-16
6299.3919763157	2.210561e-16
6301.5109070217	2.199671e-16
6303.6198896962	2.152191e-16
6305.7288723707	2.287118e-16
6307.8378550452	2.350498e-16
6309.9468377198	2.416491e-16
6312.0558203943	2.525282e-16
6314.1747511003	2.627539e-16
6316.2837337748	2.578861e-16
6318.3927164493	2.739924e-16
6320.5016991238	2.795136e-16
6322.6106817983	2.863417e-16
6324.7196644728	2.892602e-16
6326.8385951788	2.814738e-16
6328.9475778533	2.819530e-16
6331.0565605278	2.818223e-16
6333.1655432023	2.675346e-16
6335.2745258768	2.614036e-16
6337.3835085513	2.587355e-16
6339.4924912258	2.595196e-16
6341.6114219318	2.583653e-16
6343.7204046063	2.558823e-16
6345.8293872808	2.700829e-16
6347.9383699554	2.658793e-16
6350.0473526299	2.652042e-16
6352.1563353044	2.638102e-16
6354.2752660104	2.598463e-16
6356.3842486849	2.521797e-16
6358.4932313594	2.441647e-16
6360.6022140339	2.439469e-16
6362.7111967084	2.389375e-16
6364.8201793829	2.286682e-16
6366.9391100889	2.245736e-16
6369.0480927634	2.181376e-16
6371.1570754379	2.072476e-16
6373.2660581124	1.989712e-16
6375.3750407869	1.919363e-16
6377.4840234614	1.881901e-16
6379.5930061359	1.865239e-16
6381.7119368419	1.827451e-16
6383.8209195164	1.797612e-16
6385.9299021910	1.815472e-16
6388.0388848655	1.883099e-16
6390.1478675400	1.825164e-16
6392.2568502145	1.899761e-16
6394.3757809205	1.906294e-16
6396.4847635950	1.908472e-16
6398.5937462695	1.923392e-16
6400.7027289440	1.988514e-16
6402.8117116185	2.119521e-16
6404.9206942930	2.139449e-16
6407.0396249990	2.271109e-16
6409.1486076735	2.374673e-16
6411.2575903480	2.495443e-16
6413.3665730225	2.531380e-16
6415.4755556970	2.606957e-16
6417.5845383715	2.599770e-16
6419.6935210461	2.702027e-16
6421.8124517520	2.620896e-16
6423.9214344266	2.644310e-16
6426.0304171011	2.549349e-16
6428.1393997756	2.489998e-16
6430.2483824501	2.335143e-16
6432.3573651246	2.176911e-16
6434.4762958306	1.960200e-16
6436.5852785051	1.749370e-16
6438.6942611796	1.584822e-16
6440.8032438541	1.346113e-16
6442.9122265286	1.275219e-16
6445.0212092031	1.118185e-16
6447.1401399091	9.891602e-17
6449.2491225836	9.650391e-17
6451.3581052581	9.363440e-17
6453.4670879326	9.081170e-17
6455.5760706071	8.648839e-17
6457.6850532817	9.142809e-17
6459.7940359562	8.801299e-17
6461.9129666622	8.964868e-17
6464.0219493367	9.363769e-17
6466.1309320112	9.818099e-17
6468.2399146857	1.124392e-16
6470.3488973602	1.164577e-16
6472.4578800347	1.205305e-16
6474.5768107407	1.414502e-16
6476.6857934152	1.552478e-16
6478.7947760897	1.684465e-16
6480.9037587642	1.913917e-16
6483.0127414387	2.141410e-16
6485.1217241132	2.430321e-16
6487.2406548192	2.751794e-16
6489.3496374937	2.995403e-16
6491.4586201682	3.270703e-16
6493.5676028427	3.441784e-16
6495.6765855173	3.512896e-16
6497.7855681918	3.662960e-16
6499.8945508663	3.857456e-16
6502.0134815723	3.892957e-16
6504.1224642468	3.924865e-16
6506.2314469213	4.057832e-16
6508.3404295958	4.179909e-16
6510.4494122703	4.245031e-16
6512.5583949448	4.262673e-16
6514.6773256508	4.208332e-16
6516.7863083253	4.198531e-16
6518.8952909998	4.164118e-16
6521.0042736743	3.994343e-16
6523.1132563488	3.811827e-16
6525.2222390233	3.530647e-16
6527.3411697293	3.267000e-16
6529.4501524038	3.031449e-16
6531.5591350784	2.742538e-16
6533.6681177529	2.640498e-16
6535.7771004274	2.500453e-16
6537.8860831019	2.371406e-16
6540.0050138079	2.356596e-16
6542.1139964824	2.495770e-16
6544.2229791569	2.758219e-16
6546.3319618314	3.129350e-16
6548.4409445059	3.607530e-16
6550.5499271804	4.127310e-16
6552.6589098549	4.696639e-16
6554.7778405609	5.137249e-16
6556.8868232354	5.494985e-16
6558.9958059099	5.799034e-16
6561.1047885844	6.035782e-16
6563.2137712589	6.057780e-16
6565.3227539335	5.938426e-16
6567.4416846394	5.801539e-16
6569.5506673140	5.474294e-16
6571.6596499885	5.157940e-16
6573.7686326630	4.927507e-16
6575.8776153375	4.691085e-16
6577.9865980120	4.547337e-16
6580.0955806865	4.503124e-16
6582.2145113925	4.420142e-16
6584.3234940670	4.334111e-16
6586.4324767415	4.333131e-16
6588.5414594160	4.234141e-16
6590.6504420905	4.128835e-16
6592.7594247650	3.994452e-16
6594.8783554710	4.516410e-16
6596.9873381455	4.178057e-16
6599.0963208200	4.128399e-16
6601.2053034945	4.279117e-16
6603.3142861691	4.191779e-16
6605.4232688436	4.075256e-16
6607.5421995496	4.024182e-16
6609.6511822241	3.959386e-16
6611.7601648986	3.752803e-16
6613.8691475731	3.749971e-16
6615.9781302476	3.557872e-16
6618.0871129221	3.453872e-16
6620.2060436281	3.340943e-16
6622.3150263026	3.277563e-16
6624.4240089771	3.205580e-16
6626.5329916516	3.101036e-16
6628.6419743261	3.165941e-16
6630.7509570006	2.977762e-16
6632.8599396751	3.010105e-16
6634.9788703811	2.881930e-16
6637.0878530556	2.796443e-16
6639.1968357301	2.703769e-16
6641.3058184047	2.719124e-16
6643.4148010792	2.697344e-16
6645.5237837537	2.586593e-16
6647.6427144597	2.534321e-16
6649.7516971342	2.426074e-16
6651.8606798087	2.542706e-16
6653.9696624832	2.528767e-16
6656.0786451577	2.463209e-16
6658.1876278322	2.423787e-16
6660.2966105067	2.458744e-16
6662.4155412127	2.436855e-16
6664.5245238872	2.467021e-16
6666.6335065617	2.529529e-16
6668.7424892362	2.630262e-16
6670.8514719107	2.647032e-16
6672.9604545852	2.694404e-16
6675.0793852912	2.741231e-16
6677.1883679657	2.768020e-16
6679.2973506403	2.716402e-16
6681.4063333148	2.696908e-16
6683.5153159893	2.656942e-16
6685.6242986638	2.588553e-16
6687.7432293698	2.573851e-16
6689.8522120443	2.477584e-16
6691.9611947188	2.429668e-16
6694.0701773933	2.390791e-16
6696.1791600678	2.374020e-16
6698.2881427423	2.291692e-16
6700.4070734483	2.243884e-16
6702.5160561228	2.243993e-16
6704.6250387973	2.258586e-16
6706.7340214718	2.184970e-16
6708.8430041463	2.189434e-16
6710.9519868208	2.210452e-16
6713.0609694954	2.285266e-16
6715.1799002013	2.297028e-16
6717.2888828759	2.210125e-16
6719.3978655504	2.237459e-16
6721.5068482249	2.275139e-16
6723.6158308994	2.210997e-16
6725.7248135739	2.141083e-16
6727.8437442799	2.126055e-16
6729.9527269544	2.068882e-16
6732.0617096289	2.087395e-16
6734.1706923034	2.066922e-16
6736.2796749779	2.104384e-16
6738.3886576524	2.104166e-16
6740.4976403269	2.005285e-16
6742.6165710329	1.961180e-16
6744.7255537074	1.918927e-16
6746.8345363819	1.960418e-16
6748.9435190564	1.890286e-16
6751.0525017310	1.991999e-16
6753.1614844055	2.025322e-16
6755.2804151115	2.023798e-16
6757.3893977860	2.088484e-16
6759.4983804605	2.147944e-16
6761.6073631350	2.159596e-16
6763.7163458095	2.227876e-16
6765.8253284840	2.298879e-16
6767.9442591900	2.307918e-16
6770.0532418645	2.342330e-16
6772.1622245390	2.280475e-16
6774.2712072135	2.245954e-16
6776.3801898880	2.226678e-16
6778.4891725625	2.257497e-16
6780.6081032685	2.260328e-16
6782.7170859430	2.237677e-16
6784.8260686175	2.273941e-16
6786.9350512921	2.257824e-16
6789.0440339666	2.218402e-16
6791.1530166411	2.158942e-16
6793.2619993156	2.179742e-16
6795.3809300216	2.157091e-16
6797.4899126961	2.102097e-16
6799.5988953706	2.197493e-16
6801.7078780451	2.221778e-16
6803.8168607196	2.190415e-16
6805.9258433941	2.251290e-16
6808.0447741001	2.255101e-16
6810.1537567746	2.276881e-16
6812.2627394491	2.225807e-16
6814.3717221236	2.284613e-16
6816.4807047981	2.227985e-16
6818.5896874726	2.213066e-16
6820.6986701472	2.214590e-16
6822.8176008531	2.179307e-16
6824.9265835277	2.151319e-16
6827.0355662022	2.110591e-16
6829.1445488767	2.003651e-16
6831.2535315512	1.925352e-16
6833.3625142257	1.733361e-16
6835.4814449317	1.781386e-16
6837.5904276062	1.736737e-16
6839.6994102807	1.778555e-16
6841.8083929552	1.803166e-16
6843.9173756297	1.926659e-16
6846.0263583042	1.882990e-16
6848.1452890102	1.938856e-16
6850.2542716847	1.916967e-16
6852.3632543592	1.867744e-16
6854.4722370337	1.838450e-16
6856.5812197082	1.905314e-16
6858.6902023828	1.912828e-16
6860.8091330887	1.877654e-16
6862.9181157633	1.956933e-16
6865.0270984378	1.988623e-16
6867.1360811123	1.981762e-16
6869.2450637868	1.976208e-16
6871.3540464613	2.020422e-16
6873.4630291358	1.926332e-16
6875.5819598418	1.954102e-16
6877.6909425163	1.975664e-16
6879.7999251908	1.988078e-16
6881.9089078653	1.892900e-16
6884.0178905398	1.806324e-16
6886.1268732143	1.794890e-16
6888.2458039203	1.805235e-16
6890.3547865948	1.806760e-16
6892.4637692693	1.785524e-16
6894.5727519438	1.823422e-16
6896.6817346184	1.885495e-16
6898.7907172929	1.842806e-16
6900.9096479989	1.851844e-16
6903.0186306734	1.936569e-16
6905.1276133479	2.007789e-16
6907.2365960224	1.932322e-16
6909.3455786969	1.989712e-16
6911.4545613714	1.946043e-16
6913.5635440459	1.978168e-16
6915.6824747519	2.014977e-16
6917.7914574264	1.940816e-16
6919.9004401009	1.912611e-16
6922.0094227754	1.915660e-16
6924.1184054499	1.909670e-16
6926.2273881244	1.945934e-16
6928.3463188304	1.998859e-16
6930.4553015049	2.074109e-16
6932.5642841794	2.004087e-16
6934.6732668540	2.016283e-16
6936.7822495285	2.049280e-16
6938.8912322030	2.191286e-16
6941.0101629090	2.045469e-16
6943.1191455835	2.157527e-16
6945.2281282580	2.129104e-16
6947.3371109325	2.072585e-16
6949.4460936070	2.165476e-16
6951.5550762815	2.157418e-16
6953.6640589560	2.138687e-16
6955.7829896620	2.045251e-16
6957.8919723365	2.034796e-16
6960.0009550110	2.028045e-16
6962.1099376855	2.026847e-16
6964.2189203600	2.005285e-16
6966.3279030345	2.074327e-16
6968.4468337405	2.125292e-16
6970.5558164150	2.108740e-16
6972.6647990896	2.107651e-16
6974.7737817641	2.083584e-16
6976.8827644386	2.071060e-16
6978.9917471131	2.042637e-16
6981.1106778191	1.954864e-16
6983.2196604936	1.877109e-16
6985.3286431681	1.884406e-16
6987.4376258426	1.872100e-16
6989.5466085171	1.853042e-16
6991.6555911916	1.871555e-16
6993.7645738661	1.881030e-16
6995.8835045721	1.901938e-16
6997.9924872466	2.003978e-16
7000.1014699211	2.064308e-16
7002.2104525956	2.032945e-16
7004.3194352701	2.015957e-16
7006.4284179447	2.093385e-16
7008.5473486506	2.152626e-16
7010.6563313252	2.096761e-16
7012.7653139997	2.187801e-16
7014.8742966742	2.233648e-16
7016.9832793487	2.134004e-16
7019.0922620232	2.129539e-16
7021.2111927292	2.127035e-16
7023.3201754037	2.092731e-16
7025.4291580782	2.073347e-16
7027.5381407527	2.043182e-16
7029.6471234272	2.080534e-16
7031.7561061017	1.967823e-16
7033.8650887762	1.945607e-16
7035.9840194822	1.845310e-16
7038.0930021567	1.875367e-16
7040.2019848312	1.934391e-16
7042.3109675058	1.898454e-16
7044.4199501803	1.890613e-16
7046.5289328548	1.930470e-16
7048.6478635608	1.977733e-16
7050.7568462353	2.085544e-16
7052.8658289098	2.125619e-16
7054.9748115843	2.254230e-16
7057.0837942588	2.283633e-16
7059.1927769333	2.304215e-16
7061.3117076393	2.266318e-16
7063.4206903138	2.277208e-16
7065.5296729883	2.284395e-16
7067.6386556628	2.294632e-16
7069.7476383373	2.199780e-16
7071.8566210118	2.319570e-16
7073.9656036863	2.291474e-16
7076.0845343923	2.302690e-16
7078.1935170668	2.303453e-16
7080.3024997414	2.299641e-16
7082.4114824159	2.278732e-16
7084.5204650904	2.243449e-16
7086.6294477649	2.238440e-16
7088.7483784709	2.184425e-16
7090.8573611454	2.096434e-16
7092.9663438199	2.108631e-16
7095.0753264944	2.021837e-16
7097.1843091689	1.959002e-16
7099.2932918434	1.893662e-16
7101.4022745179	1.842915e-16
7103.5212052239	1.881030e-16
7105.6301878984	1.978931e-16
7107.7391705729	1.958131e-16
7109.8481532474	1.913264e-16
7111.9571359219	1.975337e-16
7114.0661185965	2.034688e-16
7116.1850493024	2.022164e-16
7118.2940319770	2.010403e-16
7120.4030146515	2.061695e-16
7122.5119973260	2.065397e-16
7124.6209800005	2.065180e-16
7126.7299626750	2.003324e-16
7128.8488933810	1.955299e-16
7130.9578760555	1.940380e-16
7133.0668587300	1.919798e-16
7135.1758414045	1.922303e-16
7137.2848240790	1.943647e-16
7139.3938067535	1.929381e-16
7141.5127374595	1.898780e-16
7143.6217201340	1.907492e-16
7145.7307028085	1.876565e-16
7147.8396854830	1.964992e-16
7149.9486681575	2.002453e-16
7152.0576508321	1.961942e-16
7154.1666335066	2.009532e-16
7156.2855642126	1.998206e-16
7158.3945468871	1.997770e-16
7160.5035295616	2.021293e-16
7162.6125122361	2.071387e-16
7164.7214949106	2.011274e-16
7166.8304775851	1.924263e-16
7168.9494082911	1.914353e-16
7171.0583909656	1.896058e-16
7173.1673736401	1.946696e-16
7175.2763563146	1.904879e-16
7177.3853389891	1.969783e-16
7179.4943216636	1.996355e-16
7181.6033043381	2.021511e-16
7183.7222350441	2.033272e-16
7185.8312177186	2.015848e-16
7187.9402003931	2.095454e-16
7190.0491830677	2.039479e-16
7192.1581657422	1.937113e-16
7194.2671484167	1.959655e-16
7196.3860791227	1.936024e-16
7198.4950617972	1.809156e-16
7200.6040444717	1.844984e-16
7202.7130271462	1.787485e-16
7204.8220098207	1.840737e-16
7206.9309924952	1.836054e-16
7209.0499232012	1.949201e-16
7211.1589058757	1.946043e-16
7213.2678885502	1.934717e-16
7215.3768712247	2.068120e-16
7217.4858538992	2.211432e-16
7219.5948365737	2.189979e-16
7221.7137672797	2.090335e-16
7223.8227499542	2.053636e-16
7225.9317326287	2.036648e-16
7228.0407153033	2.004849e-16
7230.1496979778	1.956933e-16
7232.2586806523	1.905532e-16
7234.3776113583	1.930579e-16
7236.4865940328	1.815036e-16
7238.5955767073	1.832569e-16
7240.7045593818	1.912828e-16
7242.8135420563	1.750459e-16
7244.9225247308	1.723669e-16
7247.0315074053	1.774308e-16
7249.1504381113	1.803928e-16
7251.2594207858	1.857507e-16
7253.3684034603	1.872100e-16
7255.4773861348	1.787485e-16
7257.5863688093	1.807849e-16
7259.6953514838	1.833005e-16
7261.8142821898	1.747954e-16
7263.9232648643	1.889524e-16
7266.0322475389	1.898671e-16
7268.1412302134	1.940162e-16
7270.2502128879	1.956606e-16
7272.3591955624	2.066595e-16
7274.4681782369	2.106126e-16
7276.5871089429	2.283306e-16
7278.6960916174	2.527787e-16
7280.8050742919	2.598898e-16
7282.9140569664	2.657922e-16
7285.0230396409	2.760506e-16
7287.1320223154	2.629935e-16
7289.2509530214	2.658902e-16
7291.3599356959	2.621441e-16
7293.4689183704	2.584633e-16
7295.5779010449	2.450903e-16
7297.6868837195	2.409630e-16
7299.7958663940	2.394711e-16
7301.9147971000	2.483029e-16
7304.0237797745	2.491632e-16
7306.1327624490	2.535083e-16
7308.2417451235	2.573960e-16
7310.3507277980	2.737528e-16
7312.4597104725	2.821490e-16
7314.5686931470	2.840983e-16
7316.6876238530	2.861347e-16
7318.7966065275	2.858081e-16
7320.9055892020	2.690266e-16
7323.0145718765	2.766169e-16
7325.1235545510	2.685474e-16
7327.2325372255	2.527242e-16
7329.3514679315	2.399394e-16
7331.4604506060	2.300730e-16
7333.5694332805	2.118105e-16
7335.6784159551	2.159051e-16
7337.7873986296	2.020095e-16
7339.8963813041	2.132589e-16
7342.0153120101	2.140974e-16
7344.1242946846	1.990474e-16
7346.2332773591	2.018244e-16
7348.3422600336	2.099156e-16
7350.4512427081	2.075743e-16
7352.5602253826	2.094800e-16
7354.6692080571	2.134549e-16
7356.7881387631	2.056359e-16
7358.8971214376	2.007354e-16
7361.0061041121	1.988623e-16
7363.1150867866	1.970437e-16
7365.2240694611	1.863823e-16
7367.3330521356	1.814274e-16
7369.4519828416	1.833876e-16
7371.5609655161	1.755795e-16
7373.6699481907	1.771803e-16
7375.7789308652	1.830391e-16
7377.8879135397	1.842261e-16
7379.9968962142	1.842806e-16
7382.1158269202	1.788356e-16
7384.2248095947	1.759497e-16
7386.3337922692	1.757864e-16
7388.4427749437	1.709185e-16
7390.5517576182	1.687405e-16
7392.6607402927	1.685119e-16
7394.7697229672	1.540282e-16
7396.8886536732	1.513057e-16
7398.9976363477	1.508374e-16
7401.1066190222	1.518502e-16
7403.2156016967	1.552152e-16
7405.3245843712	1.578397e-16
7407.4335670458	1.682178e-16
7409.5524977517	1.723996e-16
7411.6614804263	1.835727e-16
7413.7704631008	1.865239e-16
7415.8794457753	1.919580e-16
7417.9884284498	1.847924e-16
7420.0974111243	1.881574e-16
7422.2163418303	1.838776e-16
7424.3253245048	1.798810e-16
7426.4343071793	1.893227e-16
7428.5432898538	1.858161e-16
7430.6522725283	1.747083e-16
7432.7612552028	1.774961e-16
7434.8702378773	1.776159e-16
7436.9891685833	1.790860e-16
7439.0981512578	1.735321e-16
7441.2071339323	1.669764e-16
7443.3161166068	1.685990e-16
7445.4250992814	1.660943e-16
7447.5340819559	1.830500e-16
7449.6530126619	1.901938e-16
7451.7619953364	1.853914e-16
7453.8709780109	1.773545e-16
7455.9799606854	1.907601e-16
7458.0889433599	1.880267e-16
7460.1979260344	1.955844e-16
7462.3168567404	1.844875e-16
7464.4258394149	1.842152e-16
7466.5348220894	1.899325e-16
7468.6438047639	1.785307e-16
7470.7527874384	1.820699e-16
7472.8617701129	1.717026e-16
7474.9707527874	1.715611e-16
7477.0896834934	1.712888e-16
7479.1986661679	1.636985e-16
7481.3076488424	1.678367e-16
7483.4166315170	1.590158e-16
7485.5256141915	1.542677e-16
7487.6345968660	1.622392e-16
7489.7535275720	1.639163e-16
7491.8625102465	1.601157e-16
7493.9714929210	1.694484e-16
7496.0804755955	1.725194e-16
7498.1894582700	1.729223e-16
7500.2984409445	1.813838e-16
7502.4173716505	1.755686e-16
7504.5263543250	1.756230e-16
7506.6353369995	1.764398e-16
7508.7443196740	1.714195e-16
7510.8533023485	1.673466e-16
7512.9622850230	1.696771e-16
7515.0712676975	1.647548e-16
7517.1901984035	1.659636e-16
7519.2991810780	1.710492e-16
7521.4081637526	1.684465e-16
7523.5171464271	1.735866e-16
7525.6261291016	1.691544e-16
7527.7351117761	1.642974e-16
7529.8540424821	1.582099e-16
7531.9630251566	1.602137e-16
7534.0720078311	1.609542e-16
7536.1809905056	1.566418e-16
7538.2899731801	1.449023e-16
7540.3989558546	1.484198e-16
7542.5178865606	1.470912e-16
7544.6268692351	1.382486e-16
7546.7358519096	1.288723e-16
7548.8448345841	1.146826e-16
7550.9538172586	9.628178e-17
7553.0627999332	7.966142e-17
7555.1717826077	6.676008e-17
7557.2907133137	5.655939e-17
7559.3996959882	4.894946e-17
7561.5086786627	3.928894e-17
7563.6176613372	3.363812e-17
7565.7266440117	3.559288e-17
7567.8356266862	4.260604e-17
7569.9545573922	4.819696e-17
7572.0635400667	4.726587e-17
7574.1725227412	5.446198e-17
7576.2815054157	6.072591e-17
7578.3904880902	6.365312e-17
7580.4994707647	6.259352e-17
7582.6184014707	5.975887e-17
7584.7273841452	5.606063e-17
7586.8363668197	5.253772e-17
7588.9453494942	4.379087e-17
7591.0543321688	4.628468e-17
7593.1633148433	4.156604e-17
7595.2822455493	3.948278e-17
7597.3912282238	4.033329e-17
7599.5002108983	3.890235e-17
7601.6091935728	3.976483e-17
7603.7181762473	4.086364e-17
7605.8271589218	4.376909e-17
7607.9361415963	4.485373e-17
7610.0550723023	4.944496e-17
7612.1640549768	5.597569e-17
7614.2730376513	5.758850e-17
7616.3820203258	6.001261e-17
7618.4910030003	6.660650e-17
7620.5999856748	7.081878e-17
7622.7189163808	6.427821e-17
7624.8278990553	6.725662e-17
7626.9368817298	6.981908e-17
7629.0458644044	7.426110e-17
7631.1548470789	7.460088e-17
7633.2638297534	7.989230e-17
7635.3728124279	7.917249e-17
7637.4917431339	8.782569e-17
7639.6007258084	8.331179e-17
7641.7097084829	8.689569e-17
7643.8186911574	9.239401e-17
7645.9276738319	9.852839e-17
7648.0366565064	1.000127e-16
7650.1555872124	1.097059e-16
7652.2645698869	1.204107e-16
7654.3735525614	1.233619e-16
7656.4825352359	1.261171e-16
7658.5915179104	1.382594e-16
7660.7005005849	1.463834e-16
7662.8194312909	1.446301e-16
7664.9284139654	1.488554e-16
7667.0373966400	1.369417e-16
7669.1463793145	1.372684e-16
7671.2553619890	1.383574e-16
7673.3643446635	1.404374e-16
7675.4832753695	1.285456e-16
7677.5922580440	1.373338e-16
7679.7012407185	1.433233e-16
7681.8102233930	1.514908e-16
7683.9192060675	1.469605e-16
7686.0281887420	1.547033e-16
7688.1371714165	1.586455e-16
7690.2561021225	1.575783e-16
7692.3650847970	1.650053e-16
7694.4740674715	1.760586e-16
7696.5830501460	1.765922e-16
7698.6920328205	1.925788e-16
7700.8010154951	1.944736e-16
7702.9199462010	1.985465e-16
7705.0289288756	1.905097e-16
7707.1379115501	1.809373e-16
7709.2468942246	1.875367e-16
7711.3558768991	1.799572e-16
7713.4648595736	1.716591e-16
7715.5738422481	1.807958e-16
7717.6927729541	1.698513e-16
7719.8017556286	1.782911e-16
7721.9107383031	1.650379e-16
7724.0197209776	1.574694e-16
7726.1287036521	1.676842e-16
7728.2376863266	1.725629e-16
7730.3566170326	1.681307e-16
7732.4655997071	1.499989e-16
7734.5745823816	1.545944e-16
7736.6835650561	1.532223e-16
7738.7925477307	1.404810e-16
7740.9015304052	1.379001e-16
7743.0204611112	1.267052e-16
7745.1294437857	1.186792e-16
7747.2384264602	9.820278e-17
7749.3474091347	9.725421e-17
7751.4563918092	9.101538e-17
7753.5653744837	9.714750e-17
7755.6743571582	1.103157e-16
7757.7932878642	1.050896e-16
7759.9022705387	1.189406e-16
7762.0112532132	1.317037e-16
7764.1202358877	1.311047e-16
7766.2292185622	1.412977e-16
7768.3382012367	1.472981e-16
7770.4571319427	1.429204e-16
7772.5661146172	1.411453e-16
7774.6750972917	1.334787e-16
7776.7840799663	1.384555e-16
7778.8930626408	1.385535e-16
7781.0020453153	1.363101e-16
7783.1209760213	1.430293e-16
7785.2299586958	1.436935e-16
7787.3389413703	1.389237e-16
7789.4479240448	1.405354e-16
7791.5569067193	1.432579e-16
7793.6658893938	1.368873e-16
7795.7748720683	1.364517e-16
7797.8938027743	1.270210e-16
7800.0027854488	1.244618e-16
7802.1117681233	1.258340e-16
7804.2207507978	1.237322e-16
7806.3297334723	1.285238e-16
7808.4387161468	1.368111e-16
7810.5576468528	1.406443e-16
