3488.00	1.902227e-15	4.7628422e-16
3489.47	1.882212e-15	4.7644685e-16
3490.94	1.942554e-15	4.7702217e-16
3492.41	1.998156e-15	4.7199208e-16
3493.88	1.7039339e-15	4.6179907e-16
3495.35	1.70567e-15	4.640168e-16
3496.82	2.166464e-15	4.7404883e-16
3498.29	2.4362021e-15	4.7879254e-16
3499.76	1.7472001e-15	4.6799578e-16
3501.23	1.889638e-15	4.7370858e-16
3502.70	1.843672e-15	4.7231264e-16
3504.17	1.663464e-15	4.6581998e-16
3505.64	1.819679e-15	4.6877857e-16
3507.11	1.964024e-15	4.6408918e-16
3508.58	1.4728131e-15	4.4832111e-16
3510.05	1.294113e-15	4.4568335e-16
3511.52	1.8528799e-15	4.5460144e-16
3512.99	2.2612099e-15	4.6007448e-16
3514.46	1.996048e-15	4.520503e-16
3515.93	1.8073481e-15	4.4594769e-16
3517.40	1.837534e-15	4.4266113e-16
3518.87	1.7275991e-15	4.3665438e-16
3520.34	1.8143759e-15	4.3839825e-16
3521.81	1.9885121e-15	4.4061853e-16
3523.28	1.954432e-15	4.3686468e-16
3524.75	1.764985e-15	4.3201961e-16
3526.22	1.7896301e-15	4.3065777e-16
3527.69	1.726829e-15	4.2952886e-16
3529.16	1.844129e-15	4.3253188e-16
3530.63	1.951739e-15	4.3169182e-16
3532.10	2.2475291e-15	4.3184387e-16
3533.57	2.3307549e-15	4.2991086e-16
3535.04	1.604722e-15	4.1789878e-16
3536.51	1.7976231e-15	4.182168e-16
3537.98	2.409482e-15	4.2766259e-16
3539.45	2.651196e-15	4.3289063e-16
3540.92	1.9639329e-15	4.1599999e-16
3542.39	1.9705999e-15	4.1193518e-16
3543.86	2.3740849e-15	4.2133003e-16
3545.33	2.364708e-15	4.1858605e-16
3546.80	2.307045e-15	4.1230448e-16
3548.27	2.2597899e-15	4.1179812e-16
3549.74	2.2595881e-15	4.1195739e-16
3551.21	1.982476e-15	4.0363894e-16
3552.68	1.937345e-15	4.0068693e-16
3554.15	1.9775541e-15	4.008583e-16
3555.62	1.689836e-15	3.9805667e-16
3557.09	2.0234251e-15	4.0578638e-16
3558.56	2.1657159e-15	4.1020419e-16
3560.03	2.0033742e-15	4.0896418e-16
3561.50	2.27108e-15	4.1435382e-16
3562.97	2.5629161e-15	4.1956099e-16
3564.44	2.3648921e-15	4.1400366e-16
3565.91	2.1430061e-15	4.0663244e-16
3567.38	1.8292411e-15	4.0095698e-16
3568.85	2.0361901e-15	4.0491769e-16
3570.32	2.2851441e-15	4.0684429e-16
3571.79	1.97528e-15	3.9658809e-16
3573.26	1.632748e-15	3.8775503e-16
3574.73	1.654351e-15	3.8591131e-16
3576.20	1.967378e-15	3.8860437e-16
3577.67	1.934468e-15	3.849247e-16
3579.14	1.688659e-15	3.764182e-16
3580.61	1.8058249e-15	3.7636145e-16
3582.08	1.971062e-15	3.7807888e-16
3583.55	2.01655e-15	3.7281102e-16
3585.02	1.892732e-15	3.6830498e-16
3586.49	1.905048e-15	3.7057352e-16
3587.96	1.9486061e-15	3.686943e-16
3589.43	1.724404e-15	3.6136285e-16
3590.90	1.6914881e-15	3.5890157e-16
3592.37	1.7794951e-15	3.5964722e-16
3593.84	1.4631571e-15	3.518979e-16
3595.31	1.515954e-15	3.5042198e-16
3596.78	1.988535e-15	3.5592816e-16
3598.25	1.9857269e-15	3.5211278e-16
3599.72	1.8496752e-15	3.462524e-16
3601.19	1.9025461e-15	3.472616e-16
3602.66	1.8388501e-15	3.4821683e-16
3604.13	1.5370261e-15	3.3905936e-16
3605.60	1.864609e-15	3.4353744e-16
3607.07	2.1113279e-15	3.4774075e-16
3608.54	1.7163231e-15	3.3657304e-16
3610.01	1.8109329e-15	3.349341e-16
3611.48	2.154402e-15	3.4025659e-16
3612.95	1.791307e-15	3.3256968e-16
3614.42	1.9011739e-15	3.3403406e-16
3615.89	2.2282792e-15	3.3950307e-16
3617.36	1.8385471e-15	3.2991575e-16
3618.83	1.9323191e-15	3.274785e-16
3620.30	2.227887e-15	3.3038491e-16
3621.77	2.019854e-15	3.250577e-16
3623.24	1.7937089e-15	3.1792375e-16
3624.71	1.69251e-15	3.1558783e-16
3626.18	2.1557869e-15	3.2322958e-16
3627.65	2.5247109e-15	3.2844152e-16
3629.12	2.2454071e-15	3.252579e-16
3630.59	2.3217931e-15	3.282937e-16
3632.06	2.6435339e-15	3.3175746e-16
3633.53	2.4955871e-15	3.287255e-16
3635.00	1.7799669e-15	3.1646739e-16
3636.47	1.55029e-15	3.0924805e-16
3637.94	1.8227281e-15	3.1207751e-16
3639.41	1.769872e-15	3.0997922e-16
3640.88	1.381868e-15	2.9917382e-16
3642.35	1.744468e-15	3.0379381e-16
3643.82	2.1703352e-15	3.1199568e-16
3645.29	1.833499e-15	3.0588214e-16
3646.76	2.053301e-15	3.091424e-16
3648.23	2.2128179e-15	3.1271756e-16
3649.70	2.190759e-15	3.108882e-16
3651.17	2.0780899e-15	3.0397862e-16
3652.64	2.014138e-15	3.0222747e-16
3654.11	2.1321361e-15	3.0607419e-16
3655.58	1.905289e-15	3.0031399e-16
3657.05	2.001703e-15	2.9910314e-16
3658.52	2.1521608e-15	2.9979376e-16
3659.99	2.2265201e-15	2.9990967e-16
3661.46	1.8951111e-15	2.9717879e-16
3662.93	1.613163e-15	2.9264412e-16
3664.40	1.8426259e-15	2.9675397e-16
3665.87	2.0303011e-15	2.9866303e-16
3667.34	1.981486e-15	2.9340473e-16
3668.81	1.4929981e-15	2.814499e-16
3670.28	1.6846729e-15	2.8227149e-16
3671.75	1.625173e-15	2.794133e-16
3673.22	1.681359e-15	2.7772843e-16
3674.69	1.8670429e-15	2.8019988e-16
3676.16	1.7574821e-15	2.7675456e-16
3677.63	1.7319469e-15	2.7243681e-16
3679.10	1.8514641e-15	2.7090807e-16
3680.57	2.005698e-15	2.713322e-16
3682.04	1.609403e-15	2.6154652e-16
3683.51	1.3068729e-15	2.535107e-16
3684.98	1.7019399e-15	2.5913741e-16
3686.45	1.737641e-15	2.5847025e-16
3687.92	1.8587391e-15	2.598048e-16
3689.39	2.2324481e-15	2.6396528e-16
3690.86	1.920643e-15	2.5706132e-16
3692.33	1.665151e-15	2.5469254e-16
3693.80	1.769516e-15	2.5283238e-16
3695.27	1.7083761e-15	2.4955239e-16
3696.74	1.66291e-15	2.4770169e-16
3698.21	2.0740999e-15	2.5314678e-16
3699.68	1.9352911e-15	2.505466e-16
3701.15	2.1781372e-15	2.5327583e-16
3702.62	2.3428341e-15	2.5491722e-16
3704.09	2.223248e-15	2.5298937e-16
3705.56	1.8956129e-15	2.4664897e-16
3707.03	1.827507e-15	2.4584291e-16
3708.50	2.1358198e-15	2.5114629e-16
3709.97	1.978353e-15	2.4870693e-16
3711.44	1.636533e-15	2.4205941e-16
3712.91	1.6436369e-15	2.4105506e-16
3714.38	2.0346051e-15	2.4876884e-16
3715.85	2.099674e-15	2.4777004e-16
3717.32	1.8456842e-15	2.4015268e-16
3718.79	1.739278e-15	2.3923371e-16
3720.26	1.950936e-15	2.3962809e-16
3721.73	2.146081e-15	2.4215647e-16
3723.20	1.9389719e-15	2.3780463e-16
3724.67	1.8903671e-15	2.3549454e-16
3726.14	1.8174739e-15	2.3437715e-16
3727.61	2.021651e-15	2.3414364e-16
3729.08	1.9398979e-15	2.3210181e-16
3730.55	1.582893e-15	2.2586573e-16
3732.02	1.747535e-15	2.2684721e-16
3733.49	2.115058e-15	2.3214978e-16
3734.96	1.6925499e-15	2.2409298e-16
3736.43	1.825388e-15	2.284337e-16
3737.90	2.24653e-15	2.3615304e-16
3739.37	2.000284e-15	2.3142143e-16
3740.84	1.816197e-15	2.2909759e-16
3742.31	2.190413e-15	2.3461951e-16
3743.78	2.0080129e-15	2.2915026e-16
3745.25	2.0889139e-15	2.30864e-16
3746.72	1.99893e-15	2.3024395e-16
3748.19	1.876402e-15	2.2740269e-16
3749.66	1.864097e-15	2.2624334e-16
3751.13	1.9386731e-15	2.273283e-16
3752.60	1.9989531e-15	2.2757683e-16
3754.07	2.137904e-15	2.2851074e-16
3755.54	1.98842e-15	2.239574e-16
3757.01	1.634117e-15	2.1728279e-16
3758.48	1.996621e-15	2.2163373e-16
3759.95	1.9544491e-15	2.1958807e-16
3761.42	2.1151071e-15	2.2196983e-16
3762.89	1.8488631e-15	2.1522291e-16
3764.36	1.6836069e-15	2.1125928e-16
3765.83	1.9712511e-15	2.1504216e-16
3767.30	2.348758e-15	2.2124787e-16
3768.77	1.949926e-15	2.1304466e-16
3770.24	1.908531e-15	2.0882931e-16
3771.71	1.821182e-15	2.0676102e-16
3773.18	1.8118649e-15	2.0593133e-16
3774.65	1.9535059e-15	2.0724184e-16
3776.12	2.1454798e-15	2.1008388e-16
3777.59	2.4094428e-15	2.1430904e-16
3779.06	2.443004e-15	2.1347891e-16
3780.53	2.3686211e-15	2.1196434e-16
3782.00	1.950373e-15	2.0435896e-16
3783.47	1.673889e-15	1.9933307e-16
3784.94	1.9098001e-15	2.0360365e-16
3786.41	2.1878399e-15	2.0759972e-16
3787.88	2.0412901e-15	2.0528307e-16
3789.35	1.87214e-15	2.0085725e-16
3790.82	2.0164161e-15	2.0308998e-16
3792.29	1.6322929e-15	1.9636139e-16
3793.76	1.868114e-15	1.9832678e-16
3795.23	2.0542241e-15	2.0007069e-16
3796.70	1.879405e-15	1.9775469e-16
3798.17	2.0309948e-15	1.9983755e-16
3799.64	1.7999149e-15	1.9510774e-16
3801.11	1.8895829e-15	1.9649083e-16
3802.58	2.035222e-15	1.961428e-16
3804.05	2.358047e-15	2.0058477e-16
3805.52	2.357281e-15	1.9758357e-16
3806.99	1.711748e-15	1.8661486e-16
3808.46	1.6543961e-15	1.8538839e-16
3809.93	1.8419699e-15	1.8936703e-16
3811.40	1.885371e-15	1.8944536e-16
3812.87	1.686841e-15	1.8460081e-16
3814.34	1.8668401e-15	1.8755598e-16
3815.81	2.1270029e-15	1.9105093e-16
3817.28	2.3535079e-15	1.9399586e-16
3818.75	1.9410971e-15	1.8703116e-16
3820.22	1.8773839e-15	1.8515964e-16
3821.69	2.1840042e-15	1.8948725e-16
3823.16	1.8463779e-15	1.8423342e-16
3824.63	1.8756941e-15	1.8312473e-16
3826.10	2.2821041e-15	1.8909325e-16
3827.57	1.8285521e-15	1.816708e-16
3829.04	1.3947329e-15	1.7474211e-16
3830.51	1.660675e-15	1.7877527e-16
3831.98	1.476167e-15	1.7542304e-16
3833.45	2.007204e-15	1.8209948e-16
3834.92	2.0781159e-15	1.8261693e-16
3836.39	2.221631e-15	1.8489313e-16
3837.86	2.1612029e-15	1.865401e-16
3839.33	1.825312e-15	1.8176232e-16
3840.80	1.9286919e-15	1.8252354e-16
3842.27	2.090526e-15	1.8334818e-16
3843.74	2.1941249e-15	1.8437497e-16
3845.21	2.002398e-15	1.7876897e-16
3846.68	2.042823e-15	1.7851228e-16
3848.15	2.078334e-15	1.7758798e-16
3849.62	1.8710581e-15	1.7358549e-16
3851.09	2.07208e-15	1.7770692e-16
3852.56	2.085454e-15	1.773939e-16
3854.03	1.688836e-15	1.6857939e-16
3855.50	1.807855e-15	1.6997505e-16
3856.97	1.6367789e-15	1.6757806e-16
3858.44	1.606457e-15	1.6710489e-16
3859.91	1.776954e-15	1.6751952e-16
3861.38	1.721212e-15	1.6497971e-16
3862.85	1.701741e-15	1.647414e-16
3864.32	1.83172e-15	1.6539061e-16
3865.79	1.999466e-15	1.66853e-16
3867.26	1.985701e-15	1.6480864e-16
3868.73	2.2114069e-15	1.6838538e-16
3870.20	1.854066e-15	1.6206287e-16
3871.67	1.987534e-15	1.6377566e-16
3873.14	1.9231021e-15	1.6289828e-16
3874.61	1.911852e-15	1.6214514e-16
3876.08	2.133233e-15	1.6461089e-16
3877.55	2.039303e-15	1.6230059e-16
3879.02	2.133769e-15	1.6421619e-16
3880.49	2.0557809e-15	1.6126076e-16
3881.96	1.885958e-15	1.5879408e-16
3883.43	1.895088e-15	1.5758195e-16
3884.90	1.7837599e-15	1.547299e-16
3886.37	1.8122359e-15	1.5561864e-16
3887.84	1.9350679e-15	1.5725636e-16
3889.31	1.7597131e-15	1.5342218e-16
3890.78	1.45672e-15	1.4744589e-16
3892.25	1.628003e-15	1.4986414e-16
3893.72	1.671396e-15	1.4994507e-16
3895.19	1.5696141e-15	1.4782707e-16
3896.66	1.8583049e-15	1.5265652e-16
3898.13	1.9399189e-15	1.5287389e-16
3899.60	1.9647281e-15	1.5345397e-16
3901.07	2.035623e-15	1.5474629e-16
3902.54	2.2233761e-15	1.5664969e-16
3904.01	2.1674199e-15	1.5528655e-16
3905.48	2.006404e-15	1.5371194e-16
3906.95	1.8195019e-15	1.5113109e-16
3908.42	2.0548009e-15	1.5430804e-16
3909.89	2.131e-15	1.5447801e-16
3911.36	2.0439009e-15	1.5422615e-16
3912.83	2.0108189e-15	1.5655013e-16
3914.30	1.8998852e-15	1.5517378e-16
3915.77	1.638581e-15	1.5082935e-16
3917.24	1.7581349e-15	1.5103242e-16
3918.71	2.0191368e-15	1.5419016e-16
3920.18	1.991301e-15	1.530093e-16
3921.65	2.0010901e-15	1.5047412e-16
3923.12	1.696761e-15	1.4340951e-16
3924.59	1.6167781e-15	1.4396097e-16
3926.06	1.910475e-15	1.469621e-16
3927.53	1.707386e-15	1.4162834e-16
3929.00	1.967861e-15	1.4608765e-16
3930.47	1.9835771e-15	1.4552553e-16
3931.94	1.9770281e-15	1.4461128e-16
3933.41	1.966132e-15	1.443835e-16
3934.88	1.7844221e-15	1.4190684e-16
3936.35	1.746264e-15	1.3987765e-16
3937.82	1.765659e-15	1.3894628e-16
3939.29	1.7573771e-15	1.3827366e-16
3940.76	1.596472e-15	1.3522541e-16
3942.23	1.7790779e-15	1.3862191e-16
3943.70	1.769944e-15	1.3887478e-16
3945.17	1.584857e-15	1.3529222e-16
3946.64	1.768212e-15	1.3805062e-16
3948.11	1.7792501e-15	1.39324e-16
3949.58	1.7110999e-15	1.3822552e-16
3951.05	1.8853181e-15	1.4004066e-16
3952.52	2.032806e-15	1.4204427e-16
3953.99	2.14392e-15	1.4197684e-16
3955.46	2.086081e-15	1.4143885e-16
3956.93	1.8790949e-15	1.374801e-16
3958.40	1.960066e-15	1.3690622e-16
3959.87	1.841961e-15	1.3550959e-16
3961.34	1.698406e-15	1.3362842e-16
3962.81	1.8582429e-15	1.3508272e-16
3964.28	1.895743e-15	1.3553653e-16
3965.75	1.8539451e-15	1.3412745e-16
3967.22	1.9906189e-15	1.3489154e-16
3968.69	1.948957e-15	1.3279465e-16
3970.16	1.937295e-15	1.3174692e-16
3971.63	1.652352e-15	1.2747016e-16
3973.10	1.589911e-15	1.2508982e-16
3974.57	1.7110831e-15	1.2679077e-16
3976.04	1.666694e-15	1.2645544e-16
3977.51	1.578637e-15	1.2485666e-16
3978.98	1.772622e-15	1.2774396e-16
3980.45	1.7796969e-15	1.2881401e-16
3981.92	1.752173e-15	1.2812068e-16
3983.39	1.761065e-15	1.2855647e-16
3984.86	1.8127339e-15	1.2910869e-16
3986.33	1.89837e-15	1.2874147e-16
3987.80	1.7450189e-15	1.2582372e-16
3989.27	1.580344e-15	1.2301127e-16
3990.74	1.438742e-15	1.1957251e-16
3992.21	1.3346961e-15	1.1739004e-16
3993.68	1.437343e-15	1.1922948e-16
3995.15	1.5620821e-15	1.2085373e-16
3996.62	1.553823e-15	1.2002409e-16
3998.09	1.600355e-15	1.2029881e-16
3999.56	1.8683561e-15	1.2435383e-16
4001.03	1.8763921e-15	1.2440199e-16
4002.50	1.75092e-15	1.2312203e-16
4003.97	1.7535771e-15	1.230302e-16
4005.44	1.6653461e-15	1.2042699e-16
4006.91	1.5950101e-15	1.1879237e-16
4008.38	1.807771e-15	1.2212442e-16
4009.85	1.8586719e-15	1.2241637e-16
4011.32	1.871089e-15	1.2301106e-16
4012.79	1.907579e-15	1.2400013e-16
4014.26	1.803842e-15	1.2275296e-16
4015.73	1.829095e-15	1.2236565e-16
4017.20	1.9420189e-15	1.2314467e-16
4018.67	1.897681e-15	1.2242425e-16
4020.14	1.859927e-15	1.2165211e-16
4021.61	1.959864e-15	1.2245843e-16
4023.08	1.9119329e-15	1.2171306e-16
4024.55	1.650817e-15	1.1762691e-16
4026.02	1.4767299e-15	1.1472053e-16
4027.49	1.2642111e-15	1.109688e-16
4028.96	1.424174e-15	1.1379056e-16
4030.43	1.5875699e-15	1.1550039e-16
4031.90	1.805246e-15	1.174614e-16
4033.37	1.9809621e-15	1.1917948e-16
4034.84	2.1041592e-15	1.2074385e-16
4036.31	2.0654869e-15	1.1965418e-16
4037.78	2.039732e-15	1.188245e-16
4039.25	2.0857051e-15	1.1927668e-16
4040.72	1.973173e-15	1.1764574e-16
4042.19	1.94576e-15	1.171805e-16
4043.66	1.8813631e-15	1.1586496e-16
4045.13	1.779237e-15	1.1518987e-16
4046.60	1.726748e-15	1.1705805e-16
4048.07	1.642872e-15	1.1947204e-16
4049.54	1.685441e-15	1.2216668e-16
4051.01	1.651096e-15	1.2222019e-16
4052.48	1.715361e-15	1.2139019e-16
4053.95	1.7862739e-15	1.1819234e-16
4055.42	1.701981e-15	1.1332428e-16
4056.89	1.6746449e-15	1.1137534e-16
4058.36	1.74799e-15	1.1111968e-16
4059.83	1.8996429e-15	1.1276297e-16
4061.30	1.768369e-15	1.1090207e-16
4062.77	1.659917e-15	1.0885204e-16
4064.24	1.727252e-15	1.0971988e-16
4065.71	1.663105e-15	1.0951499e-16
4067.18	1.6781e-15	1.0944841e-16
4068.65	1.666888e-15	1.0894798e-16
4070.12	1.633749e-15	1.0869846e-16
4071.59	1.749881e-15	1.0952461e-16
4073.06	1.8035341e-15	1.0949307e-16
4074.53	1.791167e-15	1.0914299e-16
4076.00	1.653055e-15	1.0697853e-16
4077.47	1.637267e-15	1.0697804e-16
4078.94	1.662397e-15	1.0726751e-16
4080.41	1.507176e-15	1.0479912e-16
4081.88	1.4689949e-15	1.045029e-16
4083.35	1.5393831e-15	1.0546929e-16
4084.82	1.75518e-15	1.0804261e-16
4086.29	1.771742e-15	1.0717127e-16
4087.76	1.64255e-15	1.0405693e-16
4089.23	1.724506e-15	1.0514538e-16
4090.70	1.7246651e-15	1.0495771e-16
4092.17	1.6043549e-15	1.0243986e-16
4093.64	1.58968e-15	1.013381e-16
4095.11	1.6170431e-15	1.0074952e-16
4096.58	1.57003e-15	1.000414e-16
4098.05	1.59187e-15	1.0033328e-16
4099.52	1.6145969e-15	1.0007008e-16
4100.99	1.539739e-15	9.867267e-17
4102.46	1.4327919e-15	9.7561344e-17
4103.93	1.487002e-15	9.78337e-17
4105.40	1.625872e-15	9.9309705e-17
4106.87	1.6392749e-15	9.958976e-17
4108.34	1.5945539e-15	9.8315954e-17
4109.81	1.594216e-15	9.780517e-17
4111.28	1.5517071e-15	9.6865816e-17
4112.75	1.538453e-15	9.6473277e-17
4114.22	1.66844e-15	9.8347953e-17
4115.69	1.8008259e-15	9.9931025e-17
4117.16	1.7062361e-15	9.8494641e-17
4118.63	1.613259e-15	9.7114176e-17
4120.10	1.6122809e-15	9.6918314e-17
4121.57	1.595452e-15	9.6504346e-17
4123.04	1.715706e-15	9.8081554e-17
4124.51	1.734309e-15	9.8535408e-17
4125.98	1.7096291e-15	9.7945697e-17
4127.45	1.739174e-15	9.8232947e-17
4128.92	1.691817e-15	9.7988103e-17
4130.39	1.702647e-15	9.7828108e-17
4131.86	1.6778911e-15	9.6992621e-17
4133.33	1.66491e-15	9.6811752e-17
4134.80	1.628422e-15	9.5930772e-17
4136.27	1.5670511e-15	9.4956927e-17
4137.74	1.5725401e-15	9.5662165e-17
4139.21	1.552177e-15	9.539263e-17
4140.68	1.487756e-15	9.387597e-17
4142.15	1.5358191e-15	9.4326446e-17
4143.62	1.699203e-15	9.6006273e-17
4145.09	1.7977931e-15	9.6784289e-17
4146.56	1.880004e-15	9.7681498e-17
4148.03	1.8193141e-15	9.6533697e-17
4149.50	1.8147211e-15	9.6288379e-17
4150.97	1.888918e-15	9.7169391e-17
4152.44	1.8355301e-15	9.6684153e-17
4153.91	1.761328e-15	9.5258059e-17
4155.38	1.608086e-15	9.3315405e-17
4156.85	1.489282e-15	9.2262353e-17
4158.32	1.5145189e-15	9.2533108e-17
4159.79	1.646322e-15	9.3668116e-17
4161.26	1.7419049e-15	9.485308e-17
4162.73	1.9701379e-15	9.8596388e-17
4164.20	2.3002181e-15	1.0315307e-16
4165.67	2.1838779e-15	1.0221174e-16
4167.14	2.155644e-15	1.0166341e-16
4168.61	2.334015e-15	1.0286462e-16
4170.08	2.322421e-15	1.0340059e-16
4171.55	1.8931491e-15	9.8256448e-17
4173.02	1.838525e-15	9.6515203e-17
4174.49	1.9748389e-15	9.7366841e-17
4175.96	1.8450529e-15	9.546363e-17
4177.43	1.790627e-15	9.455739e-17
4178.90	1.945673e-15	9.6419439e-17
4180.37	1.8709321e-15	9.4673793e-17
4181.84	1.7648081e-15	9.2525113e-17
4183.31	1.691723e-15	9.1448168e-17
4184.78	1.706049e-15	9.1883068e-17
4186.25	1.6796319e-15	9.1268476e-17
4187.72	1.693274e-15	9.1292757e-17
4189.19	1.6644761e-15	9.0352642e-17
4190.66	1.7956722e-15	9.1529082e-17
4192.13	1.799152e-15	9.1408582e-17
4193.60	1.8094121e-15	9.1115384e-17
4195.07	1.755828e-15	9.0392333e-17
4196.54	1.5484269e-15	8.878146e-17
4198.01	1.612388e-15	8.825226e-17
4199.48	1.575773e-15	8.6877297e-17
4200.95	1.6377161e-15	8.7502217e-17
4202.42	1.7065601e-15	8.8185694e-17
4203.89	1.623827e-15	8.6938932e-17
4205.36	1.6552611e-15	8.7204358e-17
4206.83	1.755245e-15	8.845109e-17
4208.30	1.661332e-15	8.716708e-17
4209.77	1.583378e-15	8.6122513e-17
4211.24	1.581165e-15	8.5854749e-17
4212.71	1.555714e-15	8.5097814e-17
4214.18	1.58266e-15	8.51964e-17
4215.65	1.547374e-15	8.4347991e-17
4217.12	1.495471e-15	8.3224253e-17
4218.59	1.545052e-15	8.3651767e-17
4220.06	1.583249e-15	8.389306e-17
4221.53	1.557279e-15	8.3252534e-17
4223.00	1.537886e-15	8.2739031e-17
4224.47	1.5166301e-15	8.2314855e-17
4225.94	1.5636949e-15	8.2771363e-17
4227.41	1.6277351e-15	8.3259116e-17
4228.88	1.540711e-15	8.1789433e-17
4230.35	1.523788e-15	8.1783532e-17
4231.82	1.5751689e-15	8.2331608e-17
4233.29	1.6067719e-15	8.2640533e-17
4234.76	1.588347e-15	8.2033492e-17
4236.23	1.6433131e-15	8.2667297e-17
4237.70	1.631402e-15	8.2356963e-17
4239.17	1.383842e-15	7.8821968e-17
4240.64	1.333357e-15	7.7923581e-17
4242.11	1.446213e-15	7.898769e-17
4243.58	1.4285931e-15	7.9011207e-17
4245.05	1.422312e-15	7.9191713e-17
4246.52	1.521781e-15	8.1024303e-17
4247.99	1.475728e-15	8.0324876e-17
4249.46	1.4797589e-15	8.0496842e-17
4250.93	1.504448e-15	8.0723609e-17
4252.40	1.569528e-15	8.0334272e-17
4253.87	1.634518e-15	8.125636e-17
4255.34	1.491546e-15	7.9396399e-17
4256.81	1.5918551e-15	8.0490399e-17
4258.28	1.6794389e-15	8.1700347e-17
4259.75	1.6091109e-15	8.0215642e-17
4261.22	1.5474871e-15	7.9122924e-17
4262.69	1.473812e-15	7.8011823e-17
4264.16	1.5525959e-15	7.8888187e-17
4265.63	1.4839769e-15	7.8221096e-17
4267.10	1.380296e-15	7.6780869e-17
4268.57	1.501158e-15	7.816244e-17
4270.04	1.57099e-15	7.8620024e-17
4271.51	1.639894e-15	7.9754341e-17
4272.98	1.500385e-15	7.74207e-17
4274.45	1.3554321e-15	7.5388922e-17
4275.92	1.551407e-15	7.77913e-17
4277.39	1.601882e-15	7.8975594e-17
4278.86	1.387298e-15	7.6210209e-17
4280.33	1.4056379e-15	7.6275082e-17
4281.80	1.4034949e-15	7.6212656e-17
4283.27	1.469602e-15	7.6722989e-17
4284.74	1.568785e-15	7.737097e-17
4286.21	1.4954199e-15	7.6678915e-17
4287.68	1.566969e-15	7.7939975e-17
4289.15	1.556046e-15	7.749137e-17
4290.62	1.502575e-15	7.6253802e-17
4292.09	1.5455411e-15	7.6817914e-17
4293.56	1.4339941e-15	7.5256238e-17
4295.03	1.4489221e-15	7.5414309e-17
4296.50	1.4146021e-15	7.4891745e-17
4297.97	1.3764679e-15	7.4244106e-17
4299.44	1.513788e-15	7.5432416e-17
4300.91	1.5631861e-15	7.5920684e-17
4302.38	1.382117e-15	7.351348e-17
4303.85	1.4694651e-15	7.4271121e-17
4305.32	1.436312e-15	7.3752016e-17
4306.79	1.325343e-15	7.2542512e-17
4308.26	1.422618e-15	7.4264293e-17
4309.73	1.460686e-15	7.4777371e-17
4311.20	1.4796171e-15	7.5198891e-17
4312.67	1.473914e-15	7.5438262e-17
4314.14	1.5622061e-15	7.6503478e-17
4315.61	1.5351921e-15	7.6458944e-17
4317.08	1.5457391e-15	7.6951549e-17
4318.55	1.5623961e-15	7.670775e-17
4320.02	1.6054079e-15	7.70224e-17
4321.49	1.480896e-15	7.5049243e-17
4322.96	1.385468e-15	7.3475098e-17
4324.43	1.479038e-15	7.432932e-17
4325.90	1.4686219e-15	7.3937291e-17
4327.37	1.544927e-15	7.4601881e-17
4328.84	1.4225671e-15	7.3152447e-17
4330.31	1.3991719e-15	7.2654338e-17
4331.78	1.4823069e-15	7.3471993e-17
4333.25	1.357801e-15	7.1882386e-17
4334.72	1.4104479e-15	7.2408505e-17
4336.19	1.469511e-15	7.3006248e-17
4337.66	1.3956471e-15	7.2170326e-17
4339.13	1.4583271e-15	7.2812498e-17
4340.60	1.3551511e-15	7.1670795e-17
4342.07	1.43788e-15	7.2963194e-17
4343.54	1.6318479e-15	7.5226669e-17
4345.01	1.570473e-15	7.4870393e-17
4346.48	1.4635671e-15	7.3253658e-17
4347.95	1.461115e-15	7.3218819e-17
4349.42	1.470504e-15	7.3516671e-17
4350.89	1.429971e-15	7.2842433e-17
4352.36	1.3998141e-15	7.2266505e-17
4353.83	1.424601e-15	7.4093208e-17
4355.30	1.461282e-15	8.0757958e-17
4356.77	1.601723e-15	8.7262624e-17
4358.24	1.553679e-15	8.9176313e-17
4359.71	1.471051e-15	8.7816234e-17
4361.18	1.48537e-15	8.4870472e-17
4362.65	1.500595e-15	8.0228264e-17
4364.12	1.543437e-15	7.569837e-17
4365.59	1.6053509e-15	7.4544435e-17
4367.06	1.4836871e-15	7.2408201e-17
4368.53	1.56659e-15	7.3291021e-17
4370.00	1.605006e-15	7.365972e-17
4371.47	1.571223e-15	7.2886016e-17
4372.94	1.508003e-15	7.2317706e-17
4374.41	1.4917031e-15	7.2308966e-17
4375.88	1.568202e-15	7.289663e-17
4377.35	1.593734e-15	7.2713973e-17
4378.82	1.678656e-15	7.4175056e-17
4380.29	1.559138e-15	7.2613924e-17
4381.76	1.555262e-15	7.172622e-17
4383.23	1.755957e-15	7.388086e-17
4384.70	1.6403119e-15	7.2581784e-17
4386.17	1.713073e-15	7.346216e-17
4387.64	1.824941e-15	7.4721531e-17
4389.11	1.8980331e-15	7.5174567e-17
4390.58	1.773619e-15	7.3942375e-17
4392.05	1.7292951e-15	7.3457549e-17
4393.52	1.744926e-15	7.341998e-17
4394.99	1.595926e-15	7.1768248e-17
4396.46	1.408825e-15	6.9036489e-17
4397.93	1.308627e-15	6.7552989e-17
4399.40	1.4855861e-15	7.0241919e-17
4400.87	1.8505819e-15	7.5107438e-17
4402.34	2.2295271e-15	7.9299883e-17
4403.81	2.229738e-15	7.9500001e-17
4405.28	2.3768189e-15	8.1061469e-17
4406.75	2.418689e-15	8.1854414e-17
4408.22	2.3076989e-15	8.0646564e-17
4409.69	2.133122e-15	7.877956e-17
4411.16	2.141866e-15	7.8445312e-17
4412.63	2.1216901e-15	7.8131871e-17
4414.10	2.0057471e-15	7.6921428e-17
4415.57	1.9838119e-15	7.6892493e-17
4417.04	1.932447e-15	7.570965e-17
4418.51	1.977441e-15	7.6094871e-17
4419.98	1.8837549e-15	7.4960491e-17
4421.45	1.705036e-15	7.2575135e-17
4422.92	1.933217e-15	7.5280562e-17
4424.39	1.971895e-15	7.5594428e-17
4425.86	1.787501e-15	7.3497554e-17
4427.33	1.701753e-15	7.2470829e-17
4428.80	1.6333981e-15	7.0923127e-17
4430.27	1.6876699e-15	7.1448896e-17
4431.74	1.732907e-15	7.177005e-17
4433.21	1.6435551e-15	7.05225e-17
4434.68	1.614219e-15	7.0402519e-17
4436.15	1.62021e-15	7.0325159e-17
4437.62	1.775922e-15	7.2061122e-17
4439.09	1.645776e-15	7.0422692e-17
4440.56	1.634225e-15	6.9951618e-17
4442.03	1.669861e-15	7.011879e-17
4443.50	1.565622e-15	6.8656151e-17
4444.97	1.463825e-15	6.7698027e-17
4446.44	1.486534e-15	6.747927e-17
4447.91	1.578698e-15	6.8358925e-17
4449.38	1.5515501e-15	6.8173287e-17
4450.85	1.54847e-15	6.7929484e-17
4452.32	1.4350911e-15	6.6694771e-17
4453.79	1.425124e-15	6.6025102e-17
4455.26	1.4426871e-15	6.6047002e-17
4456.73	1.4390089e-15	6.587493e-17
4458.20	1.450037e-15	6.6253293e-17
4459.67	1.530892e-15	6.6901182e-17
4461.14	1.5264471e-15	6.6401201e-17
4462.61	1.5488581e-15	6.6535136e-17
4464.08	1.5611891e-15	6.6795151e-17
4465.55	1.56314e-15	6.7018479e-17
4467.02	1.496551e-15	6.5801386e-17
4468.49	1.4782619e-15	6.4973307e-17
4469.96	1.463039e-15	6.5093981e-17
4471.43	1.5127569e-15	6.5955359e-17
4472.90	1.4066499e-15	6.472359e-17
4474.37	1.452894e-15	6.5034337e-17
4475.84	1.43218e-15	6.4550988e-17
4477.31	1.386209e-15	6.3769202e-17
4478.78	1.4982169e-15	6.5067057e-17
4480.25	1.505321e-15	6.5027524e-17
4481.72	1.3233729e-15	6.2763597e-17
4483.19	1.4553289e-15	6.4407651e-17
4484.66	1.546595e-15	6.5697991e-17
4486.13	1.4350379e-15	6.4394849e-17
4487.60	1.395678e-15	6.3614315e-17
4489.07	1.430346e-15	6.3929379e-17
4490.54	1.393752e-15	6.3609476e-17
4492.01	1.4141411e-15	6.3776203e-17
4493.48	1.337693e-15	6.2762382e-17
4494.95	1.342476e-15	6.2936316e-17
4496.42	1.4090441e-15	6.341965e-17
4497.89	1.366836e-15	6.2854418e-17
4499.36	1.3687909e-15	6.2714139e-17
4500.83	1.437435e-15	6.3360755e-17
4502.30	1.380741e-15	6.2762593e-17
4503.77	1.360574e-15	6.2218744e-17
4505.24	1.445694e-15	6.2881123e-17
4506.71	1.451902e-15	6.3467185e-17
4508.18	1.4803819e-15	6.3771338e-17
4509.65	1.4088841e-15	6.2993305e-17
4511.12	1.431338e-15	6.3048653e-17
4512.59	1.352543e-15	6.1639088e-17
4514.06	1.318689e-15	6.1390354e-17
4515.53	1.356704e-15	6.1759448e-17
4517.00	1.482215e-15	6.3107483e-17
4518.47	1.507743e-15	6.3093071e-17
4519.94	1.4051389e-15	6.1787539e-17
4521.41	1.395115e-15	6.1702872e-17
4522.88	1.408693e-15	6.1838891e-17
4524.35	1.407003e-15	6.1636999e-17
4525.82	1.4339511e-15	6.1794188e-17
4527.29	1.377671e-15	6.1232235e-17
4528.76	1.40697e-15	6.1852689e-17
4530.23	1.338907e-15	6.1329052e-17
4531.70	1.285594e-15	6.0540601e-17
4533.17	1.378314e-15	6.1387899e-17
4534.64	1.404513e-15	6.1638696e-17
4536.11	1.333814e-15	6.0825758e-17
4537.58	1.272506e-15	5.9978401e-17
4539.05	1.270936e-15	5.9942966e-17
4540.52	1.2636201e-15	5.9973064e-17
4541.99	1.298005e-15	6.0322568e-17
4543.46	1.33801e-15	6.0830743e-17
4544.93	1.3638039e-15	6.1260619e-17
4546.40	1.3285609e-15	6.0214184e-17
4547.87	1.3490601e-15	6.0077288e-17
4549.34	1.379758e-15	6.0377356e-17
4550.81	1.377352e-15	6.0267797e-17
4552.28	1.439287e-15	6.1058328e-17
4553.75	1.4341449e-15	6.0941891e-17
4555.22	1.3503669e-15	5.9660063e-17
4556.69	1.3062231e-15	5.8738097e-17
4558.16	1.3755701e-15	5.9419753e-17
4559.63	1.40246e-15	6.0155557e-17
4561.10	1.39143e-15	6.022602e-17
4562.57	1.382717e-15	5.978882e-17
4564.04	1.290699e-15	5.8447705e-17
4565.51	1.27679e-15	5.8309463e-17
4566.98	1.328488e-15	5.8684857e-17
4568.45	1.337245e-15	5.8589547e-17
4569.92	1.367821e-15	5.9228297e-17
4571.39	1.3769011e-15	5.9127814e-17
4572.86	1.3680609e-15	5.8660609e-17
4574.33	1.410471e-15	5.931213e-17
4575.80	1.3660279e-15	5.9012018e-17
4577.27	1.29964e-15	5.8311547e-17
4578.74	1.333856e-15	5.8441598e-17
4580.21	1.3698861e-15	5.8721701e-17
4581.68	1.32554e-15	5.8351917e-17
4583.15	1.3049509e-15	5.7870858e-17
4584.62	1.389367e-15	5.8467235e-17
4586.09	1.374474e-15	5.8322559e-17
4587.56	1.31569e-15	5.7789999e-17
4589.03	1.306874e-15	5.750708e-17
4590.50	1.301654e-15	5.7329167e-17
4591.97	1.310211e-15	5.7276956e-17
4593.44	1.317747e-15	5.7065089e-17
4594.91	1.2840541e-15	5.6524381e-17
4596.38	1.308063e-15	5.6575531e-17
4597.85	1.3253731e-15	5.6756019e-17
4599.32	1.334767e-15	5.7022739e-17
4600.79	1.3954639e-15	5.7668498e-17
4602.26	1.3666931e-15	5.7095335e-17
4603.73	1.3429641e-15	5.670706e-17
4605.20	1.3488781e-15	5.6795778e-17
4606.67	1.321584e-15	5.6450257e-17
4608.14	1.276063e-15	5.6102975e-17
4609.61	1.2207e-15	5.5426385e-17
4611.08	1.245949e-15	5.5387631e-17
4612.55	1.272465e-15	5.5579405e-17
4614.02	1.262128e-15	5.5433512e-17
4615.49	1.264607e-15	5.5211346e-17
4616.96	1.263985e-15	5.510156e-17
4618.43	1.2355561e-15	5.4860364e-17
4619.90	1.2670061e-15	5.5088576e-17
4621.37	1.3247481e-15	5.5595606e-17
4622.84	1.305705e-15	5.5365042e-17
4624.31	1.26166e-15	5.4915825e-17
4625.78	1.27792e-15	5.4926266e-17
4627.25	1.311016e-15	5.5082256e-17
4628.72	1.334055e-15	5.5667921e-17
4630.19	1.3609541e-15	5.6042201e-17
4631.66	1.334831e-15	5.5188853e-17
4633.13	1.254619e-15	5.4000334e-17
4634.60	1.25052e-15	5.3920592e-17
4636.07	1.28565e-15	5.4219231e-17
4637.54	1.2261459e-15	5.3577338e-17
4639.01	1.253788e-15	5.3783748e-17
4640.48	1.3048311e-15	5.4199628e-17
4641.95	1.2992571e-15	5.4066901e-17
4643.42	1.228581e-15	5.310591e-17
4644.89	1.2397271e-15	5.3246004e-17
4646.36	1.284942e-15	5.3573282e-17
4647.83	1.326823e-15	5.4011187e-17
4649.30	1.359038e-15	5.4690043e-17
4650.77	1.344985e-15	5.4656123e-17
4652.24	1.278559e-15	5.3874137e-17
4653.71	1.314722e-15	5.4214535e-17
4655.18	1.3654471e-15	5.4781238e-17
4656.65	1.3097089e-15	5.4648518e-17
4658.12	1.224836e-15	5.4000164e-17
4659.59	1.240247e-15	5.3934121e-17
4661.06	1.2989871e-15	5.4538114e-17
4662.53	1.296022e-15	5.4585062e-17
4664.00	1.2459601e-15	5.3987301e-17
4665.47	1.289535e-15	5.4579645e-17
4666.94	1.3296711e-15	5.4984552e-17
4668.41	1.273244e-15	5.4346048e-17
4669.88	1.223665e-15	5.3794668e-17
4671.35	1.179544e-15	5.3304744e-17
4672.82	1.2580219e-15	5.4409116e-17
4674.29	1.332502e-15	5.5000943e-17
4675.76	1.2245261e-15	5.3215632e-17
4677.23	1.222831e-15	5.2966571e-17
4678.70	1.292661e-15	5.3475787e-17
4680.17	1.346844e-15	5.3877477e-17
4681.64	1.273845e-15	5.3162248e-17
4683.11	1.216568e-15	5.2549376e-17
4684.58	1.1774469e-15	5.1685235e-17
4686.05	1.173895e-15	5.1712786e-17
4687.52	1.227975e-15	5.2548043e-17
4688.99	1.2804869e-15	5.2851754e-17
4690.46	1.263132e-15	5.2395141e-17
4691.93	1.232783e-15	5.2066744e-17
4693.40	1.226794e-15	5.1942489e-17
4694.87	1.273017e-15	5.2244627e-17
4696.34	1.244879e-15	5.1796766e-17
4697.81	1.2419531e-15	5.1677458e-17
4699.28	1.2327749e-15	5.1590887e-17
4700.75	1.2542619e-15	5.1823538e-17
4702.22	1.266863e-15	5.204015e-17
4703.69	1.2605869e-15	5.1755052e-17
4705.16	1.2591049e-15	5.1612269e-17
4706.63	1.223829e-15	5.1523909e-17
4708.10	1.158164e-15	5.0914948e-17
4709.57	1.228375e-15	5.1413438e-17
4711.04	1.2512129e-15	5.1461314e-17
4712.51	1.263253e-15	5.1436283e-17
4713.98	1.1835989e-15	5.0629344e-17
4715.45	1.153342e-15	5.0337225e-17
4716.92	1.208676e-15	5.1046474e-17
4718.39	1.281458e-15	5.1581723e-17
4719.86	1.2062989e-15	5.0581399e-17
4721.33	1.1973601e-15	5.0441009e-17
4722.80	1.1775481e-15	5.0303875e-17
4724.27	1.1879769e-15	5.0571753e-17
4725.74	1.26585e-15	5.1256653e-17
4727.21	1.2118929e-15	5.092892e-17
4728.68	1.211722e-15	5.0954448e-17
4730.15	1.2117731e-15	5.0691405e-17
4731.62	1.229807e-15	5.0694659e-17
4733.09	1.257743e-15	5.0902033e-17
4734.56	1.223063e-15	5.103414e-17
4736.03	1.1798559e-15	5.0412845e-17
4737.50	1.257949e-15	5.1030296e-17
4738.97	1.283939e-15	5.1616746e-17
4740.44	1.254065e-15	5.1126469e-17
4741.91	1.192302e-15	5.0370891e-17
4743.38	1.18822e-15	5.0313132e-17
4744.85	1.198631e-15	5.0136821e-17
4746.32	1.180718e-15	4.96057e-17
4747.79	1.179082e-15	4.9382227e-17
4749.26	1.255623e-15	5.012682e-17
4750.73	1.2444691e-15	5.0418063e-17
4752.20	1.1771659e-15	4.9476332e-17
4753.67	1.214328e-15	4.9396306e-17
4755.14	1.224964e-15	4.9206457e-17
4756.61	1.1585321e-15	4.8480358e-17
4758.08	1.2009359e-15	4.881476e-17
4759.55	1.293309e-15	4.9831411e-17
4761.02	1.2285541e-15	4.887687e-17
4762.49	1.1476249e-15	4.7891624e-17
4763.96	1.2031979e-15	4.858408e-17
4765.43	1.1928541e-15	4.8307166e-17
4766.90	1.1145919e-15	4.7319763e-17
4768.37	1.159016e-15	4.7783618e-17
4769.84	1.171919e-15	4.7917626e-17
4771.31	1.154139e-15	4.8058654e-17
4772.78	1.1339441e-15	4.7753557e-17
4774.25	1.175218e-15	4.8088246e-17
4775.72	1.209681e-15	4.8433374e-17
4777.19	1.2188179e-15	4.868923e-17
4778.66	1.249231e-15	4.8855628e-17
4780.13	1.232859e-15	4.8590899e-17
4781.60	1.130664e-15	4.732669e-17
4783.07	1.181396e-15	4.7958221e-17
4784.54	1.213703e-15	4.8044143e-17
4786.01	1.154264e-15	4.7596027e-17
4787.48	1.16186e-15	4.7656568e-17
4788.95	1.242013e-15	4.8423904e-17
4790.42	1.277778e-15	4.9026007e-17
4791.89	1.2969349e-15	4.9180689e-17
4793.36	1.2022889e-15	4.8107812e-17
4794.83	1.074408e-15	4.6453544e-17
4796.30	1.1971689e-15	4.8011712e-17
4797.77	1.1849709e-15	4.7698598e-17
4799.24	1.2065311e-15	4.7775797e-17
4800.71	1.2064939e-15	4.7905925e-17
4802.18	1.1713199e-15	4.7738074e-17
4803.65	1.2561881e-15	4.826272e-17
4805.12	1.294214e-15	4.8843479e-17
4806.59	1.229527e-15	4.7959517e-17
4808.06	1.161002e-15	4.7571963e-17
4809.53	1.2572611e-15	4.8480934e-17
4811.00	1.1501631e-15	4.7231318e-17
4812.47	1.195549e-15	4.7825798e-17
4813.94	1.2580039e-15	4.83163e-17
4815.41	1.203426e-15	4.8035255e-17
4816.88	1.2045731e-15	4.8245509e-17
4818.35	1.1037801e-15	4.7396573e-17
4819.82	1.2052999e-15	4.8412187e-17
4821.29	1.2884181e-15	4.907906e-17
4822.76	1.2226201e-15	4.8430473e-17
4824.23	1.168751e-15	4.7884768e-17
4825.70	1.102097e-15	4.7167207e-17
4827.17	1.2043349e-15	4.8366893e-17
4828.64	1.183469e-15	4.8044832e-17
4830.11	1.2315331e-15	4.8455605e-17
4831.58	1.192239e-15	4.8096811e-17
4833.05	1.1420129e-15	4.770701e-17
4834.52	1.178653e-15	4.7793571e-17
4835.99	1.2654051e-15	4.8768735e-17
4837.46	1.209244e-15	4.8010816e-17
4838.93	1.22947e-15	4.812438e-17
4840.40	1.240447e-15	4.8177344e-17
4841.87	1.2407189e-15	4.8163022e-17
4843.34	1.2072131e-15	4.7620386e-17
4844.81	1.278248e-15	4.8286659e-17
4846.28	1.125777e-15	4.6417432e-17
4847.75	1.194494e-15	4.7203974e-17
4849.22	1.273141e-15	4.7999162e-17
4850.69	1.2186851e-15	4.7394395e-17
4852.16	1.186691e-15	4.7167618e-17
4853.63	1.1376479e-15	4.6176117e-17
4855.10	1.173463e-15	4.6665375e-17
4856.57	1.1406409e-15	4.6334281e-17
4858.04	1.2291209e-15	4.7654309e-17
4859.51	1.296898e-15	4.846098e-17
4860.98	1.2237939e-15	4.767696e-17
4862.45	1.2177741e-15	4.7446083e-17
4863.92	1.1693619e-15	4.664665e-17
4865.39	1.2548341e-15	4.7345823e-17
4866.86	1.294721e-15	4.7609577e-17
4868.33	1.244182e-15	4.6801118e-17
4869.80	1.149032e-15	4.5573055e-17
4871.27	1.253747e-15	4.6981387e-17
4872.74	1.3076059e-15	4.7415452e-17
4874.21	1.274801e-15	4.7131729e-17
4875.68	1.240913e-15	4.6782986e-17
4877.15	1.260044e-15	4.7100281e-17
4878.62	1.19338e-15	4.6430919e-17
4880.09	1.1886131e-15	4.6389983e-17
4881.56	1.305334e-15	4.7721293e-17
4883.03	1.301067e-15	4.7621069e-17
4884.50	1.278908e-15	4.7128609e-17
4885.97	1.224373e-15	4.6698097e-17
4887.44	1.22903e-15	4.683218e-17
4888.91	1.315032e-15	4.734776e-17
4890.38	1.3186931e-15	4.7569002e-17
4891.85	1.3048989e-15	4.7485805e-17
4893.32	1.313622e-15	4.7469728e-17
4894.79	1.248721e-15	4.6884049e-17
4896.26	1.268117e-15	4.697966e-17
4897.73	1.322843e-15	4.7385164e-17
4899.20	1.354427e-15	4.757357e-17
4900.67	1.2984001e-15	4.6974967e-17
4902.14	1.337536e-15	4.7430708e-17
4903.61	1.460914e-15	4.869501e-17
4905.08	1.5048681e-15	4.9039774e-17
4906.55	1.501157e-15	4.8732567e-17
4908.02	1.477783e-15	4.8632682e-17
4909.49	1.4635399e-15	4.833954e-17
4910.96	1.5324219e-15	4.890645e-17
4912.43	1.631266e-15	5.8088035e-17
4913.90	1.681503e-15	5.7389357e-17
4915.37	1.671221e-15	4.926141e-17
4916.84	1.6911079e-15	5.0600291e-17
4918.31	1.7062721e-15	5.0413542e-17
4919.78	1.5453599e-15	4.8774762e-17
4921.25	1.428051e-15	4.7631817e-17
4922.72	1.3509441e-15	4.6717915e-17
4924.19	1.335134e-15	4.6579954e-17
4925.66	1.555065e-15	4.8824401e-17
4927.13	1.879362e-15	5.1908657e-17
4928.60	2.2263638e-15	5.5072346e-17
4930.07	2.5581689e-15	5.7845174e-17
4931.54	2.853157e-15	6.0127776e-17
4933.01	2.921809e-15	6.0848962e-17
4934.48	2.827446e-15	6.0226858e-17
4935.95	2.7685299e-15	5.9721734e-17
4937.42	2.672721e-15	5.8777756e-17
4938.89	2.5467401e-15	5.7636338e-17
4940.36	2.37391e-15	5.6123563e-17
4941.83	2.2651469e-15	5.4998221e-17
4943.30	2.1218432e-15	5.3804046e-17
4944.77	1.982743e-15	5.2453966e-17
4946.24	1.9313061e-15	5.1919747e-17
4947.71	1.8559349e-15	5.1138393e-17
4949.18	1.855316e-15	5.1096909e-17
4950.65	1.868891e-15	5.1440201e-17
4952.12	1.7946009e-15	5.0654983e-17
4953.59	1.846178e-15	5.1039058e-17
4955.06	1.727507e-15	4.98268e-17
4956.53	1.592861e-15	4.8313108e-17
4958.00	1.582558e-15	4.8163685e-17
4959.47	1.63623e-15	4.8841964e-17
4960.94	1.639234e-15	4.8807976e-17
4962.41	1.565955e-15	4.815093e-17
4963.88	1.5550719e-15	4.8087316e-17
4965.35	1.5367071e-15	4.8041113e-17
4966.82	1.505556e-15	4.7912709e-17
4968.29	1.444778e-15	4.7411819e-17
4969.76	1.37489e-15	4.6930437e-17
4971.23	1.402247e-15	4.7232649e-17
4972.70	1.456908e-15	4.8014707e-17
4974.17	1.4597871e-15	4.8271307e-17
4975.64	1.384076e-15	4.7752964e-17
4977.11	1.390169e-15	4.8112103e-17
4978.58	1.355062e-15	4.8091832e-17
4980.05	1.349015e-15	4.8231114e-17
4981.52	1.348209e-15	4.8273753e-17
4982.99	1.336174e-15	4.7905538e-17
4984.46	1.3141491e-15	4.7535824e-17
4985.93	1.265244e-15	4.8085032e-17
4987.40	1.234249e-15	4.8377738e-17
4988.87	1.2222e-15	4.5711339e-17
4990.34	1.2240991e-15	4.5108486e-17
4991.81	1.186154e-15	4.4776378e-17
4993.28	1.1655051e-15	4.4518209e-17
4994.75	1.22822e-15	4.4653578e-17
4996.22	1.245422e-15	4.4413143e-17
4997.69	1.288107e-15	4.4921407e-17
4999.16	1.300528e-15	4.5107637e-17
5000.63	1.287475e-15	4.4599266e-17
5002.10	1.295571e-15	4.4726651e-17
5003.57	1.3302961e-15	4.5171718e-17
5005.04	1.264858e-15	4.4364885e-17
5006.51	1.1975221e-15	4.3698265e-17
5007.98	1.169168e-15	4.3188114e-17
5009.45	1.170457e-15	4.288632e-17
5010.92	1.169535e-15	4.2769296e-17
5012.39	1.22047e-15	4.3525544e-17
5013.86	1.25535e-15	4.3741882e-17
5015.33	1.205223e-15	4.3313638e-17
5016.80	1.1261781e-15	4.2387199e-17
5018.27	1.206663e-15	4.3139607e-17
5019.74	1.2867171e-15	4.3859715e-17
5021.21	1.231511e-15	4.3105303e-17
5022.68	1.1971231e-15	4.2631764e-17
5024.15	1.147165e-15	4.2267519e-17
5025.62	1.128235e-15	4.214766e-17
5027.09	1.1263781e-15	4.1938237e-17
5028.56	1.161997e-15	4.2318285e-17
5030.03	1.15239e-15	4.2361909e-17
5031.50	1.1238231e-15	4.1984493e-17
5032.97	1.138551e-15	4.2000931e-17
5034.44	1.186451e-15	4.2411325e-17
5035.91	1.170285e-15	4.2062129e-17
5037.38	1.120231e-15	4.1449647e-17
5038.85	1.147838e-15	4.1787329e-17
5040.32	1.1932369e-15	4.2142192e-17
5041.79	1.15731e-15	4.1653628e-17
5043.26	1.103256e-15	4.1291098e-17
5044.73	1.07653e-15	4.0968803e-17
5046.20	1.103809e-15	4.1212061e-17
5047.67	1.14985e-15	4.1518464e-17
5049.14	1.145159e-15	4.1359004e-17
5050.61	1.0882519e-15	4.0743251e-17
5052.08	1.132043e-15	4.1283789e-17
5053.55	1.153014e-15	4.1458103e-17
5055.02	1.115658e-15	4.1142041e-17
5056.49	1.132561e-15	4.1365377e-17
5057.96	1.125631e-15	4.128665e-17
5059.43	1.087269e-15	4.1022381e-17
5060.90	1.093432e-15	4.101239e-17
5062.37	1.1750769e-15	4.1848623e-17
5063.84	1.150736e-15	4.1595157e-17
5065.31	1.120859e-15	4.1341305e-17
5066.78	1.155321e-15	4.1861404e-17
5068.25	1.1558271e-15	4.1937417e-17
5069.72	1.118981e-15	4.1522969e-17
5071.19	1.1454031e-15	4.1685604e-17
5072.66	1.167881e-15	4.1691058e-17
5074.13	1.1085159e-15	4.1094273e-17
5075.60	1.0941791e-15	4.0977007e-17
5077.07	1.118057e-15	4.1350346e-17
5078.54	1.120914e-15	4.1714003e-17
5080.01	1.133095e-15	4.216718e-17
5081.48	1.135319e-15	4.2663116e-17
5082.95	1.156716e-15	4.3199025e-17
5084.42	1.148152e-15	4.3007341e-17
5085.89	1.025976e-15	4.1426334e-17
5087.36	9.610295e-16	4.0149217e-17
5088.83	1.020086e-15	4.0279496e-17
5090.30	1.1039931e-15	4.1022731e-17
5091.77	1.166204e-15	4.1596676e-17
5093.24	1.197734e-15	4.1814779e-17
5094.71	1.158349e-15	4.1422755e-17
5096.18	1.11882e-15	4.1146376e-17
5097.65	1.132781e-15	4.1373802e-17
5099.12	1.151784e-15	4.150105e-17
5100.59	1.167676e-15	4.14388e-17
5102.06	1.136084e-15	4.0905662e-17
5103.53	1.1252809e-15	4.0686762e-17
5105.00	1.135596e-15	4.0720843e-17
5106.47	1.159321e-15	4.0781903e-17
5107.94	1.186579e-15	4.1100307e-17
5109.41	1.141394e-15	4.0758157e-17
5110.88	1.113317e-15	4.0263579e-17
5112.35	1.1050981e-15	4.0355672e-17
5113.82	1.106604e-15	4.0638387e-17
5115.29	1.094598e-15	4.0495176e-17
5116.76	1.118432e-15	4.0677772e-17
5118.23	1.147805e-15	4.0866822e-17
5119.70	1.119785e-15	4.0496906e-17
5121.17	1.142924e-15	4.0664441e-17
5122.64	1.194342e-15	4.0946061e-17
5124.11	1.238017e-15	4.1359556e-17
5125.58	1.205824e-15	4.1240526e-17
5127.05	1.123998e-15	4.050774e-17
5128.52	1.1051521e-15	4.0244069e-17
5129.99	1.1070729e-15	4.0257251e-17
5131.46	1.158309e-15	4.1060953e-17
5132.93	1.141777e-15	4.0924039e-17
5134.40	1.100922e-15	4.0471467e-17
5135.87	1.097741e-15	4.0705108e-17
5137.34	1.07854e-15	4.0473461e-17
5138.81	1.084108e-15	4.0325492e-17
5140.28	1.086391e-15	4.0362312e-17
5141.75	1.074607e-15	4.0153506e-17
5143.22	1.080017e-15	4.0164932e-17
5144.69	1.116814e-15	4.0550179e-17
5146.16	1.1036479e-15	4.0515765e-17
5147.63	1.0549051e-15	4.0241161e-17
5149.10	1.057908e-15	4.0518137e-17
5150.57	1.0844181e-15	4.0986456e-17
5152.04	1.065421e-15	4.0845525e-17
5153.51	1.08549e-15	4.1032293e-17
5154.98	1.0708689e-15	4.0603511e-17
5156.45	1.049911e-15	4.0283775e-17
5157.92	1.0616581e-15	4.0209174e-17
5159.39	1.040323e-15	3.9586632e-17
5160.86	1.053523e-15	3.9739149e-17
5162.33	1.1059701e-15	4.0233368e-17
5163.80	1.073066e-15	3.9674223e-17
5165.27	1.051658e-15	3.9207058e-17
5166.74	1.014421e-15	3.8654493e-17
5168.21	1.018791e-15	3.8645884e-17
5169.68	1.089521e-15	3.9388523e-17
5171.15	1.0727071e-15	3.9333432e-17
5172.62	1.0148211e-15	3.8665911e-17
5174.09	1.074513e-15	3.9226562e-17
5175.56	1.089571e-15	3.9372979e-17
5177.03	1.0489381e-15	3.8911053e-17
5178.50	1.0519641e-15	3.8925216e-17
5179.97	1.060583e-15	3.8980038e-17
5181.44	1.057322e-15	3.8927373e-17
5182.91	1.072564e-15	3.9068066e-17
5184.38	1.039276e-15	3.8817142e-17
5185.85	9.9754488e-16	3.8591998e-17
5187.32	1.002995e-15	3.8633109e-17
5188.79	1.051888e-15	3.918185e-17
5190.26	1.0748239e-15	3.9361057e-17
5191.73	1.111538e-15	3.9496829e-17
5193.20	1.111328e-15	3.9569152e-17
5194.67	1.036894e-15	3.91556e-17
5196.14	1.067146e-15	3.9821353e-17
5197.61	1.092804e-15	4.0367289e-17
5199.08	1.055674e-15	4.0059361e-17
5200.55	1.06458e-15	3.9857969e-17
5202.02	1.0602711e-15	3.947634e-17
5203.49	1.057592e-15	3.9312321e-17
5204.96	1.0514459e-15	3.8961015e-17
5206.43	1.058906e-15	3.8924565e-17
5207.90	1.049086e-15	3.8963914e-17
5209.37	1.047859e-15	3.8955954e-17
5210.84	1.072019e-15	3.916928e-17
5212.31	1.067529e-15	3.9068576e-17
5213.78	1.02332e-15	3.8720328e-17
5215.25	1.0215289e-15	3.8672105e-17
5216.72	1.032516e-15	3.8721742e-17
5218.19	1.014025e-15	3.8579796e-17
5219.66	1.0555871e-15	3.9161351e-17
5221.13	1.023808e-15	3.9008597e-17
5222.60	9.9039941e-16	3.8550567e-17
5224.07	1.0456061e-15	3.8922507e-17
5225.54	1.062801e-15	3.9039402e-17
5227.01	1.046133e-15	3.8654458e-17
5228.48	1.043676e-15	3.8590981e-17
5229.95	1.0779589e-15	3.8977581e-17
5231.42	1.0727611e-15	3.8830805e-17
5232.89	1.004012e-15	3.8302479e-17
5234.36	9.6599428e-16	3.8128385e-17
5235.83	9.9030264e-16	3.8524977e-17
5237.30	9.5823715e-16	3.8261267e-17
5238.77	8.8607031e-16	3.7418439e-17
5240.24	9.1286615e-16	3.7404094e-17
5241.71	9.4556278e-16	3.7618817e-17
5243.18	9.8882086e-16	3.7958451e-17
5244.65	1.055856e-15	3.8450552e-17
5246.12	1.031101e-15	3.853715e-17
5247.59	9.9510458e-16	3.832741e-17
5249.06	1.022623e-15	3.84264e-17
5250.53	1.019665e-15	3.8387775e-17
5252.00	1.0056569e-15	3.8383047e-17
5253.47	1.055892e-15	3.9035709e-17
5254.94	1.093573e-15	3.9378219e-17
5256.41	1.1076321e-15	3.9498047e-17
5257.88	1.0676621e-15	3.8994048e-17
5259.35	1.043614e-15	3.8606375e-17
5260.82	9.8620544e-16	3.762252e-17
5262.29	9.9850616e-16	3.7514665e-17
5263.76	1.014737e-15	3.7536551e-17
5265.23	1.0215669e-15	3.7515952e-17
5266.70	1.012209e-15	3.7408794e-17
5268.17	1.043243e-15	3.771382e-17
5269.64	1.038836e-15	3.7872208e-17
5271.11	1.0421459e-15	3.8084614e-17
5272.58	1.054617e-15	3.8334335e-17
5274.05	1.068118e-15	3.8449601e-17
5275.52	1.057917e-15	3.8565718e-17
5276.99	1.048447e-15	3.8266528e-17
5278.46	9.9338701e-16	3.7451403e-17
5279.93	1.01692e-15	3.7622724e-17
5281.40	9.7746776e-16	3.7242883e-17
5282.87	9.9030614e-16	3.7280051e-17
5284.34	1.0763369e-15	3.8177872e-17
5285.81	1.051352e-15	3.7955496e-17
5287.28	1.0152419e-15	3.7592738e-17
5288.75	9.7953219e-16	3.7191647e-17
5290.22	9.9264786e-16	3.7274818e-17
5291.69	1.040374e-15	3.7535604e-17
5293.16	1.0720151e-15	3.8059819e-17
5294.63	9.9432838e-16	3.7413814e-17
5296.10	9.4537993e-16	3.6655269e-17
5297.57	9.9821446e-16	3.7450954e-17
5299.04	1.002152e-15	3.7460237e-17
5300.51	9.9022916e-16	3.7159789e-17
5301.98	1.001905e-15	3.7404721e-17
5303.45	1.007308e-15	3.734332e-17
5304.92	9.935219e-16	3.7273214e-17
5306.39	9.5661286e-16	3.6897389e-17
5307.86	1.003708e-15	3.7352365e-17
5309.33	9.5636881e-16	3.6923533e-17
5310.80	9.4043008e-16	3.6778639e-17
5312.27	9.7073364e-16	3.7137285e-17
5313.74	9.5117374e-16	3.6713189e-17
5315.21	9.6431429e-16	3.6767562e-17
5316.68	1.030712e-15	3.7543553e-17
5318.15	1.0831029e-15	3.8139253e-17
5319.62	9.737729e-16	3.6946299e-17
5321.09	1.017738e-15	3.7312633e-17
5322.56	1.025685e-15	3.7590043e-17
5324.03	1.023785e-15	3.76775e-17
5325.50	1.00707e-15	3.7365264e-17
5326.97	1.0053771e-15	3.7253427e-17
5328.44	9.715506e-16	3.703885e-17
5329.91	9.3792477e-16	3.6666057e-17
5331.38	1.002486e-15	3.7446524e-17
5332.85	9.8273175e-16	3.7252551e-17
5334.32	9.5862446e-16	3.6843505e-17
5335.79	9.6063171e-16	3.6844939e-17
5337.26	9.831306e-16	3.7189414e-17
5338.73	1.0416531e-15	3.7690625e-17
5340.20	1.016251e-15	3.7361767e-17
5341.67	9.1454867e-16	3.6493021e-17
5343.14	9.166635e-16	3.63437e-17
5344.61	9.583119e-16	3.6780343e-17
5346.08	9.2989405e-16	3.6662834e-17
5347.55	9.8880847e-16	3.7255885e-17
5349.02	1.021299e-15	3.7561397e-17
5350.49	9.7139072e-16	3.7211201e-17
5351.96	9.5956805e-16	3.6997043e-17
5353.43	1.0020401e-15	3.7313147e-17
5354.90	1.0603091e-15	3.7948525e-17
5356.37	1.035257e-15	3.7800918e-17
5357.84	9.9077243e-16	3.7344977e-17
5359.31	1.001756e-15	3.7069515e-17
5360.78	9.9483162e-16	3.6766091e-17
5362.25	9.7640611e-16	3.6457017e-17
5363.72	9.9400343e-16	3.6675742e-17
5365.19	1.020505e-15	3.7009881e-17
5366.66	9.6321294e-16	3.6393854e-17
5368.13	9.3854363e-16	3.6108105e-17
5369.60	9.7436212e-16	3.6438366e-17
5371.07	9.427897e-16	3.6325625e-17
5372.54	9.5457151e-16	3.6372036e-17
5374.01	9.9065236e-16	3.6818528e-17
5375.48	9.811297e-16	3.661142e-17
5376.95	9.3666682e-16	3.6073248e-17
5378.42	9.3365509e-16	3.6191973e-17
5379.89	9.4861486e-16	3.6023136e-17
5381.36	1.017843e-15	3.6864792e-17
5382.83	9.8613545e-16	3.6494596e-17
5384.30	9.7663449e-16	3.6545704e-17
5385.77	9.8055827e-16	3.6486189e-17
5387.24	9.2040284e-16	3.5723392e-17
5388.71	9.2531287e-16	3.6101806e-17
5390.18	9.1651644e-16	3.599636e-17
5391.65	9.2924109e-16	3.5946753e-17
5393.12	9.2480709e-16	3.6017472e-17
5394.59	9.1900745e-16	3.5744871e-17
5396.06	9.5343977e-16	3.6006999e-17
5397.53	1.008008e-15	3.6546064e-17
5399.00	9.8156391e-16	3.6304299e-17
5400.47	9.8885633e-16	3.6424223e-17
5401.94	9.9193011e-16	3.6414426e-17
5403.41	9.9647952e-16	3.6282746e-17
5404.88	9.8381416e-16	3.6103105e-17
5406.35	9.4481718e-16	3.5740879e-17
5407.82	9.7188285e-16	3.6034634e-17
5409.29	9.6671521e-16	3.6175908e-17
5410.76	9.6775229e-16	3.6222727e-17
5412.23	9.8738514e-16	3.6311063e-17
5413.70	9.9273648e-16	3.6583841e-17
5415.17	1.0129959e-15	3.7009746e-17
5416.64	9.2461841e-16	3.6197143e-17
5418.11	9.8914739e-16	3.6394834e-17
5419.58	9.9711109e-16	3.6631667e-17
5421.05	9.921029e-16	3.6682056e-17
5422.52	9.7204358e-16	3.6243877e-17
5423.99	9.5246737e-16	3.6172098e-17
5425.46	9.7679183e-16	3.6347821e-17
5426.93	9.5174687e-16	3.6213279e-17
5428.40	9.7557231e-16	3.6266494e-17
5429.87	9.6574874e-16	3.5867656e-17
5431.34	9.5037192e-16	3.5866695e-17
5432.81	9.8365523e-16	3.6311658e-17
5434.28	9.3440196e-16	3.579321e-17
5435.75	9.1092072e-16	3.557715e-17
5437.22	8.9500498e-16	3.5454096e-17
5438.69	9.1422924e-16	3.5522652e-17
5440.16	9.4013764e-16	3.5824036e-17
5441.63	9.4529406e-16	3.5741205e-17
5443.10	9.0861012e-16	3.5488113e-17
5444.57	9.0250132e-16	3.5473203e-17
5446.04	9.19102e-16	3.5462875e-17
5447.51	9.6623081e-16	3.5905997e-17
5448.98	9.9452986e-16	3.6283547e-17
5450.45	9.8488216e-16	3.6145311e-17
5451.92	9.4952573e-16	3.570767e-17
5453.39	8.8945691e-16	3.4976313e-17
5454.86	8.7928341e-16	3.5193777e-17
5456.33	9.5298608e-16	3.732232e-17
5457.80	1.006896e-15	4.0547613e-17
5459.27	9.4814655e-16	4.2222531e-17
5460.74	9.008693e-16	4.2412117e-17
5462.21	8.779532e-16	4.1714992e-17
5463.68	9.4333456e-16	4.0089867e-17
5465.15	9.8353675e-16	3.7758529e-17
5466.62	9.1790811e-16	3.5738449e-17
5468.09	9.028665e-16	3.5097798e-17
5469.56	9.2157852e-16	3.5152116e-17
5471.03	8.9800517e-16	3.4785483e-17
5472.50	9.0705042e-16	3.4620062e-17
5473.97	9.6186679e-16	3.4974319e-17
5475.44	9.6304173e-16	3.4976458e-17
5476.91	9.4542715e-16	3.4793866e-17
5478.38	9.4493111e-16	3.4840374e-17
5479.85	9.9482887e-16	3.5434564e-17
5481.32	9.914852e-16	3.5380832e-17
5482.79	8.9973036e-16	3.4660328e-17
5484.26	9.3874607e-16	3.5118257e-17
5485.73	1.002649e-15	3.5509699e-17
5487.20	9.6915699e-16	3.4989956e-17
5488.67	9.2812058e-16	3.4387565e-17
5490.14	9.4811172e-16	3.4416668e-17
5491.61	9.5827474e-16	3.4363935e-17
5493.08	9.3559501e-16	3.4218335e-17
5494.55	9.4539613e-16	3.4558387e-17
5496.02	9.1738443e-16	3.4216839e-17
5497.49	9.8822942e-16	3.4732427e-17
5498.96	1.0208549e-15	3.5124569e-17
5500.43	9.4339385e-16	3.4414014e-17
5501.90	9.0899436e-16	3.3903282e-17
5503.37	9.2677083e-16	3.4011269e-17
5504.84	9.666754e-16	3.4430219e-17
5506.31	9.9436893e-16	3.4702152e-17
5507.78	9.8351314e-16	3.4630037e-17
5509.25	9.4290903e-16	3.4227715e-17
5510.72	9.634139e-16	3.437058e-17
5512.19	9.3891072e-16	3.4471302e-17
5513.66	8.9311472e-16	3.4074869e-17
5515.13	9.3479033e-16	3.4311191e-17
5516.60	9.6631139e-16	3.4631991e-17
5518.07	9.4433723e-16	3.4458856e-17
5519.54	9.3172385e-16	3.4136134e-17
5521.01	9.1922408e-16	3.39964e-17
5522.48	9.48893e-16	3.4146554e-17
5523.95	9.3360533e-16	3.3916754e-17
5525.42	8.4947182e-16	3.3080161e-17
5526.89	9.0189368e-16	3.3518863e-17
5528.36	9.4036518e-16	3.3910446e-17
5529.83	9.61278e-16	3.4143314e-17
5531.30	9.5088766e-16	3.3996566e-17
5532.77	9.147094e-16	3.3616634e-17
5534.24	8.8705541e-16	3.3347696e-17
5535.71	8.9086108e-16	3.3371656e-17
5537.18	8.9401501e-16	3.3400533e-17
5538.65	8.7081461e-16	3.3260538e-17
5540.12	8.8505419e-16	3.3670124e-17
5541.59	8.8974024e-16	3.3843107e-17
5543.06	8.8648891e-16	3.3928221e-17
5544.53	9.2156793e-16	3.4396834e-17
5546.00	9.3394456e-16	3.439804e-17
5547.47	8.7518573e-16	3.353699e-17
5548.94	8.4906514e-16	3.3156029e-17
5550.41	8.4709102e-16	3.3172562e-17
5551.88	9.4355796e-16	3.4010321e-17
5553.35	1.02769e-15	3.4640482e-17
5554.82	9.5462784e-16	3.3878669e-17
5556.29	9.0190724e-16	3.3387873e-17
5557.76	9.3351268e-16	3.3703184e-17
5559.23	9.0465978e-16	3.3407497e-17
5560.70	8.8131232e-16	3.3437128e-17
5562.17	8.521188e-16	3.3466631e-17
5563.64	8.7406526e-16	3.3816175e-17
5565.11	8.973088e-16	3.3950398e-17
5566.58	8.8626688e-16	3.3831544e-17
5568.05	8.801729e-16	3.3720912e-17
5569.52	8.8505663e-16	3.3922619e-17
5570.99	8.9922426e-16	3.5057225e-17
5572.46	8.7222281e-16	4.5463336e-17
5573.93	8.9446055e-16	6.9937897e-17
5575.40	1.0680551e-15	9.0993456e-17
5576.87	1.06033e-15	9.7773918e-17
5578.34	9.8615017e-16	9.6141212e-17
5579.81	1.03613e-15	8.4474982e-17
5581.28	9.2916719e-16	5.93635e-17
5582.75	8.8274814e-16	3.8980422e-17
5584.22	8.9785439e-16	3.406224e-17
5585.69	8.7901771e-16	3.3674961e-17
5587.16	8.9699857e-16	3.3689628e-17
5588.63	8.8441002e-16	3.3414918e-17
5590.10	8.8305519e-16	3.3237907e-17
5591.57	8.9996213e-16	3.3325781e-17
5593.04	8.8109029e-16	3.3030171e-17
5594.51	8.9357074e-16	3.3116719e-17
5595.98	8.9894527e-16	3.3199678e-17
5597.45	9.1395596e-16	3.3221505e-17
5598.92	9.3972779e-16	3.3461015e-17
5600.39	8.715995e-16	3.2993082e-17
5601.86	8.445765e-16	3.2891155e-17
5603.33	9.0313141e-16	3.3575678e-17
5604.80	9.162601e-16	3.3755188e-17
5606.27	9.4239033e-16	3.400271e-17
5607.74	9.393229e-16	3.3796873e-17
5609.21	8.5730449e-16	3.2744188e-17
5610.68	8.7332808e-16	3.2782334e-17
5612.15	9.4415322e-16	3.3489294e-17
5613.62	9.2826171e-16	3.3339379e-17
5615.09	8.9787102e-16	3.2975869e-17
5616.56	9.2712161e-16	3.3229288e-17
5618.03	9.4305218e-16	3.3403641e-17
5619.50	9.255835e-16	3.3439014e-17
5620.97	9.209497e-16	3.3570556e-17
5622.44	9.1941615e-16	3.3636589e-17
5623.91	8.7128038e-16	3.3235868e-17
5625.38	8.3551282e-16	3.2732346e-17
5626.85	8.7357022e-16	3.2930985e-17
5628.32	8.99704e-16	3.30048e-17
5629.79	8.8554812e-16	3.2771317e-17
5631.26	8.7839937e-16	3.2720708e-17
5632.73	8.8871872e-16	3.2714316e-17
5634.20	8.9246705e-16	3.2841522e-17
5635.67	8.9700906e-16	3.2975122e-17
5637.14	8.677383e-16	3.2670085e-17
5638.61	8.2304609e-16	3.2225768e-17
5640.08	8.448817e-16	3.2530366e-17
5641.55	8.6190468e-16	3.2788021e-17
5643.02	8.7877291e-16	3.3005504e-17
5644.49	9.0775452e-16	3.3288336e-17
5645.96	8.5486567e-16	3.28267e-17
5647.43	8.4500092e-16	3.272599e-17
5648.90	9.2694976e-16	3.3340688e-17
5650.37	9.0977945e-16	3.3161938e-17
5651.84	8.6572559e-16	3.2629778e-17
5653.31	8.4412254e-16	3.2371687e-17
5654.78	8.4977448e-16	3.251367e-17
5656.25	8.9783195e-16	3.3038894e-17
5657.72	9.2262481e-16	3.3230081e-17
5659.19	8.7788279e-16	3.2866246e-17
5660.66	9.1362488e-16	3.330434e-17
5662.13	9.1489479e-16	3.344543e-17
5663.60	8.7638359e-16	3.334169e-17
5665.07	8.4996469e-16	3.3206543e-17
5666.54	8.3214661e-16	3.3346133e-17
5668.01	8.5636132e-16	3.39447e-17
5669.48	8.789707e-16	3.4429411e-17
5670.95	8.7535603e-16	3.4535037e-17
5672.42	8.7941322e-16	3.473998e-17
5673.89	8.5476731e-16	3.4443028e-17
5675.36	8.440947e-16	3.4025598e-17
5676.83	8.846663e-16	3.447721e-17
5678.30	9.0125163e-16	3.4971491e-17
5679.77	8.4049761e-16	3.4994606e-17
5681.24	7.9931159e-16	3.5604214e-17
5682.71	8.521567e-16	3.7106293e-17
5684.18	8.6037912e-16	3.8183497e-17
5685.65	8.7128541e-16	3.8962204e-17
5687.12	9.0953244e-16	3.9595719e-17
5688.59	9.2584968e-16	3.9876516e-17
5690.06	8.8006474e-16	3.94103e-17
5691.53	8.3146771e-16	3.8327272e-17
5693.00	8.5972955e-16	3.7425135e-17
5694.47	8.8172721e-16	3.6592543e-17
5695.94	8.6470761e-16	3.5643054e-17
5697.41	8.266338e-16	3.4777202e-17
5698.88	8.8284058e-16	3.5062515e-17
5700.35	9.5109423e-16	3.5350208e-17
5701.82	9.0387278e-16	3.4314776e-17
5703.29	8.326399e-16	3.3157675e-17
5704.76	8.1313829e-16	3.2905426e-17
5706.23	8.3568387e-16	3.311946e-17
5707.70	8.8611664e-16	3.3548086e-17
5709.17	8.7923502e-16	3.3530054e-17
5710.64	8.7837174e-16	3.344766e-17
5712.11	9.0226786e-16	3.3572254e-17
5713.58	8.5058599e-16	3.3085766e-17
5715.05	8.4749183e-16	3.2990203e-17
5716.52	8.6619739e-16	3.299368e-17
5717.99	9.0659027e-16	3.3357738e-17
5719.46	8.7648868e-16	3.3192533e-17
5720.93	8.4150839e-16	3.2692919e-17
5722.40	8.7513358e-16	3.282011e-17
5723.87	8.6723548e-16	3.2684323e-17
5725.34	8.3835753e-16	3.2440291e-17
5726.81	8.4824092e-16	3.2592813e-17
5728.28	8.2315398e-16	3.2340086e-17
5729.75	8.3614407e-16	3.2300807e-17
5731.22	8.6256028e-16	3.235098e-17
5732.69	8.3652201e-16	3.2114316e-17
5734.16	8.6330329e-16	3.2354846e-17
5735.63	8.8348342e-16	3.250334e-17
5737.10	8.6564454e-16	3.2230495e-17
5738.57	8.3820771e-16	3.2084659e-17
5740.04	8.553957e-16	3.234311e-17
5741.51	8.7000914e-16	3.2335502e-17
5742.98	8.6129058e-16	3.2165909e-17
5744.45	8.4087629e-16	3.1822546e-17
5745.92	8.7739712e-16	3.2297965e-17
5747.39	8.7954011e-16	3.2427331e-17
5748.86	8.1703252e-16	3.1769681e-17
5750.33	8.5333932e-16	3.1939195e-17
5751.80	8.6903235e-16	3.2209505e-17
5753.27	8.3212268e-16	3.1857174e-17
5754.74	8.3157094e-16	3.1849078e-17
5756.21	8.3947969e-16	3.1948719e-17
5757.68	7.9678542e-16	3.1600989e-17
5759.15	8.2129479e-16	3.198765e-17
5760.62	8.3891451e-16	3.208646e-17
5762.09	8.2468599e-16	3.2204675e-17
5763.56	8.2440631e-16	3.2183074e-17
5765.03	7.9868441e-16	3.2317415e-17
5766.50	8.1439269e-16	3.3222889e-17
5767.97	8.3756412e-16	3.3935139e-17
5769.44	8.3796461e-16	3.4205866e-17
5770.91	8.0254402e-16	3.3815225e-17
5772.38	8.0740573e-16	3.3464432e-17
5773.85	8.1646649e-16	3.2774437e-17
5775.32	8.1328149e-16	3.2084734e-17
5776.79	8.3729281e-16	3.214685e-17
5778.26	8.4667942e-16	3.2153874e-17
5779.73	8.2480844e-16	3.1813523e-17
5781.20	8.6142462e-16	3.2279277e-17
5782.67	8.8349242e-16	3.245415e-17
5784.14	8.5133704e-16	3.2251847e-17
5785.61	8.1275072e-16	3.2133163e-17
5787.08	8.0070384e-16	3.2596811e-17
5788.55	8.4017849e-16	3.3613191e-17
5790.02	8.6533251e-16	3.4255991e-17
5791.49	8.5591663e-16	3.4317024e-17
5792.96	8.6284409e-16	3.3927805e-17
5794.43	8.6452709e-16	3.3168017e-17
5795.90	8.3183861e-16	3.2406494e-17
5797.37	8.2906521e-16	3.2284938e-17
5798.84	8.2211424e-16	3.2216439e-17
5800.31	8.2702301e-16	3.2130602e-17
5801.78	8.480559e-16	3.2411584e-17
5803.25	8.766016e-16	3.2593231e-17
5804.72	8.8880745e-16	3.2664509e-17
5806.19	8.5650172e-16	3.2470202e-17
5807.66	8.4659837e-16	3.2524439e-17
5809.13	8.4496465e-16	3.2401315e-17
5810.60	8.3313859e-16	3.2097606e-17
5812.07	8.6194682e-16	3.2322679e-17
5813.54	8.5115869e-16	3.2424396e-17
5815.01	8.0836272e-16	3.2135234e-17
5816.48	8.2124101e-16	3.2188448e-17
5817.95	8.7138154e-16	3.2839666e-17
5819.42	8.8599567e-16	3.3024379e-17
5820.89	8.6167989e-16	3.2647698e-17
5822.36	9.0717038e-16	3.2950775e-17
5823.83	8.9628929e-16	3.3026454e-17
5825.30	8.2587586e-16	3.2671501e-17
5826.77	8.4266962e-16	3.2740825e-17
5828.24	8.4172512e-16	3.2650344e-17
5829.71	8.4073441e-16	3.2712246e-17
5831.18	8.4203249e-16	3.2783432e-17
5832.65	8.3252756e-16	3.2726071e-17
5834.12	8.3107268e-16	3.2706961e-17
5835.59	8.2088472e-16	3.2670176e-17
5837.06	8.2963092e-16	3.28044e-17
5838.53	8.63851e-16	3.301652e-17
5840.00	8.1394959e-16	3.2671167e-17
5841.47	7.9372059e-16	3.2569458e-17
5842.94	8.6936037e-16	3.3330391e-17
5844.41	8.477606e-16	3.3258563e-17
5845.88	8.8316293e-16	3.3556047e-17
5847.35	8.592757e-16	3.3339305e-17
5848.82	7.914426e-16	3.2774034e-17
5850.29	8.3488983e-16	3.3047487e-17
5851.76	8.0603528e-16	3.2872679e-17
5853.23	7.9806449e-16	3.273759e-17
5854.70	8.6374761e-16	3.320844e-17
5856.17	8.380607e-16	3.3197726e-17
5857.64	8.4543195e-16	3.3489324e-17
5859.11	8.0123568e-16	3.2948579e-17
5860.58	8.3267669e-16	3.3276922e-17
5862.05	8.5686891e-16	3.3873649e-17
5863.52	8.6313965e-16	3.4468785e-17
5864.99	8.6714352e-16	3.5212521e-17
5866.46	8.4065749e-16	3.5426895e-17
5867.93	8.1481367e-16	3.5320195e-17
5869.40	7.8986166e-16	3.4866895e-17
5870.87	7.714991e-16	3.4113068e-17
5872.34	8.5815237e-16	3.431655e-17
5873.81	8.3303483e-16	3.3702251e-17
5875.28	8.5626418e-16	3.3510192e-17
5876.75	8.1585038e-16	3.2928907e-17
5878.22	8.0395841e-16	3.240996e-17
5879.69	8.5257842e-16	3.2531976e-17
5881.16	8.3801358e-16	3.2395935e-17
5882.63	8.1699742e-16	3.2438503e-17
5884.10	8.2797979e-16	3.3251997e-17
5885.57	8.7399581e-16	3.6576542e-17
5887.04	7.9363726e-16	4.4063157e-17
5888.51	7.4638659e-16	5.0357772e-17
5889.98	8.1660641e-16	5.230032e-17
5891.45	8.247843e-16	5.2351875e-17
5892.92	8.109918e-16	5.1362961e-17
5894.39	7.6821738e-16	4.7547333e-17
5895.86	6.6349732e-16	4.4904288e-17
5897.33	7.4707872e-16	4.4646474e-17
5898.80	7.5650789e-16	4.143335e-17
5900.27	7.5920712e-16	3.568829e-17
5901.74	8.2170089e-16	3.3234614e-17
5903.21	8.3273551e-16	3.2975347e-17
5904.68	8.5526658e-16	3.3174997e-17
5906.15	8.5489542e-16	3.3267776e-17
5907.62	8.2280458e-16	3.2810797e-17
5909.09	8.1595891e-16	3.2818611e-17
5910.56	8.7408014e-16	3.339648e-17
5912.03	8.9040029e-16	3.3948114e-17
5913.50	8.212985e-16	3.4014603e-17
5914.97	8.0175311e-16	3.4066287e-17
5916.44	8.8059319e-16	3.483426e-17
5917.91	8.461874e-16	3.4170785e-17
5919.38	7.9872608e-16	3.342272e-17
5920.85	8.5179354e-16	3.3765632e-17
5922.32	8.5446174e-16	3.3891553e-17
5923.79	8.3358476e-16	3.406418e-17
5925.26	8.4986564e-16	3.4339469e-17
5926.73	8.3035159e-16	3.4163048e-17
5928.20	8.6254593e-16	3.432857e-17
5929.67	8.850985e-16	3.4748908e-17
5931.14	7.8866454e-16	3.460927e-17
5932.61	8.4313792e-16	3.5351265e-17
5934.08	8.5167961e-16	3.5395546e-17
5935.55	7.9174944e-16	3.4525968e-17
5937.02	8.4952243e-16	3.42799e-17
5938.49	8.4872288e-16	3.3765674e-17
5939.96	8.66231e-16	3.365854e-17
5941.43	8.5014839e-16	3.3549794e-17
5942.90	8.3467161e-16	3.3692991e-17
5944.37	8.843474e-16	3.4159367e-17
5945.84	8.838414e-16	3.4176214e-17
5947.31	8.2192896e-16	3.3803903e-17
5948.78	7.819391e-16	3.3294945e-17
5950.25	8.529617e-16	3.4061006e-17
5951.72	8.9080147e-16	3.49033e-17
5953.19	8.1604499e-16	3.4514736e-17
5954.66	8.4161622e-16	3.4622643e-17
5956.13	8.9469687e-16	3.4755765e-17
5957.60	8.8834296e-16	3.3991065e-17
5959.07	8.9289798e-16	3.3520478e-17
5960.54	8.8167151e-16	3.3419064e-17
5962.01	8.4047474e-16	3.3140138e-17
5963.48	8.4118101e-16	3.2977304e-17
5964.95	8.3554607e-16	3.2881241e-17
5966.42	9.012492e-16	3.3577722e-17
5967.89	9.1739132e-16	3.3802818e-17
5969.36	9.4988742e-16	3.422841e-17
5970.83	8.9463006e-16	3.4017303e-17
5972.30	8.5049747e-16	3.3490743e-17
5973.77	8.3749096e-16	3.3277511e-17
5975.24	8.7339902e-16	3.3847334e-17
5976.71	8.8169316e-16	3.399217e-17
5978.18	8.683516e-16	3.3811111e-17
5979.65	9.0042334e-16	3.375015e-17
5981.12	8.8926485e-16	3.3243106e-17
5982.59	8.6828119e-16	3.2760112e-17
5984.06	8.3728831e-16	3.2251217e-17
5985.53	8.1842542e-16	3.2220387e-17
5987.00	7.8126814e-16	3.1922189e-17
5988.47	8.2778979e-16	3.2120284e-17
5989.94	8.2618482e-16	3.2039651e-17
5991.41	8.5264629e-16	3.2300461e-17
5992.88	8.5219238e-16	3.2265387e-17
5994.35	8.6700863e-16	3.2452479e-17
5995.82	8.83818e-16	3.2813413e-17
5997.29	8.5038074e-16	3.2533088e-17
5998.76	8.4238364e-16	3.2288426e-17
6000.23	8.1258782e-16	3.1967973e-17
6001.70	8.2050875e-16	3.2120653e-17
6003.17	8.779227e-16	3.2707566e-17
6004.64	8.9454091e-16	3.2676858e-17
6006.11	8.5302539e-16	3.2269215e-17
6007.58	8.547662e-16	3.2026326e-17
6009.05	8.6530948e-16	3.1858802e-17
6010.52	8.8845e-16	3.2096306e-17
6011.99	8.200054e-16	3.1375538e-17
6013.46	8.0239897e-16	3.0981047e-17
6014.93	7.9575463e-16	3.0887828e-17
6016.40	8.0169059e-16	3.0949514e-17
6017.87	7.9433061e-16	3.0882306e-17
6019.34	8.0456182e-16	3.0931098e-17
6020.81	8.151627e-16	3.0828107e-17
6022.28	7.6691819e-16	3.0380449e-17
6023.75	7.7646457e-16	3.0602335e-17
6025.22	7.929518e-16	3.0799225e-17
6026.69	7.7960187e-16	3.0827857e-17
6028.16	8.0645382e-16	3.1047771e-17
6029.63	7.9977719e-16	3.0823264e-17
6031.10	8.1393281e-16	3.0970429e-17
6032.57	8.36955e-16	3.1253074e-17
6034.04	8.037971e-16	3.090952e-17
6035.51	7.9494264e-16	3.0657032e-17
6036.98	8.2796782e-16	3.0874739e-17
6038.45	8.4274294e-16	3.0928656e-17
6039.92	8.3856119e-16	3.0596069e-17
6041.39	8.201477e-16	3.0266942e-17
6042.86	8.0765581e-16	3.0366908e-17
6044.33	8.003564e-16	3.0328727e-17
6045.80	8.1624002e-16	3.0256225e-17
6047.27	8.5062093e-16	3.0448181e-17
6048.74	8.7015038e-16	3.0719912e-17
6050.21	8.2080071e-16	3.043482e-17
6051.68	7.5242323e-16	2.9783185e-17
6053.15	7.9499151e-16	2.9992018e-17
6054.62	8.3244879e-16	3.0176415e-17
6056.09	8.1848831e-16	3.0102738e-17
6057.56	7.8944889e-16	2.994445e-17
6059.03	7.6195034e-16	2.9652058e-17
6060.50	8.0735501e-16	3.0039117e-17
6061.97	8.3679401e-16	3.0354424e-17
6063.44	8.0784889e-16	3.003443e-17
6064.91	8.0266859e-16	2.9927799e-17
6066.38	8.3079458e-16	3.0216417e-17
6067.85	7.9670977e-16	2.9892225e-17
6069.32	7.8512813e-16	2.9764905e-17
6070.79	8.140785e-16	2.993089e-17
6072.26	8.2162604e-16	2.9865355e-17
6073.73	7.9362307e-16	2.9556553e-17
6075.20	7.527829e-16	2.9086901e-17
6076.67	7.957225e-16	2.9499029e-17
6078.14	7.7804296e-16	2.9398328e-17
6079.61	7.570745e-16	2.9100348e-17
6081.08	8.2021244e-16	2.9681515e-17
6082.55	8.407982e-16	2.992829e-17
6084.02	7.8613228e-16	2.9394723e-17
6085.49	7.8486814e-16	2.9347179e-17
6086.96	7.9570074e-16	2.9451448e-17
6088.43	7.9097091e-16	2.9375665e-17
6089.90	7.9929486e-16	2.9510103e-17
6091.37	8.0216492e-16	2.9471164e-17
6092.84	7.9128468e-16	2.9442404e-17
6094.31	8.0043856e-16	2.9633986e-17
6095.78	8.1726498e-16	2.9766831e-17
6097.25	7.846892e-16	2.9485012e-17
6098.72	7.6572943e-16	2.9330494e-17
6100.19	7.7148714e-16	2.9451926e-17
6101.66	7.352183e-16	2.9219013e-17
6103.13	7.1398684e-16	2.9100542e-17
6104.60	7.4143679e-16	2.9337973e-17
6106.07	7.6670156e-16	2.9813807e-17
6107.54	7.7704669e-16	3.0083623e-17
6109.01	7.7409129e-16	3.0030199e-17
6110.48	7.652652e-16	3.0126516e-17
6111.95	7.8875941e-16	3.0522011e-17
6113.42	7.9653845e-16	3.0585768e-17
6114.89	8.0029796e-16	3.0588363e-17
6116.36	8.1419067e-16	3.0496947e-17
6117.83	7.887467e-16	2.9853854e-17
6119.30	7.6488266e-16	2.9479697e-17
6120.77	7.860119e-16	2.9635709e-17
6122.24	7.7098829e-16	2.927553e-17
6123.71	7.4968647e-16	2.8925695e-17
6125.18	7.5663209e-16	2.9002298e-17
6126.65	7.5719902e-16	2.8915882e-17
6128.12	7.2614658e-16	2.8519098e-17
6129.59	7.05258e-16	2.8389385e-17
6131.06	7.609681e-16	2.8982107e-17
6132.53	7.693082e-16	2.9046446e-17
6134.00	7.3882782e-16	2.877924e-17
6135.47	7.4549842e-16	2.8962963e-17
6136.94	7.4536141e-16	2.9121761e-17
6138.41	7.4367301e-16	2.9116752e-17
6139.88	7.7205994e-16	2.934782e-17
6141.35	7.9017697e-16	2.9595018e-17
6142.82	7.5911214e-16	2.9393601e-17
6144.29	7.4823211e-16	2.9344741e-17
6145.76	7.6002493e-16	2.9184813e-17
6147.23	7.5748229e-16	2.8868878e-17
6148.70	7.7330762e-16	2.9023146e-17
6150.17	7.7626181e-16	2.901258e-17
6151.64	7.6827e-16	2.9161883e-17
6153.11	7.651571e-16	2.9405925e-17
6154.58	7.66623e-16	2.9438997e-17
6156.05	7.8099815e-16	2.9638019e-17
6157.52	7.851015e-16	2.9699284e-17
6158.99	7.7252046e-16	2.9784125e-17
6160.46	7.7346538e-16	3.0104697e-17
6161.93	7.8747864e-16	3.0194621e-17
6163.40	7.6678229e-16	2.9621695e-17
6164.87	7.6494005e-16	2.9028453e-17
6166.34	7.6310961e-16	2.8672973e-17
6167.81	7.3165928e-16	2.8365822e-17
6169.28	7.3454612e-16	2.8465672e-17
6170.75	7.3472591e-16	2.8528203e-17
6172.22	7.193404e-16	2.8353658e-17
6173.69	7.3622944e-16	2.8458902e-17
6175.16	7.4972983e-16	2.8433014e-17
6176.63	7.3019275e-16	2.8057601e-17
6178.10	7.5382872e-16	2.8029223e-17
6179.57	7.1515203e-16	2.7574591e-17
6181.04	6.8831909e-16	2.7464082e-17
6182.51	7.7447711e-16	2.8225659e-17
6183.98	8.0195957e-16	2.8386898e-17
6185.45	7.7067753e-16	2.802921e-17
6186.92	7.6905271e-16	2.7987463e-17
6188.39	7.5661673e-16	2.788082e-17
6189.86	7.7181859e-16	2.8011026e-17
6191.33	7.725562e-16	2.8082569e-17
6192.80	7.3908331e-16	2.771376e-17
6194.27	7.2946207e-16	2.758705e-17
6195.74	7.532303e-16	2.7809715e-17
6197.21	7.3556622e-16	2.755105e-17
6198.68	7.3257884e-16	2.7475378e-17
6200.15	7.738142e-16	2.8138224e-17
6201.62	7.5275246e-16	2.8226288e-17
6203.09	7.3230339e-16	2.7914965e-17
6204.56	7.6472877e-16	2.8123115e-17
6206.03	7.3679828e-16	2.7797802e-17
6207.50	7.0977449e-16	2.7281776e-17
6208.97	7.2225589e-16	2.7347554e-17
6210.44	7.5731818e-16	2.7909138e-17
6211.91	7.4262057e-16	2.7752951e-17
6213.38	7.6091712e-16	2.78573e-17
6214.85	7.7132027e-16	2.7794064e-17
6216.32	7.394767e-16	2.7309532e-17
6217.79	7.2380749e-16	2.7312916e-17
6219.26	7.5179172e-16	2.785682e-17
6220.73	7.4484149e-16	2.7972685e-17
6222.20	7.4567598e-16	2.7970456e-17
6223.67	7.6021318e-16	2.8129101e-17
6225.14	7.812611e-16	2.7979044e-17
6226.61	7.8063917e-16	2.7600379e-17
6228.08	7.7689677e-16	2.7476067e-17
6229.55	7.0592525e-16	2.6943489e-17
6231.02	7.0016289e-16	2.7401442e-17
6232.49	7.388355e-16	2.8981199e-17
6233.96	7.4619563e-16	3.0420387e-17
6235.43	7.4494176e-16	3.1227281e-17
6236.90	7.6562572e-16	3.1580773e-17
6238.37	7.6289214e-16	3.1021846e-17
6239.84	8.043715e-16	3.046316e-17
6241.31	8.1480536e-16	2.9809408e-17
6242.78	7.4383257e-16	2.8965415e-17
6244.25	7.7465869e-16	2.875294e-17
6245.72	7.3955738e-16	2.8050299e-17
6247.19	7.4195438e-16	2.7789665e-17
6248.66	7.6145869e-16	2.7617072e-17
6250.13	7.5774069e-16	2.7500875e-17
6251.60	7.5374879e-16	2.7283838e-17
6253.07	7.0681411e-16	2.6990952e-17
6254.54	7.5633621e-16	2.8455133e-17
6256.01	7.5602662e-16	2.9649503e-17
6257.48	7.709345e-16	3.0391251e-17
6258.95	7.6181079e-16	3.0415428e-17
6260.42	7.0080017e-16	2.9425668e-17
6261.89	7.2468539e-16	2.8891953e-17
6263.36	7.64714e-16	2.8693337e-17
6264.83	7.7463609e-16	2.8894487e-17
6266.30	7.2160542e-16	2.8425526e-17
6267.77	7.1549175e-16	2.7993309e-17
6269.24	7.3885207e-16	2.7660887e-17
6270.71	7.4860301e-16	2.7536972e-17
6272.18	7.4739779e-16	2.7821648e-17
6273.65	7.3378522e-16	2.8105619e-17
6275.12	7.0488409e-16	2.8039716e-17
6276.59	7.229359e-16	2.8195088e-17
6278.06	7.339694e-16	2.8441181e-17
6279.53	7.0585818e-16	2.8096716e-17
6281.00	6.8928301e-16	2.7473754e-17
6282.47	7.2379129e-16	2.7351513e-17
6283.94	7.1234481e-16	2.8011355e-17
6285.41	6.909721e-16	2.9016247e-17
6286.88	7.171325e-16	2.948381e-17
6288.35	7.26943e-16	2.942887e-17
6289.82	7.3075549e-16	2.8712206e-17
6291.29	7.4239304e-16	2.7863772e-17
6292.76	6.8909111e-16	2.7277012e-17
6294.23	6.0785562e-16	2.6970905e-17
6295.70	6.424107e-16	2.999529e-17
6297.17	7.3710798e-16	3.7737731e-17
6298.64	7.8420624e-16	4.4048143e-17
6300.11	8.0215254e-16	4.5192204e-17
6301.58	8.3635223e-16	4.5223344e-17
6303.05	7.9496821e-16	4.117503e-17
6304.52	7.0174779e-16	3.3993264e-17
6305.99	7.0760354e-16	3.093515e-17
6307.46	7.4418001e-16	3.0950488e-17
6308.93	7.5966573e-16	3.0732461e-17
6310.40	7.5565646e-16	2.9011776e-17
6311.87	7.4826578e-16	2.7326601e-17
6313.34	7.2460476e-16	2.6755831e-17
6314.81	7.4895479e-16	2.6929214e-17
6316.28	7.0357844e-16	2.6559758e-17
6317.75	6.687008e-16	2.6522411e-17
6319.22	7.1612946e-16	2.7398582e-17
6320.69	7.2254949e-16	2.7677593e-17
6322.16	7.0409296e-16	2.7483097e-17
6323.63	7.252322e-16	2.7570551e-17
6325.10	6.9201332e-16	2.6983714e-17
6326.57	7.0595289e-16	2.7695902e-17
6328.04	7.4979992e-16	2.9077585e-17
6329.51	7.2094791e-16	2.9222228e-17
6330.98	6.9775837e-16	2.9005428e-17
6332.45	7.5785451e-16	2.895495e-17
6333.92	7.468758e-16	2.7732904e-17
6335.39	7.2794229e-16	2.6700347e-17
6336.86	6.9428718e-16	2.6237033e-17
6338.33	7.0730978e-16	2.6498499e-17
6339.80	7.671552e-16	2.6981257e-17
6341.27	7.566369e-16	2.6950575e-17
6342.74	7.8753079e-16	2.7373774e-17
6344.21	7.424932e-16	2.6966683e-17
6345.68	7.3907219e-16	2.7137684e-17
6347.15	7.6339104e-16	2.7537875e-17
6348.62	7.1631311e-16	2.7210529e-17
6350.09	7.5916868e-16	2.7652928e-17
6351.56	7.231673e-16	2.7072233e-17
6353.03	7.5143744e-16	2.7582297e-17
6354.50	7.540832e-16	2.8256102e-17
6355.97	7.3491538e-16	2.8335187e-17
6357.44	7.393613e-16	2.8275077e-17
6358.91	7.535842e-16	2.8658554e-17
6360.38	7.1651851e-16	2.990003e-17
6361.85	6.7616729e-16	3.1975734e-17
6363.32	6.64384e-16	3.2754448e-17
6364.79	7.76729e-16	3.3259806e-17
6366.26	7.5377081e-16	3.1810972e-17
6367.73	7.4964544e-16	2.8620666e-17
6369.20	7.1417466e-16	2.6547282e-17
6370.67	6.4657641e-16	2.5541112e-17
6372.14	7.2179743e-16	2.6286946e-17
6373.61	6.6383116e-16	2.5785074e-17
6375.08	6.9519271e-16	2.6202265e-17
6376.55	7.1560859e-16	2.6550133e-17
6378.02	7.0650674e-16	2.6490261e-17
6379.49	7.5427093e-16	2.6924339e-17
6380.96	6.4642166e-16	2.5994343e-17
6382.43	6.362371e-16	2.594194e-17
6383.90	6.4912688e-16	2.6309554e-17
6385.37	6.7735737e-16	2.6756857e-17
6386.84	7.4294372e-16	2.7344711e-17
6388.31	7.065843e-16	2.6731618e-17
6389.78	7.0492962e-16	2.627999e-17
6391.25	6.95985e-16	2.5943945e-17
6392.72	6.3865109e-16	2.5113073e-17
6394.19	6.69169e-16	2.5376998e-17
6395.66	7.549026e-16	2.6186724e-17
6397.13	7.4097966e-16	2.6016863e-17
6398.60	7.266594e-16	2.5847518e-17
6400.07	7.071715e-16	2.5737381e-17
6401.54	7.3177834e-16	2.5947126e-17
6403.01	7.446876e-16	2.6040664e-17
6404.48	6.7531968e-16	2.5456207e-17
6405.95	6.9217108e-16	2.5456e-17
6407.42	7.1039478e-16	2.5493123e-17
6408.89	7.0733519e-16	2.5389914e-17
6410.36	7.0723964e-16	2.5591551e-17
6411.83	7.1262571e-16	2.5793324e-17
6413.30	7.4795656e-16	2.6179284e-17
6414.77	7.2653314e-16	2.6048033e-17
6416.24	6.6774148e-16	2.5381227e-17
6417.71	6.7540343e-16	2.5659601e-17
6419.18	6.9939796e-16	2.5995e-17
6420.65	7.004332e-16	2.5792837e-17
6422.12	7.3634379e-16	2.6107028e-17
6423.59	7.5415494e-16	2.6074397e-17
6425.06	7.0269949e-16	2.5297346e-17
6426.53	6.5679316e-16	2.4875e-17
6428.00	6.72489e-16	2.4992382e-17
6429.47	6.6903501e-16	2.4772164e-17
6430.94	6.5966185e-16	2.4665415e-17
6432.41	6.4422319e-16	2.4607066e-17
6433.88	6.2893774e-16	2.4368123e-17
6435.35	6.8225608e-16	2.4851846e-17
6436.82	6.8007423e-16	2.4861246e-17
6438.29	6.5717882e-16	2.467804e-17
6439.76	6.9917233e-16	2.4960176e-17
6441.23	6.950223e-16	2.4998675e-17
6442.70	6.5016534e-16	2.4558977e-17
6444.17	7.0533741e-16	2.4951632e-17
6445.64	7.202804e-16	2.5066938e-17
6447.11	7.5037002e-16	2.5507028e-17
6448.58	6.762927e-16	2.4910858e-17
6450.05	6.547481e-16	2.4761835e-17
6451.52	7.0150708e-16	2.5351106e-17
6452.99	6.7906954e-16	2.5086775e-17
6454.46	6.5483646e-16	2.4864103e-17
6455.93	6.7897558e-16	2.5102282e-17
6457.40	6.6174237e-16	2.4921673e-17
6458.87	6.8212564e-16	2.5196533e-17
6460.34	6.7593875e-16	2.5560429e-17
6461.81	6.3552051e-16	2.5679382e-17
6463.28	6.9999332e-16	2.6758284e-17
6464.75	7.0963441e-16	2.7349892e-17
6466.22	6.7882194e-16	2.7139498e-17
6467.69	7.2662478e-16	2.7587352e-17
6469.16	6.880581e-16	2.7138279e-17
6470.63	6.8811268e-16	2.6607268e-17
6472.10	7.2615404e-16	2.6541777e-17
6473.57	7.1774263e-16	2.6155693e-17
6475.04	6.9784027e-16	2.5446252e-17
6476.51	7.100458e-16	2.540276e-17
6477.98	7.0011503e-16	2.5213197e-17
6479.45	7.0991599e-16	2.5350152e-17
6480.92	7.1763638e-16	2.5281918e-17
6482.39	7.1977313e-16	2.4998103e-17
6483.86	7.3533704e-16	2.5184059e-17
6485.33	7.0215701e-16	2.477178e-17
6486.80	7.362844e-16	2.5050841e-17
6488.27	7.1138263e-16	2.4876076e-17
6489.74	6.6637273e-16	2.443904e-17
6491.21	6.7656068e-16	2.4539796e-17
6492.68	7.1567751e-16	2.4948536e-17
6494.15	7.1248473e-16	2.5533025e-17
6495.62	7.0553408e-16	2.664404e-17
6497.09	6.8674361e-16	2.7437608e-17
6498.56	6.9277787e-16	2.7769264e-17
6500.03	7.3780487e-16	2.7960266e-17
6501.50	6.8358338e-16	2.685679e-17
6502.97	6.7539548e-16	2.6079381e-17
6504.44	7.1682519e-16	2.6151524e-17
6505.91	7.0505339e-16	2.6009162e-17
6507.38	7.0399148e-16	2.5720282e-17
6508.85	7.1085721e-16	2.5256626e-17
6510.32	7.2511732e-16	2.5293001e-17
6511.79	6.9908753e-16	2.5112266e-17
6513.26	6.8527607e-16	2.4938077e-17
6514.73	6.9038749e-16	2.4973722e-17
6516.20	6.8803062e-16	2.4886283e-17
6517.67	7.0767951e-16	2.503347e-17
6519.14	7.4192796e-16	2.5637824e-17
6520.61	7.2080794e-16	2.5702205e-17
6522.08	7.2735572e-16	2.5874566e-17
6523.55	7.2637051e-16	2.5911571e-17
6525.02	7.0425586e-16	2.5417069e-17
6526.49	6.8994301e-16	2.4985016e-17
6527.96	6.7488642e-16	2.5021193e-17
6529.43	7.0463231e-16	2.60021e-17
6530.90	6.8869814e-16	2.680867e-17
6532.37	6.6023651e-16	2.6859455e-17
6533.84	6.9222243e-16	2.6980115e-17
6535.31	6.852621e-16	2.645425e-17
6536.78	6.728924e-16	2.5429081e-17
6538.25	6.853153e-16	2.4995432e-17
6539.72	7.11391e-16	2.5482544e-17
6541.19	7.3587872e-16	2.6196454e-17
6542.66	7.175314e-16	2.6312462e-17
6544.13	6.9566207e-16	2.6193132e-17
6545.60	6.6064472e-16	2.5739261e-17
6547.07	6.6920944e-16	2.5413736e-17
6548.54	7.0150829e-16	2.5614864e-17
6550.01	6.935825e-16	2.6322782e-17
6551.48	7.254311e-16	2.7549051e-17
6552.95	7.1882361e-16	2.7905324e-17
6554.42	6.8616111e-16	2.7559498e-17
6555.89	7.1080231e-16	2.7053271e-17
6557.36	6.8359619e-16	2.5780197e-17
6558.83	6.5012669e-16	2.5625808e-17
6560.30	6.601112e-16	2.6844737e-17
6561.77	6.4249032e-16	2.7361105e-17
6563.24	6.7101161e-16	2.7780942e-17
6564.71	7.140231e-16	2.7858853e-17
6566.18	7.2573571e-16	2.7031996e-17
6567.65	7.1892043e-16	2.6322126e-17
6569.12	6.823393e-16	2.597995e-17
6570.59	7.0568141e-16	2.5978762e-17
6572.06	7.290483e-16	2.5937546e-17
6573.53	7.4608674e-16	2.6591323e-17
6575.00	7.3088991e-16	2.7231867e-17
6576.47	7.2043937e-16	2.739077e-17
6577.94	7.4030531e-16	2.762587e-17
6579.41	7.0959317e-16	2.7049771e-17
6580.88	6.8146998e-16	2.5989208e-17
6582.35	7.0553361e-16	2.5757327e-17
6583.82	7.2997771e-16	2.5965174e-17
6585.29	7.3004843e-16	2.5834607e-17
6586.76	7.2929463e-16	2.5613007e-17
6588.23	7.2220951e-16	2.5491642e-17
6589.70	7.4759239e-16	2.5675287e-17
6591.17	7.5374317e-16	2.5691637e-17
6592.64	7.2729775e-16	2.5608254e-17
6594.11	7.2670133e-16	2.5802083e-17
6595.58	7.0566924e-16	2.5712631e-17
6597.05	7.2570405e-16	2.5963408e-17
6598.52	7.8394371e-16	2.6512537e-17
6599.99	7.8106221e-16	2.6583271e-17
6601.46	7.6556309e-16	2.6690603e-17
6602.93	7.8092933e-16	2.7036821e-17
6604.40	7.7863371e-16	2.7162637e-17
6605.87	7.6138288e-16	2.6764052e-17
6607.34	7.8077088e-16	2.627906e-17
6608.81	7.6616534e-16	2.568528e-17
6610.28	7.978404e-16	2.5904439e-17
6611.75	8.3871561e-16	2.6324487e-17
6613.22	8.1586732e-16	2.6115769e-17
6614.69	7.9272802e-16	2.5953576e-17
6616.16	7.920937e-16	2.5989818e-17
6617.63	8.4769644e-16	2.6444216e-17
6619.10	8.6554003e-16	2.6658372e-17
6620.57	8.5710941e-16	2.6595092e-17
6622.04	8.6126691e-16	2.6561523e-17
6623.51	9.174973e-16	2.7228644e-17
6624.98	9.4052993e-16	2.7643046e-17
6626.45	9.4813311e-16	2.7689721e-17
6627.92	9.633887e-16	2.7812751e-17
6629.39	9.158747e-16	2.7533527e-17
6630.86	9.4178968e-16	2.7933774e-17
6632.33	1.0269049e-15	2.8753493e-17
6633.80	1.053821e-15	2.8960562e-17
6635.27	1.09271e-15	2.9303435e-17
6636.74	1.180254e-15	2.9838125e-17
6638.21	1.206575e-15	2.9760679e-17
6639.68	1.213501e-15	2.9780243e-17
6641.15	1.2337189e-15	2.9967282e-17
6642.62	1.2263071e-15	2.9745175e-17
6644.09	1.142377e-15	2.89071e-17
6645.56	9.9216124e-16	2.7604518e-17
6647.03	9.287117e-16	2.7047122e-17
6648.50	1.006739e-15	2.7750094e-17
6649.97	1.20957e-15	2.9543916e-17
6651.44	1.479076e-15	3.1789184e-17
6652.91	1.8038799e-15	3.4240575e-17
6654.38	2.0971689e-15	3.620526e-17
6655.85	2.3307012e-15	3.7731164e-17
6657.32	2.514073e-15	3.8988316e-17
6658.79	2.5850338e-15	3.9497539e-17
6660.26	2.601722e-15	3.9719892e-17
6661.73	2.6238061e-15	3.9981855e-17
6663.20	2.628174e-15	4.00883e-17
6664.67	2.635716e-15	4.0128387e-17
6666.14	2.609933e-15	3.9876328e-17
6667.61	2.4964248e-15	3.9136004e-17
6669.08	2.3009059e-15	3.7802812e-17
6670.55	2.1075111e-15	3.6329829e-17
6672.02	1.9795471e-15	3.5285706e-17
6673.49	1.8591141e-15	3.430579e-17
6674.96	1.737851e-15	3.3399512e-17
6676.43	1.653626e-15	3.2813678e-17
6677.90	1.583343e-15	3.2223268e-17
6679.37	1.525171e-15	3.1723216e-17
6680.84	1.436082e-15	3.1061557e-17
6682.31	1.314969e-15	3.0136599e-17
6683.78	1.307174e-15	3.0020803e-17
6685.25	1.321512e-15	3.0160917e-17
6686.72	1.2891361e-15	2.9946605e-17
6688.19	1.27546e-15	2.9718528e-17
6689.66	1.255527e-15	2.9425379e-17
6691.13	1.23001e-15	2.9044098e-17
6692.60	1.1924731e-15	2.8701575e-17
6694.07	1.162238e-15	2.8624044e-17
6695.54	1.113068e-15	2.8336496e-17
6697.01	1.0711091e-15	2.800294e-17
6698.48	1.0254181e-15	2.7651987e-17
6699.95	1.004423e-15	2.7471023e-17
6701.42	1.01555e-15	2.7585279e-17
6702.89	1.009466e-15	2.7599259e-17
6704.36	9.8158254e-16	2.7338978e-17
6705.83	9.4209927e-16	2.6979268e-17
6707.30	9.6326355e-16	2.7025716e-17
6708.77	9.8244683e-16	2.7078049e-17
6710.24	9.3707075e-16	2.6637912e-17
6711.71	8.9686506e-16	2.6227564e-17
6713.18	9.0887218e-16	2.6473598e-17
6714.65	9.4942134e-16	2.7079307e-17
6716.12	9.2628071e-16	2.6818105e-17
6717.59	8.4828253e-16	2.5987995e-17
6719.06	8.402255e-16	2.5765307e-17
6720.53	8.2805142e-16	2.5533488e-17
6722.00	8.3495892e-16	2.5536733e-17
6723.47	8.4356774e-16	2.5648671e-17
6724.94	8.1151188e-16	2.5322383e-17
6726.41	7.9274925e-16	2.5109794e-17
6727.88	8.1120658e-16	2.5486956e-17
6729.35	7.7633201e-16	2.5243959e-17
6730.82	7.6054501e-16	2.5196101e-17
6732.29	7.8248581e-16	2.5353546e-17
6733.76	8.157246e-16	2.5547246e-17
6735.23	7.6018941e-16	2.5061004e-17
6736.70	7.4810188e-16	2.4962526e-17
6738.17	7.7171568e-16	2.5126163e-17
6739.64	7.5944296e-16	2.5065545e-17
6741.11	7.7109851e-16	2.5232017e-17
6742.58	7.364438e-16	2.4885905e-17
6744.05	7.3863211e-16	2.4872204e-17
6745.52	7.299389e-16	2.4721687e-17
6746.99	7.3852909e-16	2.4697896e-17
6748.46	7.4617361e-16	2.4724829e-17
6749.93	7.0858001e-16	2.4360099e-17
6751.40	6.9733856e-16	2.4201336e-17
6752.87	7.1351435e-16	2.4331189e-17
6754.34	7.2715004e-16	2.4455809e-17
6755.81	7.1048774e-16	2.4267551e-17
6757.28	7.3919199e-16	2.45266e-17
6758.75	7.1241405e-16	2.4263619e-17
6760.22	7.0141798e-16	2.4196756e-17
6761.69	7.3391996e-16	2.444247e-17
6763.16	7.3769439e-16	2.4486123e-17
6764.63	7.3329066e-16	2.4473618e-17
6766.10	6.6860832e-16	2.3864043e-17
6767.57	6.5298866e-16	2.3588116e-17
6769.04	7.2273319e-16	2.4186471e-17
6770.51	7.5907583e-16	2.4589231e-17
6771.98	6.9773047e-16	2.413193e-17
6773.45	6.8048605e-16	2.3856751e-17
6774.92	6.7390915e-16	2.3791174e-17
6776.39	6.7281256e-16	2.3834092e-17
6777.86	7.0830547e-16	2.4145853e-17
6779.33	6.782061e-16	2.3890207e-17
6780.80	6.8299501e-16	2.3937821e-17
6782.27	7.0660357e-16	2.4181824e-17
6783.74	6.9058051e-16	2.4010048e-17
6785.21	6.57237e-16	2.3662205e-17
6786.68	6.5787291e-16	2.3794378e-17
6788.15	6.5694705e-16	2.3779898e-17
6789.62	6.3571268e-16	2.3564684e-17
6791.09	6.2840061e-16	2.3417272e-17
6792.56	6.5698274e-16	2.3628106e-17
6794.03	6.6881081e-16	2.3733354e-17
6795.50	6.3852959e-16	2.3336941e-17
6796.97	6.3961353e-16	2.3327211e-17
6798.44	6.5801855e-16	2.3627595e-17
6799.91	6.3906931e-16	2.3487272e-17
6801.38	6.8456811e-16	2.3937209e-17
6802.85	6.8607461e-16	2.3881601e-17
6804.32	6.5994211e-16	2.3594424e-17
6805.79	6.5301153e-16	2.3573605e-17
6807.26	6.3636913e-16	2.330978e-17
6808.73	6.5761859e-16	2.3480164e-17
6810.20	6.7879569e-16	2.3789024e-17
6811.67	6.7009406e-16	2.3637131e-17
6813.14	6.5170228e-16	2.3440819e-17
6814.61	6.327739e-16	2.3368463e-17
6816.08	6.6006456e-16	2.3612948e-17
6817.55	6.5533753e-16	2.3579256e-17
6819.02	6.5182441e-16	2.3592863e-17
6820.49	6.9555021e-16	2.4067489e-17
6821.96	6.8330968e-16	2.4011641e-17
6823.43	6.4248598e-16	2.4344903e-17
6824.90	6.3874665e-16	2.6132318e-17
6826.37	6.8157766e-16	2.8510673e-17
6827.84	7.0354239e-16	2.971602e-17
6829.31	6.6190204e-16	2.9925663e-17
6830.78	6.0729239e-16	2.9903189e-17
6832.25	6.0251126e-16	2.9104792e-17
6833.72	6.6811566e-16	2.8615774e-17
6835.19	6.7000539e-16	2.7813714e-17
6836.66	6.3514485e-16	2.6115739e-17
6838.13	6.5649527e-16	2.510163e-17
6839.60	6.4422981e-16	2.4911306e-17
6841.07	6.3114294e-16	2.5110044e-17
6842.54	6.4027898e-16	2.4839888e-17
6844.01	6.466033e-16	2.4185248e-17
6845.48	6.279727e-16	2.3372414e-17
6846.95	6.6507518e-16	2.3797446e-17
6848.42	6.671456e-16	2.41369e-17
6849.89	6.1019528e-16	2.3148754e-17
6851.36	6.1654506e-16	2.3466262e-17
6852.83	6.3486644e-16	2.3725987e-17
6854.30	6.2214268e-16	2.3312764e-17
6855.77	6.4864989e-16	2.360555e-17
6857.24	6.5412538e-16	2.3739281e-17
6858.71	6.072123e-16	2.4252997e-17
6860.18	6.4696096e-16	2.7502797e-17
6861.65	6.830776e-16	3.0444165e-17
6863.12	6.1972059e-16	3.0316501e-17
6864.59	6.1695101e-16	3.0781993e-17
6866.06	6.7969301e-16	3.1504136e-17
6867.53	5.5764843e-16	2.9609728e-17
6869.00	6.1699299e-16	3.0348986e-17
6870.47	6.3081222e-16	3.0331976e-17
6871.94	6.491714e-16	2.973132e-17
6873.41	7.1899762e-16	2.9362458e-17
6874.88	6.7232414e-16	2.7871054e-17
6876.35	6.4524148e-16	2.7520132e-17
6877.82	6.1420297e-16	2.700454e-17
6879.29	5.9201716e-16	2.619149e-17
6880.76	6.0502118e-16	2.5726783e-17
6882.23	6.576575e-16	2.5722997e-17
6883.70	6.0138365e-16	2.5446253e-17
6885.17	5.7553141e-16	2.5891765e-17
6886.64	5.9761912e-16	2.7092616e-17
6888.11	5.9838351e-16	2.7295782e-17
6889.58	6.2057107e-16	2.7402249e-17
6891.05	6.0405731e-16	2.6915183e-17
6892.52	6.2440892e-16	2.5525402e-17
6893.99	6.2031727e-16	2.5179842e-17
6895.46	6.0962745e-16	2.5673024e-17
6896.93	6.2272888e-16	2.6113289e-17
6898.40	6.3653525e-16	2.6697875e-17
6899.87	5.7882648e-16	2.6336426e-17
6901.34	5.9951399e-16	2.633146e-17
6902.81	5.7413402e-16	2.5415309e-17
6904.28	5.7079486e-16	2.418527e-17
6905.75	6.1114242e-16	2.4598294e-17
6907.22	6.1849986e-16	2.492609e-17
6908.69	6.0720113e-16	2.5491335e-17
6910.16	5.969947e-16	2.6607716e-17
6911.63	5.7536222e-16	2.6751611e-17
6913.10	6.454877e-16	2.7112531e-17
6914.57	6.6819353e-16	2.6820495e-17
6916.04	5.9066434e-16	2.5019164e-17
6917.51	6.2878104e-16	2.4743593e-17
6918.98	6.7652797e-16	2.586049e-17
6920.45	6.1651939e-16	2.7428966e-17
6921.92	5.7236642e-16	2.8258973e-17
6923.39	6.0044408e-16	2.8442528e-17
6924.86	6.6644298e-16	2.8094142e-17
6926.33	6.2205618e-16	2.5595413e-17
6927.80	6.3058411e-16	2.459502e-17
6929.27	6.6516121e-16	2.4981582e-17
6930.74	6.6450783e-16	2.5054132e-17
6932.21	6.453859e-16	2.4520863e-17
6933.68	6.6193873e-16	2.4496315e-17
6935.15	6.3220739e-16	2.5110573e-17
6936.62	6.8327072e-16	2.6662551e-17
6938.09	6.728888e-16	2.7133202e-17
6939.56	6.5652661e-16	2.7583228e-17
6941.03	7.0391111e-16	2.7870032e-17
6942.50	6.6227971e-16	2.5976914e-17
6943.97	6.1925589e-16	2.5188222e-17
6945.44	6.1657667e-16	2.7289562e-17
6946.91	6.0521351e-16	2.9281239e-17
6948.38	6.3792211e-16	2.9910899e-17
6949.85	6.650349e-16	2.9912016e-17
6951.32	6.448924e-16	2.7893239e-17
6952.79	6.3123383e-16	2.5316748e-17
6954.26	6.673554e-16	2.47758e-17
6955.73	6.6960321e-16	2.5055328e-17
6957.20	6.2188513e-16	2.4735006e-17
6958.67	6.44217e-16	2.4694664e-17
6960.14	6.7224399e-16	2.5003498e-17
6961.61	6.2570101e-16	2.4410922e-17
6963.08	6.4078244e-16	2.4460664e-17
6964.55	6.4066158e-16	2.4546748e-17
6966.02	6.0648978e-16	2.4589304e-17
6967.49	5.9337141e-16	2.5376834e-17
6968.96	5.6356384e-16	2.5232053e-17
6970.43	6.1242594e-16	2.5311986e-17
6971.90	6.3544422e-16	2.5141289e-17
6973.37	6.0643398e-16	2.4833509e-17
6974.84	6.0506142e-16	2.573369e-17
6976.31	6.4198633e-16	2.7083937e-17
6977.78	6.7040821e-16	2.7654116e-17
6979.25	6.2015152e-16	2.7195653e-17
6980.72	6.2135859e-16	2.611624e-17
6982.19	6.1719077e-16	2.4564591e-17
6983.66	6.2843915e-16	2.4155683e-17
6985.13	6.4321279e-16	2.4555616e-17
6986.60	6.5454122e-16	2.5175669e-17
6988.07	6.5741938e-16	2.5222559e-17
6989.54	5.9219837e-16	2.4191694e-17
6991.01	5.938278e-16	2.3781638e-17
6992.48	6.019923e-16	2.3747966e-17
6993.95	6.0248982e-16	2.3749538e-17
6995.42	6.1612838e-16	2.3925912e-17
6996.89	6.6079375e-16	2.4537744e-17
6998.36	6.7283702e-16	2.4643214e-17
6999.83	6.4011561e-16	2.4511841e-17
7001.30	5.8701728e-16	2.4264473e-17
7002.77	6.0370495e-16	2.4779976e-17
7004.24	6.3996881e-16	2.5409036e-17
7005.71	6.6265203e-16	2.5553646e-17
7007.18	6.233622e-16	2.5157492e-17
7008.65	6.3601931e-16	2.5664328e-17
7010.12	6.0313833e-16	2.584934e-17
7011.59	6.0500509e-16	2.6282996e-17
7013.06	6.4931571e-16	2.5805508e-17
7014.53	6.690412e-16	2.4784466e-17
7016.00	6.0413211e-16	2.4181226e-17
7017.47	6.1354482e-16	2.4156968e-17
7018.94	6.1050339e-16	2.3836458e-17
7020.41	5.7521494e-16	2.3113916e-17
7021.88	6.0171092e-16	2.3441499e-17
7023.35	6.2186062e-16	2.3573514e-17
7024.82	6.1496932e-16	2.3552538e-17
7026.29	6.2091512e-16	2.3922098e-17
7027.76	6.1422462e-16	2.3980212e-17
7029.23	6.3116904e-16	2.4127548e-17
7030.70	6.0175317e-16	2.3586175e-17
7032.17	5.8944398e-16	2.2983673e-17
7033.64	5.6048853e-16	2.2484467e-17
7035.11	6.1234743e-16	2.3258864e-17
7036.58	6.2298961e-16	2.3970848e-17
7038.05	6.0709451e-16	2.4270429e-17
7039.52	5.9705621e-16	2.4147874e-17
7040.99	6.2207238e-16	2.4540258e-17
7042.46	6.0220183e-16	2.4306872e-17
7043.93	5.88868e-16	2.4076645e-17
7045.40	5.9191091e-16	2.4797941e-17
7046.87	6.2295006e-16	2.5853921e-17
7048.34	6.851578e-16	2.6759317e-17
7049.81	6.5813052e-16	2.6149447e-17
7051.28	6.2936877e-16	2.472521e-17
7052.75	6.2150391e-16	2.3909146e-17
7054.22	6.1768623e-16	2.3751664e-17
7055.69	6.1786861e-16	2.3902764e-17
7057.16	5.8082373e-16	2.3652165e-17
7058.63	5.6038143e-16	2.3313408e-17
7060.10	6.0094055e-16	2.3597385e-17
7061.57	6.2377121e-16	2.3914179e-17
7063.04	5.8623367e-16	2.3698709e-17
7064.51	5.9432294e-16	2.4159562e-17
7065.98	6.0374068e-16	2.4080075e-17
7067.45	5.8917521e-16	2.3589844e-17
7068.92	6.2776052e-16	2.3932811e-17
7070.39	6.2744839e-16	2.3755995e-17
7071.86	6.1568347e-16	2.3734473e-17
7073.33	6.430339e-16	2.3967822e-17
7074.80	6.3432672e-16	2.401111e-17
7076.27	6.0650714e-16	2.3854672e-17
7077.74	6.1143809e-16	2.3875083e-17
7079.21	5.953496e-16	2.3929248e-17
7080.68	6.0441799e-16	2.3987984e-17
7082.15	6.2255773e-16	2.4195971e-17
7083.62	5.86824e-16	2.4052331e-17
7085.09	5.854552e-16	2.4365136e-17
7086.56	6.020878e-16	2.4500142e-17
7088.03	5.7684865e-16	2.3955145e-17
7089.50	5.9430685e-16	2.4024012e-17
7090.97	6.5582029e-16	2.4638757e-17
7092.44	6.2830876e-16	2.4183194e-17
7093.91	5.8594499e-16	2.3315208e-17
7095.38	6.0300646e-16	2.3315373e-17
7096.85	6.1406368e-16	2.3377675e-17
7098.32	5.7542257e-16	2.3047752e-17
7099.79	5.4949468e-16	2.2835243e-17
7101.26	5.9686039e-16	2.3285825e-17
7102.73	6.1260933e-16	2.3409956e-17
7104.20	5.9722033e-16	2.3324448e-17
7105.67	6.0205223e-16	2.3440066e-17
7107.14	5.9520921e-16	2.3324283e-17
7108.61	6.0033571e-16	2.3387241e-17
7110.08	6.1531311e-16	2.3627531e-17
7111.55	6.2589504e-16	2.374787e-17
7113.02	6.1739067e-16	2.3537973e-17
7114.49	6.0161918e-16	2.3252555e-17
7115.96	6.2604332e-16	2.3584838e-17
7117.43	6.2045063e-16	2.3609558e-17
7118.90	5.8604759e-16	2.3255678e-17
7120.37	5.8792668e-16	2.3327644e-17
7121.84	5.9708575e-16	2.3410881e-17
7123.31	6.1048751e-16	2.3627569e-17
7124.78	6.0935217e-16	2.384128e-17
7126.25	6.0614731e-16	2.3831233e-17
7127.72	6.0577208e-16	2.3859224e-17
7129.19	5.9130189e-16	2.3790813e-17
7130.66	5.9568042e-16	2.3674962e-17
7132.13	6.3308751e-16	2.3965912e-17
7133.60	6.5620881e-16	2.4225248e-17
7135.07	6.4296519e-16	2.3940769e-17
7136.54	6.2327231e-16	2.3706669e-17
7138.01	6.081641e-16	2.3765699e-17
7139.48	6.3320234e-16	2.415426e-17
7140.95	6.487428e-16	2.4487403e-17
7142.42	6.5041013e-16	2.4839514e-17
7143.89	6.0873934e-16	2.4651852e-17
7145.36	5.8098472e-16	2.4309684e-17
7146.83	6.2973088e-16	2.4572203e-17
7148.30	6.3615356e-16	2.4431154e-17
7149.77	6.31281e-16	2.4178308e-17
7151.24	6.1147361e-16	2.3825962e-17
7152.71	5.4850386e-16	2.308278e-17
7154.18	5.4715713e-16	2.2969026e-17
7155.65	6.0407473e-16	2.366124e-17
7157.12	5.831833e-16	2.3606695e-17
7158.59	5.6534483e-16	2.3533357e-17
7160.06	6.079661e-16	2.3966305e-17
7161.53	6.3919991e-16	2.4239727e-17
7163.00	6.3014254e-16	2.4168568e-17
7164.47	5.909517e-16	2.3818497e-17
7165.94	5.749261e-16	2.4123297e-17
7167.41	6.1254638e-16	2.4923569e-17
7168.88	6.6419204e-16	2.5641973e-17
7170.35	6.3790607e-16	2.5832676e-17
7171.82	6.694292e-16	2.6576525e-17
7173.29	7.0927749e-16	2.7402467e-17
7174.76	6.7304513e-16	2.7561514e-17
7176.23	7.2158684e-16	2.8133807e-17
7177.70	7.4742256e-16	2.8044528e-17
7179.17	6.5577947e-16	2.6520334e-17
7180.64	5.9931901e-16	2.5772035e-17
7182.11	6.3252847e-16	2.7114495e-17
7183.58	6.6858047e-16	2.8690679e-17
7185.05	6.7452103e-16	2.9086187e-17
7186.52	6.5875203e-16	2.7793801e-17
7187.99	6.7250874e-16	2.6743883e-17
7189.46	6.9889493e-16	2.7247366e-17
7190.93	6.801799e-16	2.7308436e-17
7192.40	6.5605714e-16	2.6906858e-17
7193.87	6.4564811e-16	2.6805726e-17
7195.34	6.6521013e-16	2.6860371e-17
7196.81	7.0061457e-16	2.6842131e-17
7198.28	6.8637319e-16	2.6574235e-17
7199.75	6.8144044e-16	2.703722e-17
7201.22	6.9222751e-16	2.7765369e-17
7202.69	7.3745028e-16	2.7802448e-17
7204.16	7.2588188e-16	2.6690093e-17
7205.63	6.5200043e-16	2.5400855e-17
7207.10	6.721504e-16	2.5185983e-17
7208.57	6.6572041e-16	2.4720366e-17
7210.04	6.030333e-16	2.3770894e-17
7211.51	5.946527e-16	2.353152e-17
7212.98	6.0274002e-16	2.3674193e-17
7214.45	5.7355798e-16	2.3422858e-17
7215.92	6.2125213e-16	2.3760329e-17
7217.39	6.5127098e-16	2.4077634e-17
7218.86	6.3511568e-16	2.4151861e-17
7220.33	6.440513e-16	2.445602e-17
7221.80	6.199018e-16	2.4248028e-17
7223.27	5.7688571e-16	2.4025794e-17
7224.74	5.8284422e-16	2.4239721e-17
7226.21	5.9241082e-16	2.4374458e-17
7227.68	6.1307414e-16	2.4685841e-17
7229.15	6.0037229e-16	2.4790793e-17
7230.62	5.8206892e-16	2.5169302e-17
7232.09	6.2917459e-16	2.6205926e-17
7233.56	6.7368003e-16	2.7708647e-17
7235.03	7.1773231e-16	3.0268413e-17
7236.50	7.3035199e-16	3.4395527e-17
7237.97	7.1507548e-16	3.8059713e-17
7239.44	7.6044421e-16	4.0854034e-17
7240.91	7.6518362e-16	4.4083824e-17
7242.38	7.1274e-16	4.5140089e-17
7243.85	7.0747088e-16	4.2924022e-17
7245.32	7.5446527e-16	3.9693493e-17
7246.79	7.571681e-16	3.6506034e-17
7248.26	6.5795291e-16	3.1900434e-17
7249.73	6.4421927e-16	2.9744538e-17
7251.20	6.3278226e-16	2.9961367e-17
7252.67	6.132761e-16	3.0336395e-17
7254.14	6.8739461e-16	3.1520244e-17
7255.61	6.7447682e-16	2.9937507e-17
7257.08	6.5810971e-16	2.7414414e-17
7258.55	6.0169631e-16	2.5752417e-17
7260.02	5.674603e-16	2.5030085e-17
7261.49	5.8338928e-16	2.5452653e-17
7262.96	5.8049349e-16	2.5720241e-17
7264.43	6.0421719e-16	2.6258426e-17
7265.90	6.0492653e-16	2.6353919e-17
7267.37	5.8443701e-16	2.5704897e-17
7268.84	5.5741253e-16	2.5058634e-17
7270.31	5.4482451e-16	2.5130125e-17
7271.78	6.106116e-16	2.8986237e-17
7273.25	6.899662e-16	3.7010932e-17
7274.72	7.2568208e-16	4.3025805e-17
7276.19	7.0276471e-16	4.4116927e-17
7277.66	6.4309161e-16	4.1895844e-17
7279.13	6.3541691e-16	3.6061233e-17
7280.60	6.5933431e-16	3.0523853e-17
7282.07	6.0944868e-16	3.0102003e-17
7283.54	6.3118582e-16	3.1036226e-17
7285.01	6.322328e-16	3.1381098e-17
7286.48	6.6678857e-16	3.1423251e-17
7287.95	6.1701549e-16	2.9199621e-17
7289.42	6.341769e-16	2.7520484e-17
7290.89	6.7278705e-16	2.751365e-17
7292.36	6.1623971e-16	2.7605915e-17
7293.83	6.3220369e-16	2.7974702e-17
7295.30	6.0960728e-16	2.7347504e-17
7296.77	5.68965e-16	2.6608246e-17
7298.24	5.5508451e-16	2.6156677e-17
7299.71	6.0136549e-16	2.6842053e-17
7301.18	6.1073341e-16	2.9138441e-17
7302.65	5.7457739e-16	2.978847e-17
7304.12	5.5409285e-16	2.9445664e-17
7305.59	6.5348422e-16	2.9096081e-17
7307.06	5.6025538e-16	2.6528242e-17
7308.53	5.6477489e-16	2.5945417e-17
7310.00	5.6677166e-16	2.5888756e-17
7311.47	5.7783598e-16	2.641633e-17
7312.94	5.9777958e-16	3.0481272e-17
7314.41	6.4149453e-16	3.4931107e-17
7315.88	6.4561629e-16	3.5739381e-17
7317.35	6.8434619e-16	3.5797113e-17
7318.82	5.9257636e-16	3.3086026e-17
7320.29	5.1610956e-16	2.7189516e-17
7321.76	5.2125973e-16	2.4157971e-17
7323.23	5.7495088e-16	2.4267663e-17
7324.70	6.5972522e-16	2.5550169e-17
7326.17	4.33825e-16	3.202603e-17
7327.64	2.2755601e-16	3.6164198e-17
7329.11	2.021766e-16	3.6441387e-17
7330.58	2.301632e-16	3.6370595e-17
7332.05	4.8937689e-16	3.083632e-17
7333.52	6.4705551e-16	2.6316255e-17
7334.99	6.2432983e-16	2.5326515e-17
7336.46	5.9819653e-16	2.6782434e-17
7337.93	5.4591342e-16	3.2213443e-17
7339.40	6.186113e-16	3.6928844e-17
7340.87	6.1538839e-16	3.7831604e-17
7342.34	5.8753006e-16	3.734904e-17
7343.81	5.5901152e-16	3.3192076e-17
7345.28	5.0703286e-16	2.7163099e-17
7346.75	5.6407926e-16	2.5105757e-17
7348.22	6.2912546e-16	2.5605724e-17
7349.69	5.8757442e-16	2.5142073e-17
7351.16	5.5586961e-16	2.4687929e-17
7352.63	5.6970785e-16	2.4867273e-17
7354.10	5.8634103e-16	2.5566178e-17
7355.57	6.1223102e-16	2.7888447e-17
7357.04	6.0839026e-16	2.9781429e-17
7358.51	6.2518607e-16	3.0412143e-17
7359.98	5.8209539e-16	3.0039323e-17
7361.45	5.1211856e-16	2.7996535e-17
7362.92	5.4200161e-16	2.5930167e-17
7364.39	5.52499e-16	2.5416716e-17
7365.86	5.5438132e-16	2.8962553e-17
7367.33	5.566232e-16	3.3844756e-17
7368.80	5.6067832e-16	3.5534574e-17
7370.27	6.4420318e-16	3.627517e-17
7371.74	6.7532571e-16	3.4906292e-17
7373.21	6.1616019e-16	2.9928064e-17
7374.68	5.9846933e-16	2.5968111e-17
7376.15	5.775005e-16	2.5004975e-17
7377.62	5.400978e-16	2.4321124e-17
7379.09	5.4667019e-16	2.4241896e-17
7380.56	5.9011049e-16	2.4666528e-17
7382.03	5.8329023e-16	2.4591384e-17
7383.50	6.0744179e-16	2.4773143e-17
7384.97	6.4469398e-16	2.5079462e-17
7386.44	5.7901478e-16	2.4703948e-17
7387.91	5.3828446e-16	2.4998255e-17
7389.38	5.4731796e-16	2.6650735e-17
7390.85	5.9521598e-16	2.8854675e-17
7392.32	6.0244048e-16	2.9152886e-17
7393.79	5.715259e-16	2.8700985e-17
7395.26	5.9189339e-16	2.7874401e-17
7396.73	5.7885035e-16	2.5825578e-17
7398.20	6.1825162e-16	2.7245291e-17
7399.67	5.6899391e-16	3.0505255e-17
7401.14	5.655513e-16	3.2392043e-17
7402.61	5.8807438e-16	3.2772365e-17
7404.08	6.1763043e-16	3.2343531e-17
7405.55	5.968542e-16	2.9157115e-17
7407.02	5.9454338e-16	2.5691701e-17
7408.49	5.771808e-16	2.4659153e-17
7409.96	6.0791819e-16	2.5046813e-17
7411.43	6.2974369e-16	2.5285248e-17
7412.90	6.4541232e-16	2.553657e-17
7414.37	6.5550487e-16	2.5834131e-17
7415.84	6.1658503e-16	2.5408786e-17
7417.31	5.62298e-16	2.4723558e-17
