4000.00	4.89515e-17
4002.01	5.30771e-17
4004.02	3.88932e-17
4006.03	3.12132e-17
4008.04	2.57761e-17
4010.05	3.5363e-17
4012.06	3.88097e-17
4014.07	5.49083e-17
4016.08	4.16773e-17
4018.09	5.32427e-17
4020.10	4.84062e-17
4022.11	5.64766e-17
4024.12	5.37904e-17
4026.13	5.14062e-17
4028.14	4.98661e-17
4030.15	3.83386e-17
4032.16	2.01461e-17
4034.17	4.12572e-17
4036.18	6.62201e-17
4038.19	8.06298e-17
4040.20	8.18494e-17
4042.21	5.51452e-17
4044.22	4.73206e-17
4046.23	4.80624e-17
4048.24	5.16258e-17
4050.25	4.82417e-17
4052.26	5.03188e-17
4054.27	5.92108e-17
4056.28	6.3451e-17
4058.29	3.88758e-17
4060.30	4.51315e-17
4062.31	6.07221e-17
4064.32	5.63297e-17
4066.33	5.83576e-17
4068.34	5.02053e-17
4070.35	5.07599e-17
4072.36	4.99401e-17
4074.37	5.6962e-17
4076.38	4.834e-17
4078.39	5.02166e-17
4080.40	4.7073e-17
4082.41	4.37442e-17
4084.42	4.8868e-17
4086.43	4.59235e-17
4088.44	3.79837e-17
4090.45	5.34772e-17
4092.46	4.30222e-17
4094.47	5.38581e-17
4096.48	5.43189e-17
4098.49	4.50569e-17
4100.50	4.68793e-17
4102.51	4.67184e-17
4104.52	4.32357e-17
4106.53	4.60744e-17
4108.54	5.34551e-17
4110.55	4.9499e-17
4112.56	5.1502e-17
4114.57	4.46279e-17
4116.58	4.05578e-17
4118.59	3.38194e-17
4120.60	4.2453e-17
4122.61	5.26575e-17
4124.62	4.16114e-17
4126.63	4.00007e-17
4128.64	4.65001e-17
4130.65	5.03283e-17
4132.66	5.36291e-17
4134.67	4.70702e-17
4136.68	3.87678e-17
4138.69	4.00723e-17
4140.70	4.93699e-17
4142.71	4.89112e-17
4144.72	3.98416e-17
4146.73	4.2474e-17
4148.74	3.86883e-17
4150.75	4.22312e-17
4152.76	4.05448e-17
4154.77	3.80653e-17
4156.78	5.59061e-17
4158.79	4.83714e-17
4160.80	4.8063e-17
4162.81	5.12606e-17
4164.82	4.4814e-17
4166.83	4.70657e-17
4168.84	4.61442e-17
4170.85	3.18255e-17
4172.86	3.81611e-17
4174.87	3.99706e-17
4176.88	4.7572e-17
4178.89	3.80224e-17
4180.90	4.85275e-17
4182.91	4.25061e-17
4184.92	4.25195e-17
4186.93	4.51247e-17
4188.94	3.77486e-17
4190.95	4.12931e-17
4192.96	4.32749e-17
4194.97	5.38482e-17
4196.98	4.41611e-17
4198.99	4.07908e-17
4201.00	5.03473e-17
4203.01	4.37162e-17
4205.02	3.88599e-17
4207.03	4.32083e-17
4209.04	4.98724e-17
4211.05	5.23766e-17
4213.06	4.91936e-17
4215.07	4.16513e-17
4217.08	5.00266e-17
4219.09	4.84045e-17
4221.10	4.99875e-17
4223.11	4.66219e-17
4225.12	4.50029e-17
4227.13	4.92884e-17
4229.14	4.73329e-17
4231.15	4.05045e-17
4233.16	4.73556e-17
4235.17	4.72339e-17
4237.18	4.5031e-17
4239.19	4.59158e-17
4241.20	4.4093e-17
4243.21	4.21682e-17
4245.22	4.40103e-17
4247.23	5.23868e-17
4249.24	5.26135e-17
4251.25	7.05256e-17
4253.26	9.83244e-17
4255.27	1.14851e-16
4257.28	1.47614e-16
4259.29	1.49628e-16
4261.30	1.17833e-16
4263.31	8.22713e-17
4265.32	5.27154e-17
4267.33	4.4218e-17
4269.34	5.13435e-17
4271.35	5.07128e-17
4273.36	4.02518e-17
4275.37	4.0109e-17
4277.38	4.66585e-17
4279.39	4.64859e-17
4281.40	4.27056e-17
4283.41	3.58401e-17
4285.42	4.23086e-17
4287.43	4.23603e-17
4289.44	4.37005e-17
4291.45	4.97491e-17
4293.46	4.5626e-17
4295.47	4.40761e-17
4297.48	4.81427e-17
4299.49	4.99166e-17
4301.50	4.52083e-17
4303.51	4.23259e-17
4305.52	4.18169e-17
4307.53	3.23096e-17
4309.54	4.10236e-17
4311.55	4.4355e-17
4313.56	4.88364e-17
4315.57	4.50359e-17
4317.58	4.24957e-17
4319.59	5.04242e-17
4321.60	4.87469e-17
4323.61	5.23847e-17
4325.62	4.99087e-17
4327.63	4.98871e-17
4329.64	5.10779e-17
4331.65	5.10803e-17
4333.66	3.95772e-17
4335.67	3.64801e-17
4337.68	3.89498e-17
4339.69	3.84214e-17
4341.70	4.49685e-17
4343.71	3.92848e-17
4345.72	4.18717e-17
4347.73	4.38913e-17
4349.74	4.64291e-17
4351.75	4.15704e-17
4353.76	4.8399e-17
4355.77	4.56964e-17
4357.78	4.85029e-17
4359.79	4.88166e-17
4361.80	4.51549e-17
4363.81	4.34984e-17
4365.82	4.33754e-17
4367.83	4.23216e-17
4369.84	4.99438e-17
4371.85	4.69056e-17
4373.86	4.0466e-17
4375.87	4.16556e-17
4377.88	4.15607e-17
4379.89	4.12519e-17
4381.90	3.18641e-17
4383.91	3.3509e-17
4385.92	3.60959e-17
4387.93	4.59756e-17
4389.94	4.86395e-17
4391.95	4.10182e-17
4393.96	4.52752e-17
4395.97	4.93833e-17
4397.98	4.63303e-17
4399.99	4.53513e-17
4402.00	4.76188e-17
4404.01	4.61471e-17
4406.02	4.25928e-17
4408.03	4.48931e-17
4410.04	4.58921e-17
4412.05	4.65619e-17
4414.06	4.5425e-17
4416.07	4.54289e-17
4418.08	5.17229e-17
4420.09	5.10973e-17
4422.10	5.43519e-17
4424.11	5.39584e-17
4426.12	5.56881e-17
4428.13	5.12476e-17
4430.14	4.83068e-17
4432.15	4.64509e-17
4434.16	4.64496e-17
4436.17	4.81612e-17
4438.18	4.14858e-17
4440.19	3.75364e-17
4442.20	4.3784e-17
4444.21	4.69388e-17
4446.22	4.53743e-17
4448.23	4.36179e-17
4450.24	4.51864e-17
4452.25	4.13864e-17
4454.26	3.87385e-17
4456.27	4.53449e-17
4458.28	4.80642e-17
4460.29	4.69161e-17
4462.30	4.76302e-17
4464.31	4.94009e-17
4466.32	5.10717e-17
4468.33	5.52542e-17
4470.34	4.89019e-17
4472.35	4.64625e-17
4474.36	4.75069e-17
4476.37	5.09191e-17
4478.38	5.53116e-17
4480.39	5.39917e-17
4482.40	5.27021e-17
4484.41	5.30336e-17
4486.42	4.98556e-17
4488.43	4.53894e-17
4490.44	4.5906e-17
4492.45	4.3413e-17
4494.46	4.31523e-17
4496.47	4.41161e-17
4498.48	4.46503e-17
4500.49	4.37878e-17
4502.50	4.19996e-17
4504.51	4.44817e-17
4506.52	4.97045e-17
4508.53	4.55679e-17
4510.54	4.56912e-17
4512.55	4.65314e-17
4514.56	4.41892e-17
4516.57	5.02262e-17
4518.58	5.34057e-17
4520.59	4.51651e-17
4522.60	4.53423e-17
4524.61	4.64642e-17
4526.62	4.44699e-17
4528.63	4.40543e-17
4530.64	4.08823e-17
4532.65	3.69748e-17
4534.66	4.08362e-17
4536.67	4.67482e-17
4538.68	4.48339e-17
4540.69	3.65816e-17
4542.70	3.78591e-17
4544.71	3.73777e-17
4546.72	4.01887e-17
4548.73	4.18299e-17
4550.74	4.1582e-17
4552.75	4.13145e-17
4554.76	4.5062e-17
4556.77	4.44543e-17
4558.78	4.73821e-17
4560.79	4.50093e-17
4562.80	4.42076e-17
4564.81	4.86277e-17
4566.82	4.57745e-17
4568.83	4.66482e-17
4570.84	4.58967e-17
4572.85	4.4879e-17
4574.86	4.82495e-17
4576.87	4.81758e-17
4578.88	4.57209e-17
4580.89	4.61276e-17
4582.90	4.41022e-17
4584.91	4.66551e-17
4586.92	4.55506e-17
4588.93	4.3487e-17
4590.94	4.67445e-17
4592.95	4.403e-17
4594.96	4.49798e-17
4596.97	4.78447e-17
4598.98	4.42567e-17
4600.99	4.31101e-17
4603.00	4.38646e-17
4605.01	4.3431e-17
4607.02	4.32786e-17
4609.03	4.7003e-17
4611.04	4.86932e-17
4613.05	4.43897e-17
4615.06	4.37563e-17
4617.07	4.57648e-17
4619.08	4.22722e-17
4621.09	4.1872e-17
4623.10	4.47121e-17
4625.11	4.62767e-17
4627.12	4.48526e-17
4629.13	4.42437e-17
4631.14	4.43127e-17
4633.15	4.44465e-17
4635.16	4.73548e-17
4637.17	4.68566e-17
4639.18	4.52518e-17
4641.19	4.40471e-17
4643.20	4.59939e-17
4645.21	4.3658e-17
4647.22	4.3171e-17
4649.23	4.30312e-17
4651.24	4.09531e-17
4653.25	4.23492e-17
4655.26	4.56861e-17
4657.27	4.91818e-17
4659.28	4.85523e-17
4661.29	4.49346e-17
4663.30	4.43348e-17
4665.31	4.65846e-17
4667.32	4.5012e-17
4669.33	4.22809e-17
4671.34	4.11659e-17
4673.35	4.32338e-17
4675.36	4.04352e-17
4677.37	3.7256e-17
4679.38	3.90147e-17
4681.39	4.25998e-17
4683.40	4.32231e-17
4685.41	3.87641e-17
4687.42	3.808e-17
4689.43	3.87318e-17
4691.44	4.27608e-17
4693.45	4.64634e-17
4695.46	4.22276e-17
4697.47	3.88468e-17
4699.48	4.16607e-17
4701.49	4.35333e-17
4703.50	4.26475e-17
4705.51	4.13528e-17
4707.52	3.87692e-17
4709.53	3.69594e-17
4711.54	4.10379e-17
4713.55	4.06178e-17
4715.56	3.93386e-17
4717.57	4.12874e-17
4719.58	3.9842e-17
4721.59	3.91661e-17
4723.60	4.04669e-17
4725.61	4.24191e-17
4727.62	4.36912e-17
4729.63	4.3809e-17
4731.64	4.35773e-17
4733.65	4.09133e-17
4735.66	3.90323e-17
4737.67	3.83342e-17
4739.68	3.96389e-17
4741.69	4.03491e-17
4743.70	4.02292e-17
4745.71	4.30402e-17
4747.72	4.27375e-17
4749.73	3.9426e-17
4751.74	4.01899e-17
4753.75	4.39075e-17
4755.76	4.17614e-17
4757.77	3.77784e-17
4759.78	3.91807e-17
4761.79	4.20343e-17
4763.80	4.07142e-17
4765.81	3.99083e-17
4767.82	4.1424e-17
4769.83	4.19793e-17
4771.84	4.07964e-17
4773.85	3.82342e-17
4775.86	4.11116e-17
4777.87	3.99213e-17
4779.88	3.71587e-17
4781.89	3.7434e-17
4783.90	3.74149e-17
4785.91	3.63325e-17
4787.92	3.87066e-17
4789.93	4.30262e-17
4791.94	3.89819e-17
4793.95	3.56172e-17
4795.96	3.81302e-17
4797.97	3.93327e-17
4799.98	3.82344e-17
4801.99	3.63308e-17
4804.00	3.49724e-17
4806.01	3.56246e-17
4808.02	3.46811e-17
4810.03	3.30076e-17
4812.04	3.45639e-17
4814.05	3.86759e-17
4816.06	3.99212e-17
4818.07	3.75556e-17
4820.08	3.45873e-17
4822.09	3.34635e-17
4824.10	3.43901e-17
4826.11	3.73618e-17
4828.12	3.88006e-17
4830.13	3.89453e-17
4832.14	3.82152e-17
4834.15	3.60714e-17
4836.16	3.8098e-17
4838.17	3.81723e-17
4840.18	3.48152e-17
4842.19	3.75778e-17
4844.20	3.9812e-17
4846.21	3.75187e-17
4848.22	3.70116e-17
4850.23	3.67346e-17
4852.24	3.81309e-17
4854.25	4.05469e-17
4856.26	3.90771e-17
4858.27	3.90864e-17
4860.28	4.01845e-17
4862.29	3.94109e-17
4864.30	3.67712e-17
4866.31	3.53958e-17
4868.32	3.6953e-17
4870.33	3.93824e-17
4872.34	3.93408e-17
4874.35	3.86228e-17
4876.36	3.86611e-17
4878.37	3.83734e-17
4880.38	3.96495e-17
4882.39	3.94463e-17
4884.40	3.79714e-17
4886.41	3.86792e-17
4888.42	3.83291e-17
4890.43	3.61871e-17
4892.44	3.48969e-17
4894.45	3.45138e-17
4896.46	3.56635e-17
4898.47	3.68946e-17
4900.48	3.70185e-17
4902.49	3.8903e-17
4904.50	3.86234e-17
4906.51	3.80956e-17
4908.52	3.834e-17
4910.53	3.61846e-17
4912.54	3.51201e-17
4914.55	3.59773e-17
4916.56	3.69368e-17
4918.57	3.7997e-17
4920.58	4.06065e-17
4922.59	4.02612e-17
4924.60	3.68352e-17
4926.61	3.53144e-17
4928.62	3.47039e-17
4930.63	3.45647e-17
4932.64	3.44185e-17
4934.65	3.53111e-17
4936.66	3.70306e-17
4938.67	3.70886e-17
4940.68	3.60015e-17
4942.69	3.57579e-17
4944.70	3.60057e-17
4946.71	3.5405e-17
4948.72	3.56747e-17
4950.73	3.48872e-17
4952.74	3.45203e-17
4954.75	3.33357e-17
4956.76	3.35771e-17
4958.77	3.48057e-17
4960.78	3.56503e-17
4962.79	3.82084e-17
4964.80	4.00758e-17
4966.81	4.34482e-17
4968.82	4.34857e-17
4970.83	3.84707e-17
4972.84	3.23733e-17
4974.85	3.00662e-17
4976.86	3.21784e-17
4978.87	3.22942e-17
4980.88	3.23235e-17
4982.89	3.46391e-17
4984.90	3.58339e-17
4986.91	3.56504e-17
4988.92	3.53527e-17
4990.93	3.47433e-17
4992.94	3.55116e-17
4994.95	3.68458e-17
4996.96	3.54766e-17
4998.97	3.45392e-17
5000.98	3.63767e-17
5002.99	3.55658e-17
5005.00	3.53615e-17
5007.01	3.50902e-17
5009.02	3.35272e-17
5011.03	3.45842e-17
5013.04	3.52009e-17
5015.05	3.25667e-17
5017.06	3.1314e-17
5019.07	3.27551e-17
5021.08	3.27358e-17
5023.09	3.13014e-17
5025.10	3.24005e-17
5027.11	3.20973e-17
5029.12	3.12751e-17
5031.13	3.1218e-17
5033.14	3.1548e-17
5035.15	3.29504e-17
5037.16	3.20111e-17
5039.17	3.12213e-17
5041.18	3.24439e-17
5043.19	3.13504e-17
5045.20	3.17194e-17
5047.21	3.44144e-17
5049.22	3.60318e-17
5051.23	3.47156e-17
5053.24	3.39642e-17
5055.25	3.1037e-17
5057.26	3.31557e-17
5059.27	3.68125e-17
5061.28	3.46392e-17
5063.29	3.15488e-17
5065.30	3.28018e-17
5067.31	3.54756e-17
5069.32	3.44071e-17
5071.33	3.17362e-17
5073.34	3.12359e-17
5075.35	3.19636e-17
5077.36	3.1829e-17
5079.37	3.21519e-17
5081.38	3.24905e-17
5083.39	3.37068e-17
5085.40	3.46683e-17
5087.41	3.45814e-17
5089.42	3.38011e-17
5091.43	3.01716e-17
5093.44	3.02916e-17
5095.45	3.19491e-17
5097.46	3.19391e-17
5099.47	3.29891e-17
5101.48	3.34879e-17
5103.49	3.23414e-17
5105.50	3.291e-17
5107.51	3.41365e-17
5109.52	3.30612e-17
5111.53	3.25479e-17
5113.54	3.03142e-17
5115.55	3.10678e-17
5117.56	3.26553e-17
5119.57	3.46066e-17
5121.58	3.3672e-17
5123.59	3.40584e-17
5125.60	3.41552e-17
5127.61	3.34228e-17
5129.62	3.36944e-17
5131.63	3.15635e-17
5133.64	3.0976e-17
5135.65	3.1933e-17
5137.66	3.45694e-17
5139.67	3.298e-17
5141.68	3.21971e-17
5143.69	3.18993e-17
5145.70	2.99094e-17
5147.71	3.1576e-17
5149.72	3.5852e-17
5151.73	3.30078e-17
5153.74	3.3315e-17
5155.75	3.52606e-17
5157.76	3.24423e-17
5159.77	3.22723e-17
5161.78	3.14044e-17
5163.79	3.0275e-17
5165.80	3.15793e-17
5167.81	3.18851e-17
5169.82	3.39322e-17
5171.83	3.40114e-17
5173.84	3.10827e-17
5175.85	2.78205e-17
5177.86	2.85788e-17
5179.87	3.11688e-17
5181.88	3.17095e-17
5183.89	3.07832e-17
5185.90	3.26665e-17
5187.91	3.31366e-17
5189.92	3.19438e-17
5191.93	3.125e-17
5193.94	3.09812e-17
5195.95	3.15847e-17
5197.96	3.251e-17
5199.97	2.97822e-17
5201.98	2.99424e-17
5203.99	3.2014e-17
5206.00	3.26315e-17
5208.01	3.1886e-17
5210.02	3.11378e-17
5212.03	3.00849e-17
5214.04	2.89127e-17
5216.05	2.90561e-17
5218.06	2.98386e-17
5220.07	3.0053e-17
5222.08	3.02716e-17
5224.09	3.23135e-17
5226.10	3.10035e-17
5228.11	2.94154e-17
5230.12	3.00462e-17
5232.13	3.02665e-17
5234.14	2.88758e-17
5236.15	2.84562e-17
5238.16	3.01241e-17
5240.17	3.19169e-17
5242.18	3.25696e-17
5244.19	3.19331e-17
5246.20	3.03435e-17
5248.21	2.86419e-17
5250.22	3.03962e-17
5252.23	3.25035e-17
5254.24	3.12796e-17
5256.25	2.90018e-17
5258.26	3.17677e-17
5260.27	3.15374e-17
5262.28	2.88432e-17
5264.29	3.03356e-17
5266.30	3.01062e-17
5268.31	3.1487e-17
5270.32	3.26801e-17
5272.33	2.88234e-17
5274.34	2.86662e-17
5276.35	3.03884e-17
5278.36	2.86404e-17
5280.37	2.86866e-17
5282.38	3.05724e-17
5284.39	3.0239e-17
5286.40	3.06385e-17
5288.41	3.22742e-17
5290.42	3.23238e-17
5292.43	2.92943e-17
5294.44	2.8441e-17
5296.45	2.85964e-17
5298.46	2.77593e-17
5300.47	2.90898e-17
5302.48	2.87825e-17
5304.49	2.88315e-17
5306.50	2.80776e-17
5308.51	2.83695e-17
5310.52	2.93236e-17
5312.53	3.04563e-17
5314.54	2.98168e-17
5316.55	2.87804e-17
5318.56	2.56896e-17
5320.57	2.50968e-17
5322.58	2.69942e-17
5324.59	2.68943e-17
5326.60	2.7824e-17
5328.61	2.84189e-17
5330.62	2.77965e-17
5332.63	2.75735e-17
5334.64	2.83852e-17
5336.65	2.86053e-17
5338.66	2.93617e-17
5340.67	2.86235e-17
5342.68	2.52017e-17
5344.69	2.32958e-17
5346.70	2.66256e-17
5348.71	2.75607e-17
5350.72	2.85916e-17
5352.73	2.82015e-17
5354.74	2.53448e-17
5356.75	2.71004e-17
5358.76	2.93142e-17
5360.77	2.87077e-17
5362.78	2.81394e-17
5364.79	2.75283e-17
5366.80	2.60984e-17
5368.81	2.52321e-17
5370.82	2.72881e-17
5372.83	2.76695e-17
5374.84	2.70658e-17
5376.85	2.60893e-17
5378.86	2.53742e-17
5380.87	2.59886e-17
5382.88	2.75622e-17
5384.89	2.58182e-17
5386.90	2.45128e-17
5388.91	2.58061e-17
5390.92	2.77441e-17
5392.93	2.73715e-17
5394.94	2.70176e-17
5396.95	2.70166e-17
5398.96	2.64447e-17
5400.97	2.66711e-17
5402.98	2.60473e-17
5404.99	2.63766e-17
5407.00	2.59616e-17
5409.01	2.4513e-17
5411.02	2.63146e-17
5413.03	2.81861e-17
5415.04	2.76441e-17
5417.05	2.51358e-17
5419.06	2.5103e-17
5421.07	2.76713e-17
5423.08	2.74534e-17
5425.09	2.82129e-17
5427.10	2.76367e-17
5429.11	2.57417e-17
5431.12	2.53717e-17
5433.13	2.48311e-17
5435.14	2.5975e-17
5437.15	2.71781e-17
5439.16	2.57507e-17
5441.17	2.79238e-17
5443.18	2.58755e-17
5445.19	2.75677e-17
5447.20	2.74306e-17
5449.21	2.59522e-17
5451.22	2.64073e-17
5453.23	2.52096e-17
5455.24	2.54012e-17
5457.25	2.78159e-17
5459.26	2.98494e-17
5461.27	2.99926e-17
5463.28	2.3799e-17
5465.29	2.76109e-17
5467.30	2.84851e-17
5469.31	2.85713e-17
5471.32	2.86894e-17
5473.33	2.69444e-17
5475.34	2.85683e-17
5477.35	2.74335e-17
5479.36	2.70163e-17
5481.37	2.84455e-17
5483.38	2.63722e-17
5485.39	2.55648e-17
5487.40	2.60617e-17
5489.41	2.80929e-17
5491.42	2.81661e-17
5493.43	2.50868e-17
5495.44	2.67764e-17
5497.45	2.61242e-17
5499.46	2.50488e-17
5501.47	2.69739e-17
5503.48	2.58215e-17
5505.49	2.60845e-17
5507.50	2.59512e-17
5509.51	2.59588e-17
5511.52	2.79853e-17
5513.53	2.80355e-17
5515.54	2.515e-17
5517.55	2.67314e-17
5519.56	2.62512e-17
5521.57	2.68944e-17
5523.58	2.68883e-17
5525.59	2.68983e-17
5527.60	2.78092e-17
5529.61	2.77881e-17
5531.62	2.66474e-17
5533.63	2.70949e-17
5535.64	2.4797e-17
5537.65	2.6972e-17
5539.66	2.79475e-17
5541.67	2.60565e-17
5543.68	2.53451e-17
5545.69	2.60825e-17
5547.70	2.74075e-17
5549.71	2.54163e-17
5551.72	2.37326e-17
5553.73	2.45288e-17
5555.74	2.66082e-17
5557.75	2.97052e-17
5559.76	3.4269e-17
5561.77	4.07339e-17
5563.78	4.60104e-17
5565.79	4.02751e-17
5567.80	3.09988e-17
5569.81	2.646e-17
5571.82	2.5053e-17
5573.83	2.17056e-17
5575.84	2.54108e-17
5577.85	2.58343e-17
5579.86	2.18898e-17
5581.87	2.23158e-17
5583.88	2.33506e-17
5585.89	2.58391e-17
5587.90	2.69239e-17
5589.91	2.5371e-17
5591.92	2.3927e-17
5593.93	2.22096e-17
5595.94	2.52824e-17
5597.95	2.56192e-17
5599.96	2.31204e-17
5601.97	2.47846e-17
5603.98	2.44593e-17
5605.99	2.35754e-17
5608.00	2.45592e-17
5610.01	2.37718e-17
5612.02	2.40523e-17
5614.03	2.38665e-17
5616.04	2.34966e-17
5618.05	2.51739e-17
5620.06	2.52667e-17
5622.07	2.35551e-17
5624.08	2.23802e-17
5626.09	2.4414e-17
5628.10	2.35668e-17
5630.11	2.38646e-17
5632.12	2.4254e-17
5634.13	2.43696e-17
5636.14	2.46709e-17
5638.15	2.40981e-17
5640.16	2.33606e-17
5642.17	2.26114e-17
5644.18	2.18316e-17
5646.19	2.45802e-17
5648.20	2.38875e-17
5650.21	2.31984e-17
5652.22	2.28604e-17
5654.23	2.13036e-17
5656.24	2.46733e-17
5658.25	2.49355e-17
5660.26	2.43719e-17
5662.27	2.2233e-17
5664.28	2.28617e-17
5666.29	2.27652e-17
5668.30	2.62516e-17
5670.31	2.97929e-17
5672.32	3.2528e-17
5674.33	3.51139e-17
5676.34	3.96257e-17
5678.35	3.54063e-17
5680.36	2.7777e-17
5682.37	2.48798e-17
5684.38	2.43329e-17
5686.39	2.41001e-17
5688.40	2.39653e-17
5690.41	2.51124e-17
5692.42	2.04064e-17
5694.43	2.30644e-17
5696.44	2.42123e-17
5698.45	2.19164e-17
5700.46	2.1584e-17
5702.47	2.2464e-17
5704.48	2.40925e-17
5706.49	2.49862e-17
5708.50	2.49569e-17
5710.51	2.30386e-17
5712.52	2.20437e-17
5714.53	2.22345e-17
5716.54	2.2336e-17
5718.55	2.17734e-17
5720.56	2.39791e-17
5722.57	2.56912e-17
5724.58	3.31239e-17
5726.59	4.48783e-17
5728.60	5.62304e-17
5730.61	6.62126e-17
5732.62	5.43132e-17
5734.63	3.37036e-17
5736.64	2.47197e-17
5738.65	2.11353e-17
5740.66	2.09534e-17
5742.67	2.20361e-17
5744.68	2.2202e-17
5746.69	2.23281e-17
5748.70	2.12331e-17
5750.71	2.27297e-17
5752.72	1.99041e-17
5754.73	2.31567e-17
5756.74	2.27477e-17
5758.75	2.03652e-17
5760.76	2.04283e-17
5762.77	2.15736e-17
5764.78	2.13285e-17
5766.79	1.95034e-17
5768.80	2.12059e-17
5770.81	2.14214e-17
5772.82	2.06518e-17
5774.83	2.13837e-17
5776.84	1.95072e-17
5778.85	2.23748e-17
5780.86	2.24822e-17
5782.87	2.24621e-17
5784.88	2.02025e-17
5786.89	1.9593e-17
5788.90	2.06248e-17
5790.91	2.0825e-17
5792.92	2.23401e-17
5794.93	2.16598e-17
5796.94	2.05387e-17
5798.95	2.01043e-17
5800.96	2.13759e-17
5802.97	2.12601e-17
5804.98	2.2754e-17
5806.99	2.18567e-17
5809.00	2.20526e-17
5811.01	2.04918e-17
5813.02	2.234e-17
5815.03	2.25334e-17
5817.04	1.92527e-17
5819.05	1.84468e-17
5821.06	2.24355e-17
5823.07	2.05835e-17
5825.08	2.04728e-17
5827.09	2.02151e-17
5829.10	1.93719e-17
5831.11	1.85036e-17
5833.12	1.93262e-17
5835.13	1.84898e-17
5837.14	1.89529e-17
5839.15	1.98007e-17
5841.16	2.15577e-17
5843.17	2.09027e-17
5845.18	2.10628e-17
5847.19	2.17929e-17
5849.20	2.25624e-17
5851.21	2.38814e-17
5853.22	2.13927e-17
5855.23	2.26655e-17
5857.24	2.18463e-17
5859.25	1.99081e-17
5861.26	1.9877e-17
5863.27	2.09617e-17
5865.28	2.00344e-17
5867.29	1.84067e-17
5869.30	2.0351e-17
5871.31	1.97088e-17
5873.32	2.19071e-17
5875.33	2.13464e-17
5877.34	2.06826e-17
5879.35	2.16968e-17
5881.36	2.16745e-17
5883.37	2.27166e-17
5885.38	2.9025e-17
5887.39	1.75174e-17
5889.40	9.21954e-18
5891.41	1.87501e-17
5893.42	1.97584e-17
5895.43	2.15358e-17
5897.44	1.93656e-17
5899.45	1.86526e-17
5901.46	1.76636e-17
5903.47	1.87809e-17
5905.48	2.10161e-17
5907.49	2.20648e-17
5909.50	2.17155e-17
5911.51	2.24154e-17
5913.52	1.90422e-17
5915.53	1.97224e-17
5917.54	1.982e-17
5919.55	1.97598e-17
5921.56	1.83722e-17
5923.57	2.14861e-17
5925.58	2.2308e-17
5927.59	2.07251e-17
5929.60	1.98075e-17
5931.61	1.82314e-17
5933.62	1.9359e-17
5935.63	2.02731e-17
5937.64	2.06608e-17
5939.65	2.02956e-17
5941.66	2.0964e-17
5943.67	1.98672e-17
5945.68	1.88865e-17
5947.69	1.89559e-17
5949.70	1.99358e-17
5951.71	2.0347e-17
5953.72	1.81021e-17
5955.73	1.60135e-17
5957.74	1.42242e-17
5959.75	1.81967e-17
5961.76	1.95376e-17
5963.77	2.05035e-17
5965.78	1.94805e-17
5967.79	2.01065e-17
5969.80	2.0733e-17
5971.81	1.93481e-17
5973.82	1.96425e-17
5975.83	1.95799e-17
5977.84	1.92435e-17
5979.85	1.95211e-17
5981.86	2.04545e-17
5983.87	2.17198e-17
5985.88	2.06724e-17
5987.89	1.87681e-17
5989.90	1.91087e-17
5991.91	1.80958e-17
5993.92	1.8191e-17
5995.93	2.04465e-17
5997.94	2.04235e-17
5999.95	2.12327e-17
6001.96	1.93071e-17
6003.97	1.94344e-17
6005.98	2.08841e-17
6007.99	1.95397e-17
6010.00	1.95385e-17
6012.01	1.86574e-17
6014.02	1.9083e-17
6016.03	2.04307e-17
6018.04	2.0805e-17
6020.05	2.06788e-17
6022.06	1.94577e-17
6024.07	1.8929e-17
6026.08	1.98478e-17
6028.09	1.93914e-17
6030.10	1.79763e-17
6032.11	1.82117e-17
6034.12	1.96658e-17
6036.13	1.82307e-17
6038.14	1.79258e-17
6040.15	1.83881e-17
6042.16	1.89868e-17
6044.17	2.01469e-17
6046.18	1.92257e-17
6048.19	1.80189e-17
6050.20	2.01059e-17
6052.21	2.0716e-17
6054.22	1.85568e-17
6056.23	1.88867e-17
6058.24	1.97542e-17
6060.25	1.97734e-17
6062.26	1.83269e-17
6064.27	1.89831e-17
6066.28	1.81218e-17
6068.29	1.88834e-17
6070.30	1.9449e-17
6072.31	1.92306e-17
6074.32	1.89841e-17
6076.33	1.85044e-17
6078.34	1.90859e-17
6080.35	2.00156e-17
6082.36	1.88574e-17
6084.37	1.66263e-17
6086.38	1.90776e-17
6088.39	2.00476e-17
6090.40	1.79417e-17
6092.41	1.80174e-17
6094.42	1.91159e-17
6096.43	1.98882e-17
6098.44	1.91736e-17
6100.45	1.83594e-17
6102.46	2.01638e-17
6104.47	1.82704e-17
6106.48	1.61284e-17
6108.49	1.79077e-17
6110.50	1.95839e-17
6112.51	1.91857e-17
6114.52	1.78336e-17
6116.53	1.81255e-17
6118.54	1.83703e-17
6120.55	1.9239e-17
6122.56	1.93168e-17
6124.57	1.75867e-17
6126.58	1.68734e-17
6128.59	1.82963e-17
6130.60	1.95108e-17
6132.61	1.89506e-17
6134.62	1.87507e-17
6136.63	1.83175e-17
6138.64	1.87222e-17
6140.65	1.76402e-17
6142.66	1.85044e-17
6144.67	1.90625e-17
6146.68	1.82133e-17
6148.69	1.93371e-17
6150.70	1.96105e-17
6152.71	1.86573e-17
6154.72	1.7871e-17
6156.73	1.80498e-17
6158.74	1.90181e-17
6160.75	1.87161e-17
6162.76	1.72236e-17
6164.77	1.73059e-17
6166.78	1.80084e-17
6168.79	1.73269e-17
6170.80	1.71162e-17
6172.81	1.87856e-17
6174.82	2.04585e-17
6176.83	1.9693e-17
6178.84	1.85241e-17
6180.85	1.75552e-17
6182.86	1.6577e-17
6184.87	1.6495e-17
6186.88	1.64821e-17
6188.89	1.81105e-17
6190.90	2.02285e-17
6192.91	1.92772e-17
6194.92	1.71149e-17
6196.93	1.61987e-17
6198.94	1.63615e-17
6200.95	1.68621e-17
6202.96	1.75e-17
6204.97	1.84176e-17
6206.98	1.79839e-17
6208.99	1.74037e-17
6211.00	1.69042e-17
6213.01	1.61564e-17
6215.02	1.70679e-17
6217.03	1.73416e-17
6219.04	1.66818e-17
6221.05	1.70172e-17
6223.06	1.68235e-17
6225.07	1.69433e-17
6227.08	1.69799e-17
6229.09	1.63727e-17
6231.10	1.56109e-17
6233.11	1.65308e-17
6235.12	1.70901e-17
6237.13	1.67611e-17
6239.14	1.85507e-17
6241.15	1.89179e-17
6243.16	1.80187e-17
6245.17	1.70063e-17
6247.18	1.47027e-17
6249.19	1.47634e-17
6251.20	1.6067e-17
6253.21	1.73858e-17
6255.22	1.703e-17
6257.23	1.74746e-17
6259.24	1.67292e-17
6261.25	1.6591e-17
6263.26	1.72175e-17
6265.27	1.70426e-17
6267.28	1.66311e-17
6269.29	1.66663e-17
6271.30	1.65486e-17
6273.31	1.78085e-17
6275.32	1.75942e-17
6277.33	1.65538e-17
6279.34	1.55647e-17
6281.35	1.65113e-17
6283.36	1.89682e-17
6285.37	1.86456e-17
6287.38	1.72571e-17
6289.39	1.64905e-17
6291.40	1.76582e-17
6293.41	1.81272e-17
6295.42	1.66359e-17
6297.43	1.58021e-17
6299.44	1.6457e-17
6301.45	1.78847e-17
6303.46	1.9636e-17
6305.47	1.95346e-17
6307.48	1.8531e-17
6309.49	1.75317e-17
6311.50	1.65603e-17
6313.51	1.69074e-17
6315.52	1.784e-17
6317.53	1.64851e-17
6319.54	1.75759e-17
6321.55	1.72644e-17
6323.56	1.49975e-17
6325.57	1.6574e-17
6327.58	1.74356e-17
6329.59	1.62059e-17
6331.60	1.61011e-17
6333.61	1.68864e-17
6335.62	1.66111e-17
6337.63	1.69982e-17
6339.64	1.70476e-17
6341.65	1.62969e-17
6343.66	1.50301e-17
6345.67	1.51021e-17
6347.68	1.66263e-17
6349.69	1.78951e-17
6351.70	1.76792e-17
6353.71	1.55486e-17
6355.72	1.31666e-17
6357.73	1.289e-17
6359.74	1.57337e-17
6361.75	1.65054e-17
6363.76	1.57889e-17
6365.77	1.60714e-17
6367.78	1.63334e-17
6369.79	1.57984e-17
6371.80	1.54351e-17
6373.81	1.51212e-17
6375.82	1.51078e-17
6377.83	1.492e-17
6379.84	1.57503e-17
6381.85	1.60815e-17
6383.86	1.5375e-17
6385.87	1.53496e-17
6387.88	1.51093e-17
6389.89	1.52364e-17
6391.90	1.60896e-17
6393.91	1.63233e-17
6395.92	1.5838e-17
6397.93	1.54131e-17
6399.94	1.50757e-17
6401.95	1.47507e-17
6403.96	1.47968e-17
6405.97	1.55627e-17
6407.98	1.57478e-17
6409.99	1.57722e-17
6412.00	1.5974e-17
6414.01	1.53255e-17
6416.02	1.44242e-17
6418.03	1.48101e-17
6420.04	1.58046e-17
6422.05	1.54373e-17
6424.06	1.59791e-17
6426.07	1.60545e-17
6428.08	1.56299e-17
6430.09	1.44682e-17
6432.10	1.3804e-17
6434.11	1.57629e-17
6436.12	1.45841e-17
6438.13	1.35375e-17
6440.14	1.51621e-17
6442.15	1.57306e-17
6444.16	1.56246e-17
6446.17	1.46254e-17
6448.18	1.43767e-17
6450.19	1.5382e-17
6452.20	1.59707e-17
6454.21	1.58796e-17
6456.22	1.48336e-17
6458.23	1.42531e-17
6460.24	1.75031e-17
6462.25	1.78932e-17
6464.26	1.46835e-17
6466.27	1.52327e-17
6468.28	1.52535e-17
6470.29	1.36447e-17
6472.30	1.46036e-17
6474.31	1.49629e-17
6476.32	1.55435e-17
6478.33	1.45755e-17
6480.34	1.28645e-17
6482.35	1.43273e-17
6484.36	1.5346e-17
6486.37	1.47733e-17
6488.38	1.47886e-17
6490.39	1.50892e-17
6492.40	1.63837e-17
6494.41	1.55051e-17
6496.42	1.32547e-17
6498.43	1.52996e-17
6500.44	1.67581e-17
6502.45	1.52904e-17
6504.46	1.54105e-17
6506.47	1.50875e-17
6508.48	1.46835e-17
6510.49	1.52739e-17
6512.50	1.48339e-17
6514.51	1.35165e-17
6516.52	1.32276e-17
6518.53	1.38507e-17
6520.54	1.41025e-17
6522.55	1.41072e-17
6524.56	1.38361e-17
6526.57	1.40833e-17
6528.58	1.53441e-17
6530.59	1.54992e-17
6532.60	1.37796e-17
6534.61	1.3154e-17
6536.62	1.40515e-17
6538.63	1.51622e-17
6540.64	1.55669e-17
6542.65	1.54162e-17
6544.66	1.48251e-17
6546.67	1.41324e-17
6548.68	1.42282e-17
6550.69	1.45241e-17
6552.70	1.38356e-17
6554.71	1.37595e-17
6556.72	1.46142e-17
6558.73	1.46077e-17
6560.74	1.51283e-17
6562.75	1.60143e-17
6564.76	1.46142e-17
6566.77	1.40311e-17
6568.78	1.38695e-17
6570.79	1.40673e-17
6572.80	1.53689e-17
6574.81	1.59638e-17
6576.82	1.5319e-17
6578.83	1.56715e-17
6580.84	1.55727e-17
6582.85	1.41538e-17
6584.86	1.49879e-17
6586.87	1.49989e-17
6588.88	1.35712e-17
6590.89	1.28171e-17
6592.90	1.31616e-17
6594.91	1.4059e-17
6596.92	1.44345e-17
6598.93	1.33512e-17
6600.94	1.41946e-17
6602.95	1.36154e-17
6604.96	1.36436e-17
6606.97	1.47487e-17
6608.98	1.46386e-17
6610.99	1.4728e-17
6613.00	1.46052e-17
6615.01	1.47729e-17
6617.02	1.39716e-17
6619.03	1.24009e-17
6621.04	1.40883e-17
6623.05	1.47961e-17
6625.06	1.48792e-17
6627.07	1.47084e-17
6629.08	1.29599e-17
6631.09	1.28807e-17
6633.10	1.46342e-17
6635.11	1.48327e-17
6637.12	1.3477e-17
6639.13	1.37812e-17
6641.14	1.45057e-17
6643.15	1.38939e-17
6645.16	1.4559e-17
6647.17	1.52503e-17
6649.18	1.39162e-17
6651.19	1.3212e-17
6653.20	1.41581e-17
6655.21	1.55009e-17
6657.22	1.48097e-17
6659.23	1.35034e-17
6661.24	1.37802e-17
6663.25	1.38501e-17
6665.26	1.33919e-17
6667.27	1.36897e-17
6669.28	1.43969e-17
6671.29	1.39226e-17
6673.30	1.34997e-17
6675.31	1.42707e-17
6677.32	1.49108e-17
6679.33	1.4821e-17
6681.34	1.4766e-17
6683.35	1.50626e-17
6685.36	1.5029e-17
6687.37	1.53283e-17
6689.38	1.41165e-17
6691.39	1.34032e-17
6693.40	1.39303e-17
6695.41	1.39756e-17
6697.42	1.40666e-17
6699.43	1.40652e-17
6701.44	1.37094e-17
6703.45	1.34085e-17
6705.46	1.37031e-17
6707.47	1.41471e-17
6709.48	1.51515e-17
6711.49	1.49712e-17
6713.50	1.35533e-17
6715.51	1.5088e-17
6717.52	1.59862e-17
6719.53	1.52182e-17
6721.54	1.6048e-17
6723.55	1.51503e-17
6725.56	1.36275e-17
6727.57	1.42377e-17
6729.58	1.52563e-17
6731.59	1.41255e-17
6733.60	1.33444e-17
6735.61	1.3267e-17
6737.62	1.32562e-17
6739.63	1.26506e-17
6741.64	1.31151e-17
6743.65	1.27806e-17
6745.66	1.2621e-17
6747.67	1.27505e-17
6749.68	1.20198e-17
6751.69	1.24946e-17
6753.70	1.36255e-17
6755.71	1.42421e-17
6757.72	1.42071e-17
6759.73	1.41893e-17
6761.74	1.4184e-17
6763.75	1.38792e-17
6765.76	1.43742e-17
6767.77	1.40245e-17
6769.78	1.34662e-17
6771.79	1.41093e-17
6773.80	1.36049e-17
6775.81	1.31145e-17
6777.82	1.43077e-17
6779.83	1.41994e-17
6781.84	1.28515e-17
6783.85	1.37102e-17
6785.86	1.51206e-17
6787.87	1.52322e-17
6789.88	1.47465e-17
6791.89	1.3163e-17
6793.90	1.28555e-17
6795.91	1.37288e-17
6797.92	1.34906e-17
6799.93	1.34616e-17
6801.94	1.45697e-17
6803.95	1.47092e-17
6805.96	1.2916e-17
6807.97	1.29075e-17
6809.98	1.29987e-17
6811.99	1.20924e-17
6814.00	1.29612e-17
6816.01	1.47715e-17
6818.02	1.45877e-17
6820.03	1.35991e-17
6822.04	1.3101e-17
6824.05	1.36107e-17
6826.06	1.25595e-17
6828.07	1.28756e-17
6830.08	1.24396e-17
6832.09	1.25444e-17
6834.10	1.19963e-17
6836.11	1.0501e-17
6838.12	1.27725e-17
6840.13	1.39452e-17
6842.14	1.42401e-17
6844.15	1.39873e-17
6846.16	1.46506e-17
6848.17	1.4165e-17
6850.18	1.35578e-17
6852.19	1.46442e-17
6854.20	1.34696e-17
6856.21	1.29543e-17
6858.22	1.22901e-17
6860.23	1.21318e-17
6862.24	1.50007e-17
6864.25	1.66945e-17
6866.26	1.35709e-17
6868.27	1.24447e-17
6870.28	1.35782e-17
6872.29	1.39234e-17
6874.30	1.30958e-17
6876.31	1.38028e-17
6878.32	1.3577e-17
6880.33	1.29403e-17
6882.34	1.33401e-17
6884.35	1.37447e-17
6886.36	1.48829e-17
6888.37	1.42956e-17
6890.38	1.30171e-17
6892.39	1.32902e-17
6894.40	1.38615e-17
6896.41	1.30819e-17
6898.42	1.27075e-17
6900.43	1.39941e-17
6902.44	1.47264e-17
6904.45	1.43961e-17
6906.46	1.36528e-17
6908.47	1.41368e-17
6910.48	1.32285e-17
6912.49	1.16276e-17
6914.50	1.08781e-17
6916.51	1.12023e-17
6918.52	1.24114e-17
6920.53	1.1804e-17
6922.54	1.18995e-17
6924.55	1.06757e-17
6926.56	1.18932e-17
6928.57	1.23365e-17
6930.58	1.187e-17
6932.59	1.20789e-17
6934.60	1.11252e-17
6936.61	1.24452e-17
6938.62	1.23777e-17
6940.63	1.09582e-17
6942.64	1.19674e-17
6944.65	1.17727e-17
6946.66	1.07556e-17
6948.67	1.42091e-17
6950.68	1.47156e-17
6952.69	1.26897e-17
6954.70	1.50648e-17
6956.71	1.46394e-17
6958.72	1.27986e-17
6960.73	1.32006e-17
6962.74	1.44879e-17
6964.75	1.29151e-17
6966.76	1.23158e-17
6968.77	1.10426e-17
6970.78	1.00214e-17
6972.79	1.17049e-17
6974.80	1.23077e-17
6976.81	1.21281e-17
6978.82	1.28093e-17
6980.83	1.34863e-17
6982.84	1.3493e-17
6984.85	1.22082e-17
6986.86	1.08972e-17
6988.87	1.1454e-17
6990.88	1.27976e-17
6992.89	1.21253e-17
6994.90	1.04708e-17
6996.91	1.17594e-17
6998.92	1.30636e-17
7000.93	1.28699e-17
7002.94	1.30862e-17
7004.95	1.21635e-17
7006.96	1.23783e-17
7008.97	1.22955e-17
7010.98	1.30068e-17
7012.99	1.29568e-17
7015.00	1.15149e-17
7017.01	1.1914e-17
7019.02	1.26706e-17
7021.03	1.13438e-17
7023.04	1.0693e-17
7025.05	1.07652e-17
7027.06	1.26895e-17
7029.07	1.24003e-17
7031.08	1.09413e-17
7033.09	1.13992e-17
7035.10	1.16249e-17
7037.11	1.24682e-17
7039.12	1.19137e-17
7041.13	1.23113e-17
7043.14	1.22575e-17
7045.15	1.06499e-17
7047.16	9.49299e-18
7049.17	1.01006e-17
7051.18	1.08082e-17
7053.19	1.14118e-17
7055.20	1.14054e-17
7057.21	1.1085e-17
7059.22	1.12194e-17
7061.23	1.24007e-17
7063.24	1.35284e-17
7065.25	1.33305e-17
7067.26	1.19592e-17
7069.27	1.16002e-17
7071.28	1.13989e-17
7073.29	1.07787e-17
7075.30	1.1034e-17
7077.31	1.14329e-17
7079.32	1.15328e-17
7081.33	1.10146e-17
7083.34	1.10429e-17
7085.35	1.08189e-17
7087.36	1.0968e-17
7089.37	1.16659e-17
7091.38	9.56201e-18
7093.39	1.04603e-17
7095.40	1.23089e-17
7097.41	1.21033e-17
7099.42	1.05172e-17
7101.43	9.87071e-18
7103.44	1.18523e-17
7105.45	1.12858e-17
7107.46	1.09618e-17
7109.47	1.06302e-17
7111.48	1.16085e-17
7113.49	1.19426e-17
7115.50	1.16299e-17
7117.51	1.19923e-17
7119.52	1.16067e-17
7121.53	1.04306e-17
7123.54	1.1026e-17
7125.55	1.04691e-17
7127.56	9.26005e-18
7129.57	9.52044e-18
7131.58	8.70218e-18
7133.59	1.00888e-17
7135.60	9.88577e-18
7137.61	1.01075e-17
7139.62	9.64578e-18
7141.63	1.06708e-17
7143.64	1.01446e-17
7145.65	9.79966e-18
7147.66	1.24804e-17
7149.67	1.17439e-17
7151.68	1.01932e-17
7153.69	1.23794e-17
7155.70	1.22928e-17
7157.71	1.20166e-17
7159.72	1.20552e-17
7161.73	1.16863e-17
7163.74	1.30022e-17
7165.75	1.09081e-17
7167.76	9.41797e-18
7169.77	1.12495e-17
7171.78	1.0373e-17
7173.79	9.20483e-18
7175.80	1.09903e-17
7177.81	1.1265e-17
7179.82	9.6406e-18
7181.83	1.10327e-17
7183.84	1.12904e-17
7185.85	1.19975e-17
7187.86	1.26709e-17
7189.87	1.22252e-17
7191.88	1.09739e-17
7193.89	1.1056e-17
7195.90	1.18178e-17
7197.91	1.2517e-17
7199.92	1.30236e-17
7201.93	1.33443e-17
7203.94	1.26726e-17
7205.95	1.157e-17
7207.96	1.22508e-17
7209.97	1.18689e-17
7211.98	1.09851e-17
7213.99	1.03074e-17
7216.00	1.04009e-17
7218.01	1.08132e-17
7220.02	1.09878e-17
7222.03	1.16964e-17
7224.04	1.08624e-17
7226.05	9.25035e-18
7228.06	9.78769e-18
7230.07	1.1196e-17
7232.08	1.03348e-17
7234.09	1.07622e-17
7236.10	1.19457e-17
7238.11	9.03621e-18
7240.12	9.81647e-18
7242.13	1.19349e-17
7244.14	1.04011e-17
7246.15	1.008e-17
7248.16	1.16129e-17
7250.17	1.21633e-17
7252.18	1.00137e-17
7254.19	9.97931e-18
7256.20	1.04753e-17
7258.21	9.60776e-18
7260.22	9.93409e-18
7262.23	1.03135e-17
7264.24	1.07404e-17
7266.25	1.00184e-17
7268.26	1.08113e-17
7270.27	9.35717e-18
7272.28	1.09678e-17
7274.29	1.19399e-17
7276.30	1.07314e-17
7278.31	8.73939e-18
7280.32	1.2634e-17
7282.33	1.29717e-17
7284.34	1.15328e-17
7286.35	1.3092e-17
7288.36	1.13475e-17
7290.37	9.16508e-18
7292.38	1.0873e-17
7294.39	1.09666e-17
7296.40	1.02768e-17
7298.41	1.03087e-17
7300.42	1.0905e-17
7302.43	1.00506e-17
7304.44	9.78072e-18
7306.45	1.09601e-17
7308.46	1.27706e-17
7310.47	1.37074e-17
7312.48	1.2781e-17
7314.49	1.20339e-17
7316.50	1.0905e-17
7318.51	1.20857e-17
7320.52	1.1804e-17
7322.53	1.16364e-17
7324.54	1.28737e-17
7326.55	1.05369e-17
7328.56	1.15825e-17
7330.57	1.16482e-17
7332.58	9.65324e-18
7334.59	1.18862e-17
7336.60	1.09512e-17
7338.61	1.12974e-17
7340.62	1.1457e-17
7342.63	1.33209e-17
7344.64	1.2178e-17
7346.65	1.11971e-17
7348.66	1.10596e-17
7350.67	1.17704e-17
7352.68	1.0826e-17
7354.69	1.0909e-17
7356.70	1.12115e-17
7358.71	1.27176e-17
7360.72	1.51403e-17
7362.73	1.35792e-17
7364.74	9.84946e-18
7366.75	9.89749e-18
7368.76	1.4016e-17
7370.77	1.42013e-17
7372.78	1.06295e-17
7374.79	1.21296e-17
7376.80	1.16222e-17
7378.81	9.50046e-18
7380.82	1.01319e-17
7382.83	9.54738e-18
7384.84	9.16675e-18
7386.85	9.80124e-18
7388.86	1.07182e-17
7390.87	1.24276e-17
7392.88	1.19324e-17
7394.89	1.12565e-17
7396.90	1.13275e-17
7398.91	1.06426e-17
7400.92	1.06584e-17
7402.93	1.25588e-17
7404.94	1.23833e-17
7406.95	1.1422e-17
7408.96	1.25468e-17
7410.97	1.22714e-17
7412.98	1.12731e-17
7414.99	1.07686e-17
7417.00	1.15683e-17
7419.01	1.11309e-17
7421.02	1.09693e-17
7423.03	1.15088e-17
7425.04	1.00971e-17
7427.05	1.01923e-17
7429.06	1.15745e-17
7431.07	1.25972e-17
7433.08	9.80582e-18
7435.09	9.77859e-18
7437.10	1.22796e-17
7439.11	1.16208e-17
7441.12	9.72401e-18
7443.13	1.07708e-17
7445.14	1.30579e-17
7447.15	1.43195e-17
7449.16	1.34696e-17
7451.17	1.25564e-17
7453.18	1.19633e-17
7455.19	1.2097e-17
7457.20	1.18429e-17
7459.21	1.02224e-17
7461.22	1.12972e-17
7463.23	1.19567e-17
7465.24	1.15315e-17
7467.25	1.18928e-17
7469.26	1.08583e-17
7471.27	9.40249e-18
7473.28	9.90283e-18
7475.29	1.10746e-17
7477.30	1.04561e-17
7479.31	1.0783e-17
7481.32	1.38134e-17
7483.33	1.33958e-17
7485.34	1.11841e-17
7487.35	1.28818e-17
7489.36	1.42438e-17
7491.37	1.35548e-17
7493.38	1.29939e-17
7495.39	1.26335e-17
7497.40	1.24648e-17
7499.41	1.40282e-17
7501.42	1.6887e-17
7503.43	2.41076e-17
7505.44	3.24181e-17
7507.45	4.41678e-17
7509.46	5.4706e-17
7511.47	5.14888e-17
7513.48	2.67025e-17
7515.49	1.29952e-17
7517.50	1.01788e-17
7519.51	1.17737e-17
7521.52	1.07615e-17
7523.53	1.08419e-17
7525.54	1.22442e-17
7527.55	1.63993e-17
7529.56	1.65048e-17
7531.57	1.9672e-17
7533.58	1.98848e-17
7535.59	1.66372e-17
7537.60	1.27365e-17
7539.61	1.16623e-17
7541.62	1.11299e-17
7543.63	1.04399e-17
7545.64	8.96655e-18
7547.65	8.82452e-18
7549.66	9.72027e-18
7551.67	9.5004e-18
7553.68	8.8004e-18
7555.69	8.86258e-18
7557.70	9.14645e-18
7559.71	9.65872e-18
7561.72	1.06487e-17
7563.73	1.05063e-17
7565.74	1.06629e-17
7567.75	1.12761e-17
7569.76	1.11498e-17
7571.77	1.18559e-17
7573.78	1.35158e-17
7575.79	1.14543e-17
7577.80	1.05734e-17
7579.81	1.21214e-17
7581.82	1.26919e-17
7583.83	1.23193e-17
7585.84	1.43274e-17
7587.85	1.36594e-17
7589.86	1.24689e-17
7591.87	1.18309e-17
7593.88	9.61533e-18
7595.89	7.91259e-18
7597.90	6.55618e-18
7599.91	6.29124e-18
7601.92	8.39645e-18
7603.93	7.733e-18
7605.94	6.88857e-18
7607.95	1.01042e-17
7609.96	9.59447e-18
7611.97	8.7024e-18
7613.98	7.94068e-18
7615.99	8.16773e-18
7618.00	9.58446e-18
7620.01	9.71661e-18
7622.02	1.02435e-17
7624.03	1.36679e-17
7626.04	1.52583e-17
7628.05	1.25913e-17
7630.06	1.18759e-17
7632.07	1.17915e-17
7634.08	1.05845e-17
7636.09	1.08378e-17
7638.10	9.33094e-18
7640.11	9.14295e-18
7642.12	1.05184e-17
7644.13	9.48327e-18
7646.14	8.94471e-18
7648.15	7.3419e-18
7650.16	6.98436e-18
7652.17	8.19732e-18
7654.18	8.99915e-18
7656.19	7.47752e-18
7658.20	7.22034e-18
7660.21	8.49234e-18
7662.22	8.11259e-18
7664.23	7.81212e-18
7666.24	8.09717e-18
7668.25	9.19189e-18
7670.26	1.01244e-17
7672.27	1.0455e-17
7674.28	9.5943e-18
7676.29	1.19879e-17
7678.30	1.50667e-17
7680.31	1.68658e-17
7682.32	1.92126e-17
7684.33	2.27419e-17
7686.34	2.19124e-17
7688.35	1.57977e-17
7690.36	1.12757e-17
7692.37	1.06341e-17
7694.38	1.02438e-17
7696.39	9.0807e-18
7698.40	1.03409e-17
7700.41	1.26946e-17
7702.42	1.37458e-17
7704.43	1.21316e-17
7706.44	8.51295e-18
7708.45	5.08e-18
7710.46	2.2321e-18
7712.47	2.2289e-18
7714.48	3.0783e-18
7716.49	3.72619e-18
7718.50	4.6414e-18
7720.51	8.12575e-18
7722.52	1.28608e-17
7724.53	1.47248e-17
7726.54	1.28197e-17
7728.55	1.29333e-17
7730.56	1.33711e-17
7732.57	1.21498e-17
7734.58	1.11036e-17
7736.59	1.00623e-17
7738.60	8.33126e-18
7740.61	8.44343e-18
7742.62	7.58196e-18
7744.63	5.25348e-18
7746.64	2.64326e-18
7748.65	8.18686e-19
7750.66	3.1508e-19
7752.67	1.18937e-18
7754.68	4.23829e-18
7756.69	7.92447e-18
7758.70	7.50151e-18
7760.71	8.36594e-18
7762.72	9.96409e-18
7764.73	9.18672e-18
7766.74	1.05894e-17
7768.75	1.28172e-17
7770.76	1.31803e-17
7772.77	1.20556e-17
7774.78	1.27288e-17
7776.79	1.43978e-17
7778.80	1.31755e-17
7780.81	1.1067e-17
7782.82	1.0093e-17
7784.83	1.0075e-17
7786.84	9.02159e-18
7788.85	8.16149e-18
7790.86	5.57597e-18
7792.87	6.75959e-18
7794.88	7.26319e-18
7796.89	4.97475e-18
7798.90	6.91352e-18
7800.91	8.36701e-18
7802.92	6.68928e-18
7804.93	5.87785e-18
7806.94	6.58919e-18
7808.95	8.25719e-18
7810.96	6.68944e-18
7812.97	6.78034e-18
7814.98	1.03575e-17
7816.99	1.31382e-17
7819.00	1.10937e-17
7821.01	1.13776e-17
7823.02	1.30347e-17
7825.03	1.27199e-17
7827.04	1.11556e-17
7829.05	9.27319e-18
7831.06	8.80814e-18
7833.07	1.07972e-17
7835.08	1.22582e-17
7837.09	1.0466e-17
7839.10	8.02532e-18
7841.11	7.39908e-18
7843.12	7.4035e-18
7845.13	7.67463e-18
7847.14	7.69409e-18
7849.15	5.82518e-18
7851.16	3.99649e-18
7853.17	4.26071e-18
7855.18	6.8651e-18
7857.19	7.37417e-18
7859.20	6.15918e-18
7861.21	1.16167e-17
7863.22	1.34416e-17
7865.23	1.06192e-17
7867.24	1.05229e-17
7869.25	9.99373e-18
7871.26	9.75436e-18
7873.27	1.16364e-17
7875.28	1.34626e-17
7877.29	1.2875e-17
7879.30	9.87692e-18
7881.31	8.16849e-18
7883.32	8.76132e-18
7885.33	7.98945e-18
7887.34	8.95059e-18
7889.35	8.37366e-18
7891.36	7.21461e-18
7893.37	7.92946e-18
7895.38	8.01414e-18
7897.39	8.277e-18
7899.40	8.63779e-18
7901.41	9.70585e-18
7903.42	9.27802e-18
7905.43	9.55189e-18
7907.44	1.17635e-17
7909.45	1.51154e-17
7911.46	1.80678e-17
7913.47	1.6811e-17
7915.48	1.27261e-17
7917.49	1.01887e-17
7919.50	1.0021e-17
7921.51	1.15871e-17
7923.52	1.25544e-17
7925.53	9.10852e-18
7927.54	6.31208e-18
7929.55	8.11992e-18
7931.56	8.64843e-18
7933.57	8.41869e-18
7935.58	9.0184e-18
7937.59	8.65544e-18
7939.60	7.52803e-18
7941.61	7.39497e-18
7943.62	7.65863e-18
7945.63	6.8335e-18
7947.64	7.84529e-18
7949.65	9.05092e-18
7951.66	8.61669e-18
7953.67	9.49997e-18
7955.68	9.91591e-18
7957.69	9.40446e-18
7959.70	1.32034e-17
7961.71	1.58743e-17
7963.72	1.34698e-17
7965.73	1.46898e-17
7967.74	1.42076e-17
7969.75	1.04225e-17
7971.76	9.82553e-18
7973.77	1.00661e-17
7975.78	9.39317e-18
7977.79	8.40488e-18
7979.80	7.39904e-18
7981.81	6.07357e-18
7983.82	6.15089e-18
7985.83	8.13742e-18
7987.84	7.89647e-18
7989.85	5.61989e-18
7991.86	4.88107e-18
7993.87	5.46e-18
7995.88	7.647e-18
7997.89	9.97176e-18
7999.90	9.12564e-18
8001.91	8.16426e-18
8003.92	9.39772e-18
8005.93	1.1563e-17
8007.94	1.19034e-17
8009.95	1.20564e-17
8011.96	1.19458e-17
8013.97	1.07904e-17
8015.98	9.44303e-18
8017.99	9.03753e-18
8020.00	7.55247e-18
8022.01	6.13824e-18
8024.02	6.44321e-18
8026.03	6.46314e-18
8028.04	6.38779e-18
8030.05	7.44871e-18
8032.06	8.77174e-18
8034.07	8.33222e-18
8036.08	8.29231e-18
8038.09	9.4709e-18
8040.10	9.14008e-18
8042.11	7.14286e-18
8044.12	7.56866e-18
8046.13	9.39388e-18
8048.14	9.46266e-18
8050.15	9.08782e-18
8052.16	1.10305e-17
8054.17	1.22259e-17
8056.18	9.35272e-18
8058.19	7.39807e-18
8060.20	6.85429e-18
8062.21	6.16835e-18
8064.22	6.46401e-18
8066.23	6.44469e-18
8068.24	7.1015e-18
8070.25	7.89643e-18
8072.26	8.28381e-18
8074.27	7.48366e-18
8076.28	6.69678e-18
8078.29	8.06511e-18
8080.30	9.13122e-18
8082.31	8.6039e-18
8084.32	8.46142e-18
8086.33	8.6073e-18
8088.34	8.68679e-18
8090.35	8.78023e-18
8092.36	7.4692e-18
8094.37	7.58077e-18
8096.38	9.04848e-18
8098.39	8.62373e-18
8100.40	9.35842e-18
8102.41	1.02225e-17
8104.42	1.00372e-17
8106.43	1.024e-17
8108.44	8.55835e-18
8110.45	8.05477e-18
8112.46	7.91095e-18
8114.47	6.62959e-18
8116.48	7.01235e-18
8118.49	8.17576e-18
8120.50	8.09777e-18
8122.51	7.10055e-18
8124.52	5.41864e-18
8126.53	5.45408e-18
8128.54	7.63761e-18
8130.55	9.11255e-18
8132.56	8.82407e-18
8134.57	8.31761e-18
8136.58	9.3652e-18
8138.59	1.01954e-17
8140.60	1.0738e-17
8142.61	1.06691e-17
8144.62	9.80827e-18
8146.63	8.65888e-18
8148.64	7.67732e-18
8150.65	7.39533e-18
8152.66	6.43254e-18
8154.67	6.2643e-18
8156.68	7.02197e-18
8158.69	6.81135e-18
8160.70	7.60538e-18
8162.71	8.88749e-18
8164.72	9.13242e-18
8166.73	9.47094e-18
8168.74	8.14791e-18
8170.75	8.07042e-18
8172.76	9.1799e-18
8174.77	7.70304e-18
8176.78	7.93801e-18
8178.79	9.45019e-18
8180.80	8.56278e-18
8182.81	8.61875e-18
8184.82	9.74617e-18
8186.83	9.72755e-18
8188.84	9.1847e-18
8190.85	8.5183e-18
8192.86	9.5369e-18
8194.87	9.02622e-18
8196.88	7.54163e-18
8198.89	6.67152e-18
8200.90	6.91506e-18
8202.91	7.91664e-18
8204.92	7.07972e-18
8206.93	6.74161e-18
8208.94	6.37011e-18
8210.95	6.87632e-18
8212.96	7.98715e-18
8214.97	7.35602e-18
8216.98	6.66036e-18
8218.99	6.96187e-18
8221.00	8.15844e-18
8223.01	7.44437e-18
8225.02	7.38167e-18
8227.03	8.663e-18
8229.04	7.03688e-18
8231.05	7.71414e-18
8233.06	9.46041e-18
8235.07	8.22676e-18
8237.08	7.78604e-18
8239.09	8.55778e-18
8241.10	9.21408e-18
8243.11	9.38899e-18
8245.12	9.7236e-18
8247.13	9.70073e-18
8249.14	9.37851e-18
8251.15	9.37299e-18
8253.16	9.05854e-18
8255.17	8.95564e-18
8257.18	7.61912e-18
8259.19	6.26262e-18
8261.20	6.65097e-18
8263.21	7.15279e-18
8265.22	6.80961e-18
8267.23	7.00852e-18
8269.24	7.71328e-18
8271.25	6.28895e-18
8273.26	5.88024e-18
8275.27	8.30352e-18
8277.28	6.54901e-18
8279.29	5.77309e-18
8281.30	9.13184e-18
8283.31	1.15427e-17
8285.32	1.37289e-17
8287.33	1.11201e-17
8289.34	1.00997e-17
8291.35	1.23209e-17
8293.36	1.32834e-17
8295.37	1.12049e-17
8297.38	1.00056e-17
8299.39	1.14907e-17
8301.40	1.30262e-17
8303.41	1.41547e-17
8305.42	1.20814e-17
8307.43	1.22953e-17
8309.44	1.58745e-17
8311.45	1.66108e-17
8313.46	1.60644e-17
8315.47	1.48264e-17
8317.48	1.1939e-17
8319.49	8.46008e-18
8321.50	6.11807e-18
8323.51	6.54389e-18
8325.52	7.56e-18
8327.53	8.37673e-18
8329.54	8.96042e-18
8331.55	9.21112e-18
8333.56	1.00698e-17
8335.57	9.60066e-18
8337.58	8.54678e-18
8339.59	8.49885e-18
8341.60	1.22685e-17
8343.61	9.55485e-18
8345.62	5.78568e-18
8347.63	4.67786e-18
8349.64	8.0811e-18
8351.65	7.11609e-18
8353.66	4.63613e-18
8355.67	3.90405e-18
8357.68	5.1676e-18
8359.69	7.69633e-18
8361.70	7.09114e-18
8363.71	6.2705e-18
8365.72	7.0582e-18
8367.73	6.40527e-18
8369.74	6.08387e-18
8371.75	7.64194e-18
8373.76	9.15206e-18
8375.77	8.46017e-18
8377.78	8.57082e-18
8379.79	9.76835e-18
8381.80	8.64207e-18
8383.81	7.56889e-18
8385.82	8.17719e-18
8387.83	1.00262e-17
8389.84	1.17858e-17
8391.85	1.00874e-17
8393.86	8.00135e-18
8395.87	9.37588e-18
8397.88	1.05792e-17
8399.89	9.05052e-18
8401.90	6.7492e-18
8403.91	5.58192e-18
8405.92	7.1872e-18
8407.93	7.59886e-18
8409.94	6.56432e-18
8411.95	4.99829e-18
8413.96	4.36181e-18
8415.97	2.85281e-18
8417.98	3.24329e-18
8419.99	5.19751e-18
8422.00	7.6228e-18
8424.01	8.24206e-18
8426.02	6.68399e-18
8428.03	1.14838e-17
8430.04	1.2839e-17
8432.05	1.28111e-17
8434.06	1.21908e-17
8436.07	1.23473e-17
8438.08	1.20277e-17
8440.09	1.05627e-17
8442.10	9.61927e-18
8444.11	9.52805e-18
8446.12	9.25457e-18
8448.13	7.9282e-18
8450.14	7.81041e-18
8452.15	8.52308e-18
8454.16	8.30964e-18
8456.17	8.61657e-18
8458.18	8.36467e-18
8460.19	6.95177e-18
8462.20	6.61167e-18
8464.21	8.23131e-18
8466.22	1.05108e-17
8468.23	9.21782e-18
8470.24	7.57091e-18
8472.25	6.07339e-18
8474.26	6.27481e-18
8476.27	6.59936e-18
8478.28	7.4009e-18
8480.29	7.78752e-18
8482.30	7.4212e-18
8484.31	7.78984e-18
8486.32	7.34715e-18
8488.33	8.73921e-18
8490.34	9.66821e-18
8492.35	9.05603e-18
8494.36	6.97541e-18
8496.37	7.30935e-18
8498.38	8.50763e-18
8500.39	9.74641e-18
8502.40	9.94478e-18
8504.41	7.74904e-18
8506.42	8.75158e-18
8508.43	1.00745e-17
8510.44	8.43785e-18
8512.45	7.66316e-18
8514.46	7.78244e-18
8516.47	8.22444e-18
8518.48	8.03109e-18
8520.49	7.80436e-18
8522.50	8.26457e-18
8524.51	7.02387e-18
8526.52	6.49284e-18
8528.53	7.57918e-18
8530.54	7.39223e-18
8532.55	7.12012e-18
8534.56	7.74542e-18
8536.57	7.46397e-18
8538.58	6.14725e-18
8540.59	6.34982e-18
8542.60	5.03694e-18
8544.61	6.92837e-18
8546.62	5.87191e-18
8548.63	6.47718e-18
8550.64	9.29999e-18
8552.65	7.75818e-18
8554.66	5.69201e-18
8556.67	7.67196e-18
8558.68	7.69263e-18
8560.69	8.01616e-18
8562.70	7.8788e-18
8564.71	7.79534e-18
8566.72	7.99768e-18
8568.73	7.83607e-18
8570.74	8.79265e-18
8572.75	8.91441e-18
8574.76	8.05565e-18
8576.77	7.56917e-18
8578.78	8.23033e-18
8580.79	7.98897e-18
8582.80	7.13776e-18
8584.81	6.75236e-18
8586.82	6.75054e-18
8588.83	7.28304e-18
8590.84	6.6034e-18
8592.85	6.97067e-18
8594.86	7.88582e-18
8596.87	6.46675e-18
8598.88	6.59558e-18
8600.89	6.37569e-18
8602.90	6.25727e-18
8604.91	7.14717e-18
8606.92	6.147e-18
8608.93	6.53679e-18
8610.94	7.09579e-18
8612.95	6.62895e-18
8614.96	7.25409e-18
8616.97	8.40446e-18
8618.98	7.20406e-18
8620.99	8.59132e-18
8623.00	1.12261e-17
8625.01	1.05838e-17
8627.02	8.66011e-18
8629.03	8.50404e-18
8631.04	1.03123e-17
8633.05	9.29797e-18
8635.06	1.14261e-17
8637.07	1.34526e-17
8639.08	1.16708e-17
8641.09	1.02972e-17
8643.10	9.25408e-18
8645.11	6.83755e-18
8647.12	5.87744e-18
8649.13	5.39713e-18
8651.14	5.82934e-18
8653.15	6.13825e-18
8655.16	6.55708e-18
8657.17	6.25017e-18
8659.18	4.27573e-18
8661.19	3.78235e-18
8663.20	4.96758e-18
8665.21	6.61032e-18
8667.22	7.78085e-18
8669.23	6.73124e-18
8671.24	4.21833e-18
8673.25	6.31884e-18
8675.26	8.65352e-18
8677.27	8.63492e-18
8679.28	7.65911e-18
8681.29	7.25443e-18
8683.30	6.98782e-18
8685.31	9.92741e-18
8687.32	1.09437e-17
8689.33	1.00409e-17
8691.34	9.20444e-18
8693.35	8.67594e-18
8695.36	8.28502e-18
8697.37	9.34105e-18
8699.38	9.10076e-18
8701.39	8.091e-18
8703.40	7.2497e-18
8705.41	7.53178e-18
8707.42	6.31627e-18
8709.43	6.10787e-18
8711.44	6.63567e-18
8713.45	7.75516e-18
8715.46	7.13275e-18
8717.47	6.70342e-18
8719.48	5.89998e-18
8721.49	5.84547e-18
8723.50	7.57477e-18
8725.51	7.7363e-18
8727.52	6.8668e-18
8729.53	7.55716e-18
8731.54	8.16169e-18
8733.55	7.88271e-18
8735.56	8.78979e-18
8737.57	8.84721e-18
8739.58	8.07293e-18
8741.59	9.05599e-18
8743.60	9.82023e-18
8745.61	8.8897e-18
8747.62	7.75811e-18
8749.63	8.19093e-18
8751.64	7.38616e-18
8753.65	7.2288e-18
8755.66	7.39485e-18
8757.67	8.44175e-18
8759.68	4.53157e-18
8761.69	6.89953e-18
8763.70	5.55581e-18
8765.71	8.29903e-18
8767.72	1.05281e-17
8769.73	7.41299e-18
8771.74	6.5837e-18
8773.75	1.00456e-17
8775.76	7.85566e-18
8777.77	9.94762e-18
8779.78	6.41081e-18
8781.79	4.72163e-18
8783.80	8.7659e-18
8785.81	8.04761e-18
8787.82	6.50494e-18
8789.83	6.2552e-18
8791.84	6.33258e-18
8793.85	8.64047e-18
8795.86	9.78837e-18
8797.87	7.51954e-18
8799.88	6.35488e-18
8801.89	6.94312e-18
8803.90	7.20594e-18
8805.91	7.99183e-18
8807.92	8.24553e-18
8809.93	8.43423e-18
8811.94	8.59304e-18
8813.95	9.58963e-18
8815.96	1.10107e-17
8817.97	1.00772e-17
8819.98	9.97101e-18
8821.99	1.08539e-17
8824.00	1.0501e-17
8826.01	5.92515e-18
8828.02	5.20375e-18
8830.03	5.39895e-18
8832.04	1.21158e-17
8834.05	5.44257e-18
8836.06	4.16131e-18
8838.07	8.93758e-18
8840.08	6.81366e-18
8842.09	9.13705e-18
8844.10	6.92413e-18
8846.11	5.0417e-18
8848.12	4.9229e-18
8850.13	5.41158e-18
8852.14	5.80333e-18
8854.15	6.3267e-18
8856.16	7.48995e-18
8858.17	8.27546e-18
8860.18	7.90185e-18
8862.19	5.07797e-18
8864.20	5.04387e-18
8866.21	8.83305e-18
8868.22	1.01961e-17
8870.23	6.76695e-18
8872.24	3.77935e-18
8874.25	6.09328e-18
8876.26	8.91579e-18
8878.27	9.70479e-18
8880.28	9.39768e-18
8882.29	7.21149e-18
8884.30	5.13809e-18
8886.31	5.42923e-18
8888.32	8.62978e-18
8890.33	7.40164e-18
8892.34	7.15313e-18
8894.35	6.34654e-18
8896.36	7.84336e-18
8898.37	6.23709e-18
8900.38	7.07937e-18
8902.39	8.28346e-18
8904.40	8.73776e-18
8906.41	7.97789e-18
8908.42	8.26077e-18
8910.43	9.56306e-18
8912.44	9.37946e-18
8914.45	8.32863e-18
8916.46	5.61037e-18
8918.47	7.90579e-18
8920.48	1.14276e-17
8922.49	8.68717e-18
8924.50	7.02516e-18
8926.51	5.91013e-18
8928.52	7.15318e-18
8930.53	7.69919e-18
8932.54	7.64286e-18
8934.55	6.76437e-18
8936.56	6.56022e-18
8938.57	8.26043e-18
8940.58	7.49882e-18
8942.59	6.97648e-18
8944.60	9.11792e-18
8946.61	8.49708e-18
8948.62	7.26797e-18
8950.63	8.85718e-18
8952.64	7.36508e-18
8954.65	5.37323e-18
8956.66	1.02736e-17
8958.67	1.34521e-17
8960.68	6.39153e-18
8962.69	7.34399e-18
8964.70	9.12455e-18
8966.71	7.60491e-18
8968.72	6.50721e-18
8970.73	6.79577e-18
8972.74	8.39619e-18
8974.75	8.94253e-18
8976.76	9.97084e-18
8978.77	9.84009e-18
8980.78	9.69085e-18
8982.79	1.02983e-17
8984.80	8.47384e-18
8986.81	8.11154e-18
8988.82	8.76819e-18
8990.83	9.57356e-18
8992.84	7.21164e-18
8994.85	5.36717e-18
8996.86	6.54914e-18
8998.87	7.66825e-18
9000.88	5.36158e-18
9002.89	6.78699e-18
9004.90	8.28241e-18
9006.91	5.82388e-18
9008.92	5.24825e-18
9010.93	5.72803e-18
9012.94	5.63704e-18
9014.95	6.19759e-18
9016.96	6.65401e-18
9018.97	6.38837e-18
9020.98	6.64868e-18
9022.99	6.97314e-18
9025.00	6.73339e-18
9027.01	7.16377e-18
9029.02	8.05415e-18
9031.03	8.88475e-18
9033.04	7.9316e-18
9035.05	9.14518e-18
9037.06	9.62615e-18
9039.07	8.58073e-18
9041.08	7.99197e-18
9043.09	9.53545e-18
9045.10	8.27717e-18
9047.11	8.14948e-18
9049.12	6.41146e-18
9051.13	4.56159e-18
9053.14	6.87219e-18
9055.15	7.59377e-18
9057.16	7.0074e-18
9059.17	8.05098e-18
9061.18	9.93311e-18
9063.19	9.15824e-18
9065.20	8.39305e-18
9067.21	8.50335e-18
9069.22	1.01544e-17
9071.23	1.16868e-17
9073.24	9.37546e-18
9075.25	7.45758e-18
9077.26	4.73306e-18
9079.27	6.1494e-18
9081.28	7.68562e-18
9083.29	6.0347e-18
9085.30	6.94839e-18
9087.31	7.54378e-18
9089.32	5.88213e-18
9091.33	5.55841e-18
9093.34	5.99245e-18
9095.35	5.89897e-18
9097.36	7.30963e-18
9099.37	8.09589e-18
9101.38	7.50793e-18
9103.39	7.33818e-18
9105.40	5.10987e-18
9107.41	6.24512e-18
9109.42	7.00293e-18
9111.43	8.29747e-18
9113.44	8.11376e-18
9115.45	9.41503e-18
9117.46	1.09654e-17
9119.47	1.01036e-17
9121.48	8.49321e-18
9123.49	4.57606e-18
9125.50	7.89835e-18
9127.51	9.22759e-18
9129.52	8.34881e-18
9131.53	8.61814e-18
9133.54	8.5836e-18
9135.55	8.3807e-18
9137.56	6.8947e-18
9139.57	7.20066e-18
9141.58	8.89641e-18
9143.59	9.28741e-18
9145.60	8.83793e-18
9147.61	7.37136e-18
9149.62	7.82983e-18
9151.63	7.9562e-18
9153.64	7.37378e-18
9155.65	6.92207e-18
9157.66	5.25625e-18
9159.67	5.32027e-18
9161.68	6.37401e-18
9163.69	6.47046e-18
9165.70	6.26021e-18
9167.71	6.00535e-18
9169.72	4.09649e-18
9171.73	3.20351e-18
9173.74	5.4908e-18
9175.75	6.10253e-18
9177.76	6.03223e-18
9179.77	5.71222e-18
9181.78	5.08208e-18
9183.79	6.81612e-18
9185.80	8.14299e-18
9187.81	7.87907e-18
9189.82	7.77513e-18
9191.83	8.98314e-18
9193.84	7.49813e-18
9195.85	5.63873e-18
9197.86	6.87205e-18
9199.87	6.94302e-18
9201.88	4.94162e-18
9203.89	6.66055e-18
9205.90	8.61299e-18
9207.91	9.07903e-18
9209.92	6.39872e-18
9211.93	6.33067e-18
9213.94	7.0386e-18
9215.95	7.27802e-18
9217.96	7.89519e-18
9219.97	8.30126e-18
9221.98	8.8667e-18
9223.99	8.05923e-18
9226.00	6.4516e-18
9228.01	8.03703e-18
9230.02	6.79993e-18
9232.03	5.92255e-18
9234.04	6.10944e-18
9236.05	6.11443e-18
9238.06	5.86076e-18
9240.07	6.72349e-18
9242.08	8.14965e-18
9244.09	6.55563e-18
9246.10	6.64055e-18
9248.11	8.61424e-18
9250.12	6.60392e-18
9252.13	5.37522e-18
9254.14	7.11443e-18
9256.15	7.11863e-18
9258.16	7.76415e-18
9260.17	9.11897e-18
9262.18	8.3821e-18
9264.19	8.8996e-18
9266.20	7.50132e-18
9268.21	5.18178e-18
9270.22	6.97082e-18
9272.23	9.69869e-18
9274.24	8.01125e-18
9276.25	6.16658e-18
9278.26	8.39907e-18
9280.27	9.86655e-18
9282.28	9.21538e-18
9284.29	7.87226e-18
9286.30	8.01408e-18
9288.31	8.17253e-18
9290.32	5.9877e-18
9292.33	5.35313e-18
9294.34	6.49163e-18
9296.35	4.93917e-18
9298.36	4.34043e-18
9300.37	5.14061e-18
9302.38	7.37654e-18
9304.39	3.15405e-18
9306.40	1.59471e-18
9308.41	2.27847e-18
9310.42	5.16308e-18
9312.43	6.77474e-18
9314.44	1.04829e-17
9316.45	1.02179e-17
9318.46	6.63043e-18
9320.47	5.1057e-18
9322.48	7.65283e-18
9324.49	1.05954e-17
9326.50	1.04402e-17
9328.51	8.68726e-18
9330.52	6.67526e-18
9332.53	7.77248e-18
9334.54	9.15065e-18
9336.55	8.94471e-18
9338.56	9.02435e-18
9340.57	7.90182e-18
9342.58	7.2754e-18
9344.59	6.575e-18
9346.60	6.0911e-18
9348.61	7.80078e-18
9350.62	9.44072e-18
9352.63	1.0225e-17
9354.64	6.74465e-18
9356.65	8.11613e-18
9358.66	1.04312e-17
9360.67	8.92634e-18
9362.68	8.98519e-18
9364.69	7.28029e-18
9366.70	2.85388e-18
9368.71	1.5559e-18
9370.72	1.04351e-18
9372.73	2.63685e-18
9374.74	5.27767e-18
9376.75	7.58724e-18
9378.76	4.65168e-18
9380.77	3.50942e-18
9382.78	4.33927e-18
9384.79	5.5565e-18
9386.80	6.0358e-18
9388.81	4.90349e-18
9390.82	5.74402e-18
9392.83	5.14421e-18
9394.84	4.56576e-18
9396.85	5.28347e-18
9398.86	5.72147e-18
9400.87	7.45515e-18
9402.88	5.9689e-18
9404.89	5.39379e-18
9406.90	6.32429e-18
9408.91	2.69253e-18
9410.92	2.63739e-18
9412.93	7.27765e-18
9414.94	8.67366e-18
9416.95	7.73588e-18
9418.96	8.39413e-18
9420.97	8.83174e-18
9422.98	8.31216e-18
9424.99	9.71902e-18
9427.00	9.00719e-18
9429.01	8.85394e-18
9431.02	9.50678e-18
9433.03	9.18661e-18
9435.04	8.34961e-18
9437.05	5.54964e-18
9439.06	6.67445e-18
9441.07	7.13563e-18
9443.08	1.82441e-18
9445.09	5.71382e-18
9447.10	7.21908e-18
9449.11	5.70786e-18
9451.12	5.33332e-18
9453.13	5.12806e-18
9455.14	6.18632e-18
9457.15	7.57099e-18
9459.16	5.97979e-18
9461.17	6.80456e-18
9463.18	5.29903e-18
9465.19	6.71359e-18
9467.20	4.02417e-18
9469.21	5.10788e-18
9471.22	8.23755e-18
9473.23	6.97814e-18
9475.24	8.32122e-18
9477.25	8.05541e-18
9479.26	6.99327e-18
9481.27	9.4779e-18
9483.28	9.35394e-18
9485.29	8.07958e-18
9487.30	7.43061e-18
9489.31	7.3713e-18
9491.32	6.59464e-18
9493.33	7.13025e-18
9495.34	7.11147e-18
9497.35	4.09734e-18
9499.36	2.33577e-18
9501.37	5.71599e-18
9503.38	6.73985e-18
9505.39	4.39959e-18
9507.40	4.07706e-18
9509.41	5.24856e-18
9511.42	8.13061e-18
9513.43	5.2751e-18
9515.44	2.33023e-18
9517.45	4.3716e-18
9519.46	7.00731e-18
9521.47	7.46544e-18
9523.48	6.42443e-18
9525.49	5.26957e-18
9527.50	4.73729e-18
9529.51	5.35733e-18
9531.52	7.85013e-18
9533.53	8.70437e-18
9535.54	8.70557e-18
9537.55	9.13444e-18
9539.56	6.10842e-18
9541.57	5.54824e-18
9543.58	9.41514e-18
9545.59	1.06257e-17
9547.60	8.67645e-18
9549.61	5.02511e-18
9551.62	7.324e-18
9553.63	6.86422e-18
9555.64	3.73607e-18
9557.65	3.31984e-18
9559.66	5.39052e-18
9561.67	7.14326e-18
9563.68	1.16003e-17
9565.69	9.19909e-18
9567.70	4.67754e-19
9569.71	5.36924e-19
9571.72	3.59108e-18
9573.73	2.77122e-18
9575.74	2.01617e-18
9577.75	2.89796e-18
9579.76	4.91005e-18
9581.77	6.14206e-18
9583.78	6.20475e-18
9585.79	5.30107e-18
9587.80	6.29887e-18
9589.81	6.81278e-18
9591.82	5.4028e-18
9593.83	5.90949e-18
9595.84	6.21512e-18
9597.85	6.81725e-18
9599.86	8.69425e-18
9601.87	7.00873e-18
9603.88	5.18366e-18
9605.89	6.36065e-18
9607.90	6.85812e-18
9609.91	7.94027e-18
9611.92	9.69213e-18
9613.93	8.60298e-18
9615.94	4.85878e-18
9617.95	4.48345e-18
9619.96	7.44017e-18
9621.97	7.46276e-18
9623.98	5.88361e-18
9625.99	7.88179e-18
9628.00	8.47594e-18
9630.01	8.39382e-18
9632.02	7.06976e-18
9634.03	5.82497e-18
9636.04	6.12164e-18
9638.05	6.45043e-18
9640.06	4.20337e-18
9642.07	3.10534e-18
9644.08	3.50543e-18
9646.09	6.01835e-18
9648.10	7.83287e-18
9650.11	6.16085e-18
9652.12	6.14447e-18
9654.13	7.78163e-18
9656.14	8.39351e-18
9658.15	7.78568e-18
9660.16	6.39406e-18
9662.17	6.13676e-18
9664.18	5.86047e-18
9666.19	5.47797e-18
9668.20	3.15519e-18
9670.21	4.14256e-18
9672.22	7.00481e-18
9674.23	6.06255e-18
9676.24	3.10214e-18
9678.25	1.63432e-18
9680.26	4.29267e-18
9682.27	7.87479e-18
9684.28	9.17094e-18
9686.29	6.49143e-18
9688.30	4.28959e-18
9690.31	7.35434e-18
9692.32	1.03247e-17
9694.33	1.19221e-17
9696.34	7.61667e-18
9698.35	3.31511e-18
9700.36	5.79909e-18
9702.37	4.66147e-18
9704.38	3.96703e-18
9706.39	5.59733e-18
9708.40	5.36677e-18
9710.41	6.15362e-18
9712.42	7.74318e-18
9714.43	7.65498e-18
9716.44	6.18626e-18
9718.45	5.45217e-18
9720.46	3.87532e-18
9722.47	2.23845e-18
9724.48	4.18592e-18
9726.49	7.57189e-18
9728.50	8.47849e-18
9730.51	7.51838e-18
9732.52	5.93669e-18
9734.53	7.76744e-18
9736.54	1.04522e-17
9738.55	7.26903e-18
9740.56	6.23215e-18
9742.57	7.77871e-18
9744.58	6.09604e-18
9746.59	5.11689e-18
9748.60	7.57077e-18
9750.61	7.87134e-18
9752.62	7.20948e-18
9754.63	6.97955e-18
9756.64	5.05895e-18
9758.65	6.4979e-18
9760.66	7.07366e-18
9762.67	4.54666e-18
9764.68	5.2556e-18
9766.69	6.96416e-18
9768.70	6.01395e-18
9770.71	5.72531e-18
9772.72	5.02914e-18
9774.73	4.44049e-18
9776.74	7.78831e-18
9778.75	7.99853e-18
9780.76	5.127e-18
9782.77	4.91515e-18
9784.78	4.28711e-18
9786.79	3.16819e-18
9788.80	4.45429e-18
9790.81	2.63938e-18
9792.82	-8.34962e-19
9794.83	5.58603e-18
9796.84	1.02242e-17
9798.85	7.2566e-18
9800.86	8.91781e-18
9802.87	9.67141e-18
9804.88	4.6147e-18
9806.89	5.06419e-18
9808.90	9.6971e-18
9810.91	8.20895e-18
9812.92	6.97531e-18
9814.93	7.80646e-18
9816.94	5.53166e-18
9818.95	7.53818e-18
9820.96	6.97372e-18
9822.97	3.83806e-18
9824.98	4.92223e-18
9826.99	4.81894e-18
9829.00	8.5677e-18
9831.01	1.06208e-17
9833.02	6.4078e-18
9835.03	4.35793e-18
9837.04	7.26046e-18
9839.05	6.46665e-18
9841.06	3.84707e-18
9843.07	3.01982e-18
9845.08	4.77023e-18
9847.09	8.71714e-18
9849.10	7.39963e-18
9851.11	4.92984e-18
9853.12	6.04029e-18
9855.13	6.24053e-18
9857.14	2.53199e-18
9859.15	1.60498e-18
9861.16	5.54379e-18
9863.17	8.12512e-18
9865.18	8.58243e-18
9867.19	8.19033e-18
9869.20	8.02865e-18
9871.21	9.83443e-18
9873.22	1.00431e-17
9875.23	5.8805e-18
9877.24	2.84618e-18
9879.25	5.37495e-18
9881.26	7.17762e-18
9883.27	8.41017e-18
9885.28	1.21546e-17
9887.29	1.01212e-17
9889.30	7.80381e-18
9891.31	7.19405e-18
9893.32	6.7782e-18
9895.33	9.73575e-18
9897.34	9.90497e-18
9899.35	8.11614e-18
9901.36	6.22097e-18
9903.37	3.36628e-18
9905.38	2.64816e-18
9907.39	4.98063e-18
9909.40	7.6115e-18
9911.41	4.55209e-18
9913.42	-1.83105e-18
9915.43	-1.33763e-18
9917.44	3.14041e-18
9919.45	4.37556e-18
9921.46	6.65723e-18
9923.47	7.17943e-18
9925.48	5.14777e-18
9927.49	7.07919e-18
9929.50	7.80455e-18
9931.51	5.90134e-18
9933.52	7.45812e-18
9935.53	1.14179e-17
9937.54	1.38106e-17
9939.55	1.00697e-17
9941.56	6.79037e-18
9943.57	4.57969e-18
9945.58	5.99583e-18
9947.59	4.2649e-18
9949.60	5.38774e-18
9951.61	1.11009e-17
9953.62	5.54961e-18
9955.63	5.09505e-18
9957.64	1.38614e-17
9959.65	1.23957e-17
9961.66	8.30512e-18
9963.67	7.6162e-18
9965.68	1.54614e-18
9967.69	4.83285e-19
9969.70	4.54365e-18
9971.71	6.97173e-18
9973.72	7.63805e-18
9975.73	7.95598e-18
9977.74	6.21646e-18
9979.75	1.82309e-18
9981.76	9.9326e-19
9983.77	5.17357e-18
9985.78	4.21715e-18
9987.79	2.96333e-18
9989.80	6.96531e-18
9991.81	9.64361e-18
9993.82	6.74102e-18
9995.83	3.07975e-18
9997.84	1.15021e-18
9999.85	1.70272e-18
