3368.00	1.3611e-18
3370.00	2.34233e-19
3372.00	4.95777e-19
3374.00	2.33948e-18
3376.00	1.88094e-18
3378.00	5.64766e-18
3380.00	5.69598e-18
3382.00	6.70061e-18
3384.00	6.40475e-19
3386.00	-1.14574e-18
3388.00	4.72834e-18
3390.00	1.27775e-17
3392.00	6.6823e-18
3394.00	1.08048e-17
3396.00	8.38306e-18
3398.00	9.85369e-18
3400.00	1.01907e-17
3402.00	3.90327e-18
3404.00	8.17386e-18
3406.00	8.50017e-18
3408.00	5.15726e-18
3410.00	6.0297e-18
3412.00	9.66102e-18
3414.00	4.33003e-18
3416.00	4.72862e-18
3418.00	6.46816e-18
3420.00	1.8911e-18
3422.00	-2.08552e-18
3424.00	-5.02641e-18
3426.00	1.02512e-18
3428.00	8.49675e-18
3430.00	6.68061e-18
3432.00	5.10856e-18
3434.00	7.14057e-18
3436.00	3.47497e-18
3438.00	7.05481e-18
3440.00	1.05821e-17
3442.00	3.49838e-18
3444.00	3.47731e-18
3446.00	6.77222e-18
3448.00	4.15468e-18
3450.00	6.8608e-18
3452.00	5.31073e-18
3454.00	7.74452e-19
3456.00	7.15851e-18
3458.00	5.69183e-18
3460.00	3.36175e-18
3462.00	3.85953e-18
3464.00	-1.60152e-18
3466.00	4.28039e-18
3468.00	1.41301e-19
3470.00	1.79719e-18
3472.00	-2.4361e-18
3474.00	-1.66085e-18
3476.00	-5.03784e-18
3478.00	5.75256e-18
3480.00	9.14841e-18
3482.00	6.52904e-18
3484.00	3.85747e-18
3486.00	7.97274e-19
3488.00	4.70736e-18
3490.00	5.17738e-20
3492.00	1.69743e-18
3494.00	5.03482e-18
3496.00	1.07138e-18
3498.00	1.85063e-18
3500.00	9.85925e-18
3502.00	4.83629e-18
3504.00	4.48072e-18
3506.00	1.79475e-18
3508.00	4.19265e-18
3510.00	2.43113e-18
3512.00	2.98001e-18
3514.00	3.06169e-18
3516.00	6.5714e-18
3518.00	6.74862e-18
3520.00	1.2999e-19
3522.00	3.46693e-18
3524.00	-2.20865e-18
3526.00	8.82288e-18
3528.00	5.95024e-18
3530.00	7.02451e-18
3532.00	1.05697e-17
3534.00	1.84361e-18
3536.00	2.65792e-18
3538.00	1.84908e-18
3540.00	4.43193e-18
3542.00	7.27002e-18
3544.00	-3.47178e-19
3546.00	2.28349e-18
3548.00	8.33787e-18
3550.00	8.48071e-18
3552.00	3.56103e-18
3554.00	6.90633e-18
3556.00	5.20949e-18
3558.00	9.49322e-18
3560.00	9.56154e-18
3562.00	8.52096e-18
3564.00	4.94427e-18
3566.00	8.3411e-18
3568.00	7.61502e-18
3570.00	5.1179e-18
3572.00	6.36976e-18
3574.00	3.72028e-18
3576.00	9.62531e-19
3578.00	5.70046e-18
3580.00	3.16661e-18
3582.00	2.01152e-18
3584.00	2.02753e-18
3586.00	4.29421e-18
3588.00	1.87557e-18
3590.00	5.8359e-18
3592.00	5.03961e-18
3594.00	7.01752e-18
3596.00	7.49753e-18
3598.00	2.41254e-18
3600.00	7.73353e-18
3602.00	5.12938e-18
3604.00	-4.09331e-19
3606.00	2.73595e-18
3608.00	5.18387e-18
3610.00	9.09044e-18
3612.00	7.04879e-18
3614.00	6.95792e-18
3616.00	5.60039e-18
3618.00	9.1545e-18
3620.00	7.55259e-18
3622.00	2.53038e-18
3624.00	8.67731e-18
3626.00	3.59356e-18
3628.00	9.53381e-18
3630.00	8.48251e-18
3632.00	8.39422e-18
3634.00	5.80959e-18
3636.00	-1.55025e-18
3638.00	-4.3103e-19
3640.00	6.7707e-18
3642.00	4.14762e-18
3644.00	2.83453e-18
3646.00	4.17876e-18
3648.00	1.79826e-18
3650.00	2.94203e-18
3652.00	1.72258e-18
3654.00	2.17528e-18
3656.00	-9.93316e-19
3658.00	9.91646e-19
3660.00	1.44503e-18
3662.00	8.51355e-18
3664.00	2.07042e-18
3666.00	4.28693e-18
3668.00	2.16881e-18
3670.00	4.47243e-18
3672.00	3.22986e-18
3674.00	6.92451e-18
3676.00	5.27123e-18
3678.00	3.01345e-18
3680.00	9.83693e-18
3682.00	5.5246e-18
3684.00	5.56566e-18
3686.00	5.63904e-18
3688.00	6.3606e-18
3690.00	3.80909e-18
3692.00	1.54568e-18
3694.00	4.51458e-18
3696.00	7.7324e-18
3698.00	5.56751e-18
3700.00	5.0715e-18
3702.00	3.25274e-18
3704.00	4.7469e-18
3706.00	3.28397e-18
3708.00	7.14837e-18
3710.00	3.51706e-18
3712.00	4.18797e-18
3714.00	2.12702e-18
3716.00	7.64397e-18
3718.00	6.4404e-18
3720.00	8.95826e-19
3722.00	2.94446e-18
3724.00	6.02655e-18
3726.00	3.10716e-18
3728.00	4.52957e-18
3730.00	5.64205e-18
3732.00	3.77832e-18
3734.00	5.29748e-18
3736.00	6.30657e-18
3738.00	6.92601e-18
3740.00	5.46881e-18
3742.00	7.93875e-18
3744.00	7.87858e-18
3746.00	2.8809e-18
3748.00	5.91124e-18
3750.00	1.93863e-18
3752.00	5.49744e-18
3754.00	5.78938e-18
3756.00	2.98383e-18
3758.00	4.03397e-18
3760.00	2.39628e-18
3762.00	5.92184e-18
3764.00	4.06501e-18
3766.00	6.38973e-21
3768.00	3.15711e-18
3770.00	-8.23283e-19
3772.00	2.15144e-18
3774.00	3.48753e-18
3776.00	2.87795e-18
3778.00	4.11077e-18
3780.00	9.34772e-19
3782.00	4.68817e-18
3784.00	5.83862e-18
3786.00	4.91374e-18
3788.00	5.32548e-18
3790.00	2.34023e-18
3792.00	4.80153e-18
3794.00	5.94101e-18
3796.00	5.24258e-18
3798.00	6.11224e-18
3800.00	4.64455e-18
3802.00	7.32185e-18
3804.00	4.06912e-18
3806.00	3.09366e-18
3808.00	2.59332e-18
3810.00	5.16329e-18
3812.00	1.01772e-18
3814.00	2.4733e-18
3816.00	7.00848e-18
3818.00	5.16352e-18
3820.00	7.13843e-18
3822.00	5.09333e-18
3824.00	3.15347e-18
3826.00	8.68431e-19
3828.00	-5.92336e-19
3830.00	5.28745e-18
3832.00	6.29821e-18
3834.00	3.30513e-18
3836.00	1.40908e-18
3838.00	6.65295e-18
3840.00	3.33853e-18
3842.00	6.08514e-18
3844.00	3.2568e-18
3846.00	3.81585e-18
3848.00	4.85135e-18
3850.00	4.00813e-18
3852.00	5.93816e-18
3854.00	6.43894e-18
3856.00	5.69625e-18
3858.00	8.19141e-20
3860.00	2.003e-18
3862.00	4.59372e-19
3864.00	4.61516e-18
3866.00	4.31334e-18
3868.00	5.50711e-18
3870.00	5.22657e-18
3872.00	2.74077e-18
3874.00	3.05377e-18
3876.00	5.01813e-18
3878.00	4.89826e-18
3880.00	3.01468e-18
3882.00	4.55787e-18
3884.00	4.95296e-18
3886.00	5.6389e-18
3888.00	3.62102e-18
3890.00	4.5465e-18
3892.00	3.51506e-18
3894.00	2.04984e-18
3896.00	4.09645e-18
3898.00	6.40625e-18
3900.00	3.23692e-18
3902.00	7.12386e-18
3904.00	1.41613e-18
3906.00	3.20868e-18
3908.00	3.62538e-18
3910.00	4.27895e-18
3912.00	5.84243e-18
3914.00	3.55919e-18
3916.00	7.34551e-18
3918.00	6.26339e-18
3920.00	6.47167e-18
3922.00	6.46552e-18
3924.00	4.77419e-18
3926.00	5.84087e-18
3928.00	4.68825e-18
3930.00	2.48708e-18
3932.00	3.58952e-18
3934.00	3.49452e-18
3936.00	3.57367e-18
3938.00	6.3166e-18
3940.00	5.5126e-18
3942.00	4.45432e-18
3944.00	6.16929e-18
3946.00	7.36309e-18
3948.00	6.1732e-18
3950.00	5.07586e-18
3952.00	6.31613e-18
3954.00	5.68811e-18
3956.00	4.19826e-18
3958.00	6.61811e-18
3960.00	7.81348e-18
3962.00	7.28926e-18
3964.00	3.79171e-18
3966.00	2.37038e-18
3968.00	3.2163e-18
3970.00	2.20313e-18
3972.00	3.62925e-18
3974.00	1.00292e-18
3976.00	3.35444e-18
3978.00	4.95811e-18
3980.00	2.95148e-18
3982.00	3.17748e-18
3984.00	7.22083e-18
3986.00	4.89666e-18
3988.00	1.90362e-18
3990.00	4.72212e-18
3992.00	2.25895e-18
3994.00	4.67414e-18
3996.00	3.37606e-18
3998.00	3.43231e-18
4000.00	5.26013e-18
4002.00	4.81545e-18
4004.00	6.54127e-18
4006.00	1.18571e-18
4008.00	6.16207e-18
4010.00	5.86707e-18
4012.00	4.09774e-18
4014.00	3.99573e-18
4016.00	2.80201e-18
4018.00	5.90168e-18
4020.00	5.57979e-18
4022.00	4.47228e-18
4024.00	2.34537e-18
4026.00	4.12362e-18
4028.00	4.11117e-18
4030.00	6.80675e-18
4032.00	7.09511e-18
4034.00	4.04657e-18
4036.00	4.17349e-18
4038.00	5.61078e-18
4040.00	5.38697e-18
4042.00	2.78536e-18
4044.00	2.01267e-18
4046.00	3.0113e-18
4048.00	6.09493e-18
4050.00	7.20457e-18
4052.00	4.19888e-18
4054.00	5.23387e-18
4056.00	7.01442e-18
4058.00	3.98892e-18
4060.00	6.02727e-18
4062.00	6.80953e-18
4064.00	3.30961e-18
4066.00	4.97465e-18
4068.00	2.74212e-18
4070.00	1.23136e-18
4072.00	5.35941e-18
4074.00	2.95643e-18
4076.00	5.94544e-18
4078.00	3.44368e-18
4080.00	6.1848e-18
4082.00	4.21946e-18
4084.00	5.64632e-18
4086.00	5.03251e-18
4088.00	2.4218e-18
4090.00	3.72765e-18
4092.00	1.65434e-18
4094.00	4.06305e-18
4096.00	2.76224e-18
4098.00	5.69673e-18
4100.00	3.98411e-18
4102.00	3.9898e-18
4104.00	3.7818e-18
4106.00	4.48671e-18
4108.00	3.66453e-18
4110.00	4.19063e-18
4112.00	3.96147e-18
4114.00	2.08738e-18
4116.00	4.51051e-18
4118.00	6.3374e-18
4120.00	4.97487e-18
4122.00	8.39492e-19
4124.00	6.60341e-18
4126.00	2.64497e-18
4128.00	3.3666e-18
4130.00	5.35861e-18
4132.00	2.05306e-18
4134.00	1.33219e-18
4136.00	2.95658e-18
4138.00	4.48694e-18
4140.00	5.62659e-18
4142.00	5.5844e-18
4144.00	5.29833e-18
4146.00	4.9806e-18
4148.00	3.165e-18
4150.00	6.39661e-18
4152.00	5.01167e-18
4154.00	1.10384e-18
4156.00	5.07162e-18
4158.00	5.73218e-18
4160.00	3.49306e-18
4162.00	3.86451e-18
4164.00	4.31914e-18
4166.00	4.94113e-18
4168.00	3.14567e-18
4170.00	4.12113e-18
4172.00	5.38836e-18
4174.00	3.12428e-18
4176.00	4.37641e-18
4178.00	3.51973e-18
4180.00	5.56581e-18
4182.00	3.24141e-18
4184.00	3.29871e-18
4186.00	5.90216e-18
4188.00	5.88918e-18
4190.00	4.2218e-18
4192.00	2.53244e-18
4194.00	4.55947e-18
4196.00	3.36683e-18
4198.00	4.62847e-18
4200.00	5.83118e-18
4202.00	6.19358e-18
4204.00	5.71453e-18
4206.00	5.09298e-18
4208.00	7.11982e-18
4210.00	2.56548e-18
4212.00	2.90308e-18
4214.00	6.57779e-18
4216.00	2.90136e-18
4218.00	5.38258e-18
4220.00	2.20591e-18
4222.00	4.6724e-18
4224.00	5.51654e-18
4226.00	3.92183e-18
4228.00	1.88159e-18
4230.00	4.80637e-18
4232.00	4.57527e-18
4234.00	4.42556e-18
4236.00	6.45418e-18
4238.00	5.89221e-18
4240.00	4.08948e-18
4242.00	4.40336e-18
4244.00	2.84326e-18
4246.00	3.43332e-18
4248.00	4.73025e-18
4250.00	7.90127e-18
4252.00	6.83555e-18
4254.00	5.33342e-18
4256.00	6.53459e-18
4258.00	4.62766e-18
4260.00	5.91537e-18
4262.00	6.36964e-18
4264.00	7.1216e-18
4266.00	5.25701e-18
4268.00	4.16743e-18
4270.00	5.9693e-18
4272.00	5.83264e-18
4274.00	4.22329e-18
4276.00	3.60467e-18
4278.00	5.07995e-18
4280.00	4.07464e-18
4282.00	5.80098e-18
4284.00	4.49301e-18
4286.00	4.76954e-18
4288.00	3.60981e-18
4290.00	5.26725e-18
4292.00	3.40213e-18
4294.00	4.83594e-18
4296.00	4.20188e-18
4298.00	3.17057e-18
4300.00	4.76511e-18
4302.00	5.7425e-18
4304.00	5.18206e-18
4306.00	4.04587e-18
4308.00	4.94528e-18
4310.00	4.65766e-18
4312.00	2.67573e-18
4314.00	4.6662e-18
4316.00	3.80416e-18
4318.00	5.5596e-18
4320.00	4.7091e-18
4322.00	6.26262e-18
4324.00	1.96016e-18
4326.00	5.23557e-18
4328.00	5.88889e-18
4330.00	8.78519e-18
4332.00	5.32167e-18
4334.00	2.24718e-18
4336.00	1.97088e-18
4338.00	3.95765e-18
4340.00	4.02953e-18
4342.00	4.38104e-18
4344.00	4.38453e-18
4346.00	5.02438e-18
4348.00	5.16829e-18
4350.00	5.13273e-18
4352.00	3.64071e-18
4354.00	5.21691e-18
4356.00	5.10708e-18
4358.00	6.28335e-18
4360.00	5.80747e-18
4362.00	5.53856e-18
4364.00	5.5943e-18
4366.00	4.01248e-18
4368.00	5.01493e-18
4370.00	4.38027e-18
4372.00	4.62371e-18
4374.00	6.03184e-18
4376.00	4.57776e-18
4378.00	5.46314e-18
4380.00	5.96809e-18
4382.00	5.3905e-18
4384.00	5.93886e-18
4386.00	5.74764e-18
4388.00	6.21114e-18
4390.00	8.07901e-18
4392.00	4.49876e-18
4394.00	4.24163e-18
4396.00	4.70057e-18
4398.00	6.5777e-18
4400.00	5.26104e-18
4402.00	4.90813e-18
4404.00	6.69265e-18
4406.00	6.93194e-18
4408.00	1.45138e-18
4410.00	4.12105e-18
4412.00	5.5701e-18
4414.00	4.52892e-18
4416.00	5.31779e-18
4418.00	9.87905e-18
4420.00	1.75316e-17
4422.00	2.60477e-17
4424.00	2.75226e-17
4426.00	2.00171e-17
4428.00	1.19166e-17
4430.00	4.47226e-18
4432.00	4.64834e-18
4434.00	6.33391e-18
4436.00	2.97497e-18
4438.00	3.17943e-18
4440.00	5.37075e-18
4442.00	7.33412e-18
4444.00	4.19717e-18
4446.00	6.48289e-18
4448.00	4.04138e-18
4450.00	5.04655e-18
4452.00	5.6614e-18
4454.00	6.16959e-18
4456.00	6.78042e-18
4458.00	6.2671e-18
4460.00	6.51302e-18
4462.00	4.3775e-18
4464.00	6.00123e-18
4466.00	5.52173e-18
4468.00	2.90585e-18
4470.00	6.36342e-18
4472.00	8.08274e-18
4474.00	4.63853e-18
4476.00	5.35502e-18
4478.00	5.00644e-18
4480.00	2.74243e-18
4482.00	3.9009e-18
4484.00	5.85236e-18
4486.00	2.85186e-18
4488.00	5.25631e-18
4490.00	4.22204e-18
4492.00	4.88498e-18
4494.00	4.94547e-18
4496.00	5.98897e-18
4498.00	5.6432e-18
4500.00	4.76432e-18
4502.00	4.75814e-18
4504.00	5.86374e-18
4506.00	6.86677e-18
4508.00	5.59998e-18
4510.00	5.27218e-18
4512.00	4.53456e-18
4514.00	3.90735e-18
4516.00	5.66157e-18
4518.00	6.16432e-18
4520.00	5.95704e-18
4522.00	6.97049e-18
4524.00	4.2455e-18
4526.00	7.896e-18
4528.00	7.51747e-18
4530.00	4.94314e-18
4532.00	6.31916e-18
4534.00	4.31244e-18
4536.00	6.61938e-18
4538.00	6.64818e-18
4540.00	5.17626e-18
4542.00	6.05108e-18
4544.00	2.98378e-18
4546.00	2.96849e-18
4548.00	6.38374e-18
4550.00	4.63101e-18
4552.00	5.73659e-18
4554.00	7.55949e-18
4556.00	5.31029e-18
4558.00	5.81941e-18
4560.00	4.24171e-18
4562.00	5.79426e-18
4564.00	6.43161e-18
4566.00	5.18741e-18
4568.00	5.78394e-18
4570.00	5.65306e-18
4572.00	6.82879e-18
4574.00	4.5464e-18
4576.00	5.2878e-18
4578.00	4.6765e-18
4580.00	6.72812e-18
4582.00	4.97513e-18
4584.00	4.14162e-18
4586.00	6.47477e-18
4588.00	7.71739e-18
4590.00	9.21142e-18
4592.00	9.97389e-18
4594.00	8.00067e-18
4596.00	5.95787e-18
4598.00	5.32745e-18
4600.00	4.01278e-18
4602.00	5.95738e-18
4604.00	4.12166e-18
4606.00	4.65315e-18
4608.00	5.46402e-18
4610.00	3.82688e-18
4612.00	6.09598e-18
4614.00	8.78139e-18
4616.00	5.85254e-18
4618.00	6.51759e-18
4620.00	5.21773e-18
4622.00	5.77816e-18
4624.00	1.95977e-18
4626.00	6.81153e-18
4628.00	8.21337e-18
4630.00	6.65644e-18
4632.00	5.64598e-18
4634.00	6.11945e-18
4636.00	8.63299e-18
4638.00	4.4324e-18
4640.00	7.6958e-18
4642.00	5.32142e-18
4644.00	7.52378e-18
4646.00	5.16119e-18
4648.00	5.07633e-18
4650.00	3.47188e-18
4652.00	5.38904e-18
4654.00	8.59335e-18
4656.00	7.10741e-18
4658.00	7.57104e-18
4660.00	5.97308e-18
4662.00	7.11348e-18
4664.00	4.39473e-18
4666.00	5.54324e-18
4668.00	3.64788e-18
4670.00	5.63068e-18
4672.00	7.31182e-18
4674.00	7.12769e-18
4676.00	6.92683e-18
4678.00	6.00559e-18
4680.00	8.72377e-18
4682.00	6.74766e-18
4684.00	6.52336e-18
4686.00	8.49427e-18
4688.00	7.48425e-18
4690.00	7.2826e-18
4692.00	6.83666e-18
4694.00	7.48721e-18
4696.00	6.96483e-18
4698.00	5.01867e-18
4700.00	6.91053e-18
4702.00	6.35235e-18
4704.00	4.62401e-18
4706.00	9.19517e-18
4708.00	7.78508e-18
4710.00	1.00488e-17
4712.00	7.9714e-18
4714.00	6.83697e-18
4716.00	6.68753e-18
4718.00	6.78295e-18
4720.00	6.24893e-18
4722.00	8.56514e-18
4724.00	8.03625e-18
4726.00	5.57365e-18
4728.00	7.59072e-18
4730.00	7.46535e-18
4732.00	7.68969e-18
4734.00	6.60102e-18
4736.00	5.8687e-18
4738.00	5.66829e-18
4740.00	7.14107e-18
4742.00	5.833e-18
4744.00	4.63438e-18
4746.00	6.30689e-18
4748.00	7.69495e-18
4750.00	5.81162e-18
4752.00	7.23831e-18
4754.00	7.07709e-18
4756.00	7.16496e-18
4758.00	5.08951e-18
4760.00	7.27468e-18
4762.00	4.04188e-18
4764.00	3.46815e-18
4766.00	3.69995e-18
4768.00	5.70842e-18
4770.00	4.83768e-18
4772.00	5.10107e-18
4774.00	6.55412e-18
4776.00	6.59904e-18
4778.00	7.78976e-18
4780.00	6.61821e-18
4782.00	5.88195e-18
4784.00	6.33471e-18
4786.00	5.85974e-18
4788.00	4.02926e-18
4790.00	3.75483e-18
4792.00	1.91831e-18
4794.00	7.06383e-18
4796.00	5.51189e-18
4798.00	6.43511e-18
4800.00	5.33992e-18
4802.00	6.88029e-18
4804.00	8.52999e-18
4806.00	5.27614e-18
4808.00	5.16547e-18
4810.00	4.26592e-18
4812.00	8.24899e-18
4814.00	7.07278e-18
4816.00	7.92386e-18
4818.00	4.05961e-18
4820.00	4.87373e-18
4822.00	7.81656e-18
4824.00	6.20241e-18
4826.00	4.98756e-18
4828.00	4.89191e-18
4830.00	7.13582e-18
4832.00	5.96698e-18
4834.00	7.53127e-18
4836.00	5.61913e-18
4838.00	5.01402e-18
4840.00	8.89287e-18
4842.00	7.2193e-18
4844.00	5.22448e-18
4846.00	6.82954e-18
4848.00	7.77797e-18
4850.00	5.01855e-18
4852.00	6.48546e-18
4854.00	6.75943e-18
4856.00	7.11074e-18
4858.00	5.2199e-18
4860.00	4.96729e-18
4862.00	6.84269e-18
4864.00	7.58121e-18
4866.00	1.00767e-17
4868.00	7.92642e-18
4870.00	5.39477e-18
4872.00	6.02893e-18
4874.00	5.37604e-18
4876.00	6.7252e-18
4878.00	9.66347e-18
4880.00	6.50633e-18
4882.00	9.98406e-18
4884.00	8.9738e-18
4886.00	6.10058e-18
4888.00	5.39801e-18
4890.00	5.24286e-18
4892.00	7.35994e-18
4894.00	5.06721e-18
4896.00	6.94508e-18
4898.00	5.65728e-18
4900.00	5.68322e-18
4902.00	7.05537e-18
4904.00	4.07963e-18
4906.00	6.54194e-18
4908.00	6.03899e-18
4910.00	4.64926e-18
4912.00	5.6593e-18
4914.00	6.98451e-18
4916.00	6.8595e-18
4918.00	4.802e-18
4920.00	6.3175e-18
4922.00	4.45901e-18
4924.00	4.21747e-18
4926.00	5.46615e-18
4928.00	7.85523e-18
4930.00	7.09128e-18
4932.00	5.10234e-18
4934.00	5.96672e-18
4936.00	7.29826e-18
4938.00	4.57546e-18
4940.00	4.81276e-18
4942.00	6.95938e-18
4944.00	6.23522e-18
4946.00	7.67992e-18
4948.00	5.59043e-18
4950.00	6.73428e-18
4952.00	6.74738e-18
4954.00	7.28752e-18
4956.00	6.44077e-18
4958.00	5.63189e-18
4960.00	4.11201e-18
4962.00	3.6948e-18
4964.00	5.74715e-18
4966.00	4.59454e-18
4968.00	2.46012e-18
4970.00	4.54835e-18
4972.00	5.71529e-18
4974.00	4.71144e-18
4976.00	5.47853e-18
4978.00	8.60707e-18
4980.00	7.98809e-18
4982.00	6.20318e-18
4984.00	5.82417e-18
4986.00	6.72807e-18
4988.00	6.02981e-18
4990.00	5.56642e-18
4992.00	6.58131e-18
4994.00	6.99102e-18
4996.00	7.74358e-18
4998.00	6.0919e-18
5000.00	8.71986e-18
5002.00	5.16942e-18
5004.00	3.44506e-18
5006.00	3.72404e-18
5008.00	6.58692e-18
5010.00	6.58391e-18
5012.00	5.43626e-18
5014.00	5.37997e-18
5016.00	4.90676e-18
5018.00	6.12096e-18
5020.00	5.88549e-18
5022.00	6.33013e-18
5024.00	4.24428e-18
5026.00	5.37659e-18
5028.00	4.11135e-18
5030.00	5.60097e-18
5032.00	5.0236e-18
5034.00	4.57699e-18
5036.00	3.86313e-18
5038.00	5.14696e-18
5040.00	2.80048e-18
5042.00	4.76111e-18
5044.00	4.75189e-18
5046.00	5.10715e-18
5048.00	6.0928e-18
5050.00	6.60751e-18
5052.00	6.21604e-18
5054.00	5.15413e-18
5056.00	5.26807e-18
5058.00	6.1459e-18
5060.00	6.46368e-18
5062.00	4.24556e-18
5064.00	5.58815e-18
5066.00	7.5021e-18
5068.00	7.11022e-18
5070.00	4.64296e-18
5072.00	8.25908e-18
5074.00	7.85696e-18
5076.00	6.49267e-18
5078.00	5.04915e-18
5080.00	4.41711e-18
5082.00	5.90185e-18
5084.00	4.2314e-18
5086.00	6.31261e-18
5088.00	6.15765e-18
5090.00	6.69386e-18
5092.00	5.76764e-18
5094.00	4.63231e-18
5096.00	6.34353e-18
5098.00	5.74359e-18
5100.00	4.79508e-18
5102.00	6.26373e-18
5104.00	4.62513e-18
5106.00	6.62864e-18
5108.00	6.21215e-18
5110.00	6.74887e-18
5112.00	6.68755e-18
5114.00	6.16139e-18
5116.00	6.19397e-18
5118.00	4.64319e-18
5120.00	5.44034e-18
5122.00	6.57665e-18
5124.00	4.62616e-18
5126.00	5.22741e-18
5128.00	6.01421e-18
5130.00	5.85799e-18
5132.00	7.26619e-18
5134.00	6.02704e-18
5136.00	5.18453e-18
5138.00	5.26129e-18
5140.00	7.19047e-18
5142.00	5.74901e-18
5144.00	7.61964e-18
5146.00	7.64782e-18
5148.00	1.09831e-17
5150.00	9.28324e-18
5152.00	7.25152e-18
5154.00	5.93237e-18
5156.00	5.40208e-18
5158.00	7.45996e-18
5160.00	5.99093e-18
5162.00	6.8044e-18
5164.00	4.8827e-18
5166.00	5.71205e-18
5168.00	6.09192e-18
5170.00	8.51187e-18
5172.00	5.18292e-18
5174.00	4.71604e-18
5176.00	5.93767e-18
5178.00	7.10521e-18
5180.00	5.34655e-18
5182.00	5.29298e-18
5184.00	6.4836e-18
5186.00	7.16171e-18
5188.00	5.1724e-18
5190.00	8.4417e-18
5192.00	5.34959e-18
5194.00	9.12795e-18
5196.00	7.28998e-18
5198.00	5.42609e-18
5200.00	7.08144e-18
5202.00	5.62806e-18
5204.00	4.99703e-18
5206.00	6.35556e-18
5208.00	6.24449e-18
5210.00	6.6166e-18
5212.00	2.9759e-18
5214.00	6.22476e-18
5216.00	7.57119e-18
5218.00	4.08774e-18
5220.00	7.07136e-18
5222.00	6.68445e-18
5224.00	6.09437e-18
5226.00	4.36462e-18
5228.00	6.93023e-18
5230.00	6.45762e-18
5232.00	6.09324e-18
5234.00	5.13292e-18
5236.00	5.07173e-18
5238.00	4.8048e-18
5240.00	7.03015e-18
5242.00	5.77494e-18
5244.00	5.93234e-18
5246.00	5.48099e-18
5248.00	4.08388e-18
5250.00	6.24227e-18
5252.00	5.57236e-18
5254.00	5.23292e-18
5256.00	5.35032e-18
5258.00	5.63583e-18
5260.00	7.70521e-18
5262.00	5.6995e-18
5264.00	6.61225e-18
5266.00	5.02568e-18
5268.00	2.91596e-18
5270.00	6.35975e-18
5272.00	7.38353e-18
5274.00	6.19276e-18
5276.00	5.4571e-18
5278.00	5.5852e-18
5280.00	5.17311e-18
5282.00	5.86428e-18
5284.00	7.24455e-18
5286.00	3.48524e-18
5288.00	6.06486e-18
5290.00	6.89287e-18
5292.00	7.21942e-18
5294.00	5.4749e-18
5296.00	7.29488e-18
5298.00	7.85106e-18
5300.00	6.15226e-18
5302.00	4.97595e-18
5304.00	7.16982e-18
5306.00	8.22908e-18
5308.00	5.12187e-18
5310.00	6.08825e-18
5312.00	8.04427e-18
5314.00	5.74605e-18
5316.00	6.80367e-18
5318.00	4.88548e-18
5320.00	6.20664e-18
5322.00	6.3211e-18
5324.00	7.29318e-18
5326.00	5.87392e-18
5328.00	5.26397e-18
5330.00	3.84648e-18
5332.00	6.74119e-18
5334.00	5.6521e-18
5336.00	4.09838e-18
5338.00	5.21789e-18
5340.00	5.815e-18
5342.00	5.68065e-18
5344.00	5.43687e-18
5346.00	9.44939e-18
5348.00	8.29261e-18
5350.00	5.25842e-18
5352.00	5.73634e-18
5354.00	5.66977e-18
5356.00	7.04504e-18
5358.00	6.20957e-18
5360.00	5.71983e-18
5362.00	7.26426e-18
5364.00	8.0308e-18
5366.00	5.32664e-18
5368.00	5.37023e-18
5370.00	5.41306e-18
5372.00	4.01084e-18
5374.00	5.3796e-18
5376.00	8.65858e-18
5378.00	8.54378e-18
5380.00	7.10943e-18
5382.00	6.04567e-18
5384.00	6.12729e-18
5386.00	4.89402e-18
5388.00	4.55035e-18
5390.00	5.55548e-18
5392.00	7.4147e-18
5394.00	6.45685e-18
5396.00	8.14864e-18
5398.00	6.32119e-18
5400.00	7.76216e-18
5402.00	6.88746e-18
5404.00	6.91661e-18
5406.00	6.90898e-18
5408.00	6.58603e-18
5410.00	8.37581e-18
5412.00	8.31693e-18
5414.00	7.82798e-18
5416.00	6.7517e-18
5418.00	8.88699e-18
5420.00	6.50954e-18
5422.00	4.61725e-18
5424.00	8.19891e-18
5426.00	6.73431e-18
5428.00	8.15518e-18
5430.00	5.03715e-18
5432.00	5.50785e-18
5434.00	8.46142e-18
5436.00	6.93811e-18
5438.00	6.31871e-18
5440.00	5.69448e-18
5442.00	5.65547e-18
5444.00	4.99489e-18
5446.00	4.8979e-18
5448.00	7.12794e-18
5450.00	6.38186e-18
5452.00	6.79476e-18
5454.00	7.30024e-18
5456.00	5.43638e-18
5458.00	6.22994e-18
5460.00	8.18347e-18
5462.00	8.10193e-18
5464.00	6.52643e-18
5466.00	4.84e-18
5468.00	4.57664e-18
5470.00	4.43516e-18
5472.00	7.99517e-18
5474.00	6.97297e-18
5476.00	6.06852e-18
5478.00	7.1362e-18
5480.00	4.49998e-18
5482.00	3.00926e-18
5484.00	7.49673e-18
5486.00	7.24812e-18
5488.00	5.11372e-18
5490.00	4.80278e-18
5492.00	6.92673e-18
5494.00	5.51329e-18
5496.00	5.57871e-18
5498.00	5.95728e-18
5500.00	7.0201e-18
5502.00	7.16243e-18
5504.00	3.63019e-18
5506.00	4.36529e-18
5508.00	8.69548e-18
5510.00	6.83341e-18
5512.00	5.74259e-18
5514.00	6.64402e-18
5516.00	5.43911e-18
5518.00	9.56132e-18
5520.00	6.41799e-18
5522.00	5.80618e-18
5524.00	4.63889e-18
5526.00	4.78019e-18
5528.00	7.91497e-18
5530.00	7.87024e-18
5532.00	6.48691e-18
5534.00	4.37554e-18
5536.00	7.5604e-18
5538.00	5.19225e-18
5540.00	5.75344e-18
5542.00	7.47265e-18
5544.00	8.46887e-18
5546.00	6.09006e-18
5548.00	5.5687e-18
5550.00	6.40451e-18
5552.00	6.4434e-18
5554.00	4.25095e-18
5556.00	4.66033e-18
5558.00	5.98379e-18
5560.00	6.22445e-18
5562.00	6.06502e-18
5564.00	5.25823e-18
5566.00	6.45441e-18
5568.00	5.34251e-18
5570.00	3.58391e-18
5572.00	3.24832e-18
5574.00	1.37026e-17
5576.00	4.88891e-18
5578.00	1.66649e-18
5580.00	1.54489e-18
5582.00	4.29004e-18
5584.00	2.24804e-18
5586.00	5.62072e-18
5588.00	6.17177e-18
5590.00	6.63949e-18
5592.00	3.08149e-18
5594.00	3.75722e-18
5596.00	7.38433e-18
5598.00	6.12143e-18
5600.00	6.40888e-18
5602.00	8.24961e-18
5604.00	4.24283e-18
5606.00	7.69217e-18
5608.00	3.68517e-18
5610.00	4.01034e-18
5612.00	6.74904e-18
5614.00	5.91234e-18
5616.00	5.1679e-18
5618.00	2.43002e-18
5620.00	4.63586e-18
5622.00	3.43006e-18
5624.00	4.13511e-18
5626.00	3.35409e-18
5628.00	3.76028e-18
5630.00	5.24289e-18
5632.00	3.23122e-18
5634.00	4.93744e-18
5636.00	4.90145e-18
5638.00	4.69819e-18
5640.00	3.03889e-18
5642.00	3.71241e-18
5644.00	6.48699e-18
5646.00	7.77005e-18
5648.00	6.25379e-18
5650.00	3.71378e-18
5652.00	3.89292e-18
5654.00	5.99793e-18
5656.00	6.4608e-18
5658.00	5.16736e-18
5660.00	3.71216e-18
5662.00	5.03432e-18
5664.00	5.58003e-18
5666.00	5.11326e-18
5668.00	6.53302e-18
5670.00	4.55495e-18
5672.00	3.58743e-18
5674.00	4.7582e-18
5676.00	4.48902e-18
5678.00	4.76176e-18
5680.00	4.96979e-18
5682.00	3.91112e-18
5684.00	5.17406e-18
5686.00	4.64953e-18
5688.00	2.4606e-18
5690.00	3.23248e-18
5692.00	4.14608e-18
5694.00	4.45738e-18
5696.00	5.55167e-18
5698.00	5.4311e-18
5700.00	5.01524e-18
5702.00	4.50813e-18
5704.00	5.22961e-18
5706.00	4.75479e-18
5708.00	6.01402e-18
5710.00	7.03845e-18
5712.00	6.0122e-18
5714.00	5.23432e-18
5716.00	4.47263e-18
5718.00	4.59421e-18
5720.00	4.21906e-18
5722.00	5.27428e-18
5724.00	5.62418e-18
5726.00	4.19014e-18
5728.00	5.78358e-18
5730.00	5.79797e-18
5732.00	4.97132e-18
5734.00	6.18412e-18
5736.00	7.26881e-18
5738.00	6.91057e-18
5740.00	6.7309e-18
5742.00	6.6487e-18
5744.00	6.79462e-18
5746.00	5.84566e-18
5748.00	6.28938e-18
5750.00	6.53118e-18
5752.00	5.16606e-18
5754.00	5.12108e-18
5756.00	5.09019e-18
5758.00	6.41386e-18
5760.00	5.79067e-18
5762.00	7.30507e-18
5764.00	8.55383e-18
5766.00	6.13765e-18
5768.00	4.60332e-18
5770.00	7.67869e-18
5772.00	1.28787e-17
5774.00	1.5449e-17
5776.00	1.24741e-17
5778.00	7.06599e-18
5780.00	5.79309e-18
5782.00	5.5299e-18
5784.00	3.98152e-18
5786.00	5.24627e-18
5788.00	6.58698e-18
5790.00	6.20029e-18
5792.00	4.04995e-18
5794.00	5.92304e-18
5796.00	7.98691e-18
5798.00	7.56588e-18
5800.00	6.7668e-18
5802.00	7.48996e-18
5804.00	4.70361e-18
5806.00	4.55912e-18
5808.00	5.16746e-18
5810.00	3.09351e-18
5812.00	4.26963e-18
5814.00	4.21389e-18
5816.00	4.76099e-18
5818.00	6.58204e-18
5820.00	8.10072e-18
5822.00	6.66914e-18
5824.00	4.51036e-18
5826.00	5.87775e-18
5828.00	7.06079e-18
5830.00	5.11162e-18
5832.00	6.12963e-18
5834.00	6.36971e-18
5836.00	6.47059e-18
5838.00	6.22332e-18
5840.00	4.62354e-18
5842.00	5.23003e-18
5844.00	5.10552e-18
5846.00	5.84015e-18
5848.00	5.39798e-18
5850.00	8.47116e-18
5852.00	1.30437e-17
5854.00	1.63531e-17
5856.00	9.16601e-18
5858.00	4.51171e-18
5860.00	5.79386e-18
5862.00	7.21782e-18
5864.00	5.61298e-18
5866.00	4.85901e-18
5868.00	4.71153e-18
5870.00	4.77705e-18
5872.00	5.23987e-18
5874.00	4.09721e-18
5876.00	4.54177e-18
5878.00	5.9138e-18
5880.00	6.23574e-18
5882.00	6.16182e-18
5884.00	4.2792e-18
5886.00	6.90766e-18
5888.00	1.33152e-17
5890.00	1.58502e-17
5892.00	1.12154e-17
5894.00	6.5469e-18
5896.00	4.6017e-18
5898.00	4.23147e-18
5900.00	5.02355e-18
5902.00	5.51757e-18
5904.00	4.79144e-18
5906.00	5.7632e-18
5908.00	6.77229e-18
5910.00	4.33082e-18
5912.00	5.90996e-18
5914.00	6.88134e-18
5916.00	5.47233e-18
5918.00	5.3051e-18
5920.00	4.62211e-18
5922.00	3.87442e-18
5924.00	5.55529e-18
5926.00	5.00483e-18
5928.00	4.28704e-18
5930.00	4.73698e-18
5932.00	4.91037e-18
5934.00	4.9456e-18
5936.00	4.01956e-18
5938.00	4.62399e-18
5940.00	5.09041e-18
5942.00	8.86438e-18
5944.00	2.33621e-17
5946.00	3.46638e-17
5948.00	2.84914e-17
5950.00	1.51326e-17
5952.00	6.17778e-18
5954.00	3.84542e-18
5956.00	3.72979e-18
5958.00	4.28912e-18
5960.00	2.55705e-18
5962.00	3.83479e-18
5964.00	2.96905e-18
5966.00	4.52877e-18
5968.00	3.59332e-18
5970.00	3.019e-18
5972.00	3.89619e-18
5974.00	3.21992e-18
5976.00	3.9792e-18
5978.00	4.99578e-18
5980.00	3.31987e-18
5982.00	2.64639e-18
5984.00	4.49902e-18
5986.00	3.76898e-18
5988.00	3.60206e-18
5990.00	4.05933e-18
5992.00	3.67263e-18
5994.00	3.35224e-18
5996.00	4.43534e-18
5998.00	3.75935e-18
6000.00	3.73273e-18
6002.00	3.22182e-18
6004.00	3.71192e-18
6006.00	4.86824e-18
6008.00	4.62086e-18
6010.00	2.49423e-18
6012.00	1.41461e-18
6014.00	3.15136e-18
6016.00	4.95627e-18
6018.00	3.83682e-18
6020.00	4.03438e-18
6022.00	3.67598e-18
6024.00	3.98622e-18
6026.00	4.6355e-18
6028.00	4.26372e-18
6030.00	3.88657e-18
6032.00	3.76662e-18
6034.00	3.89854e-18
6036.00	4.61152e-18
6038.00	4.44008e-18
6040.00	3.6746e-18
6042.00	3.80462e-18
6044.00	3.50527e-18
6046.00	3.7516e-18
6048.00	3.9647e-18
6050.00	4.05143e-18
6052.00	3.59489e-18
6054.00	4.79935e-18
6056.00	2.42656e-18
6058.00	2.02372e-18
6060.00	3.892e-18
6062.00	3.609e-18
6064.00	3.81576e-18
6066.00	3.89347e-18
6068.00	3.73079e-18
6070.00	4.12173e-18
6072.00	4.52916e-18
6074.00	4.87514e-18
6076.00	5.02517e-18
6078.00	3.81988e-18
6080.00	3.22155e-18
6082.00	3.31477e-18
6084.00	3.77642e-18
6086.00	3.9048e-18
6088.00	2.24399e-18
6090.00	3.39333e-18
6092.00	5.10038e-18
6094.00	4.5961e-18
6096.00	3.2293e-18
6098.00	3.86915e-18
6100.00	3.94287e-18
6102.00	3.03972e-18
6104.00	2.739e-18
6106.00	2.93846e-18
6108.00	3.48471e-18
6110.00	5.15798e-18
6112.00	4.99556e-18
6114.00	3.76327e-18
6116.00	5.00739e-18
6118.00	5.04595e-18
6120.00	5.18179e-18
6122.00	4.67128e-18
6124.00	2.30203e-18
6126.00	3.87374e-18
6128.00	4.04693e-18
6130.00	4.99897e-18
6132.00	4.81377e-18
6134.00	2.66442e-18
6136.00	1.74369e-18
6138.00	3.96584e-18
6140.00	6.10731e-18
6142.00	3.99715e-18
6144.00	3.03469e-18
6146.00	4.06771e-18
6148.00	5.09377e-18
6150.00	5.79633e-18
6152.00	3.40964e-18
6154.00	5.62153e-18
6156.00	5.48129e-18
6158.00	3.88427e-18
6160.00	4.30441e-18
6162.00	5.38366e-18
6164.00	5.48933e-18
6166.00	3.66388e-18
6168.00	3.93904e-18
6170.00	3.66532e-18
6172.00	4.55947e-18
6174.00	3.80923e-18
6176.00	5.38335e-18
6178.00	5.66625e-18
6180.00	2.87761e-18
6182.00	4.23652e-18
6184.00	5.00055e-18
6186.00	3.08846e-18
6188.00	4.05157e-18
6190.00	5.08323e-18
6192.00	4.86341e-18
6194.00	3.35883e-18
6196.00	4.87941e-18
6198.00	4.94201e-18
6200.00	3.73276e-18
6202.00	3.99935e-18
6204.00	5.56269e-18
6206.00	5.67992e-18
6208.00	4.0398e-18
6210.00	3.47501e-18
6212.00	3.73706e-18
6214.00	3.33105e-18
6216.00	4.62357e-18
6218.00	5.75237e-18
6220.00	4.1198e-18
6222.00	4.05605e-18
6224.00	3.99856e-18
6226.00	4.49875e-18
6228.00	5.21025e-18
6230.00	2.97532e-18
6232.00	2.63891e-18
6234.00	4.00222e-18
6236.00	4.9615e-18
6238.00	4.62894e-18
6240.00	6.0202e-18
6242.00	4.78698e-18
6244.00	3.24902e-18
6246.00	4.32571e-18
6248.00	5.10533e-18
6250.00	4.58863e-18
6252.00	4.97269e-18
6254.00	3.55286e-18
6256.00	3.69213e-18
6258.00	4.22191e-18
6260.00	4.76816e-18
6262.00	4.82509e-18
6264.00	4.91183e-18
6266.00	4.58844e-18
6268.00	3.5674e-18
6270.00	4.47768e-18
6272.00	5.77083e-18
6274.00	3.71906e-18
6276.00	4.09155e-18
6278.00	4.76269e-18
6280.00	4.55724e-18
6282.00	4.06632e-18
6284.00	4.90295e-18
6286.00	4.4623e-18
6288.00	4.85403e-18
6290.00	4.07919e-18
6292.00	5.08977e-18
6294.00	3.76036e-18
6296.00	3.70602e-18
6298.00	8.59788e-18
6300.00	1.3597e-17
6302.00	1.14439e-17
6304.00	8.97194e-18
6306.00	7.15526e-18
6308.00	3.05461e-18
6310.00	4.20739e-18
6312.00	5.002e-18
6314.00	5.14495e-18
6316.00	3.67882e-18
6318.00	3.61017e-18
6320.00	4.75955e-18
6322.00	4.19314e-18
6324.00	3.54831e-18
6326.00	3.59208e-18
6328.00	3.55671e-18
6330.00	4.35857e-18
6332.00	5.17769e-18
6334.00	4.40863e-18
6336.00	4.47954e-18
6338.00	5.17784e-18
6340.00	4.43393e-18
6342.00	3.6674e-18
6344.00	3.87319e-18
6346.00	4.27193e-18
6348.00	3.86959e-18
6350.00	3.79382e-18
6352.00	4.17668e-18
6354.00	4.44256e-18
6356.00	5.02888e-18
6358.00	4.61394e-18
6360.00	4.9599e-18
6362.00	6.15709e-18
6364.00	5.65741e-18
6366.00	4.9479e-18
6368.00	1.65916e-18
6370.00	3.15207e-18
6372.00	3.54404e-18
6374.00	2.8956e-18
6376.00	4.05312e-18
6378.00	4.36118e-18
6380.00	3.2931e-18
6382.00	2.90241e-18
6384.00	5.16002e-18
6386.00	4.3768e-18
6388.00	3.18111e-18
6390.00	5.17011e-18
6392.00	5.15451e-18
6394.00	4.03209e-18
6396.00	3.5045e-18
6398.00	3.47729e-18
6400.00	3.80296e-18
6402.00	4.31184e-18
6404.00	3.31052e-18
6406.00	3.36013e-18
6408.00	4.30391e-18
6410.00	4.48974e-18
6412.00	1.84773e-18
6414.00	3.17329e-18
6416.00	3.83867e-18
6418.00	3.66989e-18
6420.00	3.88846e-18
6422.00	4.36736e-18
6424.00	4.03563e-18
6426.00	4.6072e-18
6428.00	4.01763e-18
6430.00	3.25747e-18
6432.00	3.46714e-18
6434.00	4.58327e-18
6436.00	4.7726e-18
6438.00	4.75348e-18
6440.00	4.61883e-18
6442.00	3.80602e-18
6444.00	4.21554e-18
6446.00	4.03813e-18
6448.00	4.03798e-18
6450.00	4.82692e-18
6452.00	4.6701e-18
6454.00	4.63674e-18
6456.00	4.47085e-18
6458.00	3.82772e-18
6460.00	4.02688e-18
6462.00	4.59414e-18
6464.00	4.58366e-18
6466.00	3.90135e-18
6468.00	3.52537e-18
6470.00	4.09548e-18
6472.00	4.2978e-18
6474.00	3.84917e-18
6476.00	3.54867e-18
6478.00	4.07149e-18
6480.00	4.61283e-18
6482.00	5.67545e-18
6484.00	4.93592e-18
6486.00	3.91904e-18
6488.00	4.37036e-18
6490.00	3.90325e-18
6492.00	3.53484e-18
6494.00	3.7462e-18
6496.00	4.29586e-18
6498.00	3.70087e-18
6500.00	3.41269e-18
6502.00	3.4066e-18
6504.00	3.17307e-18
6506.00	3.47238e-18
6508.00	3.57678e-18
6510.00	3.69049e-18
6512.00	4.14428e-18
6514.00	4.71917e-18
6516.00	4.52203e-18
6518.00	4.84497e-18
6520.00	4.12688e-18
6522.00	4.00551e-18
6524.00	4.42891e-18
6526.00	3.58899e-18
6528.00	3.4357e-18
6530.00	3.97715e-18
6532.00	3.81343e-18
6534.00	4.66393e-18
6536.00	5.0036e-18
6538.00	4.23779e-18
6540.00	3.44185e-18
6542.00	4.32155e-18
6544.00	4.66807e-18
6546.00	4.10163e-18
6548.00	3.77404e-18
6550.00	3.32137e-18
6552.00	4.1992e-18
6554.00	5.02892e-18
6556.00	5.14115e-18
6558.00	4.48265e-18
6560.00	4.38386e-18
6562.00	4.71847e-18
6564.00	3.61751e-18
6566.00	4.05613e-18
6568.00	4.00822e-18
6570.00	3.21295e-18
6572.00	3.71154e-18
6574.00	3.99762e-18
6576.00	3.33287e-18
6578.00	3.65637e-18
6580.00	3.14748e-18
6582.00	3.69516e-18
6584.00	3.76702e-18
6586.00	3.9241e-18
6588.00	4.45856e-18
6590.00	3.29143e-18
6592.00	2.57938e-18
6594.00	3.36382e-18
6596.00	3.204e-18
6598.00	3.72409e-18
6600.00	3.35928e-18
6602.00	4.13827e-18
6604.00	4.9831e-18
6606.00	2.99186e-18
6608.00	3.80646e-18
6610.00	4.45054e-18
6612.00	3.45348e-18
6614.00	3.29989e-18
6616.00	3.53921e-18
6618.00	4.44782e-18
6620.00	3.88949e-18
6622.00	3.53444e-18
6624.00	3.06933e-18
6626.00	2.72152e-18
6628.00	3.55377e-18
6630.00	3.68854e-18
6632.00	3.88141e-18
6634.00	4.81803e-18
6636.00	4.02133e-18
6638.00	3.4706e-18
6640.00	3.76843e-18
6642.00	3.50107e-18
6644.00	2.80133e-18
6646.00	3.40029e-18
6648.00	3.73539e-18
6650.00	3.60764e-18
6652.00	4.13561e-18
6654.00	2.86593e-18
6656.00	4.28157e-18
6658.00	3.81659e-18
6660.00	2.84681e-18
6662.00	4.41054e-18
6664.00	4.74662e-18
6666.00	3.67132e-18
6668.00	3.31553e-18
6670.00	3.18836e-18
6672.00	3.41642e-18
6674.00	3.13265e-18
6676.00	2.39503e-18
6678.00	3.45274e-18
6680.00	4.30918e-18
6682.00	3.89721e-18
6684.00	3.77925e-18
6686.00	3.7111e-18
6688.00	3.09626e-18
6690.00	3.17577e-18
6692.00	2.99459e-18
6694.00	1.62867e-18
6696.00	2.66006e-18
6698.00	3.90936e-18
6700.00	2.78374e-18
6702.00	3.64044e-18
6704.00	3.47723e-18
6706.00	3.27126e-18
6708.00	4.03456e-18
6710.00	4.57752e-18
6712.00	3.93129e-18
6714.00	3.56724e-18
6716.00	3.68353e-18
6718.00	3.26546e-18
6720.00	4.19823e-18
6722.00	3.37592e-18
6724.00	2.99255e-18
6726.00	3.67323e-18
6728.00	3.77885e-18
6730.00	3.66028e-18
6732.00	3.42054e-18
6734.00	2.69211e-18
6736.00	3.4201e-18
6738.00	2.96653e-18
6740.00	3.01859e-18
6742.00	3.78404e-18
6744.00	3.33536e-18
6746.00	3.75164e-18
6748.00	5.02297e-18
6750.00	4.13662e-18
6752.00	3.01633e-18
6754.00	2.59586e-18
6756.00	3.16466e-18
6758.00	4.1757e-18
6760.00	3.91515e-18
6762.00	3.80836e-18
6764.00	3.2293e-18
6766.00	2.73088e-18
6768.00	3.4877e-18
6770.00	2.87247e-18
6772.00	2.71789e-18
6774.00	3.90534e-18
6776.00	4.46719e-18
6778.00	3.73975e-18
6780.00	3.78604e-18
6782.00	3.63481e-18
6784.00	2.74268e-18
6786.00	3.63157e-18
6788.00	4.69011e-18
6790.00	3.97999e-18
6792.00	2.93013e-18
6794.00	3.48103e-18
6796.00	3.97756e-18
6798.00	3.47574e-18
6800.00	3.01619e-18
6802.00	2.75715e-18
6804.00	3.9494e-18
6806.00	4.8852e-18
6808.00	3.72962e-18
6810.00	3.52032e-18
6812.00	3.94379e-18
6814.00	2.48631e-18
6816.00	2.99178e-18
6818.00	4.10661e-18
6820.00	3.98699e-18
6822.00	3.85057e-18
6824.00	4.50339e-18
6826.00	4.70062e-18
6828.00	3.47805e-18
6830.00	2.75699e-18
6832.00	2.43117e-18
6834.00	3.88309e-18
6836.00	3.92119e-18
6838.00	3.31716e-18
6840.00	4.70989e-18
6842.00	5.01391e-18
6844.00	3.85799e-18
6846.00	2.98598e-18
6848.00	4.52198e-18
6850.00	4.74844e-18
6852.00	3.42127e-18
6854.00	3.00712e-18
6856.00	3.35222e-18
6858.00	4.02568e-18
6860.00	4.34381e-18
6862.00	2.66425e-18
6864.00	2.96748e-18
6866.00	6.17446e-18
6868.00	5.68133e-18
6870.00	2.75763e-18
6872.00	3.88688e-18
6874.00	4.12796e-18
6876.00	3.91733e-18
6878.00	4.4316e-18
6880.00	3.91971e-18
6882.00	3.43882e-18
6884.00	3.5916e-18
6886.00	4.85819e-18
6888.00	5.92965e-18
6890.00	4.52823e-18
6892.00	3.95422e-18
6894.00	4.57951e-18
6896.00	3.617e-18
6898.00	4.25243e-18
6900.00	4.01095e-18
6902.00	3.84945e-18
6904.00	4.36062e-18
6906.00	3.6277e-18
6908.00	3.43468e-18
6910.00	3.51879e-18
6912.00	3.92931e-18
6914.00	5.49218e-18
6916.00	4.25653e-18
6918.00	2.45382e-18
6920.00	4.51177e-18
6922.00	5.28845e-18
6924.00	3.63328e-18
6926.00	4.20208e-18
6928.00	4.80414e-18
6930.00	4.74143e-18
6932.00	3.9619e-18
6934.00	3.1712e-18
6936.00	3.61177e-18
6938.00	4.51831e-18
6940.00	4.59882e-18
6942.00	4.16122e-18
6944.00	4.25904e-18
6946.00	4.18538e-18
6948.00	4.11137e-18
6950.00	4.91828e-18
6952.00	4.22918e-18
6954.00	3.59949e-18
6956.00	3.64597e-18
6958.00	4.23651e-18
6960.00	4.01271e-18
6962.00	4.06619e-18
6964.00	3.98719e-18
6966.00	3.77921e-18
6968.00	3.22393e-18
6970.00	3.62416e-18
6972.00	4.36636e-18
6974.00	4.73683e-18
6976.00	5.22316e-18
6978.00	4.64074e-18
6980.00	4.48416e-18
6982.00	3.87993e-18
6984.00	3.45106e-18
6986.00	4.368e-18
6988.00	4.45142e-18
6990.00	3.84414e-18
6992.00	3.5013e-18
6994.00	2.81455e-18
6996.00	3.03773e-18
6998.00	4.73317e-18
7000.00	4.44614e-18
7002.00	3.21414e-18
7004.00	4.11466e-18
7006.00	4.65645e-18
7008.00	3.51094e-18
7010.00	2.26972e-18
7012.00	3.54397e-18
7014.00	4.04038e-18
7016.00	4.25352e-18
7018.00	3.7413e-18
7020.00	3.43697e-18
7022.00	3.573e-18
7024.00	4.38417e-18
7026.00	4.42642e-18
7028.00	3.98388e-18
7030.00	3.74131e-18
7032.00	4.59176e-18
7034.00	3.74257e-18
7036.00	3.55054e-18
7038.00	3.95819e-18
7040.00	3.85476e-18
7042.00	3.29712e-18
7044.00	3.6209e-18
7046.00	3.79145e-18
7048.00	3.99166e-18
7050.00	3.63872e-18
7052.00	2.66281e-18
7054.00	2.86563e-18
7056.00	3.92476e-18
7058.00	3.82298e-18
7060.00	3.9974e-18
7062.00	4.17564e-18
7064.00	3.93758e-18
7066.00	3.65303e-18
7068.00	3.6275e-18
7070.00	2.95682e-18
7072.00	3.2783e-18
7074.00	5.10933e-18
7076.00	4.61764e-18
7078.00	3.6512e-18
7080.00	3.5711e-18
7082.00	3.72544e-18
7084.00	3.52951e-18
7086.00	3.09482e-18
7088.00	3.40085e-18
7090.00	3.91449e-18
7092.00	3.78956e-18
7094.00	4.43309e-18
7096.00	4.28517e-18
7098.00	3.81777e-18
7100.00	3.7632e-18
7102.00	3.45966e-18
7104.00	2.87811e-18
7106.00	3.60464e-18
7108.00	4.83604e-18
7110.00	4.05953e-18
7112.00	3.81098e-18
7114.00	3.90865e-18
7116.00	3.89355e-18
7118.00	3.88439e-18
7120.00	3.01087e-18
7122.00	3.0434e-18
7124.00	3.73136e-18
7126.00	3.51461e-18
7128.00	3.22055e-18
7130.00	3.17095e-18
7132.00	3.01941e-18
7134.00	3.59668e-18
7136.00	3.22183e-18
7138.00	2.79461e-18
7140.00	2.46178e-18
7142.00	3.15608e-18
7144.00	3.10405e-18
7146.00	3.35202e-18
7148.00	3.91675e-18
7150.00	3.27416e-18
7152.00	1.87429e-18
7154.00	2.9263e-18
7156.00	3.82358e-18
7158.00	2.96539e-18
7160.00	3.88127e-18
7162.00	3.40438e-18
7164.00	4.22144e-18
7166.00	3.51619e-18
7168.00	1.68881e-18
7170.00	1.95315e-18
7172.00	3.02887e-18
7174.00	3.71996e-18
7176.00	3.89597e-18
7178.00	4.67904e-18
7180.00	4.89772e-18
7182.00	3.2883e-18
7184.00	4.11404e-18
7186.00	3.80059e-18
7188.00	2.89753e-18
7190.00	2.35522e-18
7192.00	2.7128e-18
7194.00	3.05668e-18
7196.00	3.82204e-18
7198.00	4.02355e-18
7200.00	2.98201e-18
7202.00	3.77796e-18
7204.00	3.80154e-18
7206.00	3.27445e-18
7208.00	3.52154e-18
7210.00	4.31184e-18
7212.00	4.06821e-18
7214.00	3.12508e-18
7216.00	3.3426e-18
7218.00	3.46678e-18
7220.00	3.373e-18
7222.00	2.93114e-18
7224.00	3.16796e-18
7226.00	3.48171e-18
7228.00	3.41473e-18
7230.00	3.26248e-18
7232.00	3.61818e-18
7234.00	3.68514e-18
7236.00	3.58307e-18
7238.00	2.35263e-18
7240.00	2.03619e-18
7242.00	3.05031e-18
7244.00	3.4028e-18
7246.00	2.8213e-18
7248.00	4.1836e-18
7250.00	4.82355e-18
7252.00	4.46063e-18
7254.00	3.41507e-18
7256.00	2.32571e-18
7258.00	3.25413e-18
7260.00	4.32415e-18
7262.00	3.53066e-18
7264.00	3.74725e-18
7266.00	4.77711e-18
7268.00	4.3354e-18
7270.00	3.82068e-18
7272.00	4.07409e-18
7274.00	5.43729e-18
7276.00	5.43351e-18
7278.00	5.05645e-18
7280.00	3.80483e-18
7282.00	3.02409e-18
7284.00	1.53214e-18
7286.00	1.26302e-18
7288.00	2.84346e-18
7290.00	3.44191e-18
7292.00	3.96251e-18
7294.00	2.77646e-18
7296.00	2.64856e-18
7298.00	2.85437e-18
7300.00	2.60869e-18
7302.00	2.45318e-18
7304.00	3.57061e-18
7306.00	3.37643e-18
7308.00	2.83121e-18
7310.00	3.76656e-18
7312.00	2.97069e-18
7314.00	2.42374e-18
7316.00	5.55591e-18
7318.00	5.39825e-18
7320.00	2.18735e-18
7322.00	1.13504e-18
7324.00	2.84095e-18
7326.00	3.72417e-18
7328.00	3.08862e-18
7330.00	2.36796e-18
7332.00	2.8497e-18
7334.00	4.15926e-18
7336.00	3.57145e-18
7338.00	2.95219e-18
7340.00	2.19048e-18
7342.00	2.38595e-18
7344.00	3.76203e-18
7346.00	3.98062e-18
7348.00	3.83036e-18
7350.00	2.93884e-18
7352.00	3.00301e-18
7354.00	3.47105e-18
7356.00	1.88361e-18
7358.00	2.17337e-18
7360.00	3.25731e-18
7362.00	2.17135e-18
7364.00	2.98517e-18
7366.00	3.31444e-18
7368.00	1.42184e-18
7370.00	3.13322e-18
7372.00	2.13644e-18
7374.00	4.39476e-18
7376.00	2.92707e-18
7378.00	3.35634e-18
7380.00	3.53887e-18
7382.00	3.6191e-18
7384.00	3.67897e-18
7386.00	2.61006e-18
7388.00	1.70379e-18
7390.00	2.63974e-18
7392.00	3.92878e-18
7394.00	3.41306e-18
7396.00	2.87844e-18
7398.00	3.32888e-18
7400.00	4.1981e-18
7402.00	3.34618e-18
7404.00	2.94323e-18
7406.00	1.91007e-18
7408.00	1.97483e-18
7410.00	2.62165e-18
7412.00	2.78074e-18
7414.00	2.34058e-18
7416.00	2.60308e-18
7418.00	3.12821e-18
7420.00	2.96633e-18
7422.00	3.50917e-18
7424.00	3.29768e-18
7426.00	3.70402e-18
7428.00	3.66701e-18
7430.00	2.86258e-18
7432.00	3.47822e-18
7434.00	3.35486e-18
7436.00	3.21676e-18
7438.00	3.87145e-18
7440.00	3.10365e-18
7442.00	2.6266e-18
7444.00	3.01499e-18
7446.00	2.95174e-18
7448.00	2.68442e-18
7450.00	2.39097e-18
7452.00	2.47147e-18
7454.00	2.47156e-18
7456.00	1.96965e-18
7458.00	2.79435e-18
7460.00	3.11062e-18
7462.00	3.39265e-18
7464.00	3.54162e-18
7466.00	3.84115e-18
7468.00	4.12317e-18
7470.00	3.54612e-18
7472.00	3.31473e-18
7474.00	3.05252e-18
7476.00	2.86942e-18
7478.00	3.16503e-18
7480.00	3.68719e-18
7482.00	3.02127e-18
7484.00	2.70507e-18
7486.00	2.07871e-18
7488.00	2.89597e-18
7490.00	3.30798e-18
7492.00	2.74709e-18
7494.00	2.91432e-18
7496.00	4.11686e-18
7498.00	4.06467e-18
7500.00	3.55e-18
7502.00	3.85365e-18
7504.00	2.91706e-18
7506.00	1.67797e-18
7508.00	2.7104e-18
7510.00	3.47874e-18
7512.00	3.48061e-18
7514.00	3.28108e-18
7516.00	3.97683e-18
7518.00	4.11946e-18
7520.00	3.50444e-18
7522.00	3.42019e-18
7524.00	2.89961e-18
7526.00	2.16542e-18
7528.00	2.12488e-18
7530.00	2.91374e-18
7532.00	2.61939e-18
7534.00	2.86777e-18
7536.00	2.71987e-18
7538.00	2.94207e-18
7540.00	3.0504e-18
7542.00	2.26548e-18
7544.00	1.75785e-18
7546.00	1.54734e-18
7548.00	1.13605e-18
7550.00	2.06532e-18
7552.00	2.22996e-18
7554.00	2.54555e-18
7556.00	3.88509e-18
7558.00	4.48823e-18
7560.00	2.37914e-18
7562.00	1.85977e-18
7564.00	3.17618e-18
7566.00	4.03183e-18
7568.00	3.34866e-18
7570.00	3.80203e-18
7572.00	3.82089e-18
7574.00	2.72714e-18
7576.00	2.01971e-18
7578.00	3.27248e-18
7580.00	4.48663e-18
7582.00	4.15929e-18
7584.00	3.05852e-18
7586.00	3.33344e-18
7588.00	4.06767e-18
7590.00	3.70928e-18
7592.00	3.06473e-18
7594.00	3.46815e-18
7596.00	3.2495e-18
7598.00	1.67202e-18
7600.00	1.29093e-18
7602.00	4.55979e-18
7604.00	3.83785e-18
7606.00	2.85548e-18
7608.00	4.23878e-18
7610.00	5.36731e-18
7612.00	2.93531e-18
7614.00	4.28438e-18
7616.00	4.74211e-18
7618.00	4.23823e-18
7620.00	4.42083e-18
7622.00	4.64411e-18
7624.00	4.66002e-18
7626.00	1.94907e-18
7628.00	1.42365e-18
7630.00	4.69559e-18
7632.00	5.5095e-18
7634.00	4.31893e-18
7636.00	4.87822e-18
7638.00	4.955e-18
7640.00	4.60715e-18
7642.00	5.4207e-18
7644.00	4.32519e-18
7646.00	5.10111e-18
7648.00	5.33486e-18
7650.00	3.67513e-18
7652.00	3.2344e-18
7654.00	3.09238e-18
7656.00	3.84134e-18
7658.00	4.18972e-18
7660.00	4.54724e-18
7662.00	5.068e-18
7664.00	4.54552e-18
7666.00	5.4266e-18
7668.00	4.66407e-18
7670.00	5.07629e-18
7672.00	5.06374e-18
7674.00	5.05391e-18
7676.00	5.16075e-18
7678.00	4.86335e-18
7680.00	4.07328e-18
7682.00	4.48574e-18
7684.00	4.16181e-18
7686.00	3.47792e-18
7688.00	4.42775e-18
7690.00	4.48185e-18
7692.00	3.95014e-18
7694.00	4.05817e-18
7696.00	3.64879e-18
7698.00	4.57241e-18
7700.00	3.31791e-18
7702.00	3.68786e-18
7704.00	4.39186e-18
7706.00	3.40142e-18
7708.00	4.04186e-18
7710.00	7.19662e-18
7712.00	4.28143e-18
7714.00	6.4578e-18
7716.00	9.40435e-18
7718.00	5.29282e-18
7720.00	5.27073e-18
7722.00	4.73921e-18
7724.00	3.91073e-18
7726.00	5.95179e-18
7728.00	5.41021e-18
7730.00	4.48446e-18
7732.00	4.10532e-18
7734.00	3.93801e-18
7736.00	5.01746e-18
7738.00	4.37267e-18
7740.00	4.16982e-18
7742.00	4.93484e-18
7744.00	5.64233e-18
7746.00	4.18969e-18
7748.00	5.88851e-18
7750.00	4.84517e-18
7752.00	4.56325e-18
7754.00	5.62549e-18
7756.00	5.5305e-18
7758.00	5.95801e-18
7760.00	6.01147e-18
7762.00	4.20779e-18
7764.00	3.23681e-18
7766.00	3.74957e-18
7768.00	6.03737e-18
7770.00	5.70359e-18
7772.00	4.14888e-18
7774.00	6.15675e-18
7776.00	5.0716e-18
7778.00	4.26254e-18
7780.00	3.37656e-18
7782.00	4.64835e-18
7784.00	5.25043e-18
7786.00	3.55294e-18
7788.00	7.38193e-18
7790.00	1.7313e-17
7792.00	2.1187e-17
7794.00	1.96933e-17
7796.00	1.70777e-17
7798.00	9.65852e-18
7800.00	7.30616e-18
7802.00	5.65345e-18
7804.00	2.82267e-18
7806.00	4.24211e-18
7808.00	4.86633e-18
7810.00	4.76939e-18
7812.00	4.26716e-18
7814.00	4.4478e-18
7816.00	5.56293e-18
7818.00	4.84204e-18
7820.00	5.61255e-18
7822.00	5.46792e-18
7824.00	3.8768e-18
7826.00	4.08042e-18
7828.00	3.55984e-18
7830.00	4.59493e-18
7832.00	4.48905e-18
7834.00	4.47044e-18
7836.00	4.88512e-18
7838.00	4.54414e-18
7840.00	4.57159e-18
7842.00	3.31029e-18
7844.00	2.41957e-18
7846.00	3.29993e-18
7848.00	2.54705e-18
7850.00	4.92081e-18
7852.00	3.74191e-18
7854.00	4.60849e-18
7856.00	5.38098e-18
7858.00	5.89455e-18
7860.00	5.6357e-18
7862.00	4.72356e-18
7864.00	3.85896e-18
7866.00	5.48321e-18
7868.00	4.59575e-18
7870.00	4.18096e-18
7872.00	4.39893e-18
7874.00	4.877e-18
7876.00	3.29022e-18
7878.00	3.61473e-18
7880.00	2.59755e-18
7882.00	3.91702e-18
7884.00	5.30146e-18
7886.00	7.37384e-18
7888.00	5.84574e-18
7890.00	3.35506e-18
7892.00	4.26237e-18
7894.00	3.46232e-18
7896.00	3.7751e-18
7898.00	2.71431e-18
7900.00	2.60645e-18
7902.00	3.18285e-18
7904.00	4.26101e-18
7906.00	4.28968e-18
7908.00	6.50114e-18
7910.00	7.50761e-18
7912.00	6.01892e-18
7914.00	4.7832e-18
7916.00	4.06233e-18
7918.00	8.91607e-19
7920.00	2.26983e-18
7922.00	2.91634e-18
7924.00	3.54444e-18
7926.00	3.7037e-18
7928.00	5.67659e-18
7930.00	4.68875e-18
7932.00	6.14682e-18
7934.00	5.1962e-18
7936.00	2.42893e-18
7938.00	3.91246e-18
7940.00	4.06138e-18
7942.00	3.81055e-18
7944.00	4.28161e-18
7946.00	3.00848e-18
7948.00	3.43511e-18
7950.00	3.51442e-18
7952.00	3.32918e-18
7954.00	3.85757e-18
7956.00	2.98569e-18
7958.00	4.17311e-18
7960.00	4.68001e-18
7962.00	3.37213e-18
7964.00	5.02067e-18
7966.00	6.91539e-18
7968.00	5.67695e-18
7970.00	7.6972e-18
7972.00	7.96467e-18
7974.00	5.79413e-18
7976.00	8.93483e-18
7978.00	6.86119e-18
7980.00	6.03748e-18
7982.00	7.26799e-18
7984.00	4.06394e-18
7986.00	5.15408e-18
7988.00	8.33304e-18
7990.00	5.45884e-18
7992.00	3.01982e-18
7994.00	4.61913e-18
7996.00	4.39375e-18
7998.00	5.17307e-18
8000.00	4.10789e-18
8002.00	1.94628e-18
8004.00	2.77511e-18
8006.00	3.8492e-18
8008.00	2.88962e-18
8010.00	2.18525e-18
8012.00	2.35172e-18
8014.00	4.24433e-18
8016.00	5.35055e-18
8018.00	2.38446e-18
8020.00	2.09511e-18
8022.00	2.86241e-18
8024.00	2.32519e-18
8026.00	1.85811e-18
8028.00	1.02961e-18
8030.00	2.59363e-18
8032.00	4.45065e-18
8034.00	3.65442e-18
8036.00	2.88161e-18
8038.00	4.17937e-18
8040.00	3.56263e-18
8042.00	2.72406e-18
8044.00	4.48876e-18
8046.00	7.63676e-18
8048.00	8.03927e-18
8050.00	4.18752e-18
8052.00	3.15773e-18
8054.00	2.75744e-18
8056.00	2.13925e-18
8058.00	3.45867e-18
8060.00	2.1275e-18
8062.00	2.14567e-18
8064.00	3.16746e-18
8066.00	3.21875e-18
8068.00	1.5611e-18
8070.00	2.68801e-18
8072.00	3.22177e-18
8074.00	3.32157e-18
8076.00	2.99353e-18
8078.00	3.78591e-18
8080.00	3.94315e-18
8082.00	3.5176e-18
8084.00	3.2871e-18
8086.00	3.74197e-18
8088.00	4.09451e-18
8090.00	3.83012e-18
8092.00	3.63458e-18
8094.00	2.49938e-18
8096.00	2.87225e-18
8098.00	4.07729e-18
8100.00	2.94918e-18
8102.00	3.13389e-18
8104.00	3.43545e-18
8106.00	1.55169e-18
8108.00	1.68795e-18
8110.00	3.72008e-18
8112.00	3.71647e-18
8114.00	5.36576e-18
8116.00	2.91696e-18
8118.00	2.30255e-18
8120.00	2.64684e-18
8122.00	2.76875e-18
8124.00	1.58085e-18
8126.00	2.09138e-18
8128.00	3.11268e-18
8130.00	2.4128e-18
8132.00	2.90949e-18
8134.00	2.15484e-18
8136.00	3.20551e-18
8138.00	2.71563e-18
8140.00	3.30664e-18
8142.00	4.7622e-18
8144.00	3.54013e-18
8146.00	3.61368e-18
8148.00	2.18753e-18
8150.00	1.64963e-18
8152.00	3.14913e-18
8154.00	2.87073e-18
8156.00	3.15205e-18
8158.00	2.738e-18
8160.00	3.11418e-18
8162.00	3.56346e-18
8164.00	3.41945e-18
8166.00	3.0371e-18
8168.00	3.04381e-18
8170.00	2.88645e-18
8172.00	1.93592e-18
8174.00	2.50818e-18
8176.00	2.82978e-18
8178.00	3.37898e-18
8180.00	4.37366e-18
8182.00	2.75298e-18
8184.00	2.8168e-18
8186.00	3.48282e-18
8188.00	2.46935e-18
8190.00	3.64957e-18
8192.00	2.73213e-18
8194.00	1.83526e-18
8196.00	2.48751e-18
8198.00	1.9584e-18
8200.00	2.41894e-18
8202.00	2.81259e-18
8204.00	2.97785e-18
8206.00	2.98151e-18
8208.00	2.39635e-18
8210.00	1.69759e-18
8212.00	2.84922e-18
8214.00	2.5199e-18
8216.00	3.17959e-18
8218.00	3.49409e-18
8220.00	3.00039e-18
8222.00	3.02692e-18
8224.00	3.27181e-18
8226.00	2.7679e-18
8228.00	2.69789e-18
8230.00	3.23722e-18
8232.00	2.34961e-18
8234.00	2.74041e-18
8236.00	2.49147e-18
8238.00	3.22307e-18
8240.00	3.62129e-18
8242.00	3.90595e-18
8244.00	2.85434e-18
8246.00	2.74084e-18
8248.00	2.63381e-18
8250.00	3.10881e-18
8252.00	3.62124e-18
8254.00	3.09407e-18
8256.00	2.17878e-18
8258.00	2.27252e-18
8260.00	3.55597e-18
8262.00	2.94265e-18
8264.00	3.1738e-18
8266.00	2.55397e-18
8268.00	3.42956e-18
8270.00	3.22066e-18
8272.00	1.44177e-18
8274.00	8.94382e-19
8276.00	3.72161e-18
8278.00	2.72155e-18
8280.00	-2.14379e-19
8282.00	2.26339e-18
8284.00	1.33901e-18
8286.00	8.38243e-19
8288.00	3.5054e-18
8290.00	2.01701e-18
8292.00	2.39032e-18
8294.00	3.32999e-18
8296.00	6.48897e-18
8298.00	6.76963e-18
8300.00	3.33719e-18
8302.00	3.92206e-18
8304.00	3.84111e-18
8306.00	3.27004e-18
8308.00	3.08961e-18
8310.00	3.35358e-18
8312.00	3.07258e-18
8314.00	3.53391e-18
8316.00	3.95955e-18
8318.00	2.46992e-18
8320.00	1.45058e-18
8322.00	2.37628e-18
8324.00	2.71133e-18
8326.00	3.25782e-18
8328.00	3.70767e-18
8330.00	2.93752e-18
8332.00	2.25209e-18
8334.00	2.83821e-18
8336.00	3.25687e-18
8338.00	2.65292e-18
8340.00	4.0098e-18
8342.00	4.85799e-18
8344.00	6.62827e-19
8346.00	1.45697e-18
8348.00	5.72749e-18
8350.00	8.08211e-18
8352.00	4.0631e-18
8354.00	4.04697e-18
8356.00	7.03202e-18
8358.00	4.92659e-18
8360.00	4.21549e-18
8362.00	5.67865e-18
8364.00	4.8534e-18
8366.00	5.17633e-18
8368.00	5.64059e-18
8370.00	3.9213e-18
8372.00	2.25781e-18
8374.00	1.73546e-18
8376.00	4.34737e-18
8378.00	4.71281e-18
8380.00	4.56601e-18
8382.00	4.42296e-18
8384.00	3.84542e-18
8386.00	3.31662e-18
8388.00	1.62665e-18
8390.00	1.73984e-18
8392.00	2.39719e-18
8394.00	3.07138e-18
8396.00	3.5483e-18
8398.00	5.73005e-18
8400.00	4.53137e-18
8402.00	3.07727e-18
8404.00	2.18525e-18
8406.00	2.08909e-18
8408.00	5.16911e-18
8410.00	4.34609e-18
8412.00	2.86102e-18
8414.00	7.00731e-19
8416.00	1.96023e-18
8418.00	2.89005e-18
8420.00	2.52281e-18
8422.00	4.28318e-18
8424.00	3.80906e-18
8426.00	3.19123e-19
8428.00	1.60299e-18
8430.00	6.20123e-18
8432.00	2.97805e-18
8434.00	1.99102e-18
8436.00	-1.61595e-18
8438.00	-2.59054e-18
8440.00	1.07767e-18
8442.00	1.97284e-18
8444.00	1.6835e-18
8446.00	3.99696e-18
8448.00	5.51436e-18
8450.00	5.77241e-18
8452.00	3.70744e-18
8454.00	4.5385e-18
8456.00	3.54929e-18
8458.00	2.32894e-18
8460.00	1.88687e-18
8462.00	3.76013e-18
8464.00	6.26082e-18
8466.00	4.66618e-18
8468.00	4.59625e-18
8470.00	5.42054e-18
8472.00	3.53277e-18
8474.00	4.00066e-18
8476.00	3.90685e-18
8478.00	1.80742e-18
8480.00	3.79655e-18
8482.00	4.01764e-18
8484.00	3.13428e-18
8486.00	3.82345e-18
8488.00	2.87278e-18
8490.00	3.40944e-18
8492.00	2.27427e-18
8494.00	2.37699e-18
8496.00	5.01597e-18
8498.00	4.22524e-18
8500.00	4.20844e-18
8502.00	5.19872e-18
8504.00	4.71461e-18
8506.00	8.38206e-19
8508.00	-9.0917e-20
8510.00	1.05184e-18
8512.00	2.40096e-18
8514.00	1.6993e-18
8516.00	2.47423e-18
8518.00	3.88871e-18
8520.00	3.34496e-18
8522.00	1.39582e-18
8524.00	1.6546e-18
8526.00	3.581e-18
8528.00	3.97758e-18
8530.00	3.40715e-18
8532.00	2.40766e-18
8534.00	2.72637e-18
8536.00	4.4908e-18
8538.00	4.48781e-18
8540.00	3.0379e-18
8542.00	1.46277e-18
8544.00	3.63017e-18
8546.00	3.26733e-18
8548.00	1.80847e-18
8550.00	4.21903e-19
8552.00	1.61769e-18
8554.00	4.17391e-18
8556.00	3.88061e-18
8558.00	2.45179e-18
8560.00	2.97729e-18
8562.00	2.31634e-18
8564.00	1.72987e-18
8566.00	7.23722e-19
8568.00	1.85067e-18
8570.00	2.05277e-18
8572.00	1.58489e-18
8574.00	3.77797e-18
8576.00	2.67433e-18
8578.00	3.23123e-18
8580.00	2.90853e-18
8582.00	3.30457e-18
8584.00	3.36919e-18
8586.00	2.89154e-18
8588.00	2.45976e-18
8590.00	2.87158e-18
8592.00	2.77291e-18
8594.00	1.42584e-18
8596.00	3.29339e-18
8598.00	2.08227e-18
8600.00	2.91904e-18
8602.00	4.07335e-18
8604.00	2.9795e-18
8606.00	3.05291e-18
8608.00	3.2614e-18
8610.00	3.04444e-18
8612.00	1.76905e-18
8614.00	2.17591e-18
8616.00	3.30863e-18
8618.00	2.23124e-18
8620.00	1.08494e-18
8622.00	3.13897e-18
8624.00	4.06095e-18
8626.00	3.00496e-18
8628.00	1.90674e-18
8630.00	4.76519e-19
8632.00	2.14385e-18
8634.00	3.455e-18
8636.00	4.70111e-18
8638.00	5.17432e-18
8640.00	4.51172e-18
8642.00	4.03309e-18
8644.00	2.97812e-18
8646.00	5.64516e-19
8648.00	2.32975e-18
8650.00	5.26548e-18
8652.00	2.16248e-18
8654.00	-2.86428e-19
8656.00	-1.41927e-19
8658.00	-6.1604e-20
8660.00	1.89385e-18
8662.00	2.63305e-19
8664.00	1.30394e-18
8666.00	3.78915e-18
8668.00	2.13097e-18
8670.00	2.04327e-18
8672.00	4.44445e-18
8674.00	2.92492e-18
8676.00	2.00888e-18
8678.00	3.13887e-18
8680.00	2.03701e-18
8682.00	1.85194e-18
8684.00	1.10246e-18
8686.00	1.46487e-18
8688.00	2.43253e-18
8690.00	3.69604e-18
8692.00	2.46612e-18
8694.00	2.03083e-18
8696.00	1.70615e-18
8698.00	2.34568e-18
8700.00	3.06423e-18
8702.00	2.68663e-18
8704.00	1.8447e-18
8706.00	1.55282e-18
8708.00	1.85102e-18
8710.00	2.59522e-18
8712.00	2.71271e-18
8714.00	1.69822e-18
8716.00	3.20606e-18
8718.00	4.12028e-18
8720.00	3.09795e-18
8722.00	2.50447e-18
8724.00	2.79253e-18
8726.00	2.69351e-18
8728.00	3.96761e-18
8730.00	1.35411e-18
8732.00	1.77946e-18
8734.00	1.61785e-18
8736.00	2.15261e-18
8738.00	2.64019e-18
8740.00	2.88331e-18
8742.00	2.66183e-18
8744.00	2.41307e-18
8746.00	1.53009e-18
8748.00	2.89052e-18
8750.00	3.16336e-18
8752.00	5.13144e-18
8754.00	4.41382e-18
8756.00	4.00764e-18
8758.00	6.66097e-18
8760.00	5.20375e-18
8762.00	7.06427e-18
8764.00	2.08919e-18
8766.00	1.48579e-18
8768.00	5.06965e-18
8770.00	2.03623e-18
8772.00	-7.86799e-20
8774.00	8.07809e-18
8776.00	8.4057e-18
8778.00	3.03341e-18
8780.00	6.11823e-18
8782.00	4.53012e-18
8784.00	5.75823e-18
8786.00	3.4442e-18
8788.00	3.46929e-18
8790.00	1.68345e-18
8792.00	3.65991e-18
8794.00	4.82165e-18
8796.00	1.96887e-18
8798.00	2.41574e-18
8800.00	2.57709e-18
8802.00	2.10346e-18
8804.00	1.08451e-18
8806.00	2.12848e-18
8808.00	4.04123e-18
8810.00	1.41866e-18
8812.00	2.61343e-18
8814.00	2.59583e-18
8816.00	2.62183e-18
8818.00	3.45995e-18
8820.00	4.17177e-18
8822.00	8.88174e-18
8824.00	9.84379e-18
8826.00	1.74248e-18
8828.00	2.3318e-19
8830.00	1.7323e-18
8832.00	-1.55359e-18
8834.00	2.67417e-18
8836.00	1.20945e-17
8838.00	5.95896e-18
8840.00	3.47876e-18
8842.00	4.36431e-18
8844.00	4.80446e-18
8846.00	5.68352e-18
8848.00	6.76053e-18
8850.00	6.51836e-18
8852.00	3.04856e-18
8854.00	2.05881e-18
8856.00	2.9635e-18
8858.00	2.02242e-18
8860.00	3.50905e-18
8862.00	2.32729e-18
8864.00	1.96693e-18
8866.00	8.73528e-19
8868.00	3.27467e-18
8870.00	1.80573e-18
8872.00	2.25721e-18
8874.00	4.16596e-18
8876.00	5.81406e-18
8878.00	4.50273e-18
8880.00	4.7781e-18
8882.00	4.87468e-18
8884.00	1.3674e-18
8886.00	1.90683e-18
8888.00	1.42233e-18
8890.00	-2.56846e-19
8892.00	-6.33112e-19
8894.00	3.05866e-18
8896.00	3.52175e-18
8898.00	5.88092e-18
8900.00	4.15926e-18
8902.00	3.59976e-18
8904.00	1.63297e-18
8906.00	-1.29711e-18
8908.00	7.68313e-20
8910.00	4.73065e-18
8912.00	4.83358e-18
8914.00	-4.36693e-19
8916.00	-4.48656e-18
8918.00	-2.53533e-18
8920.00	7.45913e-18
8922.00	9.18012e-18
8924.00	4.42377e-18
8926.00	5.89582e-18
8928.00	3.99957e-18
8930.00	5.74683e-18
8932.00	2.89761e-18
8934.00	1.45129e-18
8936.00	1.74389e-18
8938.00	2.98808e-18
8940.00	5.06568e-18
8942.00	-7.02717e-19
8944.00	-2.86007e-18
8946.00	2.71791e-18
8948.00	1.92307e-18
8950.00	4.07224e-18
8952.00	2.39565e-18
8954.00	8.49892e-18
8956.00	1.13696e-17
8958.00	2.23008e-18
8960.00	-2.80851e-19
8962.00	2.84582e-18
8964.00	3.60611e-19
8966.00	8.37557e-19
8968.00	2.65626e-18
8970.00	3.37914e-18
8972.00	4.41882e-18
8974.00	4.28532e-18
8976.00	5.15007e-18
8978.00	2.69847e-18
8980.00	3.43167e-18
8982.00	3.12501e-18
8984.00	1.43477e-18
8986.00	4.20119e-18
8988.00	4.82766e-18
8990.00	4.99737e-18
8992.00	7.58759e-18
8994.00	3.04491e-18
8996.00	-1.10234e-19
8998.00	6.41418e-19
9000.00	2.23223e-18
9002.00	3.65497e-18
9004.00	5.97866e-18
9006.00	5.32554e-18
9008.00	3.60602e-18
9010.00	4.25974e-18
9012.00	4.2797e-18
9014.00	2.29949e-18
9016.00	8.36481e-19
9018.00	9.63668e-19
9020.00	3.30091e-18
9022.00	3.3626e-18
9024.00	3.18465e-18
9026.00	2.90397e-18
9028.00	2.4682e-18
9030.00	2.84236e-18
9032.00	2.28877e-18
9034.00	2.52499e-18
9036.00	3.91832e-18
9038.00	5.03126e-18
9040.00	2.72164e-18
9042.00	3.22659e-18
9044.00	5.1671e-18
9046.00	2.50421e-18
9048.00	9.84075e-19
9050.00	1.95548e-18
9052.00	1.81594e-18
9054.00	3.25675e-18
9056.00	3.04509e-18
9058.00	4.44003e-18
9060.00	4.00082e-18
9062.00	3.77631e-18
9064.00	3.57802e-18
9066.00	2.92929e-18
9068.00	2.20195e-18
9070.00	4.21915e-18
9072.00	5.65819e-18
9074.00	3.55768e-18
9076.00	1.01285e-18
9078.00	3.26103e-18
9080.00	3.9131e-18
9082.00	3.72967e-18
9084.00	2.59146e-18
9086.00	1.74918e-18
9088.00	1.97783e-18
9090.00	5.03202e-19
9092.00	9.76233e-19
9094.00	2.18578e-18
9096.00	1.80363e-18
9098.00	3.97827e-20
9100.00	4.70711e-18
9102.00	3.4716e-18
9104.00	3.80374e-18
9106.00	2.64312e-18
9108.00	2.35752e-18
9110.00	2.01264e-18
9112.00	3.35045e-18
9114.00	3.43404e-18
9116.00	2.45612e-18
9118.00	1.44267e-18
9120.00	2.8742e-18
9122.00	3.77346e-18
9124.00	2.06128e-18
9126.00	2.70583e-18
9128.00	1.89919e-18
9130.00	2.0117e-18
9132.00	3.37074e-18
9134.00	5.07271e-18
9136.00	2.87915e-18
9138.00	1.80765e-18
9140.00	4.17778e-18
9142.00	3.59521e-18
9144.00	1.22029e-18
9146.00	1.36101e-18
9148.00	1.61639e-18
9150.00	3.60149e-18
9152.00	5.36133e-18
9154.00	4.16073e-18
9156.00	3.58989e-18
9158.00	3.09714e-19
9160.00	3.61417e-18
9162.00	4.18092e-18
9164.00	2.84857e-18
9166.00	2.84049e-18
9168.00	2.72251e-18
9170.00	3.7233e-18
9172.00	3.92428e-18
9174.00	3.99217e-18
9176.00	5.87591e-18
9178.00	4.17309e-18
9180.00	5.31299e-18
9182.00	5.55852e-18
9184.00	3.72954e-18
9186.00	1.77854e-18
9188.00	3.48174e-18
9190.00	6.61344e-18
9192.00	4.03686e-18
9194.00	-9.01628e-19
9196.00	4.04025e-19
9198.00	3.08759e-18
9200.00	3.63046e-18
9202.00	4.86231e-18
9204.00	5.85901e-18
9206.00	4.78758e-18
9208.00	4.51069e-18
9210.00	9.50735e-19
9212.00	3.02936e-18
9214.00	4.37401e-18
9216.00	1.67108e-18
9218.00	8.31335e-19
9220.00	1.18955e-18
9222.00	-1.26441e-18
9224.00	6.64082e-19
9226.00	3.78144e-18
9228.00	5.37065e-18
9230.00	5.59999e-18
9232.00	2.43599e-18
9234.00	3.35957e-18
9236.00	1.87553e-18
9238.00	3.40138e-18
9240.00	2.43931e-18
9242.00	1.74089e-18
9244.00	4.87095e-18
9246.00	4.30464e-18
9248.00	5.06131e-18
9250.00	4.31345e-18
9252.00	2.39936e-18
9254.00	2.92112e-18
9256.00	2.42725e-18
9258.00	3.2315e-18
9260.00	2.83366e-18
9262.00	2.39395e-18
9264.00	6.81351e-18
9266.00	6.45031e-18
9268.00	4.46531e-18
9270.00	3.51826e-18
9272.00	4.02481e-18
9274.00	4.19555e-18
9276.00	2.95996e-18
9278.00	2.57883e-18
9280.00	4.34436e-18
9282.00	3.64639e-18
9284.00	4.61426e-18
9286.00	6.856e-18
9288.00	4.45505e-18
9290.00	5.35957e-18
9292.00	3.19773e-18
