# SOURCE  = 'Quimby et al. 2018' /                                                
# OBJECT  = 'PTF11mnb'           /                                                
# Z       =            0.0600000 / wavelengths divided by (1 + z)                 
# NORM    =          6.46630E-17 / fluxes divided by norm                         
# CLIPPED =                    1 / galaxy emission lines removed                  
# SMOOTHED=                    1 / spectrum has been smoothed                     
# COLUMN01= 'Wavelength (Angstrom)' /                                             
# COLUMN02= 'Flux Density (erg/s/cm2/A)' /                                        
# COLUMN03= 'Flux Density Uncertainty (erg/s/cm2/A)' /                            
# END                                                                             
# 
# 
# 
# 
# 
# 
# 
# 
# 
# 
   3158.3792384      0.5717145      0.1824726
   3161.5282983      0.4849406      0.1777479
   3164.6985849      0.4413447      0.1725078
   3167.8582583      0.4558639      0.1670660
   3171.0285449      0.4725956      0.1618634
   3174.1988315      0.4349524      0.1569507
   3177.3691182      0.4730735      0.1537312
   3180.5500182      0.4667636      0.1496956
   3183.7309182      0.4990973      0.1460090
   3186.9118182      0.4651107      0.1426801
   3190.1033315      0.4760520      0.1398168
   3193.2948449      0.4654572      0.1373425
   3196.4863583      0.4836904      0.1351225
   3199.6778715      0.5234347      0.1335597
   3202.8799983      0.5502350      0.1320112
   3206.0821250      0.5908279      0.1307532
   3209.2948651      0.5899943      0.1295819
   3212.4969917      0.5574825      0.1278434
   3215.7097318      0.5247530      0.1259096
   3218.9330853      0.4966745      0.1246358
   3222.1455664      0.4398674      0.1223024
   3225.3689199      0.4282180      0.1198762
   3228.5922733      0.4323863      0.1171396
   3231.8262401      0.3710961      0.1145496
   3235.0602068      0.3637243      0.1119497
   3238.2939147      0.4261818      0.1091364
   3241.5278815      0.4774294      0.1067020
   3244.7724616      0.5074716      0.1036357
   3248.0170417      0.5028098      0.1006375
   3251.2616219      0.5107043      0.0975883
   3254.5165565      0.5125157      0.0949905
   3257.7717500      0.5393140      0.0931697
   3261.0269435      0.5644510      0.0920785
   3264.2924914      0.6068245      0.0914689
   3267.5582983      0.5908135      0.0909308
   3270.8241051      0.5888848      0.0904229
   3274.0896531      0.6141903      0.0901581
   3277.3660733      0.5985274      0.0895572
   3280.6424935      0.6055019      0.0890314
   3283.9292682      0.5967392      0.0883538
   3287.2056884      0.6181887      0.0876515
   3290.4927219      0.6072415      0.0890627
   3293.7901099      0.6281860      0.0885506
   3297.0877568      0.6180947      0.0851189
   3300.3745315      0.5894045      0.0830163
   3303.6827917      0.6082227      0.0813726
   3306.9801798      0.5903565      0.0800684
   3310.2884401      0.5981480      0.0788281
   3313.5964414      0.5759942      0.0777064
   3316.9153151      0.5615276      0.0770251
   3320.2339298      0.5497888      0.0767888
   3323.5528035      0.5223951      0.0761297
   3326.8714182      0.5100014      0.0750774
   3330.2009051      0.4836514      0.0739095
   3333.5301333      0.4927983      0.0730875
   3336.8702336      0.5014166      0.0722080
   3340.1994616      0.5241613      0.0714493
   3343.5393031      0.5135206      0.0709061
   3346.8900167      0.5179787      0.0699640
   3350.2298583      0.5168530      0.0689065
   3353.5805719      0.5587484      0.0677533
   3356.9416401      0.5810562      0.0669750
   3360.2920949      0.6237462      0.0660346
   3363.6534219      0.6558202      0.0651129
   3367.0251035      0.6403478      0.0643366
   3370.3861715      0.6146959      0.0636806
   3373.7578531      0.6249488      0.0626875
   3377.1297935      0.6444504      0.0618074
   3380.5120884      0.6495142      0.0613087
   3383.8943833      0.6434644      0.0606744
   3387.2766781      0.6858918      0.0604255
   3390.6592318      0.6569930      0.0601591
   3394.0521401      0.6493219      0.0586541
   3397.4450483      0.6442611      0.0577771
   3400.8485699      0.6499854      0.0573338
   3404.2414781      0.6398149      0.0569082
   3407.6452586      0.6634566      0.0564996
   3411.0593935      0.6561419      0.0560655
   3414.4629151      0.6436713      0.0560210
   3417.8876634      0.6249248      0.0556803
   3421.3017983      0.6303833      0.0552088
   3424.7265465      0.6520821      0.0545349
   3428.1512949      0.6658003      0.0540900
   3431.5760432      0.6952727      0.0541094
   3435.0114048      0.6978176      0.0540428
   3438.4467664      0.7083983      0.0538149
   3441.8821281      0.7041980      0.0535564
   3445.3281031      0.6952132      0.0528579
   3448.7740781      0.6927308      0.0522474
   3452.2200531      0.6991144      0.0515690
   3455.6660281      0.6841434      0.0511875
   3459.1226164      0.6528652      0.0509461
   3462.5898182      0.6182715      0.0510106
   3466.0464065      0.6022281      0.0508337
   3469.5136083      0.5940592      0.0507422
   3472.9808099      0.5746486      0.0502110
   3476.4586250      0.5267407      0.0490387
   3479.9364401      0.5226807      0.0483405
   3483.4142551      0.5121953      0.0472999
   3486.9026836      0.5184636      0.0462009
   3490.3802397      0.5005423      0.0452606
   3493.8792815      0.4825581      0.0441833
   3497.3677099      0.5113391      0.0432910
   3500.8667517      0.5153443      0.0426190
   3504.3657935      0.5148844      0.0417627
   3507.8751897      0.5502098      0.0409045
   3511.3848449      0.5825551      0.0403342
   3514.8945000      0.6233812      0.0401698
   3518.4041551      0.6635782      0.0399966
   3521.9241647      0.6976830      0.0407498
   3525.4444333      0.7086411      0.0415189
   3528.9753151      0.7117695      0.0422005
   3532.5061969      0.7104655      0.0432045
   3536.0368199      0.6986550      0.0436295
   3539.5677017      0.6809540      0.0439346
   3543.1091969      0.6509128      0.0438173
   3546.6504333      0.6250348      0.0438869
   3550.2025417      0.6045185      0.0435389
   3553.7543914      0.6207760      0.0431246
   3557.3065000      0.6134896      0.0416738
   3560.8586086      0.6259931      0.0405515
   3564.4210715      0.6127976      0.0393272
   3567.9837935      0.6433466      0.0380763
   3571.5568699      0.6634090      0.0367200
   3575.1302051      0.6689394      0.0359023
   3578.7032815      0.6858177      0.0352125
   3582.2872301      0.6845047      0.0346250
   3585.8709199      0.7169256      0.0343895
   3589.4548685      0.7181737      0.0339329
   3593.0385583      0.7532855      0.0340473
   3596.6331202      0.7649352      0.0340764
   3600.2274233      0.7719038      0.0343222
   3603.8323397      0.7798288      0.0343888
   3607.4375151      0.7865939      0.0349752
   3611.0424315      0.7680823      0.0356026
   3614.6582202      0.7436613      0.0366012
   3618.2631366      0.7521005      0.0369222
   3621.8892798      0.7376111      0.0379720
   3625.5050685      0.7270250      0.0387533
   3629.1312116      0.7323071      0.0398977
   3632.7679682      0.7591663      0.0406772
   3636.3943702      0.7729753      0.0417133
   3640.0311267      0.8156292      0.0421848
   3643.6678833      0.8254202      0.0427638
   3647.3152531      0.8433771      0.0425423
   3650.9628818      0.8669568      0.0421273
   3654.6208651      0.8924757      0.0418699
   3658.2682349      0.9390548      0.0408288
   3661.9262182      0.9609919      0.0393722
   3665.5948147      1.0059686      0.0381073
   3669.2530568      1.0289733      0.0366839
   3672.9216535      1.0619206      0.0350665
   3676.6008634      1.0736195      0.0341145
   3680.2800733      1.0905143      0.0335887
   3683.9592833      1.0760781      0.0333199
   3687.6384932      1.0474454      0.0336374
   3691.3283164      1.0375009      0.0339096
   3695.0181397      1.0330466      0.0343441
   3698.7188353      0.9874494      0.0346322
   3702.4192719      0.9653808      0.0348048
   3706.1197086      0.9287518      0.0347825
   3709.8201452      0.8919225      0.0341327
   3713.5311952      0.8709360      0.0339766
   3717.2422452      0.8387565      0.0338226
   3720.9639086      0.8217804      0.0332659
   3724.6855719      0.8087583      0.0331447
   3728.4072353      0.8134722      0.0329179
   3732.1392531      0.8545413      0.0326752
   3735.8715298      0.8584481      0.0325999
   3739.6038065      0.8812404      0.0324121
   3743.3466965      0.8718022      0.0320539
   3747.0895866      0.8751791      0.0314372
   3750.8430901      0.8819028      0.0309059
   3754.5859801      0.8719169      0.0301709
   3758.3394836      0.8783381      0.0296391
   3762.1033414      0.8835077      0.0290239
   3765.8674583      0.8903522      0.0286624
   3769.6315750      0.8914049      0.0284158
   3773.3956917      0.8990074      0.0282850
   3777.1704219      0.8887085      0.0282997
   3780.9448932      0.8986040      0.0282600
   3784.7302366      0.9169229      0.0282205
   3788.5155801      0.9383782      0.0282326
   3792.3112781      0.9529333      0.0281301
   3796.0966215      0.9646757      0.0282986
   3799.8925785      0.9803543      0.0282859
   3803.6988897      0.9935365      0.0282354
   3807.4948465      0.9782167      0.0282949
   3811.3014167      0.9707710      0.0284710
   3815.1183414      0.9568102      0.0287625
   3818.9355250      0.9746138      0.0285986
   3822.7527086      0.9898235      0.0285834
   3826.5802465      0.9823336      0.0285664
   3830.3974301      1.0085787      0.0284128
   3834.2355815      1.0242383      0.0280819
   3838.0633785      1.0337406      0.0275681
   3841.9015298      1.0540257      0.0267919
   3845.7505535      1.0467784      0.0262737
   3849.5887048      1.0615743      0.0253816
   3853.4377285      1.0603055      0.0249485
   3857.2971065      1.0583535      0.0241857
   3861.1567435      1.0495989      0.0235992
   3865.0161215      1.0382814      0.0232041
   3868.8863719      1.0254072      0.0229430
   3872.7457500      1.0072314      0.0228640
   3876.6263548      1.0019422      0.0224401
   3880.4966051      0.9794166      0.0221589
   3884.3772099      0.9666317      0.0220576
   3888.2684281      0.9521992      0.0221901
   3892.1492917      0.9525014      0.0223618
   3896.0511233      0.9480667      0.0230107
   3899.9423414      0.9374627      0.0236858
   3903.8444318      0.9631338      0.0241105
   3907.7462634      0.9850401      0.0248667
   3911.6587083      0.9902695      0.0250628
   3915.5605397      1.0364790      0.0254935
   3919.4838568      1.0593072      0.0252217
   3923.3963017      1.0967439      0.0260114
   3927.3299733      1.1238267      0.0255312
   3931.2530315      1.1677507      0.0246824
   3935.1867031      1.2160732      0.0246475
   3939.1206336      1.2563359      0.0249832
   3943.0543051      1.2960610      0.0252372
   3946.9985901      1.3364135      0.0257500
   3950.9534884      1.3899322      0.0257464
   3954.8977733      1.3990895      0.0259765
   3958.8526715      1.4123560      0.0258161
   3962.8181833      1.4203134      0.0251330
   3966.7730815      1.4493833      0.0247969
   3970.7492065      1.4507186      0.0244060
   3974.7147182      1.4490632      0.0240571
   3978.6908432      1.4604771      0.0243817
   3982.6669682      1.4753996      0.0238465
   3986.6537065      1.4922684      0.0236777
   3990.6404449      1.5032500      0.0242595
   3994.6271833      1.4868408      0.0247551
   3998.6245349      1.4598458      0.0256803
   4002.6218866      1.4342523      0.0257853
   4006.6298517      1.4064322      0.0265679
   4010.6272035      1.3811971      0.0281401
   4014.6457818      1.3393419      0.0291672
   4018.6537469      1.2820576      0.0295979
   4022.6720664      1.2359296      0.0307776
   4026.7012583      1.1906888      0.0315436
   4030.7304500      1.1072613      0.0314991
   4034.7596417      1.0361953      0.0309684
   4038.7888336      0.9837538      0.0305137
   4042.8283798      0.9464183      0.0299077
   4046.8787983      0.8977244      0.0289481
   4050.9186035      0.8622413      0.0285371
   4054.9690219      0.8563659      0.0286280
   4059.0297949      0.8438085      0.0275651
   4063.0908267      0.8432186      0.0277595
   4067.1518586      0.8243853      0.0273128
   4071.2126315      0.8102193      0.0277392
   4075.2842767      0.7978809      0.0260643
   4079.3665353      0.7981648      0.0259034
   4083.4485349      0.8118683      0.0261042
   4087.5307935      0.8212369      0.0274148
   4091.6127932      0.8256919      0.0274167
   4095.7056651      0.8228826      0.0271415
   4099.7982781      0.8410064      0.0288562
   4103.9017634      0.8649693      0.0288802
   4108.0049897      0.8608768      0.0282964
   4112.1190884      0.8872467      0.0276921
   4116.2223147      0.9215859      0.0283714
   4120.3470267      0.9515586      0.0284494
   4124.4608664      0.9942348      0.0282495
   4128.5855785      1.0419312      0.0274926
   4132.7206449      1.1209460      0.0281376
   4136.8559702      1.1923717      0.0280332
   4140.9910366      1.2575105      0.0277802
   4145.1261031      1.3035316      0.0268855
   4149.2720417      1.3667930      0.0264061
   4153.4283349      1.4125408      0.0251090
   4157.5740147      1.4610647      0.0245695
   4161.7411801      1.5115075      0.0241678
   4165.8974733      1.5240555      0.0246750
   4170.0643798      1.5483978      0.0245270
   4174.2315452      1.5727264      0.0248962
   4178.4090651      1.5657932      0.0244995
   4182.5865849      1.5783881      0.0237992
   4186.7747182      1.5826730      0.0233938
   4190.9524969      1.5970958      0.0234043
   4195.1512435      1.5997148      0.0235521
   4199.3393767      1.6098104      0.0236742
   4203.5381233      1.6128370      0.0237998
   4207.7474833      1.6342494      0.0239266
   4211.9568432      1.6542422      0.0237778
   4216.1662031      1.6547830      0.0235698
   4220.3864353      1.6651745      0.0233561
   4224.6064086      1.6809152      0.0230512
   4228.8263818      1.7058471      0.0228915
   4233.0569685      1.7209105      0.0224809
   4237.2875551      1.7354813      0.0221619
   4241.5287551      1.7453446      0.0218653
   4245.7699551      1.7575510      0.0217350
   4250.0111551      1.7834005      0.0218710
   4254.2629685      1.8049031      0.0221300
   4258.5147818      1.8263084      0.0214011
   4262.7772086      1.8556221      0.0212026
   4267.0396353      1.8769172      0.0209386
   4271.3124164      1.8817794      0.0208298
   4275.5748432      1.8753500      0.0208189
   4279.8584965      1.8677989      0.0207064
   4284.1421500      1.8587118      0.0206003
   4288.4258035      1.8608407      0.0206232
   4292.7094568      1.8362637      0.0205885
   4297.0034647      1.8165137      0.0207859
   4301.2977315      1.8031479      0.0214156
   4305.6026116      1.7764676      0.0217791
   4309.9074917      1.7501645      0.0213768
   4314.2123719      1.7261710      0.0215364
   4318.5276065      1.6862710      0.0223853
   4322.8537134      1.6488941      0.0229060
   4327.1692068      1.6308055      0.0234990
   4331.5056682      1.6007899      0.0243950
   4335.8317750      1.5813379      0.0254780
   4340.1684952      1.5612819      0.0264511
   4344.5052154      1.5461866      0.0276080
   4348.8520312      1.5047801      0.0281635
   4353.1993647      1.4621238      0.0283883
   4357.5575705      1.4512732      0.0282671
   4361.9152586      1.4454094      0.0274546
   4366.2729465      1.4653859      0.0263369
   4370.6415068      1.4970686      0.0251112
   4375.0100671      1.5092247      0.0240280
   4379.3889818      1.5100745      0.0232893
   4383.7678965      1.5244271      0.0233071
   4388.1468114      1.5135695      0.0224109
   4392.5365983      1.4877644      0.0216705
   4396.9367397      1.4714328      0.0215916
   4401.3265267      1.4292498      0.0219348
   4405.7375404      1.4237665      0.0216505
   4410.1376818      1.4170511      0.0214729
   4414.5486955      1.3926229      0.0214321
   4418.9591914      1.3823664      0.0214011
   4423.3805596      1.3701915      0.0212397
   4427.8024455      1.3548034      0.0210680
   4432.2341682      1.3384596      0.0209096
   4436.6664086      1.3348806      0.0205850
   4441.1090035      1.3346273      0.0204267
   4445.5412438      1.3152791      0.0203176
   4449.9941932      1.3050150      0.0201871
   4454.4367881      1.2912689      0.0201053
   4458.8902551      1.2608510      0.0200460
   4463.3540767      1.2330920      0.0199614
   4467.8178983      1.2098250      0.0199123
   4472.2817199      1.1811496      0.0197825
   4476.7564136      1.1595918      0.0197978
   4481.2305897      1.1554062      0.0199580
   4485.7156381      1.1643144      0.0199886
   4490.2006864      1.1784226      0.0200262
   4494.6966068      1.1862894      0.0200409
   4499.1920096      1.2048401      0.0199111
   4503.6879301      1.2296895      0.0199167
   4508.1942051      1.2652624      0.0198719
   4512.7004801      1.2812347      0.0198436
   4517.2171096      1.3023095      0.0198304
   4521.7342568      1.3151993      0.0198281
   4526.2508864      1.3248621      0.0197166
   4530.7783881      1.3122981      0.0198788
   4535.3058897      1.3035386      0.0198940
   4539.8442636      1.2811708      0.0198772
   4544.3821199      1.2574133      0.0198462
   4548.9308483      1.2427050      0.0196658
   4553.4795767      1.2148731      0.0195994
   4558.0283051      1.1889966      0.0195027
   4562.5873881      1.1788261      0.0195145
   4567.1573432      1.1636339      0.0193119
   4571.7169438      1.1394085      0.0192024
   4576.2972535      1.1155927      0.0191219
   4580.8672086      1.1110226      0.0190619
   4585.4475182      1.1097354      0.0194067
   4590.0387000      1.1171390      0.0190352
   4594.6298818      1.1338217      0.0188481
   4599.2210636      1.1405482      0.0188278
   4603.8226000      1.1675560      0.0188457
   4608.4241364      1.1823789      0.0190242
   4613.0365449      1.2140106      0.0192530
   4617.6489535      1.2465398      0.0196168
   4622.2613619      1.2672150      0.0197172
   4626.8841250      1.2806120      0.0198516
   4631.5177603      1.2952914      0.0198012
   4636.1405233      1.3067544      0.0196679
   4640.7845131      1.3092676      0.0197275
   4645.4181483      1.2968619      0.0196678
   4650.0621381      1.2864358      0.0196316
   4654.7170000      1.2666094      0.0195511
   4659.3718619      1.2526336      0.0196727
   4664.0370785      1.2415553      0.0197718
   4668.6919404      1.2339746      0.0199240
   4673.3675114      1.2102143      0.0204442
   4678.0436000      1.2012939      0.0202048
   4682.7196886      1.1949157      0.0199218
   4687.3952596      1.1933790      0.0198524
   4692.0925750      1.2008723      0.0197393
   4696.7790182      1.2070950      0.0196439
   4701.4763336      1.2310466      0.0195617
   4706.1840035      1.2409561      0.0194342
   4710.8813188      1.2408332      0.0195484
   4715.5993432      1.2335961      0.0198961
   4720.3070131      1.2268867      0.0200272
   4725.0359096      1.2157751      0.0202345
   4729.7544517      1.2032492      0.0205850
   4734.4942205      1.1896899      0.0206247
   4739.2231171      1.1730928      0.0205816
   4743.9623682      1.1576303      0.0203023
   4748.7124914      1.1598595      0.0202331
   4753.4522603      1.1472132      0.0199865
   4758.2127381      1.1600161      0.0198336
   4762.9628614      1.1629287      0.0198742
   4767.7342114      1.1937339      0.0190092
   4772.4952068      1.2251179      0.0187845
   4777.2665568      1.2557292      0.0187476
   4782.0482614      1.3013630      0.0189006
   4786.8304836      1.3430960      0.0191540
   4791.6230603      1.3840158      0.0194268
   4796.4047647      1.4205145      0.0196550
   4801.2082136      1.4663049      0.0199121
   4806.0111449      1.4929335      0.0200659
   4810.8145938      1.5134283      0.0200961
   4815.6278795      1.5390004      0.0203189
   4820.4416829      1.5686941      0.0203778
   4825.2663586      1.5877963      0.0208772
   4830.0905164      1.5899717      0.0203179
   4834.9151921      1.6090871      0.0202080
   4839.7497045      1.6238579      0.0202650
   4844.5956068      1.6356865      0.0204459
   4849.4409914      1.6590209      0.0208192
   4854.2868938      1.6610836      0.0213510
   4859.1426329      1.6602430      0.0210449
   4863.9988897      1.6766450      0.0213700
   4868.8660188      1.6916043      0.0213197
   4873.7326301      1.7219087      0.0212676
   4878.6101136      1.7477376      0.0211784
   4883.4870795      1.7550877      0.0210142
   4888.3754353      1.7831421      0.0208005
   4893.2632733      1.7942446      0.0205279
   4898.1511114      1.7971739      0.0202469
   4903.0498215      1.8010695      0.0200157
   4907.9588864      1.7974781      0.0199019
   4912.8684688      1.8074965      0.0199493
   4917.7775336      1.8162208      0.0202797
   4922.6974705      1.8165543      0.0196528
   4927.6168897      1.8088956      0.0197730
   4932.5471812      1.7848922      0.0196864
   4937.4779904      1.7589115      0.0197923
   4942.4186364      1.7339528      0.0196635
   4947.3598000      1.7109402      0.0196667
   4952.3113182      1.6655246      0.0198030
   4957.2524818      1.6509904      0.0201250
   4962.2143545      1.6348530      0.0204334
   4967.1767449      1.6221209      0.0208304
   4972.1494897      1.6096714      0.0210729
   4977.1222346      1.5799991      0.0213861
   4982.0949795      1.5701939      0.0213376
   4987.0785965      1.5335883      0.0214237
   4992.0622136      1.5054954      0.0210023
   4997.0561853      1.4882952      0.0206112
   5002.0501568      1.4771065      0.0202437
   5007.0544829      1.4761672      0.0197113
   5012.0696812      1.4664789      0.0191972
   5017.0745250      1.4485544      0.0189354
   5022.0897233      1.4196155      0.0187101
   5027.1157938      1.4028324      0.0184368
   5032.1413465      1.3834831      0.0184628
   5037.1777715      1.3699766      0.0184100
   5042.2141965      1.3625314      0.0182839
   5047.2614938      1.3505934      0.0181857
   5052.2979188      1.3402467      0.0183292
   5057.3555705      1.3304716      0.0185298
   5062.4127045      1.3323113      0.0187413
   5067.4812285      1.3209494      0.0192097
   5072.5492346      1.3016922      0.0195593
   5077.6177586      1.3007157      0.0197074
   5082.6966369      1.2842509      0.0202343
   5087.7755154      1.2807130      0.0202649
   5092.8647483      1.2763222      0.0198831
   5097.9539812      1.2676032      0.0197060
   5103.0540864      1.2564547      0.0196698
   5108.1650636      1.2355118      0.0195889
   5113.2755233      1.2148509      0.0194277
   5118.3859829      1.2006472      0.0192570
   5123.4969603      1.2072235      0.0192285
   5128.6286465      1.1974875      0.0194586
   5133.7499785      1.2148376      0.0197447
   5138.8816647      1.2451153      0.0196956
   5144.0242233      1.2763498      0.0195051
   5149.1667818      1.2861834      0.0194202
   5154.3196949      1.3136020      0.0191623
   5159.4726079      1.3450319      0.0188516
   5164.6363932      1.3625143      0.0187362
   5169.8001785      1.3821476      0.0187383
   5174.9639636      1.3981843      0.0183618
   5180.1484579      1.3953705      0.0186110
   5185.3231154      1.3937244      0.0187342
   5190.5076096      1.3882844      0.0187134
   5195.7034938      1.3668325      0.0190558
   5200.8988603      1.3434901      0.0195167
   5206.0942267      1.3030075      0.0198460
   5211.3108199      1.2786423      0.0201472
   5216.5170586      1.2462372      0.0201940
   5221.7336517      1.2317994      0.0201755
   5226.9611171      1.2170429      0.0199982
   5232.1777103      1.2213269      0.0198352
   5237.4155301      1.2240921      0.0196564
   5242.6533500      1.2493023      0.0194682
   5247.8911699      1.2514776      0.0193290
   5253.1398619      1.2800579      0.0191612
   5258.3989086      1.2978882      0.0192196
   5263.6579551      1.3239979      0.0195210
   5268.9170017      1.3522409      0.0199483
   5274.1869205      1.3815719      0.0195958
   5279.4671938      1.4029247      0.0197186
   5284.7474671      1.4330251      0.0198200
   5290.0277404      1.4477148      0.0200589
   5295.3183682      1.4414963      0.0202877
   5300.6095136      1.4443554      0.0206055
   5305.9110136      1.4439573      0.0209733
   5311.2228682      1.4425235      0.0212765
   5316.5352404      1.4351569      0.0213951
   5321.8470949      1.4225959      0.0218057
   5327.1698215      1.4204530      0.0222718
   5332.4925483      1.4054881      0.0226592
   5337.8256295      1.3657219      0.0230810
   5343.1695829      1.3473849      0.0234419
   5348.5135364      1.2989368      0.0237721
   5353.8683619      1.2605176      0.0240846
   5359.2123154      1.2075802      0.0244039
   5364.5774955      1.1700968      0.0245372
   5369.9421579      1.1352704      0.0247457
   5375.3073381      1.1185421      0.0249702
   5380.6833904      1.0720022      0.0252275
   5386.0692795      1.0506403      0.0255907
   5391.4556864      1.0247324      0.0260297
   5396.8420932      1.0176944      0.0265950
   5402.2388545      1.0230371      0.0272389
   5407.6464881      1.0348303      0.0279058
   5413.0541215      1.0317979      0.0284688
   5418.4617551      1.0495166      0.0286963
   5423.8797432      1.0666355      0.0292173
   5429.3086035      1.0989745      0.0298999
   5434.7374636      1.1069061      0.0304952
   5440.1766785      1.0998133      0.0311054
   5445.6158932      1.1330324      0.0316887
   5451.0551079      1.1494237      0.0320810
   5456.5160671      1.1449564      0.0323932
   5461.9656364      1.1496589      0.0327588
   5467.4265955      1.1853206      0.0329382
   5472.8973914      1.1888249      0.0328151
   5478.3687051      1.2002877      0.0327461
   5483.8503733      1.2161676      0.0322622
   5489.3320414      1.2379642      0.0320707
   5494.8245818      1.2600033      0.0318508
   5500.3166045      1.2844707      0.0316756
   5505.8200171      1.2751203      0.0316421
   5511.3229119      1.2749611      0.0318568
   5516.8361614      1.2692893      0.0322119
   5522.3499285      1.2776568      0.0324059
   5527.8740500      1.2710707      0.0326599
   5533.4090438      1.2666129      0.0328702
   5538.9331654      1.2527020      0.0323501
   5544.4785136      1.2628335      0.0325765
   5550.0238619      1.2679486      0.0326894
   5555.5692103      1.2807668      0.0335109
   5561.1249131      1.2893450      0.0338017
   5566.6914881      1.2950008      0.0346740
   5572.2580631      1.3058054      0.0352871
   5577.8246381      1.3006229      0.0357110
   5583.4020853      1.2972409      0.0351926
   5588.9898869      1.3001916      0.0349504
   5594.5776886      1.3000923      0.0346497
   5600.1758449      1.3181064      0.0340893
   5605.7745188      1.3091208      0.0333778
   5611.3830295      1.3081151      0.0328110
   5616.9920579      1.3111857      0.0321889
   5622.6119586      1.3300450      0.0319419
   5628.2313414      1.3273998      0.0319094
   5633.8615965      1.3409177      0.0319988
   5639.4918517      1.3432823      0.0318162
   5645.1324614      1.3549780      0.0315249
   5650.7839432      1.3849506      0.0315641
   5656.4354250      1.3923060      0.0315781
   5662.0869068      1.4128819      0.0320740
   5667.7487432      1.4252613      0.0322188
   5673.4214517      1.4318045      0.0331680
   5679.0941603      1.4433424      0.0332753
   5684.7772233      1.4483641      0.0332792
   5690.4499318      1.4545666      0.0331569
   5696.1438671      1.4647671      0.0332576
   5701.8481568      1.4833153      0.0328757
   5707.5420921      1.4600639      0.0324337
   5713.2567364      1.4453729      0.0319400
   5718.9615438      1.4454532      0.0314247
   5724.6870603      1.4272166      0.0309408
   5730.4125767      1.4031866      0.0306244
   5736.1380932      1.3913553      0.0304947
   5741.8744818      1.3731154      0.0304655
   5747.6212250      1.3587780      0.0308582
   5753.3679682      1.3474211      0.0308989
   5759.1255836      1.3305163      0.0310165
   5764.8826812      1.3115273      0.0312067
   5770.6511688      1.3141255      0.0313865
   5776.4191386      1.3181899      0.0315247
   5782.1974631      1.3247920      0.0315855
   5787.9763051      1.3342113      0.0311641
   5793.7655017      1.3411713      0.0311178
   5799.5546983      1.3747486      0.0310213
   5805.3547671      1.3997740      0.0309229
   5811.1651904      1.4181329      0.0308389
   5816.9756136      1.4101720      0.0307950
   5822.7963914      1.4135211      0.0308253
   5828.6176869      1.4223295      0.0310569
   5834.4493369      1.4197172      0.0313482
   5840.2809869      1.4281168      0.0316142
   5846.1229914      1.4258794      0.0317621
   5851.9655136      1.3789457      0.0320558
   5857.8183904      1.3520547      0.0328103
   5863.6712671      1.3129900      0.0332923
   5869.5344983      1.2760026      0.0343951
   5875.4086017      1.2338653      0.0354906
   5881.2827051      1.2061021      0.0364210
   5887.1671631      1.1543138      0.0370797
   5893.0521386      1.1191179      0.0379754
   5898.9474688      1.0872461      0.0379784
   5904.8531535      1.0898817      0.0375148
   5910.7484836      1.1180636      0.0367035
   5916.6650404      1.1028103      0.0357034
   5922.5810795      1.1166738      0.0346073
   5928.5085086      1.1141500      0.0335672
   5934.4354199      1.1326311      0.0327185
   5940.3623312      1.1791896      0.0323203
   5946.3109869      1.2029430      0.0321939
   5952.2591250      1.2272530      0.0319157
   5958.2072631      1.2333415      0.0314692
   5964.1662733      1.2434697      0.0310027
   5970.1252836      1.2560704      0.0306716
   5976.0946483      1.2607526      0.0304129
   5982.0748853      1.2595344      0.0301543
   5988.0546045      1.2673579      0.0298692
   5994.0457136      1.2629678      0.0295728
   6000.0466596      1.2485718      0.0288514
   6006.0377688      1.2427183      0.0282487
   6012.0495869      1.2366109      0.0279551
   6018.0614051      1.2410424      0.0276520
   6024.0732233      1.2306761      0.0273502
   6030.1062682      1.2015557      0.0270674
   6036.1289586      1.2008286      0.0267960
   6042.1723579      1.1896118      0.0265419
   6048.2162750      1.1881756      0.0263126
   6054.2601921      1.1815585      0.0261046
   6060.3144636      1.1673371      0.0258806
   6066.3790897      1.1629153      0.0256443
   6072.4442336      1.1541102      0.0254633
   6078.5197318      1.1455191      0.0253722
   6084.5952301      1.1279893      0.0253492
   6090.6810829      1.1132363      0.0253613
   6096.7674535      1.1036026      0.0253828
   6102.8641785      1.1045640      0.0253936
   6108.9712579      1.0881834      0.0253765
   6115.0788551      1.0675014      0.0253192
   6121.1968068      1.0560606      0.0252352
   6127.3147586      1.0317419      0.0254128
   6133.4430647      1.0198237      0.0252597
   6139.5718886      1.0087035      0.0250761
   6145.7214215      1.0116889      0.0245472
   6151.8606000      1.0206903      0.0243460
   6158.0210051      1.0211073      0.0241566
   6164.1705381      1.0353786      0.0239911
   6170.3418154      1.0454040      0.0238563
   6176.5125750      1.0489930      0.0237209
   6182.6833346      1.0678548      0.0235467
   6188.8649664      1.0753382      0.0233526
   6195.0574705      1.0923961      0.0232309
   6201.2494568      1.1124181      0.0231853
   6207.4523154      1.1261433      0.0231685
   6213.6655285      1.1344413      0.0231783
   6219.8787414      1.1411444      0.0229765
   6226.0919545      1.1391233      0.0230252
   6232.3269119      1.1252694      0.0230480
   6238.5504795      1.1123663      0.0230766
   6244.7957914      1.0951915      0.0230701
   6251.0411035      1.0902964      0.0229796
   6257.2864154      1.0837773      0.0228644
   6263.5524364      1.0855691      0.0228054
   6269.8086205      1.0829961      0.0230577
   6276.0855136      1.0741816      0.0230368
   6282.3624068      1.0774378      0.0227144
   6288.6393000      1.0708470      0.0226726
   6294.9270654      1.0647315      0.0226288
   6301.2251853      1.0687281      0.0225128
   6307.5233051      1.0670444      0.0222998
   6313.8317795      1.0777740      0.0220569
   6320.1516438      1.0776924      0.0218214
   6326.4709904      1.0792595      0.0215714
   6332.7903369      1.0757170      0.0210341
   6339.1309103      1.0730960      0.0208168
   6345.4714836      1.0718731      0.0208763
   6351.8120568      1.0581318      0.0207835
   6358.1629846      1.0501517      0.0207499
   6364.5247846      1.0499862      0.0206842
   6370.8865846      1.0440336      0.0205521
   6377.2592568      1.0353829      0.0204071
   6383.6422836      1.0370740      0.0200415
   6390.0253103      1.0251710      0.0199467
   6396.4186914      1.0143971      0.0198343
   6402.8125904      1.0121170      0.0197180
   6409.2168438      0.9982158      0.0198056
   6415.6205795      0.9920273      0.0196948
   6422.0357051      0.9930445      0.0193327
   6428.4611853      0.9933972      0.0192546
   6434.8866654      0.9963439      0.0192259
   6441.3225000      0.9957849      0.0192202
   6447.7692068      1.0037113      0.0191864
   6454.2159136      1.0093769      0.0191252
   6460.6729750      1.0142418      0.0190718
   6467.1300364      1.0127399      0.0190587
   6473.5979699      1.0127859      0.0190253
   6480.0659035      1.0249879      0.0189557
   6486.5550636      1.0272785      0.0188665
   6493.0437062      1.0192372      0.0187736
   6499.5328664      1.0202355      0.0183914
   6506.0323812      1.0268722      0.0182634
   6512.5427682      1.0195600      0.0183737
   6519.0531551      1.0272634      0.0182966
   6525.5738965      1.0257970      0.0182143
   6532.0946381      1.0289825      0.0179095
   6538.6262517      1.0410098      0.0178174
   6545.1682199      1.0592219      0.0177082
   6551.7101881      1.0720235      0.0178040
   6558.2630285      1.0832639      0.0177379
   6564.8262233      1.0924052      0.0174545
   6571.3894182      1.0887609      0.0173392
   6577.9634853      1.0889428      0.0172039
   6584.5370346      1.0853980      0.0170859
   6591.1214562      1.0743911      0.0171836
   6597.7167500      1.0604382      0.0168889
   6604.3120438      1.0475498      0.0167998
   6610.9176921      1.0282048      0.0167226
   6617.5336949      1.0087212      0.0166650
   6624.1393432      0.9955446      0.0164127
   6630.7662182      0.9809054      0.0165450
   6637.4039654      0.9675774      0.0165314
   6644.0411949      0.9603865      0.0165082
   6650.6892965      0.9459804      0.0164759
   6657.3373983      0.9513410      0.0162689
   6663.9958545      0.9586956      0.0164621
   6670.6548285      0.9663613      0.0164460
   6677.3241568      0.9632298      0.0164238
   6684.0038397      0.9656575      0.0162251
   6690.6943949      0.9676281      0.0162123
   6697.3849500      0.9622189      0.0163746
   6704.0755051      0.9583612      0.0163210
   6710.7872869      0.9582964      0.0160638
   6717.4990688      0.9537774      0.0159951
   6724.2103329      0.9560974      0.0159205
   6730.9329869      0.9599606      0.0159865
   6737.6659955      0.9638175      0.0156826
   6744.4093586      0.9586002      0.0155727
   6751.1527215      0.9631047      0.0154640
   6757.8960846      0.9665096      0.0155037
   6764.6611921      0.9710164      0.0152943
   6771.4257818      0.9699838      0.0152222
   6778.2012438      0.9754157      0.0150814
   6784.9761881      0.9837676      0.0147582
   6791.7620045      0.9886090      0.0148958
   6798.5586932      0.9950967      0.0149749
   6805.3445096      0.9929990      0.0151040
   6812.1520705      0.9986170      0.0150540
   6818.9694682      0.9973981      0.0153327
   6825.7873836      0.9946783      0.0154727
   6832.6156535      0.9930088      0.0155525
   6839.4439233      0.9991075      0.0157444
   6846.2934199      0.9998150      0.0161778
   6853.1325619      1.0022820      0.0162656
   6859.9820586      1.0010862      0.0164190
   6866.8527818      0.9988680      0.0165271
   6873.7126329      0.9949781      0.0168377
   6880.5833562      0.9985269      0.0167845
   6887.4649517      0.9963165      0.0168709
   6894.3569017      0.9998535      0.0169603
   6901.2488517      0.9996469      0.0169632
   6908.1511562      1.0152769      0.0168578
   6915.0643329      1.0104702      0.0167420
   6921.9775096      1.0054842      0.0166254
   6928.9015586      1.0089318      0.0166107
   6935.8250897      1.0129431      0.0166020
   6942.7594932      1.0135468      0.0163371
   6949.7047688      1.0092936      0.0163518
   6956.6598812      1.0094411      0.0162044
   6963.6155114      1.0109953      0.0158657
   6970.5820136      1.0055463      0.0158651
   6977.5479983      1.0043451      0.0157302
   6984.5248551      0.9976062      0.0154028
   6991.5120664      0.9894733      0.0152518
   6998.5101500      0.9713482      0.0151889
   7005.5082336      0.9548521      0.0148685
   7012.5063171      0.9421113      0.0147721
   7019.5251096      0.9299581      0.0147961
   7026.5444199      0.9191081      0.0144996
   7033.5740846      0.9075370      0.0143933
   7040.6042671      0.9069369      0.0144684
   7047.6442864      0.8866196      0.0142396
   7054.6956955      0.8716123      0.0141654
   7061.7465869      0.8633977      0.0140606
   7068.8078329      0.8603582      0.0140043
   7075.8804688      0.8509663      0.0139596
   7082.9525869      0.8507980      0.0138595
   7090.0350596      0.8591791      0.0137744
   7097.1284045      0.8628950      0.0137176
   7104.2222671      0.8668924      0.0136878
   7111.3259664      0.8734173      0.0136918
   7118.4405381      0.8747351      0.0135883
   7125.5551096      0.8752820      0.0137689
   7132.6909079      0.8676992      0.0138310
   7139.8163517      0.8641458      0.0138111
   7146.9625045      0.8643072      0.0140851
   7154.1091750      0.8612735      0.0141078
   7161.2662000      0.8609922      0.0142352
   7168.4232250      0.8590770      0.0145857
   7175.5906045      0.8571020      0.0146466
   7182.7688562      0.8375527      0.0147334
   7189.9471079      0.8145595      0.0148040
   7197.1465864      0.8019738      0.0149154
   7204.3357103      0.7968215      0.0153372
   7211.5455432      0.7841299      0.0155555
   7218.7558938      0.7788568      0.0157954
   7225.9760812      0.7758918      0.0161934
   7233.2076586      0.7645382      0.0165110
   7240.4387182      0.7606425      0.0167649
   7247.6806500      0.7621797      0.0174212
   7254.9225818      0.7569897      0.0176982
   7262.1748682      0.7461023      0.0179282
   7269.4380267      0.7352048      0.0180479
   7276.7115397      0.7248009      0.0179035
   7283.9855705      0.7278917      0.0178977
   7291.2694381      0.7235171      0.0176299
   7298.5646955      0.7255884      0.0177933
   7305.8594353      0.7031527      0.0176664
   7313.1754017      0.6954416      0.0176171
   7320.4810136      0.6797357      0.0178641
   7327.8073346      0.6741380      0.0182180
   7335.1341733      0.6823337      0.0179428
   7342.4610119      0.6827304      0.0171496
   7349.8085596      0.6790923      0.0172139
   7357.1566250      0.6824290      0.0173120
   7364.5150449      0.6848796      0.0174865
   7371.8843369      0.6879681      0.0176112
   7379.2531114      0.6966872      0.0176645
   7386.6327579      0.7048388      0.0176019
   7394.0232767      0.7010750      0.0175661
   7401.4137955      0.7127217      0.0170411
   7408.8146688      0.7186117      0.0169706
   7416.2258965      0.7279552      0.0164136
   7423.6479965      0.7342774      0.0160869
   7431.0700965      0.7339441      0.0156871
   7438.4921965      0.7331211      0.0157115
   7445.9355233      0.7322970      0.0154954
   7453.3892045      0.7371472      0.0157179
   7460.8325312      0.7340953      0.0161231
   7468.2970846      0.7422945      0.0166292
   7475.7725103      0.7439064      0.0160254
   7483.2370636      0.7341547      0.0159116
   7490.7228438      0.7355807      0.0160053
   7498.2189785      0.7329306      0.0161140
   7505.7151131      0.7259936      0.0162598
   7513.2221199      0.7155759      0.0162488
   7520.7394812      0.7074305      0.0162490
   7528.2573603      0.7043162      0.0163421
   7535.7855938      0.7053475      0.0166323
   7543.3241818      0.7146542      0.0167308
   7550.8627699      0.7064083      0.0167701
   7558.4122301      0.6975758      0.0168671
   7565.9720449      0.6918283      0.0171744
   7573.5427318      0.6853036      0.0174848
   7581.1134188      0.6758596      0.0182132
   7588.6944603      0.6674434      0.0188699
   7596.2858562      0.6501636      0.0200719
   7603.8777699      0.6484093      0.0204639
   7611.4909103      0.6473587      0.0212056
   7619.1035329      0.6528155      0.0212196
   7626.7166733      0.6490561      0.0215805
   7634.3401682      0.6682315      0.0211142
   7641.9848897      0.6863159      0.0210042
   7649.6192568      0.7048835      0.0200795
   7657.2743329      0.7244412      0.0190266
   7664.9299267      0.7293231      0.0179682
   7672.5958750      0.7521816      0.0175059
   7680.2726955      0.7677652      0.0174040
   7687.9489983      0.7693552      0.0171152
   7695.6361733      0.7735495      0.0169372
   7703.3342205      0.7850814      0.0170452
   7711.0421045      0.7834908      0.0171906
   7718.7505062      0.7747414      0.0174376
   7726.4697801      0.7684848      0.0174240
   7734.1994086      0.7533001      0.0176300
   7741.9290369      0.7474966      0.0174808
   7749.6690199      0.7416683      0.0176583
   7757.4198750      0.7353961      0.0173704
   7765.1810846      0.7196934      0.0173389
   7772.9428119      0.7111233      0.0176037
   7780.7148938      0.7129212      0.0176956
   7788.4973301      0.7187592      0.0182592
   7796.2906386      0.7162387      0.0181542
   7804.0834295      0.7114390      0.0181653
   7811.8876103      0.7033922      0.0182963
   7819.7021455      0.7117307      0.0187615
   7827.5270353      0.7068256      0.0193789
   7835.3519250      0.7125895      0.0195313
   7843.1876869      0.7140822      0.0198102
   7851.0229312      0.7205743      0.0199301
   7858.8799199      0.7096395      0.0201178
   7866.7369086      0.7047520      0.0200650
   7874.6042517      0.7098008      0.0204566
   7882.4824671      0.7025130      0.0205442
   7890.3601647      0.7104826      0.0205183
   7898.2487346      0.7099715      0.0207340
   7906.1481767      0.7075505      0.0203065
   7914.0579733      0.6985772      0.0202799
   7921.9786421      0.7023602      0.0203217
   7929.8987932      0.7095984      0.0199800
   7937.8298164      0.7092091      0.0200986
   7945.7608397      0.7005231      0.0199113
   7953.7130897      0.6909562      0.0199020
   7961.6653397      0.6837937      0.0199193
   7969.6284619      0.6744937      0.0195447
   7977.6019386      0.6767578      0.0194599
   7985.5754154      0.6633882      0.0195343
   7993.5592465      0.6469823      0.0195600
   8001.5539500      0.6388300      0.0190936
   8009.5590079      0.6173759      0.0187844
   8017.5645836      0.5963041      0.0183419
   8025.5805136      0.5939770      0.0179445
   8033.6067983      0.5792693      0.0173593
   8041.6439551      0.5579801      0.0171730
   8049.6811119      0.5415840      0.0167173
   8057.7394955      0.5212625      0.0162505
   8065.7973614      0.5039447      0.0161697
   8073.8666171      0.4921866      0.0157920
   8081.9353551      0.4868234      0.0154398
   8090.0149654      0.4782272      0.0154030
   8098.1049301      0.4812668      0.0151690
   8106.2057671      0.4897093      0.0151047
   8114.3169586      0.5054866      0.0149399
   8122.4281500      0.5206729      0.0148314
   8130.5502136      0.5427587      0.0148176
   8138.6826318      0.5552644      0.0149054
   8146.8150500      0.5773059      0.0149635
   8154.9686949      0.6023383      0.0150984
   8163.1223397      0.6259015      0.0153155
   8171.2868568      0.6445670      0.0153560
   8179.4617285      0.6705161      0.0157245
   8187.6366000      0.6801077      0.0158585
   8195.8326983      0.6873762      0.0157935
   8204.0184421      0.6979679      0.0159483
   8212.2248949      0.6932464      0.0160970
   8220.4422199      0.6937778      0.0160051
   8228.6595449      0.6888742      0.0157137
   8236.8877421      0.6932489      0.0156124
   8245.1262938      0.6939527      0.0158614
   8253.3752000      0.6936498      0.0160210
   8261.6241062      0.6955971      0.0166488
   8269.8838846      0.7056153      0.0173534
   8278.1545353      0.7038038      0.0178975
   8286.4355404      0.7048775      0.0178495
   8294.7165455      0.7068665      0.0181151
   8303.0182596      0.7146520      0.0189067
   8311.3204914      0.7194309      0.0195657
   8319.6335955      0.7186262      0.0206271
   8327.9565364      0.7059678      0.0191263
   8336.2799949      0.6948496      0.0189736
   8344.6138079      0.6891823      0.0192743
   8352.9693654      0.6752586      0.0200517
   8361.3135329      0.6693122      0.0208799
   8369.6794449      0.6358937      0.0216209
   8378.0453568      0.6265274      0.0221725
   8386.4324955      0.6109484      0.0226478
   8394.8191164      0.6102502      0.0224240
   8403.2062551      0.5997702      0.0216506
   8411.6146205      0.5963948      0.0209275
   8420.0224682      0.6107138      0.0205857
   8428.4411881      0.6084301      0.0200122
   8436.8707801      0.5994177      0.0191697
   8445.3107267      0.5888126      0.0181851
   8453.7506733      0.5866178      0.0177422
   8462.2118465      0.5893934      0.0190289
   8470.6730199      0.5902655      0.0179727
   8479.1450654      0.5915750      0.0170472
   8487.6274654      0.5868713      0.0165108
   8496.1098654      0.5780579      0.0161178
   8504.6134921      0.5770450      0.0159122
   8513.1171188      0.5685824      0.0157313
   8521.6207455      0.5636705      0.0153206
   8530.1450812      0.5619760      0.0150397
   8538.6808068      0.5686888      0.0150278
   8547.2160147      0.5650439      0.0151230
   8555.7729671      0.5645102      0.0148911
   8564.3185295      0.5633062      0.0145972
   8572.8858364      0.5689793      0.0146979
   8581.4640154      0.5659069      0.0149610
   8590.0416767      0.5542092      0.0151875
   8598.6302103      0.5513897      0.0153759
   8607.2290983      0.5427974      0.0156021
   8615.8388586      0.5362487      0.0161197
   8624.4589733      0.5292784      0.0167408
   8633.0790881      0.5216918      0.0171893
   8641.7100750      0.5099703      0.0173303
   8650.3622886      0.5008634      0.0173098
   8659.0036301      0.4993653      0.0169480
   8667.6661983      0.5050442      0.0166457
   8676.3396386      0.5042124      0.0164170
   8685.0125614      0.5029438      0.0162663
   8693.6968739      0.5116634      0.0156748
   8702.3915411      0.5145676      0.0149954
   8711.0965626      0.4995543      0.0144711
   8719.8119386      0.4885633      0.0142617
   8728.5273147      0.4780068      0.0144543
   8737.2540808      0.4703480      0.0150036
   8745.9901658      0.4595964      0.0156842
   8754.7376408      0.4420181      0.0161321
   8763.4965058      0.4136895      0.0163234
   8772.2543353      0.3721403      0.0165501
   8781.0339092      0.3389419      0.0166631
   8789.8124477      0.3111753      0.0170485
   8798.6023761      0.2787677      0.0172040
   8807.4026589      0.2551399      0.0172349
   8816.2143318      0.2426839      0.0170038
   8825.0249692      0.2274124      0.0168198
   8833.8469965      0.2296127      0.0168974
   8842.6897329      0.2383357      0.0173775
   8851.5221147      0.2381017      0.0175467
   8860.3762411      0.2380827      0.0176761
   8869.2396864      0.2368183      0.0181537
   8878.1145215      0.2380885      0.0181856
   8886.9893568      0.2478732      0.0174711
   8895.8745465      0.2637873      0.0175569
   8904.7700908      0.2852570      0.0181610
   8913.6770250      0.2968732      0.0190270
   8922.5943136      0.3120336      0.0192008
   8931.5116023      0.3152614      0.0188592
   8940.4496000      0.3151704      0.0187115
   8949.3875977      0.3153357      0.0186584
   8958.3369853      0.3211266      0.0181777
   8967.2967273      0.3219997      0.0177368
   8976.2668239      0.3421412      0.0170461
   8985.2472750      0.3489913      0.0162579
   8994.2277261      0.3562244      0.0156676
   9003.2195671      0.3719224      0.0152165
   9012.2217626      0.3915657      0.0147363
   9021.2343126      0.3974525      0.0142059
   9030.2572171      0.4153741      0.0141080
   9039.2904761      0.4364320      0.0140951
   9048.3351250      0.4573106      0.0136081
   9057.3797739      0.4784125      0.0132221
   9066.4347773      0.4998295      0.0130933
   9075.5001353      0.5248140      0.0131191
   9084.5758477      0.5506995      0.0130339
   9093.6629500      0.5767274      0.0128550
   9102.7604068      0.5908323      0.0126526
   9111.8578636      0.6047267      0.0125816
   9120.9760295      0.6134428      0.0125982
   9130.0952308      0.6262816      0.0126454
   9139.2237511      0.6273451      0.0126087
   9148.3636614      0.6332525      0.0124422
   9157.5139261      0.6256757      0.0123224
   9166.6755808      0.6176950      0.0122688
   9175.8362000      0.6093293      0.0122319
   9185.0185636      0.5993254      0.0121901
   9194.2009273      0.5893112      0.0120949
   9203.3936455      0.5849149      0.0118867
   9212.5967182      0.5720233      0.0119029
   9221.8111808      0.5626696      0.0120005
   9231.0349624      0.5581670      0.0120475
   9240.2597795      0.5496604      0.0120271
   9249.5063411      0.5390752      0.0119745
   9258.7622215      0.5265083      0.0120689
   9268.0077477      0.5078809      0.0124279
   9277.2853727      0.4926781      0.0129941
   9286.5629977      0.4752102      0.0137319
   9295.8520126      0.4555806      0.0146053
   9305.1503465      0.4402784      0.0156186
   9314.4497161      0.4143922      0.0168049
   9323.7687589      0.4001028      0.0178168
   9333.0888374      0.3709943      0.0187625
   9342.4203058      0.3550029      0.0195038
   9351.7610932      0.3393781      0.0199878
   9361.1236250      0.3236468      0.0197944
   9370.4758023      0.3153651      0.0193544
   9379.8486886      0.3063657      0.0188477
   9389.2319295      0.2918612      0.0186619
   9398.6265603      0.2830780      0.0188671
   9408.0211911      0.2759033      0.0191414
   9417.4251408      0.2558309      0.0193344
   9426.8415161      0.2420298      0.0195028
   9436.2775647      0.2350580      0.0197326
   9445.7032589      0.2117386      0.0197787
   9455.1506977      0.2094323      0.0202502
   9464.6084908      0.2056623      0.0210404
   9474.0776739      0.2081630      0.0209295
   9483.5561761      0.2205822      0.0202193
   9493.0357136      0.2333491      0.0193400
   9502.5256058      0.2462177      0.0189396
   9512.0362068      0.2641980      0.0186603
   9521.5468079      0.2876255      0.0182793
   9531.0687989      0.3049595      0.0181427
   9540.6001089      0.3207598      0.0176100
   9550.1428089      0.3328666      0.0171535
   9559.6855089      0.3389614      0.0168711
   9569.2499535      0.3402193      0.0165698
   9578.8247523      0.3436541      0.0163129
   9588.3985158      0.3397604      0.0158660
   9597.9836692      0.3367276      0.0155888
   9607.5905671      0.3311962      0.0152290
   9617.1964295      0.3261970      0.0149920
   9626.8136818      0.3179578      0.0148956
   9636.4412886      0.3095621      0.0146899
   9646.0792500      0.3008927      0.0148186
   9655.7275658      0.3011777      0.0152637
   9665.3769171      0.2986753      0.0154683
   9675.0469773      0.3018839      0.0158418
   9684.7170376      0.2997870      0.0160560
   9694.4078068      0.3027548      0.0160308
   9704.0985761      0.3077423      0.0159346
   9713.8007353      0.3049602      0.0158562
   9723.5236035      0.3048331      0.0158372
   9733.2464715      0.3064483      0.0159376
   9742.9796942      0.3011834      0.0157006
   9752.7243068      0.3069077      0.0156141
   9762.4792739      0.2986046      0.0155677
   9772.2342411      0.2925225      0.0154045
   9782.0099171      0.2837673      0.0152663
   9791.7855932      0.2837621      0.0154414
   9801.5830136      0.2808755      0.0155407
   9811.3804342      0.2738568      0.0156820
   9821.1985636      0.2709430      0.0158214
   9831.0166932      0.2722223      0.0161505
   9840.8565671      0.2650042      0.0163591
   9850.6964411      0.2589362      0.0166364
   9860.5456339      0.2559370      0.0167993
   9870.4072523      0.2521527      0.0171575
   9880.2781897      0.2496902      0.0175743
   9890.1501626      0.2495300      0.0178731
   9900.0418089      0.2517267      0.0180768
   9909.9458808      0.2501123      0.0185682
   9919.8592715      0.2524231      0.0192560
   9929.7840523      0.2612857      0.0203661
   9939.7077977      0.2488637      0.0210228
   9949.6429329      0.2449474      0.0211169
   9959.5998126      0.2297731      0.0212817
   9969.5556568      0.2184644      0.0215461
   9979.5228911      0.2146447      0.0218640
   9989.5108342      0.2118244      0.0220430
   9999.4987773      0.2081236      0.0225309
   10009.4970750      0.1981414      0.0229934
   10019.5067626      0.1984803      0.0234116
   10029.5257692      0.1858480      0.0241673
   10039.5561658      0.1736719      0.0245523
   10049.5979523      0.1637359      0.0249417
   10059.6490579      0.1602262      0.0253754
   10069.7115535      0.1545324      0.0258676
   10079.7740489      0.1642682      0.0266728
   10089.8572535      0.1632446      0.0272451
   10099.9508124      0.1516929      0.0280306
   10110.0454068      0.1593782      0.0296162
   10120.1607103      0.1585979      0.0313453
   10130.2760136      0.1529079      0.0324321
   10140.4120261      0.1542291      0.0334519
   10150.5594285      0.1442040      0.0344618
   10160.6954408      0.1405104      0.0359169
   10170.8645876      0.1379252      0.0380484
   10181.0326989      0.1416831      0.0410277
   10191.2111647      0.1457071      0.0454721
   10201.4113750      0.1498157      0.0496307
   10211.6115853      0.1428592      0.0533741
   10221.8221500      0.1325036      0.0588233
   10232.0430692      0.1199909      0.0648620
   10242.2753785      0.1140951      0.0752441
   10252.5180421      0.1077084      0.0871604
   10262.7710603      0.1067654      0.1026513
   10273.0344329      0.0996493      0.1259986
   10283.3091955      0.1086970      0.1518041
   10293.5943126      0.1306992      0.1854155
