# SOURCE  = 'Quimby et al. 2018' /                                                
# OBJECT  = 'PTF11mnb'           /                                                
# Z       =            0.0600000 / wavelengths divided by (1 + z)                 
# NORM    =          9.39802E-17 / fluxes divided by norm                         
# CLIPPED =                    1 / galaxy emission lines removed                  
# SMOOTHED=                    1 / spectrum has been smoothed                     
# COLUMN01= 'Wavelength (Angstrom)' /                                             
# COLUMN02= 'Flux Density (erg/s/cm2/A)' /                                        
# COLUMN03= 'Flux Density Uncertainty (erg/s/cm2/A)' /                            
# END                                                                             
# 
# 
# 
# 
# 
# 
# 
# 
# 
# 
   3363.6534219      0.4308190      0.1049535
   3367.0251035      0.4603065      0.1034959
   3370.3861715      0.4642541      0.1014342
   3373.7578531      0.4760141      0.1006849
   3377.1297935      0.5139420      0.1004646
   3380.5120884      0.5142576      0.0984970
   3383.8943833      0.5163963      0.0977979
   3387.2766781      0.4875091      0.0963842
   3390.6592318      0.4742324      0.0956968
   3394.0521401      0.4997636      0.0943444
   3397.4450483      0.5510949      0.0936692
   3400.8485699      0.5849496      0.0918531
   3404.2414781      0.5864462      0.0917131
   3407.6452586      0.6113802      0.0899607
   3411.0593935      0.6438340      0.0898268
   3414.4629151      0.6600742      0.0892136
   3417.8876634      0.7000708      0.0875028
   3421.3017983      0.7439710      0.0874080
   3424.7265465      0.7939305      0.0857569
   3428.1512949      0.8263012      0.0856691
   3431.5760432      0.8367499      0.0840752
   3435.0114048      0.8630355      0.0839950
   3438.4467664      0.8423259      0.0824563
   3441.8821281      0.8364179      0.0818988
   3445.3281031      0.9201331      0.0808986
   3448.7740781      0.9412891      0.0803548
   3452.2200531      0.9391621      0.0794007
   3455.6660281      0.9204313      0.0788708
   3459.1226164      0.8981361      0.0774894
   3462.5898182      0.9135269      0.0774452
   3466.0464065      0.9288008      0.0760992
   3469.5136083      0.9419732      0.0760767
   3472.9808099      0.9583362      0.0747654
   3476.4586250      0.9755619      0.0747640
   3479.9364401      0.9679146      0.0743086
   3483.4142551      0.9338164      0.0730702
   3486.9026836      0.9331326      0.0730641
   3490.3802397      0.9049086      0.0718589
   3493.8792815      0.8516219      0.0718728
   3497.3677099      0.8150669      0.0707000
   3500.8667517      0.7838734      0.0707332
   3504.3657935      0.7734514      0.0695923
   3507.8751897      0.7345644      0.0696443
   3511.3848449      0.7039921      0.0685345
   3514.8945000      0.6639911      0.0682027
   3518.4041551      0.6461191      0.0675254
   3521.9241647      0.6188098      0.0672069
   3525.4444333      0.6005981      0.0665639
   3528.9753151      0.6180134      0.0662587
   3532.5061969      0.6607133      0.0656485
   3536.0368199      0.6749678      0.0646672
   3539.5677017      0.6854628      0.0647783
   3543.1091969      0.7131247      0.0638280
   3546.6504333      0.7392214      0.0635346
   3550.2025417      0.7377195      0.0630314
   3553.7543914      0.7359246      0.0627513
   3557.3065000      0.7342284      0.0622764
   3560.8586086      0.7459685      0.0620095
   3564.4210715      0.7785789      0.0615617
   3567.9837935      0.7977811      0.0613080
   3571.5568699      0.8062117      0.0608865
   3575.1302051      0.7880228      0.0606457
   3578.7032815      0.8266574      0.0602494
   3582.2872301      0.8202914      0.0600217
   3585.8709199      0.7649682      0.0596496
   3589.4548685      0.7446198      0.0594347
   3593.0385583      0.7344865      0.0590860
   3596.6331202      0.7485314      0.0588838
   3600.2274233      0.7411745      0.0585575
   3603.8323397      0.7313393      0.0578262
   3607.4375151      0.7365785      0.0576671
   3611.0424315      0.6807185      0.0573538
   3614.6582202      0.6698327      0.0572070
   3618.2631366      0.6423110      0.0569139
   3621.8892798      0.6261413      0.0567793
   3625.5050685      0.6235477      0.0565056
   3629.1312116      0.6295863      0.0563831
   3632.7679682      0.6415784      0.0561278
   3636.3943702      0.6498469      0.0554992
   3640.0311267      0.6569729      0.0557795
   3643.6678833      0.6476566      0.0551659
   3647.3152531      0.6211905      0.0554599
   3650.9628818      0.6383551      0.0548602
   3654.6208651      0.6474738      0.0551679
   3658.2682349      0.6841287      0.0545813
   3661.9262182      0.7013521      0.0549026
   3665.5948147      0.7384006      0.0543281
   3669.2530568      0.7763765      0.0541919
   3672.9216535      0.7904395      0.0540997
   3676.6008634      0.8139653      0.0539762
   3680.2800733      0.8315177      0.0538952
   3683.9592833      0.8344312      0.0537835
   3687.6384932      0.8407722      0.0541329
   3691.3283164      0.8405740      0.0536130
   3695.0181397      0.8996891      0.0535368
   3698.7188353      0.9305373      0.0534638
   3702.4192719      0.9458233      0.0533971
   3706.1197086      0.9633148      0.0533349
   3709.8201452      0.9717328      0.0532769
   3713.5311952      0.9624872      0.0528022
   3717.2422452      0.9733537      0.0531753
   3720.9639086      0.9867487      0.0527147
   3724.6855719      0.9645005      0.0530916
   3728.4072353      0.9699662      0.0526447
   3732.1392531      0.9921781      0.0526093
   3735.8715298      0.9959430      0.0525911
   3739.6038065      1.0303715      0.0525611
   3743.3466965      1.0163469      0.0525532
   3747.0895866      0.9913675      0.0525278
   3750.8430901      0.9785122      0.0525209
   3754.5859801      0.9690251      0.0525085
   3758.3394836      0.9991024      0.0525047
   3762.1033414      1.0090995      0.0525024
   3765.8674583      0.9946530      0.0525009
   3769.6315750      1.0042495      0.0520926
   3773.3956917      1.0193719      0.0525086
   3777.1704219      1.0308611      0.0520995
   3780.9448932      1.0211906      0.0525270
   3784.7302366      1.0405109      0.0521164
   3788.5155801      1.0354792      0.0521464
   3792.3112781      1.0486180      0.0525709
   3796.0966215      1.0695049      0.0521713
   3799.8925785      1.0890251      0.0522139
   3803.6988897      1.1074613      0.0522038
   3807.4948465      1.1167115      0.0522438
   3811.3014167      1.1252296      0.0522431
   3815.1183414      1.1432031      0.0522798
   3818.9355250      1.1491388      0.0523284
   3822.7527086      1.1463034      0.0523208
   3826.5802465      1.1236480      0.0523648
   3830.3974301      1.1181090      0.0519816
   3834.2355815      1.1295137      0.0524048
   3838.0633785      1.1495450      0.0520299
   3841.9015298      1.1652838      0.0520616
   3845.7505535      1.1446309      0.0524895
   3849.5887048      1.1153414      0.0521056
   3853.4377285      1.1100699      0.0521389
   3857.2971065      1.0999328      0.0521506
   3861.1567435      1.0734333      0.0521756
   3865.0161215      1.0486866      0.0525982
   3868.8863719      0.9955824      0.0522120
   3872.7457500      0.9794633      0.0530682
   3876.6263548      0.9689037      0.0535389
   3880.4966051      0.9553070      0.0545296
   3884.3772099      0.9017460      0.0526794
   3888.2684281      0.8831295      0.0526816
   3892.1492917      0.8296589      0.0523049
   3896.0511233      0.8121446      0.0519313
   3899.9423414      0.8087066      0.0525095
   3903.8444318      0.7996279      0.0528060
   3907.7462634      0.7959836      0.0527524
   3911.6587083      0.7952800      0.0535820
   3915.5605397      0.7951292      0.0535858
   3919.4838568      0.8153394      0.0540776
   3923.3963017      0.8334500      0.0550144
   3927.3299733      0.8496606      0.0549516
   3931.2530315      0.8881644      0.0553865
   3935.1867031      0.9157643      0.0553541
   3939.1206336      0.9343088      0.0560402
   3943.0543051      1.0170556      0.0562584
   3946.9985901      1.0577041      0.0559709
   3950.9534884      1.1076176      0.0564923
   3954.8977733      1.1433891      0.0563855
   3958.8526715      1.1358134      0.0555998
   3962.8181833      1.1765584      0.0558614
   3966.7730815      1.1850512      0.0549559
   3970.7492065      1.1633673      0.0545232
   3974.7147182      1.1781950      0.0545800
   3978.6908432      1.1800550      0.0535924
   3982.6669682      1.2144630      0.0530425
   3986.6537065      1.2186273      0.0524984
   3990.6404449      1.2219343      0.0520457
   3994.6271833      1.1968226      0.0515351
   3998.6245349      1.1499350      0.0510978
   4002.6218866      1.1286730      0.0507220
   4006.6298517      1.1018203      0.0504372
   4010.6272035      1.0971189      0.0499054
   4014.6457818      1.0601752      0.0498880
   4018.6537469      1.0092781      0.0505087
   4022.6720664      0.9675541      0.0503529
   4026.7012583      0.9365912      0.0515851
   4030.7304500      0.9263592      0.0510221
   4034.7596417      0.9048907      0.0501059
   4038.7888336      0.8883412      0.0492638
   4042.8283798      0.8775490      0.0491550
   4046.8787983      0.8708362      0.0495074
   4050.9186035      0.8429987      0.0502619
   4054.9690219      0.8259186      0.0510938
   4059.0297949      0.8215901      0.0491383
   4063.0908267      0.8192697      0.0490941
   4067.1518586      0.8275731      0.0485448
   4071.2126315      0.8270992      0.0481103
   4075.2842767      0.8291042      0.0481266
   4079.3665353      0.8420498      0.0485479
   4083.4485349      0.8607477      0.0484894
   4087.5307935      0.9075778      0.0487492
   4091.6127932      0.9468927      0.0490524
   4095.7056651      0.9619496      0.0493121
   4099.7982781      0.9960496      0.0496158
   4103.9017634      1.0273882      0.0499025
   4108.0049897      1.0451505      0.0501510
   4112.1190884      1.0501612      0.0503434
   4116.2223147      1.0511690      0.0504849
   4120.3470267      1.0942709      0.0505466
   4124.4608664      1.1088942      0.0501026
   4128.5855785      1.1272713      0.0505492
   4132.7206449      1.1430666      0.0502313
   4136.8559702      1.1547344      0.0495933
   4140.9910366      1.1650431      0.0492401
   4145.1261031      1.1757742      0.0491939
   4149.2720417      1.1836271      0.0487132
   4153.4283349      1.1706007      0.0479614
   4157.5740147      1.1879497      0.0474222
   4161.7411801      1.2373723      0.0468720
   4165.8974733      1.2584678      0.0464775
   4170.0643798      1.2327945      0.0459302
   4174.2315452      1.2284340      0.0454171
   4178.4090651      1.2367810      0.0449581
   4182.5865849      1.2517041      0.0442754
   4186.7747182      1.2771814      0.0442796
   4190.9524969      1.2795348      0.0440526
   4195.1512435      1.2810248      0.0435852
   4199.3393767      1.2923288      0.0436666
   4203.5381233      1.2795956      0.0440584
   4207.7474833      1.2722772      0.0451951
   4211.9568432      1.2960143      0.0443424
   4216.1662031      1.3144203      0.0435672
   4220.3864353      1.3439536      0.0428577
   4224.6064086      1.3709972      0.0427260
   4228.8263818      1.3982661      0.0426564
   4233.0569685      1.4273773      0.0425218
   4237.2875551      1.4474025      0.0423913
   4241.5287551      1.4922535      0.0422649
   4245.7699551      1.5204467      0.0418723
   4250.0111551      1.5527934      0.0420742
   4254.2629685      1.5527266      0.0419500
   4258.5147818      1.5591605      0.0418303
   4262.7772086      1.5786146      0.0414458
   4267.0396353      1.6005164      0.0413352
   4271.3124164      1.5877177      0.0412290
   4275.5748432      1.5847201      0.0414272
   4279.8584965      1.5785896      0.0413849
   4284.1421500      1.5873162      0.0419680
   4288.4258035      1.5811934      0.0426174
   4292.7094568      1.5632492      0.0414014
   4297.0034647      1.5148623      0.0405797
   4301.2977315      1.5141921      0.0407159
   4305.6026116      1.5071965      0.0405334
   4309.9074917      1.5085492      0.0405198
   4314.2123719      1.4902817      0.0404250
   4318.5276065      1.4614547      0.0406007
   4322.8537134      1.4715564      0.0408304
   4327.1692068      1.4568548      0.0412752
   4331.5056682      1.4257883      0.0415524
   4335.8317750      1.4019002      0.0415922
   4340.1684952      1.3985560      0.0418651
   4344.5052154      1.3819557      0.0421208
   4348.8520312      1.3596348      0.0423461
   4353.1993647      1.3368369      0.0421631
   4357.5575705      1.3001522      0.0426753
   4361.9152586      1.2910331      0.0427721
   4366.2729465      1.2606087      0.0428083
   4370.6415068      1.2358499      0.0427029
   4375.0100671      1.2216743      0.0422756
   4379.3889818      1.2540060      0.0421156
   4383.7678965      1.2608819      0.0419051
   4388.1468114      1.2717019      0.0416528
   4392.5365983      1.2691969      0.0416273
   4396.9367397      1.2482117      0.0411183
   4401.3265267      1.2342266      0.0407989
   4405.7375404      1.2116441      0.0404768
   4410.1376818      1.2161585      0.0401651
   4414.5486955      1.2185982      0.0398774
   4418.9591914      1.2293568      0.0396291
   4423.3805596      1.2424557      0.0391637
   4427.8024455      1.2691233      0.0390300
   4432.2341682      1.2854632      0.0391873
   4436.6664086      1.2906867      0.0392461
   4441.1090035      1.2887397      0.0394931
   4445.5412438      1.2946713      0.0400331
   4449.9941932      1.2903947      0.0402024
   4454.4367881      1.3065139      0.0404391
   4458.8902551      1.3017480      0.0398719
   4463.3540767      1.2910663      0.0393646
   4467.8178983      1.2640274      0.0394542
   4472.2817199      1.2697194      0.0395511
   4476.7564136      1.2638311      0.0393649
   4481.2305897      1.2652256      0.0397057
   4485.7156381      1.2558767      0.0398169
   4490.2006864      1.2580233      0.0399355
   4494.6966068      1.2695735      0.0400617
   4499.1920096      1.2629277      0.0401953
   4503.6879301      1.2697891      0.0400316
   4508.1942051      1.2480699      0.0401772
   4512.7004801      1.2156870      0.0403299
   4517.2171096      1.2280489      0.0404898
   4521.7342568      1.2208391      0.0406568
   4526.2508864      1.2070404      0.0408307
   4530.7783881      1.2029185      0.0410114
   4535.3058897      1.1991134      0.0408750
   4539.8442636      1.1782898      0.0410621
   4544.3821199      1.1813172      0.0412557
   4548.9308483      1.2052958      0.0416686
   4553.4795767      1.2452409      0.0418747
   4558.0283051      1.2352043      0.0420869
   4562.5873881      1.2307318      0.0423050
   4567.1573432      1.2398628      0.0425288
   4571.7169438      1.2583162      0.0424236
   4576.2972535      1.2911358      0.0426523
   4580.8672086      1.3049926      0.0428863
   4585.4475182      1.3320866      0.0431255
   4590.0387000      1.3574752      0.0433697
   4594.6298818      1.3718289      0.0436187
   4599.2210636      1.3849028      0.0438724
   4603.8226000      1.3976083      0.0441307
   4608.4241364      1.4055492      0.0443933
   4613.0365449      1.3823886      0.0442996
   4617.6489535      1.3837605      0.0445675
   4622.2613619      1.3691393      0.0448393
   4626.8841250      1.3474261      0.0451147
   4631.5177603      1.3318875      0.0453937
   4636.1405233      1.3216692      0.0456760
   4640.7845131      1.2806287      0.0459615
   4645.4181483      1.2531520      0.0462501
   4650.0621381      1.2515695      0.0465415
   4654.7170000      1.2518299      0.0468356
   4659.3718619      1.2471865      0.0471323
   4664.0370785      1.2146957      0.0470440
   4668.6919404      1.1861984      0.0473407
   4673.3675114      1.1782660      0.0476397
   4678.0436000      1.1770840      0.0479405
   4682.7196886      1.1655414      0.0482431
   4687.3952596      1.1338413      0.0485474
   4692.0925750      1.1235822      0.0488530
   4696.7790182      1.1511842      0.0491600
   4701.4763336      1.1480304      0.0494681
   4706.1840035      1.1549599      0.0497771
   4710.8813188      1.1774803      0.0500869
   4715.5993432      1.1867063      0.0503973
   4720.3070131      1.2217361      0.0507081
   4725.0359096      1.2518393      0.0510193
   4729.7544517      1.2899556      0.0509203
   4734.4942205      1.3342245      0.0512295
   4739.2231171      1.3529801      0.0515384
   4743.9623682      1.3822094      0.0518471
   4748.7124914      1.4145702      0.0521552
   4753.4522603      1.4461405      0.0524627
   4758.2127381      1.4675496      0.0527694
   4762.9628614      1.4679098      0.0530750
   4767.7342114      1.5025307      0.0533796
   4772.4952068      1.5363115      0.0536828
   4777.2665568      1.5528510      0.0539846
   4782.0482614      1.5806152      0.0542848
   4786.8304836      1.5887620      0.0545831
   4791.6230603      1.6100533      0.0548796
   4796.4047647      1.6166301      0.0549078
   4801.2082136      1.6533508      0.0551976
   4806.0111449      1.6495461      0.0554848
   4810.8145938      1.6773562      0.0557695
   4815.6278795      1.6910913      0.0560515
   4820.4416829      1.7100908      0.0563305
   4825.2663586      1.6782227      0.0566065
   4830.0905164      1.6955788      0.0568793
   4834.9151921      1.6894606      0.0571487
   4839.7497045      1.6815895      0.0574146
   4844.5956068      1.6765543      0.0576768
   4849.4409914      1.6506673      0.0579353
   4854.2868938      1.6558270      0.0581897
   4859.1426329      1.6662531      0.0584400
   4863.9988897      1.6598359      0.0586861
   4868.8660188      1.6540571      0.0586285
   4873.7326301      1.6721792      0.0588607
   4878.6101136      1.6738338      0.0590882
   4883.4870795      1.6825184      0.0593106
   4888.3754353      1.6905184      0.0595280
   4893.2632733      1.6748734      0.0597400
   4898.1511114      1.6688937      0.0599467
   4903.0498215      1.6406115      0.0601478
   4907.9588864      1.6475604      0.0603431
   4912.8684688      1.6561298      0.0605327
   4917.7775336      1.6571238      0.0603967
   4922.6974705      1.6712602      0.0605715
   4927.6168897      1.6581614      0.0607400
   4932.5471812      1.6522136      0.0609021
   4937.4779904      1.6832051      0.0610576
   4942.4186364      1.6953478      0.0612063
   4947.3598000      1.7105571      0.0613483
   4952.3113182      1.7344579      0.0614832
   4957.2524818      1.7555528      0.0616111
   4962.2143545      1.7867299      0.0613826
   4967.1767449      1.7870562      0.0614891
   4972.1494897      1.7953541      0.0615881
   4977.1222346      1.8354754      0.0616793
   4982.0949795      1.8911004      0.0617625
   4987.0785965      1.8873127      0.0618377
   4992.0622136      1.9108856      0.0619048
   4997.0561853      1.9189063      0.0627280
   5002.0501568      1.9382091      0.0635793
   5007.0544829      1.9455384      0.0635549
   5012.0696812      1.9486725      0.0627490
   5017.0745250      1.9474922      0.0622337
   5022.0897233      1.9556236      0.0625104
   5027.1157938      1.9565794      0.0623130
   5032.1413465      1.9944479      0.0622565
   5037.1777715      2.0160253      0.0623067
   5042.2141965      2.0031521      0.0628482
   5047.2614938      2.0176272      0.0630172
   5052.2979188      2.0271795      0.0632377
   5057.3555705      2.0351593      0.0634923
   5062.4127045      2.0363834      0.0642726
   5067.4812285      2.0029411      0.0648754
   5072.5492346      1.9563920      0.0651619
   5077.6177586      1.9901835      0.0654233
   5082.6966369      1.9994884      0.0662678
   5087.7755154      1.9822601      0.0664690
   5092.8647483      1.9910287      0.0666082
   5097.9539812      1.9730387      0.0666769
   5103.0540864      1.9711316      0.0673907
   5108.1650636      1.9879477      0.0673365
   5113.2755233      1.9566747      0.0674117
   5118.3859829      1.9875963      0.0671522
   5123.4969603      2.0070028      0.0671848
   5128.6286465      2.0219171      0.0673365
   5133.7499785      2.0240521      0.0667759
   5138.8816647      2.0286052      0.0661447
   5144.0242233      2.0511105      0.0654585
   5149.1667818      2.0284846      0.0647332
   5154.3196949      2.0032220      0.0645280
   5159.4726079      1.9569875      0.0637513
   5164.6363932      1.8805205      0.0632741
   5169.8001785      1.8529129      0.0625519
   5174.9639636      1.8461264      0.0618944
   5180.1484579      1.8106948      0.0617976
   5185.3231154      1.7557962      0.0613721
   5190.5076096      1.7005509      0.0611554
   5195.7034938      1.6395646      0.0612546
   5200.8988603      1.5849943      0.0607945
   5206.0942267      1.5328137      0.0601580
   5211.3108199      1.4922420      0.0593625
   5216.5170586      1.4731128      0.0588802
   5221.7336517      1.4606031      0.0583908
   5226.9611171      1.4625217      0.0575899
   5232.1777103      1.4540159      0.0576315
   5237.4155301      1.4145637      0.0571136
   5242.6533500      1.3798041      0.0565895
   5247.8911699      1.3543872      0.0557753
   5253.1398619      1.3274527      0.0552450
   5258.3989086      1.3068346      0.0547089
   5263.6579551      1.2816315      0.0546841
   5268.9170017      1.2660956      0.0538602
   5274.1869205      1.2775824      0.0533012
   5279.4671938      1.3069923      0.0527375
   5284.7474671      1.2950786      0.0521694
   5290.0277404      1.2879877      0.0513537
   5295.3183682      1.2957960      0.0512764
   5300.6095136      1.3108921      0.0506892
   5305.9110136      1.3228959      0.0500986
   5311.2228682      1.3306766      0.0492925
   5316.5352404      1.3266273      0.0486915
   5321.8470949      1.3523628      0.0480880
   5327.1698215      1.3589602      0.0479706
   5332.4925483      1.3667231      0.0473597
   5337.8256295      1.3614752      0.0465617
   5343.1695829      1.3635488      0.0459435
   5348.5135364      1.3494600      0.0453242
   5353.8683619      1.3454794      0.0447040
   5359.2123154      1.3351547      0.0439107
   5364.5774955      1.3161538      0.0432937
   5369.9421579      1.3117191      0.0431414
   5375.3073381      1.3255013      0.0425130
   5380.6833904      1.3286130      0.0418851
   5386.0692795      1.3258514      0.0411055
   5391.4556864      1.3170027      0.0404834
   5396.8420932      1.2970529      0.0398624
   5402.2388545      1.3073663      0.0392428
   5407.6464881      1.3027956      0.0390578
   5413.0541215      1.2940888      0.0382972
   5418.4617551      1.3125809      0.0376769
   5423.8797432      1.3159233      0.0370592
   5429.3086035      1.3253860      0.0364442
   5434.7374636      1.3199852      0.0358324
   5440.1766785      1.3231845      0.0352240
   5445.6158932      1.3271384      0.0345145
   5451.0551079      1.3214126      0.0339121
   5456.5160671      1.3150055      0.0336962
   5461.9656364      1.3089514      0.0330977
   5467.4265955      1.3065220      0.0332890
   5472.8973914      1.2998761      0.0335221
   5478.3687051      1.2973373      0.0338257
   5483.8503733      1.3143392      0.0315399
   5489.3320414      1.3030365      0.0303777
   5494.8245818      1.2931859      0.0296638
   5500.3166045      1.2790359      0.0291741
   5505.8200171      1.2742852      0.0288091
   5511.3229119      1.2697339      0.0284676
   5516.8361614      1.2582886      0.0284974
   5522.3499285      1.2572730      0.0282427
   5527.8740500      1.2619274      0.0279924
   5533.4090438      1.2712836      0.0277302
   5538.9331654      1.2787870      0.0274435
   5544.4785136      1.2762547      0.0270595
   5550.0238619      1.2792134      0.0267015
   5555.5692103      1.2746880      0.0263023
   5561.1249131      1.2563041      0.0258621
   5566.6914881      1.2520394      0.0253833
   5572.2580631      1.2607503      0.0248710
   5577.8246381      1.2682894      0.0242214
   5583.4020853      1.2807266      0.0235760
   5588.9898869      1.2837309      0.0229835
   5594.5776886      1.2824976      0.0223887
   5600.1758449      1.2799532      0.0220460
   5605.7745188      1.2774636      0.0214536
   5611.3830295      1.3034377      0.0208775
   5616.9920579      1.3139945      0.0203225
   5622.6119586      1.3113053      0.0197930
   5628.2313414      1.3110863      0.0192896
   5633.8615965      1.3230011      0.0188142
   5639.4918517      1.3252388      0.0183710
   5645.1324614      1.3269583      0.0179628
   5650.7839432      1.3350890      0.0175928
   5656.4354250      1.3377126      0.0172649
   5662.0869068      1.3352571      0.0169846
   5667.7487432      1.3465154      0.0167601
   5673.4214517      1.3562543      0.0166041
   5679.0941603      1.3422855      0.0163751
   5684.7772233      1.3313715      0.0163698
   5690.4499318      1.3246294      0.0159875
   5696.1438671      1.3183342      0.0156434
   5701.8481568      1.3077550      0.0153322
   5707.5420921      1.2935445      0.0151456
   5713.2567364      1.2750905      0.0149691
   5718.9615438      1.2663274      0.0148026
   5724.6870603      1.2620635      0.0146458
   5730.4125767      1.2484009      0.0144985
   5736.1380932      1.2419536      0.0143605
   5741.8744818      1.2421095      0.0141741
   5747.6212250      1.2463876      0.0140524
   5753.3679682      1.2363703      0.0139395
   5759.1255836      1.2358240      0.0138352
   5764.8826812      1.2272598      0.0137393
   5770.6511688      1.2294124      0.0136517
   5776.4191386      1.2215440      0.0135722
   5782.1974631      1.2164850      0.0137060
   5787.9763051      1.2181035      0.0138623
   5793.7655017      1.2196171      0.0140449
   5799.5546983      1.2163064      0.0142587
   5805.3547671      1.2141804      0.0145111
   5811.1651904      1.2202020      0.0136961
   5816.9756136      1.2210037      0.0133825
   5822.7963914      1.2298908      0.0132765
   5828.6176869      1.2345371      0.0132353
   5834.4493369      1.2415068      0.0133093
   5840.2809869      1.2368381      0.0134321
   5846.1229914      1.2355336      0.0135913
   5851.9655136      1.2385836      0.0137790
   5857.8183904      1.2444125      0.0139882
   5863.6712671      1.2403301      0.0142131
   5869.5344983      1.2465560      0.0144480
   5875.4086017      1.2492874      0.0146867
   5881.2827051      1.2435136      0.0149230
   5887.1671631      1.2385345      0.0151502
   5893.0521386      1.2426919      0.0153614
   5898.9474688      1.2280830      0.0155504
   5904.8531535      1.2079566      0.0155700
   5910.7484836      1.2090222      0.0157275
   5916.6650404      1.2112592      0.0157431
   5922.5810795      1.2025152      0.0157251
   5928.5085086      1.1970825      0.0156759
   5934.4354199      1.1864870      0.0155992
   5940.3623312      1.1757137      0.0155002
   5946.3109869      1.1714002      0.0153846
   5952.2591250      1.1605312      0.0152590
   5958.2072631      1.1502844      0.0151305
   5964.1662733      1.1507704      0.0150061
   5970.1252836      1.1476560      0.0148933
   5976.0946483      1.1465147      0.0148009
   5982.0748853      1.1345737      0.0147394
   5988.0546045      1.1344824      0.0147242
   5994.0457136      1.1281424      0.0147917
   6000.0466596      1.1267741      0.0149838
   6006.0377688      1.1178688      0.0154263
   6012.0495869      1.1163812      0.0165494
   6018.0614051      1.1122943      0.0162667
   6024.0732233      1.1053802      0.0160280
   6030.1062682      1.0955663      0.0158244
   6036.1289586      1.0892785      0.0156496
   6042.1723579      1.0866874      0.0154988
   6048.2162750      1.0845093      0.0156139
   6054.2601921      1.0860785      0.0156624
   6060.3144636      1.0786963      0.0157768
   6066.3790897      1.0709364      0.0158911
   6072.4442336      1.0669930      0.0160049
   6078.5197318      1.0612761      0.0161181
   6084.5952301      1.0610613      0.0162306
   6090.6810829      1.0621479      0.0163420
   6096.7674535      1.0561264      0.0164523
   6102.8641785      1.0528070      0.0165612
   6108.9712579      1.0391726      0.0165924
   6115.0788551      1.0359514      0.0166957
   6121.1968068      1.0386074      0.0167970
   6127.3147586      1.0485975      0.0168961
   6133.4430647      1.0511205      0.0169929
   6139.5718886      1.0471543      0.0170871
   6145.7214215      1.0580238      0.0171785
   6151.8606000      1.0629689      0.0173978
   6158.0210051      1.0612468      0.0173988
   6164.1705381      1.0660272      0.0174778
   6170.3418154      1.0585099      0.0177325
   6176.5125750      1.0567155      0.0180127
   6182.6833346      1.0548930      0.0183231
   6188.8649664      1.0551831      0.0186703
   6195.0574705      1.0565464      0.0179242
   6201.2494568      1.0558780      0.0178189
   6207.4523154      1.0486953      0.0178287
   6213.6655285      1.0503120      0.0179113
   6219.8787414      1.0456177      0.0180429
   6226.0919545      1.0496716      0.0182090
   6232.3269119      1.0480398      0.0183413
   6238.5504795      1.0459374      0.0186445
   6244.7957914      1.0367850      0.0188619
   6251.0411035      1.0352545      0.0190799
   6257.2864154      1.0389819      0.0192925
   6263.5524364      1.0372049      0.0194938
   6269.8086205      1.0437121      0.0195871
   6276.0855136      1.0496379      0.0197324
   6282.3624068      1.0652817      0.0198488
   6288.6393000      1.0698096      0.0199323
   6294.9270654      1.0701660      0.0199799
   6301.2251853      1.0802431      0.0198914
   6307.5233051      1.0848039      0.0198121
   6313.8317795      1.0909513      0.0196704
   6320.1516438      1.1006176      0.0194981
   6326.4709904      1.1030688      0.0192997
   6332.7903369      1.0961047      0.0190801
   6339.1309103      1.0839205      0.0187294
   6345.4714836      1.0690331      0.0184883
   6351.8120568      1.0669383      0.0182428
   6358.1629846      1.0679548      0.0180403
   6364.5247846      1.0677370      0.0177022
   6370.8865846      1.0711417      0.0174781
   6377.2592568      1.0689217      0.0172725
   6383.6422836      1.0691674      0.0170915
   6390.0253103      1.0776705      0.0169437
   6396.4186914      1.0717840      0.0167475
   6402.8125904      1.0590544      0.0167136
   6409.2168438      1.0565685      0.0170033
   6415.6205795      1.0475928      0.0173447
   6422.0357051      1.0458996      0.0169223
   6428.4611853      1.0463471      0.0166132
   6434.8866654      1.0481406      0.0163361
   6441.3225000      1.0490171      0.0160859
   6447.7692068      1.0463417      0.0159899
   6454.2159136      1.0479841      0.0158471
   6460.6729750      1.0545845      0.0157463
   6467.1300364      1.0519414      0.0156446
   6473.5979699      1.0487809      0.0155423
   6480.0659035      1.0465405      0.0153269
   6486.5550636      1.0472924      0.0152240
   6493.0437062      1.0471989      0.0151807
   6499.5328664      1.0596163      0.0150742
   6506.0323812      1.0623331      0.0148573
   6512.5427682      1.0595481      0.0147514
   6519.0531551      1.0630112      0.0146457
   6525.5738965      1.0567898      0.0144282
   6532.0946381      1.0564492      0.0143794
   6538.6262517      1.0491258      0.0142727
   6545.1682199      1.0472677      0.0141666
   6551.7101881      1.0476218      0.0139533
   6558.2630285      1.0433890      0.0138474
   6564.8262233      1.0267180      0.0137970
   6571.3894182      1.0161865      0.0135901
   6577.9634853      1.0062912      0.0134857
   6584.5370346      0.9963791      0.0133826
   6591.1214562      0.9870667      0.0132811
   6597.7167500      0.9761477      0.0131346
   6604.3120438      0.9720166      0.0130346
   6610.9176921      0.9654766      0.0129364
   6617.5336949      0.9658280      0.0127476
   6624.1393432      0.9657567      0.0126544
   6630.7662182      0.9593520      0.0126087
   6637.4039654      0.9568287      0.0125174
   6644.0411949      0.9519595      0.0123406
   6650.6892965      0.9475738      0.0122552
   6657.3373983      0.9459593      0.0122167
   6663.9958545      0.9520705      0.0120501
   6670.6548285      0.9567490      0.0119715
   6677.3241568      0.9570259      0.0118959
   6684.0038397      0.9577066      0.0117389
   6690.6943949      0.9625287      0.0117158
   6697.3849500      0.9718133      0.0116483
   6704.0755051      0.9718313      0.0115051
   6710.7872869      0.9769619      0.0114431
   6717.4990688      0.9778650      0.0114330
   6724.2103329      0.9870189      0.0113042
   6730.9329869      0.9869396      0.0112519
   6737.6659955      0.9857165      0.0112033
   6744.4093586      0.9915274      0.0111394
   6751.1527215      0.9935753      0.0110976
   6757.8960846      0.9964153      0.0110598
   6764.6611921      0.9997626      0.0109627
   6771.4257818      0.9943103      0.0109827
   6778.2012438      0.9970644      0.0109562
   6784.9761881      0.9957201      0.0108741
   6791.7620045      0.9964573      0.0109086
   6798.5586932      1.0037062      0.0108364
   6805.3445096      1.0098757      0.0108268
   6812.1520705      1.0166517      0.0108213
   6818.9694682      1.0171225      0.0108189
   6825.7873836      1.0187355      0.0108210
   6832.6156535      1.0300757      0.0108273
   6839.4439233      1.0374706      0.0107834
   6846.2934199      1.0388216      0.0108562
   6853.1325619      1.0517383      0.0108238
   6859.9820586      1.0638057      0.0108437
   6866.8527818      1.0734060      0.0109306
   6873.7126329      1.0863683      0.0109112
   6880.5833562      1.0917578      0.0109417
   6887.4649517      1.0989820      0.0109979
   6894.3569017      1.1050085      0.0110348
   6901.2488517      1.1106772      0.0110753
   6908.1511562      1.1154819      0.0110746
   6915.0643329      1.1222194      0.0111923
   6921.9775096      1.1309491      0.0111982
   6928.9015586      1.1367017      0.0112518
   6935.8250897      1.1437509      0.0113815
   6942.7594932      1.1440552      0.0113969
   6949.7047688      1.1445946      0.0114592
   6956.6598812      1.1487767      0.0115568
   6963.6155114      1.1488179      0.0116239
   6970.5820136      1.1413513      0.0116940
   6977.5479983      1.1433215      0.0118021
   6984.5248551      1.1339109      0.0118765
   6991.5120664      1.1291816      0.0119103
   6998.5101500      1.1100729      0.0120709
   7005.5082336      1.1006345      0.0121099
   7012.5063171      1.0981385      0.0121906
   7019.5251096      1.0888608      0.0123606
   7026.5444199      1.0845057      0.0124035
   7033.5740846      1.0767720      0.0124898
   7040.6042671      1.0601530      0.0126252
   7047.6442864      1.0604116      0.0127139
   7054.6956955      1.0587175      0.0127615
   7061.7465869      1.0531867      0.0129452
   7068.8078329      1.0516880      0.0129939
   7075.8804688      1.0448166      0.0131826
   7082.9525869      1.0426618      0.0132318
   7090.0350596      1.0316219      0.0133278
   7097.1284045      1.0285552      0.0135201
   7104.2222671      1.0183514      0.0135707
   7111.3259664      1.0100605      0.0136693
   7118.4405381      1.0075773      0.0138164
   7125.5551096      1.0115618      0.0139152
   7132.6909079      1.0073680      0.0140636
   7139.8163517      0.9988458      0.0141621
   7146.9625045      0.9907071      0.0142105
   7154.1091750      0.9808320      0.0144088
   7161.2662000      0.9852477      0.0144558
   7168.4232250      0.9820534      0.0145519
   7175.5906045      0.9726691      0.0146991
   7182.7688562      0.9646585      0.0147937
   7189.9471079      0.9627832      0.0149393
   7197.1465864      0.9625542      0.0150318
   7204.3357103      0.9527178      0.0150707
   7211.5455432      0.9433914      0.0152650
   7218.7558938      0.9331987      0.0152995
   7225.9760812      0.9280654      0.0154921
   7233.2076586      0.9248803      0.0155216
   7240.4387182      0.9203631      0.0157120
   7247.6806500      0.9140251      0.0157360
   7254.9225818      0.9071014      0.0158199
   7262.1748682      0.8900215      0.0159414
   7269.4380267      0.8925874      0.0160211
   7276.7115397      0.8917898      0.0161366
   7283.9855705      0.8952098      0.0161467
   7291.2694381      0.9001287      0.0163205
   7298.5646955      0.9059713      0.0163237
   7305.8594353      0.9031780      0.0163888
   7313.1754017      0.9045860      0.0164877
   7320.4810136      0.9110714      0.0165473
   7327.8073346      0.9150026      0.0166378
   7335.1341733      0.9193292      0.0166916
   7342.4610119      0.9115745      0.0167732
   7349.8085596      0.9105903      0.0168210
   7357.1566250      0.9145870      0.0168933
   7364.5150449      0.9159309      0.0168605
   7371.8843369      0.9128879      0.0169010
   7379.2531114      0.9102783      0.0169567
   7386.6327579      0.9048670      0.0169911
   7394.0232767      0.9127739      0.0170372
   7401.4137955      0.9182032      0.0170656
   7408.8146688      0.9250349      0.0171024
   7416.2258965      0.9354075      0.0170425
   7423.6479965      0.9344434      0.0171527
   7431.0700965      0.9329821      0.0170853
   7438.4921965      0.9353220      0.0171891
   7445.9355233      0.9284811      0.0171147
   7453.3892045      0.9230691      0.0172123
   7460.8325312      0.9229125      0.0171314
   7468.2970846      0.9249654      0.0171383
   7475.7725103      0.9259902      0.0171367
   7483.2370636      0.9216470      0.0171368
   7490.7228438      0.9157546      0.0171316
   7498.2189785      0.9151082      0.0171256
   7505.7151131      0.9076232      0.0170330
   7513.2221199      0.9066172      0.0171057
   7520.7394812      0.8981351      0.0170100
   7528.2573603      0.8889092      0.0169934
   7535.7855938      0.8836194      0.0169803
   7543.3241818      0.8760939      0.0169596
   7550.8627699      0.8680574      0.0169450
   7558.4122301      0.8768154      0.0169208
   7565.9720449      0.8697868      0.0168169
   7573.5427318      0.8706564      0.0168783
   7581.1134188      0.8711628      0.0167727
   7588.6944603      0.8703969      0.0167471
   7596.2858562      0.8700573      0.0168049
   7603.8777699      0.8694837      0.0166994
   7611.4909103      0.8695185      0.0167573
   7619.1035329      0.8715453      0.0166514
   7626.7166733      0.8774300      0.0166252
   7634.3401682      0.8848457      0.0166044
   7641.9848897      0.8999755      0.0165783
   7649.6192568      0.9021302      0.0164783
   7657.2743329      0.9077407      0.0165341
   7664.9299267      0.9238251      0.0164371
   7672.5958750      0.9278508      0.0164138
   7680.2726955      0.9450384      0.0164727
   7687.9489983      0.9600106      0.0163792
   7695.6361733      0.9709451      0.0163612
   7703.3342205      0.9702649      0.0163506
   7711.0421045      0.9764149      0.0163357
   7718.7505062      0.9750482      0.0162483
   7726.4697801      0.9780093      0.0163181
   7734.1994086      0.9824040      0.0163109
   7741.9290369      0.9884008      0.0162308
   7749.6690199      0.9934187      0.0162318
   7757.4198750      0.9965466      0.0162308
   7765.1810846      0.9839826      0.0162371
   7772.9428119      0.9857947      0.0162483
   7780.7148938      0.9872884      0.0162538
   7788.4973301      0.9837780      0.0162712
   7796.2906386      0.9736463      0.0162144
   7804.0834295      0.9720583      0.0162392
   7811.8876103      0.9646947      0.0163372
   7819.7021455      0.9579544      0.0162908
   7827.5270353      0.9436544      0.0163289
   7835.3519250      0.9398730      0.0163576
   7843.1876869      0.9239229      0.0164039
   7851.0229312      0.9207103      0.0164567
   7858.8799199      0.9191260      0.0164300
   7866.7369086      0.9121425      0.0165574
   7874.6042517      0.9062303      0.0166261
   7882.4824671      0.9001600      0.0166124
   7890.3601647      0.8972668      0.0166943
   7898.2487346      0.8940122      0.0167488
   7906.1481767      0.8892007      0.0168408
   7914.0579733      0.8916720      0.0169403
   7921.9786421      0.8934053      0.0169501
   7929.8987932      0.8935564      0.0171176
   7937.8298164      0.8910206      0.0172356
   7945.7608397      0.8801467      0.0172598
   7953.7130897      0.8627513      0.0173889
   7961.6653397      0.8674883      0.0175812
   7969.6284619      0.8585635      0.0176197
   7977.6019386      0.8415307      0.0177672
   7985.5754154      0.8427557      0.0179222
   7993.5592465      0.8253083      0.0180292
   8001.5539500      0.8045088      0.0181943
   8009.5590079      0.7859266      0.0183664
   8017.5645836      0.7830693      0.0184310
   8025.5805136      0.7675018      0.0186148
   8033.6067983      0.7572295      0.0188555
   8041.6439551      0.7447438      0.0189299
   8049.6811119      0.7292355      0.0191281
   8057.7394955      0.7087559      0.0193322
   8065.7973614      0.6964580      0.0195417
   8073.8666171      0.6833901      0.0196787
   8081.9353551      0.6892672      0.0198946
   8090.0149654      0.6768268      0.0201154
   8098.1049301      0.6613197      0.0202062
   8106.2057671      0.6491757      0.0204316
   8114.3169586      0.6495111      0.0207176
   8122.4281500      0.6469028      0.0208150
   8130.5502136      0.6353130      0.0210481
   8138.6826318      0.6350570      0.0212843
   8146.8150500      0.6452996      0.0215233
   8154.9686949      0.6473522      0.0216242
   8163.1223397      0.6695257      0.0219250
   8171.2868568      0.6858326      0.0221678
   8179.4617285      0.7037165      0.0226093
   8187.6366000      0.7083462      0.0229471
   8195.8326983      0.7355001      0.0230707
   8204.0184421      0.7628124      0.0230988
   8212.2248949      0.7790669      0.0231096
   8220.4422199      0.7897503      0.0234057
   8228.6595449      0.8121991      0.0236570
   8236.8877421      0.8236849      0.0239574
   8245.1262938      0.8336023      0.0241691
   8253.3752000      0.8388621      0.0245346
   8261.6241062      0.8478078      0.0249611
   8269.8838846      0.8600271      0.0255763
   8278.1545353      0.8793381      0.0258869
   8286.4355404      0.8885210      0.0261106
   8294.7165455      0.9044737      0.0264044
   8303.0182596      0.9042232      0.0267557
   8311.3204914      0.8983102      0.0271451
   8319.6335955      0.9048990      0.0274150
   8327.9565364      0.9147413      0.0278352
   8336.2799949      0.9171201      0.0282535
   8344.6138079      0.9015879      0.0286586
   8352.9693654      0.9015372      0.0292998
   8361.3135329      0.8938869      0.0295089
   8369.6794449      0.8857927      0.0298060
   8378.0453568      0.8770014      0.0300506
   8386.4324955      0.8705012      0.0302382
   8394.8191164      0.8627188      0.0303666
   8403.2062551      0.8554473      0.0302858
   8411.6146205      0.8471140      0.0303138
   8420.0224682      0.8337016      0.0302921
   8428.4411881      0.8360391      0.0300311
   8436.8707801      0.8320153      0.0299425
   8445.3107267      0.8282614      0.0296713
   8453.7506733      0.8150718      0.0295725
   8462.2118465      0.8112948      0.0294890
   8470.6730199      0.8009408      0.0294424
   8479.1450654      0.7974759      0.0295600
   8487.6274654      0.7913382      0.0296876
   8496.1098654      0.7774132      0.0296898
   8504.6134921      0.7614117      0.0302322
   8513.1171188      0.7562841      0.0296684
   8521.6207455      0.7527097      0.0291600
   8530.1450812      0.7615148      0.0289496
   8538.6808068      0.7618080      0.0288525
   8547.2160147      0.7726300      0.0286381
   8555.7729671      0.7737787      0.0285799
   8564.3185295      0.7770009      0.0285584
   8572.8858364      0.7834011      0.0285898
   8581.4640154      0.7935395      0.0286973
   8590.0416767      0.8137475      0.0289160
   8598.6302103      0.8103449      0.0289818
   8607.2290983      0.8044694      0.0285482
   8615.8388586      0.7985547      0.0282559
   8624.4589733      0.7770015      0.0281974
   8633.0790881      0.7627125      0.0281330
   8641.7100750      0.7678873      0.0280630
   8650.3622886      0.7700754      0.0284115
   8659.0036301      0.7638270      0.0287775
   8667.6661983      0.7612234      0.0292301
   8676.3396386      0.7458045      0.0290315
   8685.0125614      0.7487412      0.0281001
   8693.6968739      0.7425854      0.0275950
   8702.3915411      0.7340892      0.0274185
   8711.0965626      0.7297621      0.0276871
   8719.8119386      0.7209653      0.0282137
   8728.5273147      0.7190687      0.0280569
   8737.2540808      0.7054002      0.0278906
   8745.9901658      0.7048107      0.0282968
   8754.7376408      0.6943435      0.0290666
   8763.4965058      0.6678205      0.0288107
   8772.2543353      0.6441722      0.0288479
   8781.0339092      0.6394855      0.0292006
   8789.8124477      0.6210420      0.0302214
   8798.6023761      0.6004075      0.0301254
   8807.4026589      0.5935398      0.0301110
   8816.2143318      0.5770408      0.0303526
   8825.0249692      0.5634546      0.0306546
   8833.8469965      0.5411896      0.0309830
   8842.6897329      0.5445299      0.0313104
   8851.5221147      0.5476705      0.0316143
   8860.3762411      0.5523484      0.0321508
   8869.2396864      0.5598000      0.0322879
   8878.1145215      0.5580485      0.0323330
   8886.9893568      0.5636773      0.0321506
   8895.8745465      0.5603756      0.0319339
   8904.7700908      0.5666221      0.0311410
   8913.6770250      0.5626188      0.0307430
   8922.5943136      0.5531908      0.0303014
   8931.5116023      0.5502104      0.0299589
   8940.4496000      0.5451739      0.0295241
   8949.3875977      0.5417072      0.0291149
   8958.3369853      0.5496495      0.0287556
   8967.2967273      0.5606208      0.0284791
   8976.2668239      0.5869208      0.0283355
   8985.2472750      0.5975308      0.0285297
   8994.2277261      0.5985553      0.0291313
   9003.2195671      0.6038358      0.0280880
   9012.2217626      0.6139940      0.0273809
   9021.2343126      0.6191041      0.0266883
   9030.2572171      0.6264304      0.0262970
   9039.2904761      0.6390796      0.0263019
   9048.3351250      0.6435232      0.0264777
   9057.3797739      0.6503276      0.0269407
   9066.4347773      0.6529304      0.0268874
   9075.5001353      0.6602887      0.0264725
   9084.5758477      0.6597601      0.0265941
   9093.6629500      0.6691933      0.0271233
   9102.7604068      0.6658175      0.0271600
   9111.8578636      0.6711787      0.0268345
   9120.9760295      0.6879224      0.0272044
   9130.0952308      0.7037808      0.0277087
   9139.2237511      0.6991048      0.0280491
   9148.3636614      0.6919866      0.0278261
   9157.5139261      0.6964520      0.0280169
   9166.6755808      0.6912735      0.0282854
   9175.8362000      0.6861402      0.0285617
   9185.0185636      0.6789752      0.0289889
   9194.2009273      0.6909950      0.0295207
   9203.3936455      0.6791677      0.0294969
   9212.5967182      0.6639840      0.0296930
   9221.8111808      0.6430920      0.0299434
   9231.0349624      0.6321532      0.0302376
   9240.2597795      0.6215125      0.0305675
   9249.5063411      0.6129866      0.0309264
   9258.7622215      0.6015544      0.0315591
   9268.0077477      0.5777387      0.0320499
   9277.2853727      0.5563218      0.0322950
   9286.5629977      0.5484528      0.0326222
   9295.8520126      0.5285199      0.0328917
   9305.1503465      0.5132409      0.0333248
   9314.4497161      0.5144526      0.0337845
   9323.7687589      0.4924096      0.0342605
   9333.0888374      0.4735748      0.0346798
   9342.4203058      0.4466019      0.0351504
   9351.7610932      0.4321644      0.0357754
   9361.1236250      0.4299708      0.0362065
   9370.4758023      0.4110848      0.0364997
   9379.8486886      0.4027903      0.0370226
   9389.2319295      0.4009292      0.0372710
   9398.6265603      0.4043745      0.0374547
   9408.0211911      0.4002293      0.0373992
   9417.4251408      0.4047330      0.0374290
   9426.8415161      0.4171813      0.0375466
   9436.2775647      0.4153231      0.0370673
   9445.7032589      0.4281749      0.0368318
   9455.1506977      0.4481963      0.0365359
   9464.6084908      0.4552692      0.0361860
   9474.0776739      0.4399108      0.0355572
   9483.5561761      0.4291423      0.0352456
   9493.0357136      0.4114306      0.0347623
   9502.5256058      0.3968734      0.0340165
   9512.0362068      0.3786553      0.0334846
   9521.5468079      0.3858051      0.0333889
   9531.0687989      0.3906609      0.0335956
   9540.6001089      0.3943252      0.0339727
   9550.1428089      0.3958940      0.0343607
   9559.6855089      0.3936506      0.0346707
   9569.2499535      0.3987879      0.0349097
   9578.8247523      0.4022668      0.0352640
   9588.3985158      0.4100975      0.0358541
   9597.9836692      0.4290905      0.0367983
   9607.5905671      0.4282269      0.0377009
   9617.1964295      0.4304172      0.0395803
   9626.8136818      0.4048663      0.0416532
   9636.4412886      0.4210487      0.0443901
   9646.0792500      0.4355038      0.0477998
