     0.810127  2.29820e-16  5.95832e-17
     0.810366  2.66962e-16  5.89307e-17
     0.810604  3.03032e-16  5.86302e-17
     0.810841  3.59810e-16  6.53794e-17
     0.811078  3.10866e-16  5.85717e-17
     0.811313  3.71198e-16  5.85755e-17
     0.811548  1.43086e-16  5.86018e-17
     0.811782  3.03285e-16  5.84899e-17
     0.812015  3.96835e-16  5.84552e-17
     0.812247  4.57926e-16  5.85018e-17
     0.812478  3.53665e-16  5.85285e-17
     0.812708  2.71628e-16  5.77670e-17
     0.812938  2.77769e-16  5.81559e-17
     0.813167  3.27716e-16  5.81697e-17
     0.813395  3.68607e-16  5.88209e-17
     0.813623  4.38210e-16  5.87802e-17
     0.813849  3.25775e-16  5.82728e-17
     0.814075  3.17401e-16  5.83313e-17
     0.814301  1.65126e-16  5.71523e-17
     0.814525  4.28055e-16  5.87230e-17
     0.814749  2.17768e-16  5.77085e-17
     0.814973  2.97862e-16  5.85223e-17
     0.815196  2.64971e-16  5.82119e-17
     0.815418  3.56613e-16  5.88701e-17
     0.815639  3.45855e-16  5.83174e-17
     0.815860  2.64334e-16  5.83724e-17
     0.816081  2.02195e-16  5.76727e-17
     0.816300  2.16874e-16  5.79149e-17
     0.816520  2.99600e-16  5.85078e-17
     0.816738  1.91382e-16  5.83349e-17
     0.816957  2.11649e-16  5.77734e-17
     0.817174  1.22726e-16  5.74978e-17
     0.817392  1.41612e-16  5.74459e-17
     0.817608  1.86882e-16  5.73872e-17
     0.817825  3.84943e-16  5.74297e-17
     0.818040  2.15049e-16  5.61160e-17
     0.818256  2.31532e-16  5.68566e-17
     0.818471  3.02646e-16  5.62245e-17
     0.818685  2.31565e-16  5.61114e-17
     0.818899  2.07086e-16  5.56857e-17
     0.819113  2.84416e-16  5.67837e-17
     0.819327  3.53993e-16  5.67021e-17
     0.819540  2.29371e-16  5.56527e-17
     0.819752  1.74924e-16  5.46328e-17
     0.819965  2.03178e-16  5.76023e-17
     0.820176  1.97270e-16  5.59138e-17
     0.820388  2.31088e-16  5.41096e-17
     0.820599  1.83816e-16  5.33363e-17
     0.820811  1.53124e-16  5.18631e-17
     0.821021  2.26293e-16  5.20810e-17
     0.821232  2.86893e-16  6.48050e-17
     0.821442  2.47912e-16  5.78120e-17
     0.821652  2.58062e-16  5.17765e-17
     0.821862  2.83273e-16  5.23586e-17
     0.822071  3.52425e-16  5.38147e-17
     0.822280  3.19011e-16  5.42697e-17
     0.822489  2.64169e-16  5.48626e-17
     0.822698  2.47146e-16  5.57488e-17
     0.822906  3.91130e-16  5.71689e-17
     0.823115  3.85788e-16  5.69965e-17
     0.823323  4.35575e-16  5.56969e-17
     0.823531  4.82899e-16  5.48849e-17
     0.823739  4.99034e-16  5.41609e-17
     0.823947  5.65629e-16  5.39402e-17
     0.824154  4.43132e-16  5.20062e-17
     0.824362  4.30634e-16  5.15620e-17
     0.824569  2.72941e-16  5.07149e-17
     0.824776  4.80821e-16  5.11887e-17
     0.824983  3.95094e-16  5.06300e-17
     0.825190  4.03258e-16  5.09584e-17
     0.825397  4.28986e-16  5.08924e-17
     0.825603  3.52151e-16  5.08508e-17
     0.825810  5.02828e-16  5.19002e-17
     0.826016  4.36901e-16  5.15067e-17
     0.826223  4.28574e-16  5.10391e-17
     0.826429  3.21460e-16  5.00589e-17
     0.826636  3.07793e-16  5.01477e-17
     0.826842  3.68546e-16  5.04142e-17
     0.827048  2.88383e-16  4.99069e-17
     0.827255  2.95530e-16  5.08539e-17
     0.827461  3.95076e-16  5.10411e-17
     0.827667  3.62189e-16  5.15991e-17
     0.827873  3.37178e-16  5.11713e-17
     0.828079  2.92792e-16  5.09500e-17
     0.828285  3.47705e-16  5.14111e-17
     0.828492  2.05749e-16  5.05874e-17
     0.828698  2.73262e-16  5.05476e-17
     0.828904  1.82307e-16  5.13205e-17
     0.829110  2.43329e-16  5.06516e-17
     0.829316  1.68526e-16  5.01114e-17
     0.829523  9.83150e-17  4.95684e-17
     0.829729  1.94877e-16  4.94916e-17
     0.829935  1.92640e-16  4.92019e-17
     0.830142  1.84894e-16  4.90213e-17
     0.830348  1.11927e-16  4.83165e-17
     0.830555  1.75227e-16  4.78948e-17
     0.830761  2.05585e-16  4.74391e-17
     0.830968  1.36184e-16  4.72521e-17
     0.831175  1.36719e-16  4.72682e-17
     0.831382  1.84864e-16  4.75523e-17
     0.831589  1.91001e-16  4.76131e-17
     0.831796  1.33006e-16  4.72718e-17
     0.832003  5.91123e-17  4.66634e-17
     0.832210  1.51280e-16  5.10790e-17
     0.832417  7.63920e-17  4.61795e-17
     0.832625  1.62012e-16  4.81293e-17
     0.832832  1.62961e-16  4.77273e-17
     0.833040  7.01357e-17  4.54298e-17
     0.833248  1.46718e-16  4.64399e-17
     0.833456  2.05114e-16  4.64599e-17
     0.833664  2.01366e-16  4.64686e-17
     0.833872  2.08825e-16  4.69236e-17
     0.834080  2.34418e-16  4.71417e-17
     0.834289  1.62624e-16  4.69781e-17
     0.834498  5.31648e-17  4.63223e-17
     0.834706  8.75756e-17  4.64037e-17
     0.834915  1.64200e-16  4.66645e-17
     0.835124  1.70563e-16  4.62154e-17
     0.835334  1.13799e-16  4.62664e-17
     0.835543  1.79725e-16  4.59553e-17
     0.835753  1.90557e-16  4.54031e-17
     0.835963  2.31771e-16  4.54560e-17
     0.836173  2.32512e-16  4.75156e-17
     0.836383  1.72058e-16  4.69096e-17
     0.836593  2.42945e-17  4.50751e-17
     0.836804  1.07051e-16  4.49185e-17
     0.837015  9.70259e-17  4.46018e-17
     0.837225  2.09112e-16  4.43108e-17
     0.837437  1.29239e-16  4.37462e-17
     0.837648  1.22616e-16  4.46840e-17
     0.837860  1.76948e-16  4.38649e-17
     0.838071  1.76298e-16  4.35985e-17
     0.838283  1.04077e-16  4.37534e-17
     0.838495  7.89422e-17  4.30277e-17
     0.838708  1.33249e-16  4.36739e-17
     0.838921  2.14755e-16  4.40788e-17
     0.839133  1.02322e-16  4.38168e-17
     0.839346  2.34233e-16  4.54117e-17
     0.839560  3.20758e-16  4.48451e-17
     0.839773  2.96805e-16  4.54732e-17
     0.839987  1.96156e-16  4.43555e-17
     0.840201  8.49818e-17  4.28732e-17
     0.840415  1.60351e-16  4.38715e-17
     0.840630  1.87914e-16  4.35299e-17
     0.840845  2.16778e-16  4.35160e-17
     0.841059  1.42085e-16  4.28926e-17
     0.841275  1.89477e-16  4.30480e-17
     0.841490  2.42136e-16  5.21168e-17
     0.841706  1.82510e-16  4.28803e-17
     0.841922  2.55158e-16  4.33049e-17
     0.842138  1.08609e-16  7.27057e-17
     0.842354  1.94859e-16  5.93289e-17
     0.842571  2.60598e-16  5.93899e-17
     0.842788  2.65525e-16  5.97012e-17
     0.843005  1.77154e-16  5.88370e-17
     0.843223  2.50632e-16  4.34296e-17
     0.843441  1.63364e-16  4.29869e-17
     0.843659  1.91741e-16  4.34398e-17
     0.843877  2.11076e-16  4.35064e-17
     0.844096  2.57928e-16  4.30681e-17
     0.844314  3.06065e-16  4.24487e-17
     0.844534  2.17206e-16  4.26470e-17
     0.844753  2.93828e-16  4.22297e-17
     0.844973  3.15607e-16  4.24842e-17
     0.845193  2.71777e-16  4.23180e-17
     0.845413  3.67581e-16  4.25965e-17
     0.845633  2.17773e-16  4.22728e-17
     0.845854  2.42581e-16  4.22273e-17
     0.846075  2.63340e-16  4.23924e-17
     0.846296  3.64038e-16  4.27667e-17
     0.846518  2.76435e-16  4.23091e-17
     0.846740  2.87664e-16  4.19344e-17
     0.846962  2.82881e-16  4.11977e-17
     0.847185  2.36275e-16  4.05305e-17
     0.847407  3.15964e-16  4.10358e-17
     0.847631  3.00983e-16  4.07361e-17
     0.847854  3.34993e-16  4.06408e-17
     0.848078  3.41624e-16  4.09318e-17
     0.848302  3.93376e-16  4.14494e-17
     0.848526  4.42952e-16  4.19580e-17
     0.848750  4.34452e-16  4.18740e-17
     0.848975  4.25070e-16  4.21982e-17
     0.849200  5.06353e-16  4.25147e-17
     0.849426  3.96902e-16  4.16672e-17
     0.849651  4.76966e-16  4.17186e-17
     0.849877  3.50223e-16  4.53600e-17
     0.850104  3.19709e-16  4.06660e-17
     0.850330  3.79865e-16  4.07963e-17
     0.850557  5.31186e-16  4.09781e-17
     0.850784  4.94495e-16  4.09035e-17
     0.851012  5.17459e-16  4.02989e-17
     0.851240  5.19945e-16  4.01913e-17
     0.851468  5.71263e-16  4.02828e-17
     0.851696  5.84460e-16  4.07745e-17
     0.851925  5.10011e-16  5.76211e-17
     0.852154  5.76391e-16  6.13926e-17
     0.852383  4.28296e-16  5.81083e-17
     0.852613  4.09802e-16  5.46150e-17
     0.852843  7.01659e-16  5.65487e-17
     0.853073  6.68206e-16  4.15784e-17
     0.853304  7.30679e-16  4.16387e-17
     0.853535  7.46973e-16  4.19334e-17
     0.853766  8.02004e-16  4.21827e-17
     0.853997  7.55343e-16  4.18813e-17
     0.854229  7.39253e-16  4.11644e-17
     0.854461  8.15646e-16  4.12224e-17
     0.854694  8.12170e-16  4.05444e-17
     0.854927  8.45832e-16  4.08706e-17
     0.855160  7.78762e-16  4.01543e-17
     0.855393  7.69372e-16  3.97098e-17
     0.855627  8.94773e-16  4.02185e-17
     0.855861  9.75948e-16  4.06834e-17
     0.856095  9.23205e-16  4.06143e-17
     0.856329  9.10439e-16  4.07956e-17
     0.856564  9.44433e-16  4.06999e-17
     0.856800  9.56210e-16  4.06186e-17
     0.857035  1.02772e-15  4.08342e-17
     0.857271  9.54327e-16  4.09639e-17
     0.857507  9.24460e-16  4.07247e-17
     0.857743  9.86408e-16  4.11833e-17
     0.857980  9.70934e-16  4.10937e-17
     0.858217  1.05465e-15  4.16080e-17
     0.858455  1.04212e-15  4.16924e-17
     0.858692  1.06901e-15  4.17961e-17
     0.858930  1.10231e-15  4.20440e-17
     0.859169  1.12357e-15  4.17376e-17
     0.859407  1.07419e-15  4.14208e-17
     0.859646  1.07996e-15  4.11848e-17
     0.859886  1.07801e-15  4.03669e-17
     0.860125  1.13114e-15  4.05251e-17
     0.860365  1.09729e-15  3.94998e-17
     0.860605  1.19942e-15  4.01415e-17
     0.860846  1.06230e-15  3.95804e-17
     0.861087  1.13753e-15  4.03254e-17
     0.861328  1.26217e-15  4.11721e-17
     0.861569  1.28407e-15  4.16912e-17
     0.861811  1.33061e-15  4.58313e-17
     0.862053  1.31305e-15  4.20514e-17
     0.862295  1.31705e-15  4.21589e-17
     0.862538  1.46128e-15  4.33421e-17
     0.862781  1.48867e-15  4.34413e-17
     0.863024  1.44057e-15  4.32970e-17
     0.863268  1.50968e-15  4.34213e-17
     0.863512  1.52745e-15  4.35690e-17
     0.863756  1.53380e-15  4.32901e-17
     0.864001  1.52351e-15  4.30087e-17
     0.864246  1.57032e-15  4.35299e-17
     0.864491  1.45808e-15  4.26864e-17
     0.864736  1.50893e-15  4.31644e-17
     0.864982  1.57634e-15  4.33619e-17
     0.865228  1.65591e-15  4.43431e-17
     0.865475  1.68260e-15  4.46634e-17
     0.865722  1.74742e-15  4.49542e-17
     0.865969  1.73675e-15  4.40064e-17
     0.866216  1.80853e-15  4.43200e-17
     0.866464  1.88692e-15  4.39558e-17
     0.866712  1.94181e-15  4.72337e-17
     0.866960  1.92637e-15  4.30669e-17
     0.867209  1.98612e-15  4.31072e-17
     0.867457  2.19435e-15  4.44881e-17
     0.867707  2.37050e-15  4.51511e-17
     0.867956  2.43272e-15  4.55728e-17
     0.868206  2.61478e-15  4.60148e-17
     0.868456  2.71337e-15  4.56423e-17
     0.868707  2.87959e-15  4.73785e-17
     0.868957  2.72720e-15  4.66745e-17
     0.869208  2.83518e-15  4.63001e-17
     0.869460  3.02214e-15  4.70208e-17
     0.869711  3.05470e-15  4.74293e-17
     0.869963  3.13474e-15  4.77781e-17
     0.870216  3.20510e-15  4.76854e-17
     0.870468  3.24420e-15  4.81520e-17
     0.870721  3.30917e-15  4.82146e-17
     0.870974  3.39410e-15  4.95706e-17
     0.871228  3.14261e-15  4.75421e-17
     0.871482  3.21240e-15  4.77628e-17
     0.871736  3.25346e-15  4.77646e-17
     0.871990  3.26992e-15  4.77679e-17
     0.872245  3.29267e-15  4.77741e-17
     0.872500  3.11566e-15  4.68820e-17
     0.872756  3.02991e-15  4.66240e-17
     0.873011  2.90657e-15  4.60673e-17
     0.873267  2.67566e-15  4.50558e-17
     0.873523  2.57432e-15  4.43662e-17
     0.873780  2.43634e-15  4.40648e-17
     0.874037  2.30302e-15  4.35089e-17
     0.874294  2.15551e-15  4.29368e-17
     0.874552  1.90509e-15  4.14465e-17
     0.874809  1.95472e-15  4.15745e-17
     0.875067  1.80209e-15  4.07975e-17
     0.875326  1.82522e-15  4.10009e-17
     0.875584  1.74931e-15  4.03162e-17
     0.875843  1.63429e-15  4.01277e-17
     0.876103  1.69287e-15  4.07158e-17
     0.876362  1.60836e-15  4.07396e-17
     0.876622  1.74178e-15  4.14963e-17
     0.876882  1.63677e-15  4.06489e-17
     0.877143  1.60598e-15  4.03606e-17
     0.877404  1.74486e-15  4.15738e-17
     0.877665  1.55124e-15  4.03417e-17
     0.877926  1.55796e-15  4.00578e-17
     0.878188  1.56904e-15  3.99606e-17
     0.878450  1.68101e-15  3.99087e-17
     0.878712  1.52974e-15  3.95384e-17
     0.878975  1.54457e-15  3.96664e-17
     0.879238  1.45600e-15  3.85906e-17
     0.879501  1.44819e-15  3.82539e-17
     0.879765  1.47674e-15  3.87207e-17
     0.880029  1.41140e-15  3.81831e-17
     0.880293  1.42419e-15  3.81859e-17
     0.880557  1.40788e-15  3.80198e-17
     0.880822  1.43840e-15  3.80651e-17
     0.881087  1.39088e-15  3.78919e-17
     0.881352  1.43277e-15  3.85385e-17
     0.881618  1.34816e-15  3.87297e-17
     0.881884  1.39677e-15  3.90141e-17
     0.882150  1.56181e-15  3.99517e-17
     0.882416  1.56171e-15  4.03897e-17
     0.882683  1.55827e-15  4.07725e-17
     0.882950  1.62789e-15  4.43290e-17
     0.883218  1.75591e-15  4.15069e-17
     0.883486  1.55917e-15  3.95655e-17
     0.883754  1.62662e-15  3.93947e-17
     0.884022  1.53064e-15  3.86301e-17
     0.884291  1.60522e-15  3.86087e-17
     0.884559  1.42011e-15  3.72322e-17
     0.884829  1.36351e-15  4.05345e-17
     0.885098  1.38113e-15  3.68343e-17
     0.885368  1.36320e-15  3.70231e-17
     0.885638  1.32755e-15  3.70339e-17
     0.885909  1.24093e-15  3.67065e-17
     0.886179  1.12106e-15  3.57144e-17
     0.886450  1.08391e-15  3.50259e-17
     0.886722  1.04574e-15  3.49719e-17
     0.886993  9.78873e-16  3.45923e-17
     0.887265  9.31573e-16  3.39496e-17
     0.887537  8.78529e-16  3.42955e-17
     0.887810  8.52868e-16  3.46427e-17
     0.888083  7.83859e-16  3.40274e-17
     0.888356  7.49243e-16  3.37589e-17
     0.888629  7.85531e-16  3.45354e-17
     0.888903  6.97819e-16  3.36351e-17
     0.889177  6.64515e-16  3.34435e-17
     0.889451  5.73294e-16  3.28393e-17
     0.889726  6.18493e-16  3.28765e-17
     0.890001  6.31544e-16  3.30129e-17
     0.890276  5.60953e-16  3.25553e-17
     0.890552  5.37741e-16  3.25403e-17
     0.890827  4.95135e-16  3.26181e-17
     0.891103  4.90503e-16  3.25625e-17
     0.891380  5.61006e-16  3.29515e-17
     0.891657  5.21296e-16  3.26747e-17
     0.891934  5.35336e-16  3.27504e-17
     0.892211  4.68045e-16  3.25822e-17
     0.892489  4.91233e-16  3.25960e-17
     0.892766  4.69324e-16  3.22791e-17
     0.893045  4.14759e-16  3.17221e-17
     0.893323  5.07063e-16  3.17699e-17
     0.893602  4.60389e-16  3.15113e-17
     0.893881  4.73823e-16  3.13715e-17
     0.894161  4.38397e-16  3.84561e-17
     0.894440  4.85171e-16  3.18109e-17
     0.894720  4.12374e-16  3.56493e-17
     0.895001  4.11443e-16  3.23525e-17
     0.895281  4.93221e-16  3.28565e-17
     0.895562  4.65853e-16  3.28431e-17
     0.895844  4.74742e-16  3.30025e-17
     0.896125  5.07789e-16  3.30850e-17
     0.896407  4.56600e-16  3.26024e-17
     0.896689  3.78823e-16  3.22718e-17
     0.896972  5.10231e-16  3.27015e-17
     0.897254  3.85029e-16  3.16921e-17
     0.897538  4.06040e-16  3.13435e-17
     0.897821  4.30368e-16  3.19287e-17
     0.898105  4.67095e-16  3.21223e-17
     0.898389  4.01365e-16  3.25718e-17
     0.898673  3.39036e-16  3.23326e-17
     0.898958  3.89716e-16  3.28233e-17
     0.899242  4.08992e-16  3.26222e-17
     0.899528  3.21287e-16  3.10838e-17
     0.899813  3.55295e-16  3.18430e-17
     0.900099  3.81843e-16  3.15841e-17
     0.900385  3.23628e-16  3.20129e-17
     0.900672  3.50484e-16  3.19108e-17
     0.900958  3.64215e-16  3.18480e-17
     0.901246  3.74939e-16  3.21034e-17
     0.901533  3.10007e-16  3.06175e-17
     0.901821  3.28891e-16  3.04531e-17
     0.902109  3.17990e-16  2.96697e-17
     0.902397  3.74946e-16  2.99494e-17
     0.902686  3.59917e-16  2.91882e-17
     0.902974  3.04873e-16  2.87886e-17
     0.903264  3.68346e-16  2.91678e-17
     0.903553  3.77830e-16  2.85756e-17
     0.903843  4.00029e-16  2.87382e-17
     0.904133  3.61415e-16  2.88120e-17
     0.904424  3.46270e-16  2.86029e-17
     0.904715  3.64209e-16  2.89455e-17
     0.905006  3.58919e-16  2.89939e-17
     0.905297  3.86580e-16  2.91162e-17
     0.905589  3.59024e-16  2.89063e-17
     0.905881  4.18528e-16  2.95916e-17
     0.906174  3.98421e-16  2.95413e-17
     0.906466  3.82318e-16  2.96770e-17
     0.906759  3.84912e-16  2.98993e-17
     0.907053  4.81373e-16  3.02114e-17
     0.907346  4.21090e-16  2.99630e-17
     0.907640  4.21817e-16  3.00164e-17
     0.907935  3.89899e-16  2.96234e-17
     0.908229  4.22364e-16  2.95770e-17
     0.908524  3.99314e-16  2.96088e-17
     0.908820  4.16025e-16  2.95221e-17
     0.909115  4.35227e-16  2.95476e-17
     0.909411  4.35410e-16  3.00594e-17
     0.909707  4.28673e-16  2.93866e-17
     0.910004  3.71037e-16  2.90152e-17
     0.910301  3.59955e-16  2.91514e-17
     0.910598  4.51829e-16  2.92311e-17
     0.910896  4.59167e-16  2.95642e-17
     0.911193  4.22212e-16  2.87882e-17
     0.911492  4.31610e-16  2.95102e-17
     0.911790  4.01238e-16  2.80106e-17
     0.912089  4.83421e-16  2.90018e-17
     0.912388  4.09860e-16  2.87802e-17
     0.912688  4.73251e-16  2.92269e-17
     0.912988  4.52978e-16  2.95349e-17
     0.913288  4.75151e-16  2.92720e-17
     0.913588  4.44344e-16  2.90969e-17
     0.913889  4.53874e-16  2.83770e-17
     0.914190  4.68395e-16  2.81775e-17
     0.914492  5.11388e-16  2.84337e-17
     0.914794  4.54554e-16  2.82804e-17
     0.915096  3.89357e-16  2.81775e-17
     0.915398  4.57801e-16  2.87019e-17
     0.915701  3.71694e-16  2.77058e-17
     0.916004  3.74606e-16  2.75260e-17
     0.916308  3.97370e-16  2.74171e-17
     0.916612  3.70403e-16  2.71364e-17
     0.916916  3.74207e-16  2.72404e-17
     0.917220  3.54996e-16  2.81962e-17
     0.917525  3.32744e-16  2.69594e-17
     0.917831  3.30944e-16  2.72265e-17
     0.918136  3.12071e-16  2.62477e-17
     0.918442  3.67393e-16  2.62899e-17
     0.918748  3.16507e-16  2.57726e-17
     0.919055  3.25478e-16  2.56672e-17
     0.919362  2.92431e-16  2.53255e-17
     0.919669  3.15175e-16  2.52916e-17
     0.919977  3.29137e-16  2.51581e-17
     0.920285  3.11249e-16  2.47173e-17
     0.920593  3.51664e-16  2.53166e-17
     0.920902  3.75197e-16  2.51333e-17
     0.921211  3.64961e-16  2.52388e-17
     0.921520  3.82036e-16  2.54585e-17
     0.921830  3.73068e-16  2.53341e-17
     0.922140  3.98359e-16  2.59948e-17
     0.922450  4.82171e-16  2.63099e-17
     0.922761  4.55647e-16  2.66195e-17
     0.923072  5.20553e-16  2.85934e-17
     0.923384  5.61811e-16  2.63181e-17
     0.923695  5.67252e-16  2.61790e-17
     0.924008  6.35387e-16  2.64909e-17
     0.924320  6.16596e-16  2.64050e-17
     0.924633  6.50052e-16  2.63663e-17
     0.924946  6.43309e-16  2.62784e-17
     0.925260  7.65783e-16  2.71618e-17
     0.925574  7.64037e-16  2.69200e-17
     0.925888  8.25936e-16  2.75016e-17
     0.926203  8.29455e-16  2.71808e-17
     0.926518  8.23262e-16  2.70805e-17
     0.926834  8.38054e-16  2.73732e-17
     0.927149  9.80155e-16  2.80297e-17
     0.927466  1.04508e-15  2.85902e-17
     0.927782  1.01808e-15  2.87223e-17
     0.928099  1.07316e-15  2.94088e-17
     0.928416  1.08599e-15  2.95387e-17
     0.928734  1.15200e-15  3.03038e-17
     0.929052  1.16085e-15  3.10098e-17
     0.929370  1.24530e-15  3.21369e-17
     0.929689  1.16991e-15  3.26569e-17
     0.930008  1.15699e-15  3.30238e-17
     0.930328  1.22629e-15  3.45626e-17
     0.930648  1.14346e-15  3.59266e-17
     0.930968  1.24521e-15  3.74165e-17
     0.931289  1.13316e-15  3.82548e-17
     0.931610  1.12314e-15  3.96534e-17
     0.931931  1.05587e-15  3.99725e-17
     0.932253  7.99758e-16  3.96779e-17
     0.932575  8.35775e-16  3.86117e-17
     0.932898  7.98999e-16  3.89797e-17
     0.933221  7.89424e-16  3.91674e-17
     0.933544  7.07902e-16  3.91978e-17
     0.933868  6.51465e-16  3.92000e-17
     0.934192  5.60521e-16  3.79981e-17
     0.934516  5.51253e-16  3.64208e-17
     0.934841  4.49580e-16  3.46878e-17
     0.935166  4.95214e-16  3.47184e-17
     0.935492  4.03304e-16  3.38070e-17
     0.935818  4.43195e-16  3.38486e-17
     0.936144  4.21894e-16  3.45743e-17
     0.936471  3.28151e-16  3.50303e-17
     0.936798  3.63367e-16  3.57444e-17
     0.937126  3.33838e-16  3.54945e-17
     0.937454  3.87624e-16  3.58165e-17
     0.937782  3.89915e-16  3.45050e-17
     0.938111  3.82610e-16  3.25541e-17
     0.938440  3.85590e-16  3.02381e-17
     0.938770  3.01083e-16  2.84904e-17
     0.939100  3.39470e-16  2.73409e-17
     0.939430  3.52635e-16  2.65682e-17
     0.939761  3.45398e-16  2.59316e-17
     0.940092  3.85488e-16  2.66074e-17
     0.940424  3.68665e-16  2.65172e-17
     0.940756  3.74027e-16  2.69233e-17
     0.941088  3.69148e-16  2.70914e-17
     0.941421  4.66080e-16  2.82047e-17
     0.941754  4.36404e-16  2.81930e-17
     0.942088  4.25313e-16  2.88780e-17
     0.942422  4.92515e-16  3.08766e-17
     0.942757  4.49937e-16  3.07392e-17
     0.943092  5.24503e-16  3.13174e-17
     0.943427  4.92629e-16  3.17033e-17
     0.943762  5.39421e-16  3.28904e-17
     0.944099  5.03859e-16  3.21441e-17
     0.944435  4.74313e-16  3.07998e-17
     0.944772  5.51466e-16  3.07979e-17
     0.945110  5.28252e-16  3.05445e-17
     0.945447  5.47686e-16  3.06054e-17
     0.945786  5.28174e-16  3.08919e-17
     0.946124  5.22980e-16  2.99216e-17
     0.946463  5.88447e-16  3.01339e-17
     0.946803  5.20555e-16  2.91942e-17
     0.947143  5.27442e-16  2.93969e-17
     0.947483  4.91732e-16  2.93819e-17
     0.947824  4.34218e-16  2.90846e-17
     0.948165  4.41118e-16  2.86205e-17
     0.948507  4.38784e-16  2.81467e-17
     0.948849  3.69476e-16  3.08277e-17
     0.949191  4.27910e-16  3.08420e-17
     0.949534  3.76921e-16  2.80017e-17
     0.949878  3.90256e-16  2.72549e-17
     0.950222  2.97847e-16  2.64185e-17
     0.950566  3.38126e-16  2.59593e-17
     0.950911  3.71632e-16  2.59413e-17
     0.951256  3.44559e-16  2.62571e-17
     0.951601  3.18820e-16  2.69803e-17
     0.951947  3.32420e-16  2.68968e-17
     0.952294  3.18621e-16  2.65103e-17
     0.952641  3.78115e-16  2.55460e-17
     0.952988  3.52553e-16  2.50524e-17
     0.953336  4.31244e-16  2.50317e-17
     0.953684  4.32743e-16  2.54264e-17
     0.954033  4.53783e-16  2.60421e-17
     0.954382  4.88495e-16  2.58166e-17
     0.954731  4.97905e-16  2.61381e-17
     0.955082  3.72293e-16  2.54922e-17
     0.955432  4.04643e-16  2.57904e-17
     0.955783  3.52617e-16  2.55045e-17
     0.956134  3.26242e-16  2.52429e-17
     0.956486  3.38131e-16  2.50354e-17
     0.956839  2.83506e-16  2.47928e-17
     0.957191  3.15351e-16  2.43319e-17
     0.957545  2.64141e-16  2.40662e-17
     0.957898  2.85460e-16  2.41624e-17
     0.958252  2.55654e-16  2.39551e-17
     0.958607  3.10171e-16  2.42233e-17
     0.958962  3.83089e-16  2.41908e-17
     0.959318  3.85225e-16  2.35121e-17
     0.959674  3.70306e-16  2.31495e-17
     0.960030  4.02223e-16  2.29313e-17
     0.960387  4.02760e-16  2.28704e-17
     0.960745  4.79528e-16  2.29886e-17
     0.961103  4.39669e-16  2.29778e-17
     0.961461  4.50596e-16  2.29512e-17
     0.961820  4.31937e-16  2.30061e-17
     0.962179  4.12187e-16  2.27298e-17
     0.962539  3.38165e-16  2.21452e-17
     0.962899  3.33814e-16  2.16470e-17
     0.963260  2.92251e-16  2.14779e-17
     0.963621  3.82871e-16  2.17480e-17
     0.963983  2.88114e-16  2.10793e-17
     0.964345  2.65163e-16  2.08218e-17
     0.964708  3.03238e-16  2.05634e-17
     0.965071  2.35043e-16  2.04007e-17
     0.965434  2.30218e-16  2.03892e-17
     0.965799  2.60622e-16  2.05828e-17
     0.966163  2.61403e-16  2.06081e-17
     0.966528  2.80460e-16  2.05106e-17
     0.966894  2.42353e-16  1.99877e-17
     0.967260  2.13452e-16  1.95368e-17
     0.967627  2.38262e-16  1.95895e-17
     0.967994  1.99478e-16  1.92929e-17
     0.968361  2.43240e-16  1.93641e-17
     0.968729  2.03015e-16  1.90658e-17
     0.969098  2.18934e-16  1.90242e-17
     0.969467  1.65399e-16  1.89336e-17
     0.969836  2.05133e-16  1.90146e-17
     0.970206  1.83017e-16  1.90816e-17
     0.970577  2.12496e-16  1.89379e-17
     0.970948  1.65992e-16  1.86629e-17
     0.971320  2.06142e-16  1.90219e-17
     0.971692  2.31742e-16  1.90979e-17
     0.972064  2.33957e-16  2.03238e-17
     0.972437 -3.26559e-16  1.93789e-17
     0.972811  1.68377e-16  1.89457e-17
     0.973185  1.40975e-16  1.88484e-17
     0.973559  1.79732e-16  1.88809e-17
     0.973935  1.24820e-16  1.85668e-17
     0.974310  2.09521e-16  1.87989e-17
     0.974686  2.00888e-16  1.86544e-17
     0.975063  2.04313e-16  1.83479e-17
     0.975440  2.06682e-16  1.82307e-17
     0.975818  1.26580e-16  1.78962e-17
     0.976196  2.03083e-16  1.79781e-17
     0.976575  1.78199e-16  1.76443e-17
     0.976954  1.54754e-16  1.77142e-17
     0.977334  1.49035e-16  1.76733e-17
     0.977714  1.81187e-16  1.81633e-17
     0.978095  1.72327e-16  1.83738e-17
     0.978476  2.04054e-16  1.86751e-17
     0.978858  2.12968e-16  1.89763e-17
     0.979240  1.79255e-16  1.87374e-17
     0.979623  2.46694e-16  1.88625e-17
     0.980007  2.21892e-16  1.85017e-17
     0.980391  2.46148e-16  1.82659e-17
     0.980775  2.35500e-16  1.80298e-17
     0.981160  2.46939e-16  1.76458e-17
     0.981546  2.08989e-16  1.72709e-17
     0.981932  2.00063e-16  1.71517e-17
     0.982318  2.01345e-16  1.70843e-17
     0.982706  2.18750e-16  1.70634e-17
     0.983093  2.28586e-16  1.69382e-17
     0.983482  1.99783e-16  1.68370e-17
     0.983870  2.28348e-16  1.68694e-17
     0.984260  1.97341e-16  1.68059e-17
     0.984650  2.25311e-16  1.70137e-17
     0.985040  2.46380e-16  1.71824e-17
     0.985431  2.41045e-16  1.71322e-17
     0.985822  1.82759e-16  2.39215e-17
     0.986215  2.44455e-16  2.52318e-17
     0.986607  2.72441e-16  2.50355e-17
     0.987000  2.23741e-16  2.46323e-17
     0.987394  2.75668e-16  2.47680e-17
     0.987788  2.39109e-16  1.73286e-17
     0.988183  2.08435e-16  1.70338e-17
     0.988578  2.63755e-16  1.71528e-17
     0.988974  2.13261e-16  1.69198e-17
     0.989371  2.19163e-16  1.69285e-17
     0.989768  2.56313e-16  1.69828e-17
     0.990165  2.55194e-16  1.70225e-17
     0.990564  2.61232e-16  1.71058e-17
     0.990962  2.40192e-16  2.10049e-17
     0.991362  2.57866e-16  1.71685e-17
     0.991761  2.65456e-16  1.70771e-17
     0.992162  2.53517e-16  1.70563e-17
     0.992563  3.17735e-16  1.74909e-17
     0.992964  3.06596e-16  1.79405e-17
     0.993366  3.14736e-16  1.82032e-17
     0.993769  3.08733e-16  1.86342e-17
     0.994172  2.84574e-16  1.90455e-17
     0.994576  3.22867e-16  1.93520e-17
     0.994981  3.00665e-16  1.96942e-17
     0.995385  2.45886e-16  1.90938e-17
     0.995791  2.38749e-16  1.87906e-17
     0.996197  2.80634e-16  1.85004e-17
     0.996604  3.28333e-16  1.80149e-17
     0.997011  3.05574e-16  1.73133e-17
     0.997419  2.63217e-16  1.68765e-17
     0.997827  2.49554e-16  1.64321e-17
     0.998236  2.49950e-16  2.27797e-17
     0.998646  2.97337e-16  2.30685e-17
     0.999056  2.26413e-16  2.29469e-17
     0.999467  2.37486e-16  2.35853e-17
     0.999878  3.09557e-16  2.42151e-17
      1.00029  2.35364e-16  1.72753e-17
      1.00070  2.89134e-16  1.79515e-17
      1.00112  2.94901e-16  1.81964e-17
      1.00153  2.62538e-16  1.80587e-17
      1.00194  2.88406e-16  1.78424e-17
      1.00236  2.94767e-16  1.76248e-17
      1.00277  2.66387e-16  1.72139e-17
      1.00319  3.14352e-16  1.68721e-17
      1.00361  3.16415e-16  1.63565e-17
      1.00402  3.39766e-16  1.62544e-17
      1.00444  2.86315e-16  1.60263e-17
      1.00486  2.38883e-16  1.55481e-17
      1.00528  1.73987e-16  1.52077e-17
      1.00570  2.17682e-16  1.53294e-17
      1.00612  2.22582e-16  1.56856e-17
      1.00654  2.03821e-16  1.58954e-17
      1.00696  1.72868e-16  1.58877e-17
      1.00738  1.97628e-16  1.61598e-17
      1.00781  1.49718e-16  1.61012e-17
      1.00823  1.70340e-16  1.61417e-17
      1.00865  1.51633e-16  1.59233e-17
      1.00908  1.06472e-16  1.55426e-17
      1.00950  1.45000e-16  1.54180e-17
      1.00993  1.59415e-16  1.56656e-17
      1.01036  1.62957e-16  1.55353e-17
      1.01078  1.25579e-16  1.53078e-17
      1.01121  1.32714e-16  1.54331e-17
      1.01164  1.74815e-16  1.58147e-17
      1.01207  1.67111e-16  1.58537e-17
      1.01250  1.27496e-16  1.72166e-17
      1.01293  1.23211e-16  1.54928e-17
      1.01336  9.83243e-17  1.53403e-17
      1.01379  8.79125e-17  1.51347e-17
      1.01422  9.21291e-17  1.50276e-17
      1.01465  1.13933e-17  1.44925e-17
      1.01509  3.89792e-17  1.49890e-17
      1.01552  1.09037e-16  1.54635e-17
      1.01595  7.37879e-17  1.54708e-17
      1.01639  4.19322e-17  1.57243e-17
      1.01682  2.68481e-17  1.57147e-17
      1.01726  3.18394e-17  1.58505e-17
      1.01770  8.38991e-17  1.58294e-17
      1.01814  3.33843e-17  1.52853e-17
      1.01857  5.07307e-17  1.53045e-17
      1.01901  2.25970e-17  1.52360e-17
      1.01945  2.77416e-17  1.51159e-17
      1.01989 -7.01053e-18  1.49684e-17
      1.02033 -3.07079e-17  1.49699e-17
      1.02077 -2.08819e-17  1.52391e-17
      1.02122  5.94668e-18  1.51532e-17
      1.02166 -8.79016e-17  2.01458e-17
      1.02210 -1.15395e-17  1.47490e-17
      1.02255 -4.46173e-17  1.45174e-17
      1.02299 -1.92757e-17  1.41786e-17
      1.02344 -1.48376e-17  1.37187e-17
      1.02388 -2.47050e-17  1.32829e-17
      1.02433 -1.43365e-17  1.30308e-17
      1.02478 -3.33354e-17  1.27339e-17
      1.02522 -2.21371e-17  1.25142e-17
      1.02567 -2.41603e-17  1.25494e-17
      1.02612  4.16289e-18  1.29666e-17
      1.02657 -1.86542e-17  1.35321e-17
      1.02702 -5.42210e-19  1.43867e-17
      1.02747 -3.38163e-17  1.48434e-17
      1.02792  1.24868e-17  1.57104e-17
      1.02838  6.83552e-18  1.62249e-17
      1.02883 -1.43902e-17  1.61764e-17
      1.02928  1.22775e-17  1.64338e-17
      1.02974 -1.20129e-16  1.56253e-17
      1.03019 -2.50066e-17  1.48414e-17
      1.03065  1.03307e-17  1.41521e-17
      1.03110  2.21298e-17  1.32756e-17
      1.03156  1.90688e-18  1.27378e-17
      1.03202  1.72736e-17  1.24726e-17
      1.03248  1.92893e-18  1.23432e-17
      1.03294  1.25107e-17  1.25575e-17
      1.03340  3.31091e-17  1.24829e-17
      1.03386 -3.74875e-18  1.25604e-17
      1.03432  3.84680e-18  1.27870e-17
      1.03478 -8.08649e-19  1.29151e-17
      1.03524  4.66663e-17  1.36140e-17
      1.03571  2.56194e-17  1.35664e-17
      1.03617  3.92350e-17  1.37340e-17
      1.03663  4.34046e-17  1.38961e-17
      1.03710  5.38855e-17  1.40687e-17
      1.03756  3.20163e-17  1.40464e-17
      1.03803  5.50815e-17  1.39133e-17
      1.03850  5.01948e-17  1.35959e-17
      1.03897  3.67916e-17  1.33970e-17
      1.03943  5.82260e-17  1.34384e-17
      1.03990  4.20341e-17  1.33592e-17
      1.04037  2.85943e-17  1.49479e-17
      1.04084  4.60264e-17  1.37310e-17
      1.04132  4.62171e-17  1.40926e-17
      1.04179  4.57534e-17  1.41404e-17
      1.04226  7.82665e-17  1.39796e-17
      1.04273  9.49485e-17  1.37530e-17
      1.04321  7.19224e-17  1.33239e-17
      1.04368  8.14585e-17  1.31109e-17
      1.04416  6.82386e-17  1.27528e-17
      1.04463  6.96062e-17  1.26516e-17
      1.04511  7.67362e-17  1.28509e-17
      1.04559  7.30290e-17  1.29959e-17
      1.04607  7.72995e-17  1.30674e-17
      1.04655  9.82842e-17  1.32664e-17
      1.04702  7.80150e-17  1.32045e-17
      1.04751  1.19250e-16  1.29180e-17
      1.04799  8.24572e-17  1.24935e-17
      1.04847  1.03738e-16  1.24583e-17
      1.04895  1.04690e-16  1.22368e-17
      1.04943  9.89677e-17  1.20934e-17
      1.04992  1.08829e-16  1.19576e-17
      1.05040  7.88074e-17  1.20608e-17
      1.05089  8.60320e-17  1.22769e-17
      1.05137  9.83380e-17  1.23215e-17
      1.05186  9.01105e-17  1.21798e-17
      1.05235  1.00079e-16  1.22728e-17
      1.05284  1.15034e-16  1.22863e-17
      1.05332  9.57716e-17  1.20606e-17
      1.05381  9.20747e-17  1.17413e-17
      1.05430  1.03159e-16  1.17081e-17
      1.05480  1.10117e-16  1.14578e-17
      1.05529  1.20490e-16  1.13797e-17
      1.05578  1.13752e-16  1.13635e-17
      1.05627  1.04257e-16  1.13703e-17
      1.05677  1.72884e-16  1.16458e-17
      1.05726  1.50540e-16  1.15391e-17
      1.05776  1.37681e-16  1.15871e-17
      1.05825  1.19450e-16  1.14724e-17
      1.05875  1.25576e-16  1.14673e-17
      1.05925  1.58621e-16  1.16106e-17
      1.05975  1.60091e-16  1.14580e-17
      1.06024  1.67954e-16  1.14231e-17
      1.06074  1.55804e-16  1.12334e-17
      1.06125  1.88222e-16  1.13876e-17
      1.06175  1.72160e-16  1.12621e-17
      1.06225  1.70187e-16  1.12211e-17
      1.06275  1.76018e-16  1.11848e-17
      1.06325  1.94284e-16  1.12553e-17
      1.06376  1.92563e-16  1.12678e-17
      1.06426  2.11921e-16  1.13617e-17
      1.06477  2.42445e-16  1.14998e-17
      1.06528  2.17957e-16  1.13858e-17
      1.06578  2.75477e-16  1.16672e-17
      1.06629  2.28568e-16  1.14399e-17
      1.06680  2.82128e-16  1.16646e-17
      1.06731  2.82984e-16  1.28455e-17
      1.06782  3.27636e-16  1.21179e-17
      1.06833  3.21985e-16  1.22401e-17
      1.06884  3.19695e-16  1.24623e-17
      1.06935  3.68083e-16  1.27939e-17
      1.06987  3.70634e-16  1.29172e-17
      1.07038  3.62624e-16  1.29320e-17
      1.07090  3.89153e-16  1.33538e-17
      1.07141  3.90038e-16  1.33993e-17
      1.07193  3.96601e-16  1.34766e-17
      1.07244  4.40057e-16  1.37678e-17
      1.07296  5.08073e-16  1.41615e-17
      1.07348  4.71739e-16  1.40859e-17
      1.07400  5.26867e-16  1.41997e-17
      1.07452  5.21317e-16  1.41243e-17
      1.07504  5.25129e-16  1.41297e-17
      1.07556  5.52222e-16  1.38929e-17
      1.07609  5.95425e-16  1.37853e-17
      1.07661  5.68672e-16  1.45050e-17
      1.07713  6.00415e-16  1.31643e-17
      1.07766  6.02680e-16  1.29872e-17
      1.07818  6.14618e-16  1.26745e-17
      1.07871  6.19596e-16  1.24724e-17
      1.07924  6.21571e-16  1.24431e-17
      1.07976  6.11142e-16  1.23322e-17
      1.08029  6.29999e-16  1.24283e-17
      1.08082  6.36258e-16  1.28677e-17
      1.08135  6.31023e-16  1.35011e-17
      1.08188  6.43716e-16  1.41853e-17
      1.08241  6.62314e-16  1.49296e-17
      1.08295  6.82653e-16  1.55873e-17
      1.08348  6.82452e-16  1.60100e-17
      1.08401  7.01747e-16  1.59688e-17
      1.08455  7.43670e-16  1.57107e-17
      1.08509  6.88503e-16  1.50207e-17
      1.08562  6.02531e-16  1.39810e-17
      1.08616  6.75935e-16  1.35257e-17
      1.08670  7.24556e-16  1.30749e-17
      1.08724  7.25548e-16  1.27786e-17
      1.08778  7.00685e-16  1.26365e-17
      1.08832  7.39155e-16  1.27189e-17
      1.08886  7.74910e-16  1.27894e-17
      1.08940  7.73001e-16  1.27598e-17
      1.08994  7.96865e-16  1.30747e-17
      1.09049  7.65331e-16  1.32439e-17
      1.09103  7.92782e-16  1.34728e-17
      1.09158  7.74044e-16  1.34904e-17
      1.09212  7.82576e-16  1.36930e-17
      1.09267  7.63783e-16  1.37111e-17
      1.09322  7.56085e-16  1.37328e-17
      1.09377  7.70401e-16  1.39342e-17
      1.09431  7.62259e-16  1.40096e-17
      1.09486  7.32520e-16  1.40713e-17
      1.09542  6.14127e-16  1.39494e-17
      1.09597  6.70812e-16  1.39645e-17
      1.09652  6.67763e-16  1.39491e-17
      1.09707  6.84914e-16  1.43697e-17
      1.09763  6.48951e-16  1.42023e-17
      1.09818  6.44279e-16  1.38945e-17
      1.09874  6.26660e-16  1.35162e-17
      1.09930  6.42028e-16  1.32877e-17
      1.09985  6.54175e-16  1.30362e-17
      1.10041  6.25832e-16  1.28055e-17
      1.10097  6.38564e-16  1.30004e-17
      1.10153  6.46065e-16  1.31475e-17
      1.10209  6.18431e-16  1.30728e-17
      1.10265  6.18140e-16  1.32633e-17
      1.10322  5.92524e-16  1.30748e-17
      1.10378  6.04494e-16  1.28787e-17
      1.10434  5.30252e-16  1.22673e-17
      1.10491  4.97231e-16  1.20564e-17
      1.10548  5.14492e-16  1.19145e-17
      1.10604  5.38154e-16  1.17099e-17
      1.10661  4.79804e-16  1.15379e-17
      1.10718  4.85848e-16  1.17545e-17
      1.10775  4.48494e-16  1.17934e-17
      1.10832  4.52137e-16  1.19877e-17
      1.10889  4.29322e-16  1.18752e-17
      1.10946  4.09711e-16  1.17012e-17
      1.11003  3.90118e-16  1.14960e-17
      1.11061  4.07073e-16  1.14264e-17
      1.11118  4.11319e-16  1.14631e-17
      1.11176  3.69734e-16  1.11520e-17
      1.11233  3.69027e-16  1.12510e-17
      1.11291  3.77547e-16  1.16299e-17
      1.11349  3.97762e-16  1.19153e-17
      1.11407  3.95280e-16  1.21725e-17
      1.11465  3.96259e-16  1.26315e-17
      1.11523  4.12104e-16  1.33522e-17
      1.11581  3.90588e-16  1.37506e-17
      1.11639  4.08823e-16  1.40622e-17
      1.11698  4.36401e-16  1.40151e-17
      1.11756  4.01249e-16  1.34350e-17
      1.11815  4.29356e-16  1.34560e-17
      1.11873  3.81983e-16  1.31774e-17
      1.11932  4.15893e-16  1.33680e-17
      1.11991  3.81431e-16  1.33502e-17
      1.12049  3.93978e-16  1.34904e-17
      1.12108  3.93732e-16  1.39123e-17
      1.12167  4.27308e-16  1.45806e-17
      1.12227  3.98517e-16  1.47693e-17
      1.12286  3.71252e-16  1.43203e-17
      1.12345  3.71101e-16  1.39274e-17
      1.12404  3.33505e-16  1.31485e-17
      1.12464  3.10929e-16  1.76951e-17
      1.12523  3.52661e-16  1.52714e-17
      1.12583  3.78859e-16  1.41083e-17
      1.12643  3.50564e-16  1.38659e-17
      1.12703  3.47478e-16  1.37505e-17
      1.12763  3.63543e-16  1.41390e-17
      1.12823  3.59928e-16  1.43599e-17
      1.12883  3.95451e-16  1.48285e-17
      1.12943  4.58310e-16  1.50293e-17
      1.13003  4.88752e-16  1.45937e-17
      1.13064  5.36701e-16  1.45506e-17
      1.13124  7.08393e-16  1.56734e-17
      1.13185  6.80289e-16  1.60330e-17
      1.13245  6.46573e-16  1.73140e-17
      1.13306  8.56561e-16  2.02782e-17
      1.13367  9.18583e-16  2.22946e-17
      1.13428  1.04070e-15  2.32064e-17
      1.13489  9.02871e-16  2.07225e-17
      1.13550  7.43216e-16  1.73900e-17
      1.13611  7.30411e-16  1.50263e-17
      1.13673  6.79314e-16  1.32370e-17
      1.13734  6.59375e-16  1.25680e-17
      1.13796  6.61630e-16  1.23866e-17
      1.13857  5.65477e-16  1.16558e-17
      1.13919  6.15834e-16  1.21598e-17
      1.13981  5.33275e-16  1.13856e-17
      1.14042  5.15774e-16  1.13454e-17
      1.14104  5.03010e-16  1.16256e-17
      1.14166  4.73628e-16  1.23801e-17
      1.14229  5.19176e-16  1.32705e-17
      1.14291  4.97645e-16  1.44124e-17
      1.14353  5.05156e-16  1.60379e-17
      1.14416  5.04252e-16  1.73989e-17
      1.14478  4.73891e-16  1.80596e-17
      1.14541  4.58555e-16  1.79238e-17
      1.14604  3.94903e-16  1.71017e-17
      1.14666  4.08591e-16  1.57785e-17
      1.14729  4.10555e-16  1.40891e-17
      1.14792  3.13890e-16  1.21899e-17
      1.14855  3.68711e-16  1.15750e-17
      1.14919  3.48406e-16  1.13492e-17
      1.14982  3.33310e-16  1.10575e-17
      1.15045  2.98100e-16  1.07634e-17
      1.15109  2.95094e-16  1.10720e-17
      1.15172  2.93866e-16  1.17866e-17
      1.15236  2.85275e-16  1.22357e-17
      1.15300  2.40946e-16  1.24595e-17
      1.15364  2.14215e-16  1.25773e-17
      1.15428  2.30973e-16  1.25251e-17
      1.15492  2.47555e-16  1.20856e-17
      1.15556  2.35792e-16  1.15010e-17
      1.15620  1.75898e-16  1.09358e-17
      1.15685  2.14335e-16  1.11221e-17
      1.15749  2.01418e-16  1.10609e-17
      1.15814  1.91784e-16  1.09287e-17
      1.15879  2.30012e-16  1.15375e-17
      1.15943  1.84378e-16  1.14573e-17
      1.16008  1.68637e-16  1.10551e-17
      1.16073  1.64682e-16  1.05311e-17
      1.16138  1.93434e-16  1.02029e-17
      1.16204  1.70626e-16  9.78552e-18
      1.16269  1.68076e-16  9.67881e-18
      1.16334  1.66440e-16  9.79073e-18
      1.16400  1.60896e-16  9.90646e-18
      1.16465  1.42318e-16  9.93516e-18
      1.16531  1.67263e-16  9.91634e-18
      1.16597  1.94014e-16  9.84215e-18
      1.16663  2.00327e-16  9.43252e-18
      1.16729  1.63873e-16  9.00344e-18
      1.16795  1.55058e-16  8.60839e-18
      1.16861  1.81448e-16  8.48682e-18
      1.16927  1.73695e-16  8.59652e-18
      1.16994  1.65965e-16  8.69555e-18
      1.17060  1.78137e-16  8.78553e-18
      1.17127  1.60057e-16  8.84421e-18
      1.17194  1.62765e-16  8.81347e-18
      1.17260  1.70217e-16  8.70371e-18
      1.17327  1.60215e-16  8.36911e-18
      1.17394  1.49483e-16  7.98091e-18
      1.17462  1.59393e-16  7.83451e-18
      1.17529  1.44389e-16  8.31104e-18
      1.17596  1.78355e-16  7.70018e-18
      1.17664  1.85560e-16  7.98586e-18
      1.17731  1.90206e-16  8.02747e-18
      1.17799  2.02487e-16  8.20735e-18
      1.17867  2.11885e-16  8.23219e-18
      1.17935  2.05487e-16  8.14365e-18
      1.18003  1.96477e-16  8.00909e-18
      1.18071  2.23324e-16  7.93093e-18
      1.18139  2.23379e-16  7.80940e-18
      1.18207  2.37995e-16  7.50781e-18
      1.18276  2.34732e-16  7.40847e-18
      1.18344  2.52038e-16  7.56135e-18
      1.18413  2.76963e-16  7.70010e-18
      1.18481  2.79416e-16  7.71479e-18
      1.18550  3.29223e-16  7.95651e-18
      1.18619  3.74067e-16  8.15054e-18
      1.18688  3.76869e-16  8.21185e-18
      1.18757  3.84350e-16  8.20386e-18
      1.18827  4.34297e-16  8.49860e-18
      1.18896  4.42218e-16  8.14971e-18
      1.18966  4.02668e-16  7.92724e-18
      1.19035  3.90178e-16  7.74068e-18
      1.19105  3.59982e-16  1.02818e-17
      1.19175  3.48353e-16  7.68099e-18
      1.19245  3.10262e-16  7.47507e-18
      1.19315  2.98817e-16  7.43540e-18
      1.19385  2.79877e-16  7.36251e-18
      1.19455  2.65269e-16  7.52207e-18
      1.19526  2.44905e-16  7.72834e-18
      1.19596  2.28799e-16  7.99442e-18
      1.19667  2.02575e-16  8.28637e-18
      1.19738  2.31741e-16  8.74452e-18
      1.19808  1.96123e-16  8.97412e-18
      1.19879  2.49938e-16  9.47463e-18
      1.19950  2.71497e-16  9.84297e-18
      1.20022  2.79101e-16  1.00161e-17
      1.20093  2.88718e-16  1.01102e-17
      1.20164  3.40371e-16  1.03817e-17
      1.20236  3.57523e-16  1.03143e-17
      1.20307  3.96140e-16  1.03816e-17
      1.20379  3.94689e-16  1.00676e-17
      1.20451  4.56317e-16  9.76627e-18
      1.20523  4.77435e-16  9.31777e-18
      1.20595  5.01598e-16  9.01733e-18
      1.20667  5.32564e-16  8.61372e-18
      1.20740  4.82669e-16  8.12673e-18
      1.20812  5.06190e-16  8.08773e-18
      1.20885  5.12409e-16  8.25205e-18
      1.20957  4.69133e-16  8.67195e-18
      1.21030  4.89872e-16  9.46953e-18
      1.21103  4.32517e-16  1.00394e-17
      1.21176  4.23212e-16  1.07095e-17
      1.21249  4.35535e-16  1.11853e-17
      1.21322  3.89354e-16  1.10310e-17
      1.21396  3.83650e-16  1.06599e-17
      1.21469  3.61172e-16  1.00579e-17
      1.21543  3.20520e-16  9.18907e-18
      1.21617  2.96735e-16  8.27249e-18
      1.21690  2.97278e-16  7.84298e-18
      1.21764  2.70605e-16  7.62421e-18
      1.21838  2.22307e-16  7.41961e-18
      1.21913  2.12382e-16  7.45597e-18
      1.21987  1.90046e-16  7.75514e-18
      1.22061  1.63882e-16  8.01102e-18
      1.22136  1.83929e-16  8.39593e-18
      1.22211  1.70014e-16  8.47501e-18
      1.22285  5.55728e-17  8.51783e-18
      1.22360  1.12057e-16  8.76681e-18
      1.22435  1.22014e-16  8.63591e-18
      1.22511  8.01421e-17  8.32325e-18
      1.22586  1.44439e-16  8.61332e-18
      1.22661  1.50549e-16  8.62514e-18
      1.22737  1.56622e-16  8.65629e-18
      1.22812  1.62062e-16  8.79225e-18
      1.22888  1.77280e-16  8.67824e-18
      1.22964  1.80425e-16  8.58066e-18
      1.23040  2.18634e-16  8.38797e-18
      1.23116  2.00666e-16  8.05085e-18
      1.23193  2.02439e-16  8.07556e-18
      1.23269  2.01296e-16  7.85942e-18
      1.23345  2.37369e-16  8.17012e-18
      1.23422  2.24764e-16  8.21543e-18
      1.23499  2.03030e-16  8.11653e-18
      1.23576  1.85956e-16  7.97602e-18
      1.23653  1.68407e-16  7.60177e-18
      1.23730  1.35365e-16  7.14393e-18
      1.23807  1.54069e-16  6.99659e-18
      1.23885  1.48927e-16  6.73476e-18
      1.23962  1.29632e-16  6.74079e-18
      1.24040  1.16540e-16  6.88048e-18
      1.24117  1.31400e-16  7.07362e-18
      1.24195  1.56765e-16  7.13688e-18
      1.24273  1.67446e-16  7.08324e-18
      1.24352  1.66146e-16  6.84731e-18
      1.24430  1.75129e-16  6.62675e-18
      1.24508  1.97356e-16  6.51668e-18
      1.24587  2.06958e-16  6.42187e-18
      1.24665  2.07138e-16  6.37828e-18
      1.24744  2.26029e-16  6.55877e-18
      1.24823  2.34597e-16  6.77547e-18
      1.24902  2.39044e-16  6.80800e-18
      1.24981  2.40668e-16  6.81581e-18
      1.25061  2.50785e-16  6.80257e-18
      1.25140  2.64434e-16  6.72310e-18
      1.25220  2.47538e-16  6.54338e-18
      1.25299  2.39426e-16  6.43513e-18
      1.25379  2.60789e-16  6.39519e-18
      1.25459  2.49147e-16  6.33040e-18
      1.25539  2.52645e-16  6.49456e-18
      1.25620  2.52250e-16  6.48973e-18
      1.25700  2.54773e-16  6.59334e-18
      1.25780  2.36883e-16  6.81909e-18
      1.25861  2.65137e-16  7.13650e-18
      1.25942  2.55624e-16  7.35730e-18
      1.26023  2.37444e-16  7.52022e-18
      1.26104  2.34478e-16  8.24442e-18
      1.26185  2.32463e-16  7.55763e-18
      1.26266  2.14988e-16  7.41523e-18
      1.26348  2.08843e-16  7.31659e-18
      1.26429  2.41766e-16  7.43751e-18
      1.26511  2.01120e-16  7.71345e-18
      1.26593  2.20233e-16  8.44139e-18
      1.26675  1.97084e-16  9.12358e-18
      1.26757  2.11962e-16  1.00556e-17
      1.26839  2.08667e-16  1.03932e-17
      1.26921  2.57449e-16  1.03418e-17
      1.27004  2.07987e-16  9.79956e-18
      1.27087  2.16898e-16  9.62453e-18
      1.27169  2.02125e-16  9.27150e-18
      1.27252  2.06329e-16  9.13185e-18
      1.27335  1.92956e-16  9.03048e-18
      1.27419  2.17091e-16  1.04244e-17
      1.27502  1.82274e-16  9.95944e-18
      1.27585  1.98445e-16  1.03573e-17
      1.27669  2.09667e-16  1.05870e-17
      1.27753  1.97200e-16  1.07256e-17
      1.27837  1.79163e-16  1.05882e-17
      1.27921  1.81785e-16  1.01534e-17
      1.28005  1.49318e-16  9.32694e-18
      1.28089  1.83379e-16  8.93617e-18
      1.28173  1.87182e-16  8.53979e-18
      1.28258  1.90204e-16  8.06622e-18
      1.28343  1.81442e-16  7.40200e-18
      1.28428  1.94107e-16  6.87797e-18
      1.28513  1.64985e-16  6.40870e-18
      1.28598  1.64829e-16  6.28003e-18
      1.28683  1.61135e-16  6.69221e-18
      1.28769  1.56785e-16  7.38645e-18
      1.28854  1.68398e-16  8.12305e-18
      1.28940  1.38547e-16  8.75168e-18
      1.29026  1.73061e-16  9.22035e-18
      1.29112  1.54663e-16  9.27961e-18
      1.29198  1.87186e-16  9.06064e-18
      1.29284  1.77300e-16  8.58911e-18
      1.29371  1.59329e-16  7.90465e-18
      1.29457  1.57266e-16  6.96703e-18
      1.29544  1.70794e-16  6.52560e-18
      1.29631  1.83428e-16  6.25731e-18
      1.29718  1.78922e-16  6.25556e-18
      1.29805  1.57000e-16  6.42551e-18
      1.29892  1.65089e-16  6.92901e-18
      1.29980  1.66873e-16  7.27148e-18
      1.30067  1.54845e-16  7.52040e-18
      1.30155  1.47007e-16  7.77547e-18
      1.30243  1.39291e-16  7.89699e-18
      1.30331  1.42361e-16  7.81551e-18
      1.30419  1.46106e-16  7.69103e-18
      1.30507  8.73020e-17  7.72226e-18
      1.30596  1.42314e-16  7.83427e-18
      1.30685  1.42418e-16  7.89998e-18
      1.30773  1.66305e-16  8.08172e-18
      1.30862  1.29126e-16  7.93891e-18
      1.30951  1.66698e-16  7.90053e-18
      1.31040  1.54133e-16  7.50503e-18
      1.31130  1.65113e-16  7.35593e-18
      1.31219  1.67600e-16  7.18201e-18
      1.31309  1.75401e-16  7.09786e-18
      1.31399  1.94689e-16  7.19339e-18
      1.31489  2.01046e-16  7.13243e-18
      1.31579  2.23952e-16  7.00018e-18
      1.31669  2.59959e-16  6.80421e-18
      1.31760  2.96511e-16  6.69150e-18
      1.31850  3.28534e-16  6.64822e-18
      1.31941  3.30820e-16  6.66569e-18
      1.32032  3.68306e-16  6.91873e-18
      1.32123  3.52975e-16  7.13269e-18
      1.32214  3.52062e-16  7.34558e-18
      1.32305  3.40881e-16  7.30227e-18
      1.32397  2.97479e-16  7.07614e-18
      1.32488  2.59788e-16  6.70538e-18
      1.32580  2.22052e-16  6.30185e-18
      1.32672  2.10362e-16  6.09204e-18
      1.32764  1.70145e-16  5.71986e-18
      1.32856  1.65308e-16  5.68836e-18
      1.32949  1.64914e-16  5.79589e-18
      1.33041  1.59066e-16  5.90079e-18
      1.33134  1.49398e-16  5.94754e-18
      1.33227  1.46590e-16  5.84598e-18
      1.33320  1.46889e-16  5.74448e-18
      1.33413  1.42138e-16  5.49375e-18
      1.33506  1.53493e-16  5.38687e-18
      1.33600  1.41173e-16  5.25600e-18
      1.33694  1.37504e-16  5.17985e-18
      1.33787  1.46241e-16  5.29719e-18
      1.33881  1.39165e-16  5.48322e-18
      1.33975  1.43721e-16  5.67298e-18
      1.34070  1.25941e-16  5.76690e-18
      1.34164  1.08749e-16  5.85590e-18
      1.34259  1.11067e-16  6.09377e-18
      1.34353  1.28232e-16  6.32399e-18
      1.34448  1.16081e-16  6.39180e-18
      1.34543  1.37526e-16  6.59462e-18
      1.34639  1.41064e-16  6.93890e-18
      1.34734  1.27393e-16  7.49948e-18
      1.34830  1.19005e-16  8.11625e-18
      1.34925  9.77308e-17  8.90569e-18
      1.35021  1.05713e-16  1.02776e-17
      1.35117  1.26251e-16  1.22186e-17
      1.35213  1.32129e-16  1.50139e-17
      1.35310  1.30004e-16  1.90558e-17
      1.35406  7.55895e-17  2.31144e-17
      1.35503  1.06650e-16  2.89661e-17
      1.35600  1.05248e-16  2.87716e-17
      1.35697  1.84566e-16  3.39061e-17
      1.35794  5.40856e-17  4.08218e-17
      1.35891  1.27185e-16  5.23926e-17
      1.35988  8.12638e-17  6.52517e-17
      1.36086  1.07400e-16  7.34409e-17
      1.36184  2.59236e-17  6.82657e-17
      1.36282  1.97312e-16  6.05419e-17
      1.36380  1.61218e-16  5.63590e-17
      1.36478  5.45512e-17  5.44088e-17
      1.36577  3.63592e-17  5.61638e-17
      1.36675  2.10566e-16  6.51142e-17
      1.36774  1.13807e-16  7.08116e-17
      1.36873  1.66897e-16  6.82386e-17
      1.36972  1.69705e-17  5.96503e-17
      1.37071  3.15115e-17  4.84966e-17
      1.37171  1.43997e-16  3.65293e-17
      1.37270  1.07961e-16  2.68117e-17
      1.37370  1.28837e-16  2.08782e-17
      1.37470  1.22709e-16  1.77816e-17
      1.37570  1.26533e-16  1.65132e-17
      1.37670  1.41006e-16  1.65821e-17
      1.37771  1.11537e-16  1.79035e-17
      1.37871  1.34014e-16  2.26936e-17
      1.37972  1.22048e-16  3.19238e-17
      1.38073  9.06104e-17  4.70442e-17
      1.38174  1.02443e-16  6.21266e-17
      1.38275 -4.34351e-17  6.44485e-17
      1.38377  9.78794e-17  5.38554e-17
      1.38478  9.13083e-17  3.78822e-17
      1.38580  7.20370e-17  2.66268e-17
      1.38682  4.60275e-17  2.02778e-17
      1.38784  8.43432e-17  1.74389e-17
      1.38886  1.83353e-17  1.51328e-17
      1.38989  5.63444e-17  1.45667e-17
      1.39091  9.48516e-17  1.59607e-17
      1.39194  1.08043e-16  1.86092e-17
      1.39297  1.05672e-16  3.02773e-17
      1.39400  1.41887e-16  3.36726e-17
      1.39503  1.10187e-16  3.72424e-17
      1.39607  1.12409e-16  3.30518e-17
      1.39710  6.76669e-17  2.48685e-17
      1.39814  5.77977e-17  2.73346e-17
      1.39918  1.07238e-16  2.34427e-17
      1.40022  8.99668e-17  2.50863e-17
      1.40127  6.85933e-17  2.28807e-17
      1.40231  7.09223e-17  2.03818e-17
      1.40336  5.81424e-17  1.98145e-17
      1.40441  1.30948e-16  1.92868e-17
      1.40545  4.37146e-17  1.97706e-17
      1.40651  4.15350e-17  1.67867e-17
      1.40756  8.14796e-17  1.65648e-17
      1.40861  8.32919e-17  1.66644e-17
      1.40967  8.96016e-17  1.59741e-17
      1.41073  8.23036e-17  1.43956e-17
      1.41179  7.70422e-17  1.36754e-17
      1.41285  7.53019e-17  1.38244e-17
      1.41391  1.28329e-16  1.45148e-17
      1.41498  7.42657e-17  1.45080e-17
      1.41605 -1.63068e-17  1.36343e-17
      1.41712  1.10079e-16  1.32700e-17
      1.41819  1.30212e-16  1.30299e-17
      1.41926  7.74153e-17  1.19265e-17
      1.42033  8.33062e-17  9.73244e-18
      1.42141  7.05919e-17  7.96952e-18
      1.42249  1.03855e-16  7.41418e-18
      1.42356  9.43801e-17  7.10374e-18
      1.42465  8.84396e-17  7.21602e-18
      1.42573  9.42250e-17  7.59794e-18
      1.42681  8.42022e-17  7.87991e-18
      1.42790  9.33766e-17  7.97058e-18
      1.42899  1.20071e-16  7.80723e-18
      1.43008  1.15671e-16  8.04677e-18
      1.43117  1.08806e-16  8.44723e-18
      1.43226  1.36309e-16  8.88176e-18
      1.43336  1.40750e-16  8.85660e-18
      1.43445  1.30258e-16  8.72864e-18
      1.43555  1.35238e-16  8.71679e-18
      1.43665  1.21030e-16  8.63855e-18
      1.43775  1.26545e-16  8.06958e-18
      1.43886  1.29029e-16  7.29084e-18
      1.43996  1.20795e-16  6.46993e-18
      1.44107  1.07103e-16  5.83541e-18
      1.44218  1.04574e-16  6.12596e-18
      1.44329  9.18823e-17  5.35880e-18
      1.44440  1.16216e-16  5.38136e-18
      1.44552  1.07700e-16  5.25481e-18
      1.44663  1.00264e-16  5.43172e-18
      1.44775  9.83285e-17  6.43650e-18
      1.44887  9.25104e-17  7.51581e-18
      1.44999  1.12827e-16  8.50727e-18
      1.45111  8.11806e-17  8.45204e-18
      1.45224  8.65897e-17  7.97172e-18
      1.45337  1.23314e-16  7.48331e-18
      1.45449  8.55820e-17  6.82202e-18
      1.45562  8.79487e-17  6.30237e-18
      1.45676  1.17265e-16  6.29719e-18
      1.45789  1.27963e-16  6.34914e-18
      1.45903  1.30267e-16  6.61533e-18
      1.46016  1.42590e-16  6.75932e-18
      1.46130  1.30629e-16  6.67989e-18
      1.46244  1.11372e-16  6.44749e-18
      1.46359  1.13245e-16  6.24776e-18
      1.46473  1.16627e-16  6.08779e-18
      1.46588  1.01361e-16  6.16099e-18
      1.46703  1.02847e-16  6.46268e-18
      1.46818  1.18390e-16  6.84561e-18
      1.46933  1.11551e-16  7.07415e-18
      1.47048  8.26578e-17  6.98013e-18
      1.47164  8.60079e-17  6.49703e-18
      1.47279  9.70521e-17  5.92529e-18
      1.47395  1.03435e-16  5.70361e-18
      1.47511  9.28278e-17  5.82596e-18
      1.47627  1.17987e-16  6.39796e-18
      1.47744  1.00689e-16  6.80330e-18
      1.47861  1.02270e-16  7.13612e-18
      1.47977  1.15977e-16  7.30460e-18
      1.48094  1.13288e-16  7.20867e-18
      1.48211  1.11595e-16  7.00725e-18
      1.48329  1.28472e-16  6.76628e-18
      1.48446  1.00166e-16  6.94437e-18
      1.48564  1.07840e-16  7.05417e-18
      1.48682  1.10264e-16  7.05134e-18
      1.48800  1.72525e-16  6.81459e-18
      1.48918  1.52642e-16  6.50074e-18
      1.49037  1.68713e-16  6.23612e-18
      1.49155  1.64883e-16  5.78208e-18
      1.49274  2.05906e-16  5.41335e-18
      1.49393  2.00941e-16  4.84306e-18
      1.49512  2.28197e-16  4.48767e-18
      1.49631  2.06571e-16  4.16650e-18
      1.49751  2.12399e-16  3.96798e-18
      1.49871  1.97340e-16  3.80968e-18
      1.49990  1.78189e-16  4.16673e-18
      1.50110  1.91980e-16  7.69275e-18
      1.50231  2.28695e-16  7.33076e-18
      1.50351  2.83995e-16  8.07512e-18
      1.50472  3.85380e-16  8.74742e-18
      1.50592  4.69059e-16  8.93158e-18
      1.50713  5.62961e-16  8.78185e-18
      1.50834  6.14416e-16  8.13693e-18
      1.50956  6.67943e-16  7.43819e-18
      1.51077  6.73774e-16  6.06339e-18
      1.51199  6.06065e-16  5.18068e-18
      1.51321  5.67093e-16  4.79451e-18
      1.51443  4.64012e-16  4.63066e-18
      1.51565  3.67294e-16  4.57784e-18
      1.51687  3.11440e-16  4.58969e-18
      1.51810  2.51692e-16  4.59627e-18
      1.51933  1.23784e-16  4.96555e-18
      1.52056  1.54107e-16  5.58176e-18
      1.52179  1.66483e-16  5.89191e-18
      1.52302  1.68292e-16  6.14159e-18
      1.52426  1.48404e-16  6.20129e-18
      1.52549  1.38968e-16  6.19614e-18
      1.52673  1.54668e-16  5.96304e-18
      1.52797  1.36437e-16  5.72375e-18
      1.52921  1.47599e-16  5.83657e-18
      1.53046  1.44260e-16  6.02130e-18
      1.53170  1.31197e-16  6.23527e-18
      1.53295  1.20706e-16  6.22097e-18
      1.53420  1.36283e-16  6.11820e-18
      1.53545  1.42251e-16  5.79606e-18
      1.53670  1.29560e-16  5.50359e-18
      1.53796  1.19851e-16  5.17609e-18
      1.53921  1.46515e-16  5.20738e-18
      1.54047  1.31083e-16  5.42273e-18
      1.54173  1.48638e-16  5.66409e-18
      1.54300  1.18745e-16  5.52967e-18
      1.54426  1.30695e-16  5.29832e-18
      1.54552  1.43993e-16  4.93038e-18
      1.54679  1.42745e-16  4.63366e-18
      1.54806  1.45101e-16  4.35066e-18
      1.54933  1.47068e-16  4.35855e-18
      1.55060  1.56457e-16  4.70319e-18
      1.55188  1.38490e-16  4.95995e-18
      1.55316  1.40271e-16  5.13369e-18
      1.55443  1.25675e-16  5.18309e-18
      1.55571  1.27607e-16  5.23816e-18
      1.55700  1.17628e-16  5.11615e-18
      1.55828  1.45514e-16  5.09761e-18
      1.55956  1.24870e-16  4.97421e-18
      1.56085  1.48193e-16  5.21778e-18
      1.56214  1.48350e-16  5.45138e-18
      1.56343  1.43359e-16  6.61397e-18
      1.56472  1.27821e-16  5.42663e-18
      1.56602  1.51012e-16  5.32067e-18
      1.56731  1.49441e-16  5.16560e-18
      1.56861  1.55230e-16  4.81179e-18
      1.56991  1.40070e-16  4.39407e-18
      1.57121  1.51410e-16  3.96902e-18
      1.57252  1.54852e-16  3.77725e-18
      1.57382  1.65244e-16  3.69009e-18
      1.57513  1.72943e-16  3.61395e-18
      1.57644  1.91347e-16  3.71332e-18
      1.57775  2.20791e-16  4.26265e-18
      1.57906  2.50949e-16  5.50442e-18
      1.58037  2.60813e-16  6.55252e-18
      1.58169  2.89451e-16  7.79247e-18
      1.58301  2.91507e-16  7.49339e-18
      1.58433  2.77519e-16  7.64955e-18
      1.58565  2.67586e-16  7.16994e-18
      1.58697  2.43144e-16  6.43866e-18
      1.58830  2.26937e-16  5.39124e-18
      1.58962  2.18263e-16  4.32953e-18
      1.59095  2.25168e-16  4.11098e-18
      1.59228  2.27349e-16  3.58290e-18
      1.59361  2.38911e-16  3.64293e-18
      1.59495  2.41867e-16  3.82297e-18
      1.59628  2.55658e-16  3.96973e-18
      1.59762  2.42004e-16  4.29602e-18
      1.59896  2.19801e-16  5.03531e-18
      1.60030  2.40165e-16  5.54579e-18
      1.60164  2.30141e-16  5.82903e-18
      1.60298  2.02240e-16  5.85237e-18
      1.60433  1.94706e-16  6.05917e-18
      1.60568  1.72110e-16  5.85646e-18
      1.60703  1.68094e-16  5.56950e-18
      1.60838  1.74247e-16  7.87236e-18
      1.60973  1.72279e-16  8.09922e-18
      1.61109  1.82795e-16  8.33382e-18
      1.61244  1.80460e-16  8.26366e-18
      1.61380  1.84216e-16  7.81586e-18
      1.61516  1.62814e-16  5.40433e-18
      1.61652  1.88081e-16  5.06710e-18
      1.61789  1.71779e-16  4.72397e-18
      1.61925  1.75626e-16  4.80092e-18
      1.62062  1.54214e-16  5.12247e-18
      1.62199  1.65023e-16  5.35951e-18
      1.62336  1.85004e-16  5.39612e-18
      1.62473  1.78428e-16  5.18655e-18
      1.62610  1.69421e-16  4.83206e-18
      1.62748  1.76766e-16  4.50363e-18
      1.62886  1.77208e-16  4.14326e-18
      1.63023  1.31538e-16  4.00010e-18
      1.63162  1.86610e-16  4.36260e-18
      1.63300  1.69514e-16  4.58112e-18
      1.63438  1.73213e-16  4.76034e-18
      1.63577  1.83323e-16  4.75824e-18
      1.63716  1.80289e-16  4.68314e-18
      1.63854  1.94094e-16  4.53376e-18
      1.63994  2.13929e-16  4.56324e-18
      1.64133  2.08140e-16  4.56565e-18
      1.64272  2.26102e-16  4.70433e-18
      1.64412  2.21996e-16  4.86952e-18
      1.64552  2.16557e-16  5.11125e-18
      1.64692  2.11966e-16  5.25941e-18
      1.64832  2.09094e-16  5.20337e-18
      1.64972  1.91434e-16  5.02804e-18
      1.65112  1.96113e-16  4.84741e-18
      1.65253  1.78057e-16  4.58158e-18
      1.65394  1.76354e-16  4.16372e-18
      1.65535  1.70582e-16  3.75721e-18
      1.65676  1.84082e-16  3.48973e-18
      1.65817  1.86969e-16  3.32010e-18
      1.65959  1.80432e-16  3.14535e-18
      1.66100  1.82342e-16  2.98227e-18
      1.66242  1.86863e-16  2.97921e-18
      1.66384  1.81655e-16  3.60110e-18
      1.66526  1.94447e-16  4.82212e-18
      1.66669  2.14035e-16  5.76992e-18
      1.66811  1.58628e-16  9.14985e-18
      1.66954  1.74545e-16  1.18517e-17
      1.67096  1.87235e-16  1.19354e-17
      1.67239  2.13155e-16  8.90297e-18
      1.67383  1.86088e-16  5.44587e-18
      1.67526  1.95345e-16  4.42276e-18
      1.67669  1.88893e-16  3.53998e-18
      1.67813  2.02641e-16  3.14049e-18
      1.67957  2.14419e-16  3.08146e-18
      1.68101  2.14426e-16  3.12666e-18
      1.68245  2.10589e-16  3.21176e-18
      1.68389  2.15096e-16  3.35847e-18
      1.68533  2.01158e-16  3.87258e-18
      1.68678  2.10095e-16  4.57385e-18
      1.68823  2.07626e-16  4.95853e-18
      1.68968  2.18175e-16  5.17182e-18
      1.69113  2.21157e-16  5.32432e-18
      1.69258  2.21777e-16  5.30891e-18
      1.69404  2.23159e-16  4.99828e-18
      1.69549  2.15398e-16  4.78122e-18
      1.69695  2.19195e-16  4.90228e-18
      1.69841  2.06480e-16  5.08794e-18
      1.69987  1.93863e-16  5.17910e-18
      1.70133  1.81490e-16  5.08120e-18
      1.70279  1.82941e-16  5.01052e-18
      1.70426  1.75443e-16  4.72579e-18
      1.70573  1.62737e-16  4.39337e-18
      1.70719  1.55285e-16  4.23785e-18
      1.70866  1.61152e-16  4.51567e-18
      1.71014  1.60295e-16  4.71226e-18
      1.71161  1.67949e-16  4.73750e-18
      1.71308  1.79702e-16  4.62767e-18
      1.71456  1.97288e-16  4.44407e-18
      1.71604  2.04076e-16  4.15264e-18
      1.71752  2.08881e-16  3.87309e-18
      1.71900  2.18361e-16  3.71971e-18
      1.72048  2.08713e-16  3.98886e-18
      1.72196  1.90567e-16  4.21539e-18
      1.72345  1.88349e-16  4.35742e-18
      1.72494  1.51579e-16  4.59901e-18
      1.72643  1.26951e-16  4.46635e-18
      1.72792  1.43830e-16  3.99366e-18
      1.72941  1.33994e-16  3.84872e-18
      1.73090  1.26405e-16  3.75527e-18
      1.73240  1.40665e-16  3.84208e-18
      1.73389  1.38987e-16  4.14819e-18
      1.73539  1.46384e-16  4.40996e-18
      1.73689  1.56419e-16  4.54627e-18
      1.73839  1.48681e-16  4.56634e-18
      1.73989  1.45535e-16  4.62796e-18
      1.74140  1.38516e-16  4.66855e-18
      1.74290  1.54118e-16  4.57818e-18
      1.74441  1.54293e-16  4.38929e-18
      1.74592  1.64767e-16  4.26720e-18
      1.74743  1.69264e-16  4.11529e-18
      1.74894  1.71340e-16  3.83054e-18
      1.75045  1.64329e-16  3.52813e-18
      1.75197  1.59850e-16  3.28524e-18
      1.75348  1.67216e-16  3.14967e-18
      1.75500  1.60559e-16  2.98423e-18
      1.75652  1.56031e-16  2.78237e-18
      1.75804  1.53883e-16  2.69247e-18
      1.75956  1.45518e-16  3.16503e-18
      1.76109  1.37906e-16  4.22680e-18
      1.76261  1.53626e-16  5.17364e-18
      1.76414  1.32535e-16  5.89082e-18
      1.76566  1.57728e-16  6.22903e-18
      1.76719  1.40496e-16  6.16803e-18
      1.76872  1.40979e-16  5.66366e-18
      1.77026  1.28032e-16  4.80396e-18
      1.77179  1.43420e-16  3.90224e-18
      1.77332  1.37235e-16  3.22191e-18
      1.77486  1.36166e-16  3.22681e-18
      1.77640  1.40273e-16  2.88164e-18
      1.77794  1.48215e-16  2.97975e-18
      1.77948  1.44902e-16  3.08309e-18
      1.78102  1.52657e-16  3.25733e-18
      1.78256  1.49665e-16  3.83917e-18
      1.78411  1.60955e-16  4.66526e-18
      1.78565  1.63328e-16  5.54328e-18
      1.78720  1.45483e-16  5.16700e-18
      1.78875  1.47167e-16  5.17294e-18
      1.79030  1.80640e-16  5.16965e-18
      1.79185  1.46082e-16  4.74361e-18
      1.79341  1.57067e-16  4.41822e-18
      1.79496  1.54631e-16  4.84646e-18
      1.79652  1.48856e-16  5.64768e-18
      1.79807  1.72449e-16  6.81433e-18
      1.79963  1.66593e-16  8.01490e-18
      1.80119  1.77228e-16  8.79470e-18
      1.80276  1.69510e-16  8.28823e-18
      1.80432  1.82333e-16  7.24672e-18
      1.80588  1.87443e-16  6.45202e-18
      1.80745  2.29894e-16  8.38738e-18
      1.80901  2.23910e-16  7.59425e-18
      1.81058  2.41770e-16  8.42733e-18
      1.81215  2.25505e-16  8.80498e-18
      1.81372  2.09717e-16  8.88961e-18
      1.81530  2.01727e-16  8.63796e-18
      1.81687  2.06823e-16  8.55314e-18
      1.81844  2.01362e-16  8.27021e-18
      1.82002  1.74555e-16  8.51286e-18
      1.82160  1.66159e-16  8.43331e-18
      1.82318  1.69407e-16  8.19097e-18
      1.82476  1.81372e-16  9.49439e-18
      1.82634  1.90949e-16  1.29689e-17
      1.82792  2.13984e-16  1.76573e-17
      1.82951  2.65223e-16  2.18477e-17
      1.83109  2.24149e-16  2.42085e-17
      1.83268  2.81611e-16  2.79541e-17
      1.83427  1.80657e-16  3.95505e-17
      1.83586  1.41413e-16  5.99377e-17
      1.83745  9.61457e-17  7.15616e-17
      1.83904  2.80760e-16  6.17002e-17
      1.84063  2.50699e-16  4.30134e-17
      1.84223  1.26519e-16  2.83983e-17
      1.84382  1.55467e-16  2.28877e-17
      1.84542  1.79961e-16  2.60807e-17
      1.84702  2.07568e-16  3.26174e-17
      1.84862  1.95300e-16  3.39775e-17
      1.85022  2.03834e-16  3.13138e-17
      1.85182 -8.11235e-17  3.03187e-17
      1.85343  1.31235e-16  3.37273e-17
      1.85503  2.60701e-16  3.65526e-17
      1.85664  1.38587e-16  3.45509e-17
      1.85825  2.09796e-16  2.91378e-17
      1.85985  1.23437e-16  2.25870e-17
      1.86146  1.71436e-16  1.85399e-17
      1.86307  1.76771e-16  1.78613e-17
      1.86469  1.35279e-16  2.10958e-17
      1.86630  1.75087e-16  3.28116e-17
      1.86792  1.91148e-16  6.81089e-17
      1.86953  9.33659e-17  1.45923e-16
      1.87115  2.23300e-16  2.14029e-16
      1.87277  1.95306e-16  1.71771e-16
      1.87439  1.06075e-16  8.14702e-17
      1.87601  2.59678e-16  3.68634e-17
      1.87763  1.80957e-16  1.99115e-17
      1.87925  1.35306e-16  1.45073e-17
      1.88088  1.47758e-16  1.32507e-17
      1.88250  1.62302e-16  1.27443e-17
      1.88413  1.54906e-16  1.19822e-17
      1.88576  1.50424e-16  1.11684e-17
      1.88739  1.19077e-16  1.15170e-17
      1.88902  1.43403e-16  1.37189e-17
      1.89065  1.81778e-16  1.55085e-17
      1.89229  1.55505e-16  1.48211e-17
      1.89392  1.47892e-16  1.34765e-17
      1.89556  1.69743e-16  1.51687e-17
      1.89719  2.15684e-16  2.31159e-17
      1.89883  1.83433e-16  3.54357e-17
      1.90047  4.39915e-17  4.45284e-17
      1.90211  1.77081e-16  4.51155e-17
      1.90375  4.55851e-17  3.86336e-17
      1.90539  2.21867e-17  3.00163e-17
      1.90704  1.43060e-16  2.41321e-17
      1.90868  1.05770e-16  2.33598e-17
      1.91033  2.13715e-16  2.76900e-17
      1.91198  1.90451e-16  2.87437e-17
      1.91362  2.13230e-16  2.40048e-17
      1.91527 -8.64009e-17  1.65242e-17
      1.91692  1.33147e-16  1.26925e-17
      1.91858  1.19765e-16  1.19736e-17
      1.92023  1.31900e-16  1.24470e-17
      1.92188  1.52489e-16  1.19936e-17
      1.92354  8.42191e-17  1.16518e-17
      1.92520  7.52716e-17  1.23425e-17
      1.92685  1.69128e-16  1.32069e-17
      1.92851  1.93374e-16  1.28220e-17
      1.93017  1.77817e-16  1.12440e-17
      1.93184  1.88098e-16  9.42333e-18
      1.93350  1.75457e-16  8.58526e-18
      1.93516  1.75680e-16  8.63107e-18
      1.93683  1.55204e-16  8.80218e-18
      1.93849  1.69345e-16  8.28241e-18
      1.94016  1.57103e-16  7.11767e-18
      1.94183  1.74293e-16  6.14919e-18
      1.94350  1.78069e-16  5.82616e-18
      1.94517  1.57487e-16  5.69570e-18
      1.94684  1.87298e-16  5.84661e-18
      1.94851  1.77246e-16  6.02891e-18
      1.95019  1.76929e-16  6.44297e-18
      1.95186  2.01592e-16  7.26369e-18
      1.95354  1.91036e-16  8.12633e-18
      1.95522  1.99858e-16  8.43845e-18
      1.95689  1.90678e-16  7.92419e-18
      1.95857  1.91489e-16  7.09890e-18
      1.96026  1.55866e-16  6.44043e-18
      1.96194  1.75021e-16  6.08669e-18
      1.96362  2.20932e-16  5.91490e-18
      1.96531  2.28663e-16  5.63536e-18
      1.96699  2.46381e-16  5.25532e-18
      1.96868  2.53169e-16  5.01183e-18
      1.97037  2.31170e-16  4.86800e-18
      1.97206  2.53882e-16  4.83693e-18
      1.97375  2.14114e-16  4.59481e-18
      1.97544  2.41560e-16  4.48970e-18
      1.97713  2.43997e-16  4.30917e-18
      1.97882  2.41666e-16  4.19672e-18
      1.98052  1.81334e-16  3.81106e-18
      1.98221  2.04875e-16  3.32356e-18
      1.98391  1.91691e-16  3.07837e-18
      1.98561  1.86085e-16  3.04202e-18
      1.98731  1.87738e-16  3.02602e-18
      1.98901  1.76113e-16  2.96591e-18
      1.99071  1.71257e-16  2.94819e-18
      1.99241  1.69608e-16  3.03825e-18
      1.99412  1.66685e-16  4.41620e-18
      1.99582  1.66118e-16  4.77255e-18
      1.99753  1.66542e-16  6.73045e-18
      1.99924  1.84366e-16  9.33135e-18
      2.00095  1.85369e-16  1.18953e-17
      2.00266  1.76117e-16  1.30108e-17
      2.00437  1.52771e-16  1.17989e-17
      2.00608  1.14941e-16  9.44230e-18
      2.00779  1.43691e-16  7.75442e-18
      2.00951  1.33879e-16  7.18567e-18
      2.01123  1.45611e-16  7.24254e-18
      2.01294  1.46351e-16  7.29326e-18
      2.01466  1.39780e-16  7.11707e-18
      2.01638  1.35925e-16  6.53225e-18
      2.01810  1.40144e-16  5.64815e-18
      2.01982  1.37124e-16  4.90156e-18
      2.02155  1.40405e-16  4.55198e-18
      2.02327  1.23415e-16  4.43937e-18
      2.02500  1.34377e-16  4.30256e-18
      2.02672  1.48011e-16  4.18177e-18
      2.02845  1.31572e-16  4.13257e-18
      2.03018  1.39845e-16  4.04377e-18
      2.03191  1.29047e-16  3.79441e-18
      2.03364  1.26223e-16  3.47112e-18
      2.03538  1.33818e-16  3.58739e-18
      2.03711  1.24329e-16  3.87889e-18
      2.03885  1.25400e-16  4.02956e-18
      2.04058  1.42615e-16  4.06230e-18
      2.04232  1.21336e-16  4.03590e-18
      2.04406  1.36203e-16  3.93948e-18
      2.04580  1.40561e-16  3.80294e-18
      2.04754  1.46340e-16  3.63303e-18
      2.04929  1.60942e-16  3.87055e-18
      2.05103  1.63101e-16  4.58578e-18
      2.05278  1.61128e-16  5.24945e-18
      2.05452  1.58251e-16  5.46913e-18
      2.05627  1.65502e-16  5.26419e-18
      2.05802  1.60602e-16  4.90694e-18
      2.05977  1.62729e-16  4.47115e-18
      2.06153  1.72982e-16  4.11006e-18
      2.06328  1.65993e-16  3.80488e-18
      2.06503  1.62085e-16  3.71356e-18
      2.06679  1.62954e-16  3.86113e-18
      2.06855  1.59161e-16  4.09271e-18
      2.07031  1.69413e-16  4.19235e-18
      2.07207  1.74133e-16  4.11527e-18
      2.07383  1.53166e-16  3.94894e-18
      2.07559  1.54345e-16  3.66625e-18
      2.07736  1.67905e-16  3.33504e-18
      2.07912  1.59954e-16  3.04468e-18
      2.08089  1.60007e-16  2.86108e-18
      2.08266  1.59500e-16  3.00140e-18
      2.08443  1.66341e-16  3.12417e-18
      2.08620  1.71198e-16  3.24563e-18
      2.08798  1.60377e-16  3.28690e-18
      2.08975  1.61344e-16  3.24992e-18
      2.09153  1.68598e-16  3.15629e-18
      2.09330  1.69894e-16  3.02706e-18
      2.09508  1.74537e-16  2.88521e-18
      2.09686  1.75170e-16  2.76520e-18
      2.09865  1.77978e-16  2.70992e-18
      2.10043  1.71600e-16  2.74949e-18
      2.10222  1.71844e-16  2.87340e-18
      2.10400  1.69545e-16  3.00358e-18
      2.10579  1.67375e-16  3.14960e-18
      2.10758  1.51255e-16  3.40059e-18
      2.10937  1.56339e-16  3.36543e-18
      2.11116  1.77004e-16  3.72871e-18
      2.11296  1.68173e-16  3.37546e-18
      2.11476  1.77167e-16  3.38534e-18
      2.11655  1.70246e-16  3.33542e-18
      2.11835  1.72422e-16  3.29241e-18
      2.12015  1.69262e-16  3.33561e-18
      2.12196  1.72227e-16  3.41676e-18
      2.12376  1.67668e-16  3.39164e-18
      2.12557  1.63867e-16  3.31592e-18
      2.12737  1.61959e-16  3.27508e-18
      2.12918  1.71141e-16  3.27313e-18
      2.13099  1.73110e-16  3.16434e-18
      2.13281  1.62090e-16  3.05254e-18
      2.13462  1.62689e-16  3.00171e-18
      2.13644  1.58504e-16  2.96127e-18
      2.13826  1.65408e-16  2.90985e-18
      2.14008  1.58040e-16  2.79809e-18
      2.14190  1.58508e-16  2.77853e-18
      2.14372  1.63034e-16  2.76652e-18
      2.14555  1.55620e-16  2.80604e-18
      2.14737  1.76707e-16  3.23647e-18
      2.14920  1.64496e-16  3.52250e-18
      2.15103  1.74065e-16  3.88224e-18
      2.15287  1.76306e-16  4.11048e-18
      2.15470  1.64285e-16  4.17465e-18
      2.15654  1.70346e-16  4.07357e-18
      2.15838  1.63842e-16  3.79698e-18
      2.16022  1.57129e-16  3.44606e-18
      2.16206  1.59166e-16  3.28408e-18
      2.16391  1.58015e-16  3.16086e-18
      2.16575  1.59206e-16  3.11170e-18
      2.16760  1.66864e-16  3.08884e-18
      2.16945  1.67868e-16  3.16735e-18
      2.17131  1.64977e-16  3.24458e-18
      2.17316  1.65084e-16  3.25550e-18
      2.17502  1.66048e-16  3.26719e-18
      2.17688  1.55423e-16  3.31415e-18
      2.17874  1.63784e-16  3.49732e-18
      2.18060  1.57117e-16  3.65847e-18
      2.18247  1.52572e-16  3.74092e-18
      2.18434  1.60200e-16  3.79979e-18
      2.18621  1.65135e-16  3.86825e-18
      2.18808  1.71759e-16  3.82153e-18
      2.18995  1.63958e-16  5.20935e-18
      2.19183  1.76780e-16  5.11603e-18
      2.19371  1.69974e-16  5.23753e-18
      2.19559  1.74902e-16  3.78969e-18
      2.19748  1.79277e-16  3.92093e-18
      2.19936  1.75179e-16  4.02462e-18
      2.20125  1.83894e-16  4.14973e-18
      2.20314  1.80771e-16  4.14557e-18
      2.20504  1.80052e-16  4.04939e-18
      2.20693  1.90389e-16  3.87730e-18
      2.20883  2.01962e-16  3.88291e-18
      2.21073  2.01198e-16  3.83672e-18
      2.21264  2.14373e-16  3.92007e-18
      2.21454  2.03036e-16  4.02230e-18
      2.21645  2.24882e-16  4.03489e-18
      2.21836  2.14255e-16  4.01670e-18
      2.22028  2.21044e-16  4.02725e-18
      2.22220  2.18217e-16  4.31446e-18
      2.22412  2.17546e-16  3.77859e-18
      2.22604  2.24203e-16  3.68013e-18
      2.22796  2.10834e-16  3.69213e-18
      2.22989  2.07546e-16  3.74835e-18
      2.23182  1.89219e-16  3.82513e-18
      2.23376  1.83914e-16  3.96730e-18
      2.23569  9.31246e-17  4.01363e-18
      2.23763  1.53416e-16  4.35884e-18
      2.23958  8.88585e-17  4.04260e-18
      2.24152  1.18645e-16  4.07530e-18
      2.24347  1.58552e-16  4.02469e-18
      2.24542  1.77061e-16  3.88670e-18
      2.24738  1.64741e-16  3.83374e-18
      2.24934  1.67393e-16  3.87292e-18
      2.25130  1.75281e-16  3.93690e-18
      2.25326  1.65026e-16  3.98844e-18
      2.25523  1.59893e-16  4.04750e-18
      2.25720  1.72400e-16  4.13857e-18
      2.25917  1.69513e-16  4.13450e-18
      2.26115  1.54559e-16  4.15597e-18
      2.26313  1.42360e-16  4.23467e-18
      2.26512  1.66413e-16  4.19372e-18
      2.26710  1.60296e-16  4.18680e-18
      2.26910  1.61941e-16  4.25263e-18
      2.27109  1.35671e-16  4.37754e-18
      2.27309  1.23360e-16  4.31051e-18
      2.27509  1.67946e-16  4.35091e-18
      2.27709  1.81246e-16  4.37652e-18
      2.27910  1.76311e-16  4.40602e-18
      2.28111  1.74330e-16  4.45936e-18
      2.28313  1.76837e-16  4.50308e-18
      2.28515  1.76493e-16  4.54123e-18
      2.28717  1.48541e-16  4.53085e-18
      2.28920  1.69832e-16  4.50900e-18
      2.29123  1.72908e-16  4.46903e-18
      2.29327  1.78346e-16  4.48851e-18
      2.29531  1.62290e-16  4.49023e-18
      2.29735  1.72146e-16  4.50159e-18
      2.29940  1.67808e-16  4.53556e-18
      2.30145  1.75942e-16  4.58796e-18
      2.30350  1.60763e-16  4.68298e-18
      2.30556  1.78708e-16  4.78404e-18
      2.30763  1.85647e-16  4.84464e-18
      2.30969  1.93061e-16  4.92779e-18
      2.31177  1.61931e-16  4.96704e-18
      2.31384  1.84465e-16  4.99475e-18
      2.31592  2.11139e-16  5.01414e-18
      2.31801  2.06448e-16  4.91204e-18
      2.32010  2.18992e-16  4.97786e-18
      2.32219  2.51187e-16  5.18550e-18
      2.32429  2.86455e-16  5.49626e-18
      2.32640  2.30629e-16  4.86155e-18
      2.32850  2.15539e-16  4.69993e-18
      2.33062  2.32048e-16  4.80591e-18
      2.33273  2.03745e-16  5.04512e-18
      2.33486  2.09194e-16  5.37951e-18
      2.33698  2.05540e-16  5.62410e-18
      2.33912  2.15544e-16  5.65784e-18
      2.34125  1.91853e-16  5.53002e-18
      2.34339  2.19360e-16  5.37501e-18
      2.34554  1.96985e-16  5.22502e-18
      2.34769  1.99427e-16  5.15430e-18
      2.34985  2.01437e-16  5.05265e-18
      2.35201  2.06196e-16  5.13403e-18
      2.35418  2.19550e-16  5.16727e-18
      2.35635  2.20598e-16  5.27802e-18
      2.35853  2.19923e-16  5.35602e-18
      2.36071  2.29528e-16  5.53487e-18
      2.36290  2.22145e-16  5.76142e-18
      2.36510  2.23534e-16  6.03999e-18
      2.36730  2.34002e-16  6.16922e-18
      2.36951  2.31957e-16  7.39788e-18
      2.37172  1.91825e-16  6.31214e-18
      2.37394  1.99096e-16  6.63183e-18
      2.37616  2.21159e-16  6.88761e-18
      2.37839  2.16155e-16  6.92030e-18
      2.38063  1.81866e-16  6.78553e-18
      2.38287  2.32538e-16  6.62223e-18
      2.38511  2.06322e-16  6.35838e-18
      2.38737  2.01529e-16  5.99784e-18
      2.38963  2.19237e-16  5.97305e-18
      2.39189  2.25177e-16  5.98966e-18
      2.39417  2.43712e-16  6.16424e-18
      2.39644  2.40733e-16  6.63884e-18
      2.39873  1.96175e-16  7.34709e-18
      2.40102  2.21034e-16  7.97291e-18
      2.40332  2.53264e-16  8.20318e-18
      2.40562  2.15701e-16  8.00520e-18
      2.40794  1.87905e-16  7.67458e-18
      2.41025  1.88212e-16  7.50455e-18
      2.41258  1.70731e-16  7.51050e-18
      2.41491  1.81915e-16  7.72150e-18
      2.41725  2.05191e-16  7.97330e-18
      2.41960  1.82654e-16  8.16219e-18
      2.42195  2.49783e-16  1.19637e-17
      2.42431  1.94275e-16  1.19909e-17
      2.42668  1.88962e-16  1.15934e-17
      2.42905  2.03585e-16  7.76666e-18
      2.43144  1.90432e-16  7.70317e-18
      2.43383  1.81437e-16  7.42414e-18
      2.43623  1.93167e-16  7.48087e-18
      2.43863  2.10362e-16  7.39446e-18
      2.44104  2.15940e-16  7.39892e-18
      2.44346  2.20746e-16  7.71974e-18
      2.44589  2.04400e-16  8.16752e-18
      2.44833  2.12302e-16  9.60644e-18
      2.45077  2.19606e-16  8.94453e-18
      2.45323  2.08558e-16  9.04555e-18
      2.45569  1.91304e-16  9.18719e-18
      2.45816  2.06094e-16  9.74456e-18
      2.46063  2.18885e-16  1.07378e-17
      2.46312  2.59518e-16  1.19865e-17
      2.46562  2.18498e-16  1.22420e-17
      2.46812  2.40721e-16  1.16121e-17
      2.47063  2.96002e-16  1.04633e-17
      2.47315  2.19520e-16  9.56908e-18
      2.47568  2.00326e-16  8.79653e-18
      2.47822  2.11703e-16  8.14568e-18
      2.48077  2.05647e-16  8.01315e-18
      2.48332  2.31419e-16  8.69380e-18
      2.48589  2.50546e-16  1.06698e-17
      2.48847  2.53387e-16  1.30437e-17
      2.49105  2.45751e-16  1.38074e-17
      2.49364  2.16974e-16  1.24084e-17
      2.49625  2.21273e-16  1.04872e-17
      2.49886  1.81803e-16  9.57649e-18
      2.50148  2.40694e-16  1.03915e-17
      2.50412  2.03753e-16  1.26337e-17
      2.50676  2.13627e-16  1.51462e-17
      2.50941  2.00371e-16  1.74339e-17
      2.51207  2.06673e-16  1.81039e-17
      2.51475  2.13969e-16  1.74164e-17
      2.51743  2.04248e-16  1.55061e-17
      2.52013  1.92391e-16  1.30945e-17
      2.52283  1.69464e-16  1.12160e-17
      2.52554  1.52456e-16  1.10900e-17
      2.52827  1.27374e-16  1.19897e-17
      2.53101  1.59381e-16  1.32326e-17
      2.53375  1.05484e-16  1.41028e-17
      2.53651  1.25166e-16  1.40361e-17
      2.53928  7.10822e-17  1.53080e-17
      2.54206  6.55075e-17  1.84072e-17
      2.54486  5.15931e-17  2.17044e-17
      2.54766  8.33623e-18  2.29024e-17
      2.55048  1.02151e-16  2.18434e-17
      2.55330  1.25619e-16  2.17011e-17
      2.55614 -6.95976e-17  2.32202e-17
      2.55899  1.12458e-17  2.85532e-17
      2.56185  4.03853e-17  3.29243e-17
      2.56473  4.86901e-16  3.65756e-17
      2.56762  4.02084e-16  4.22062e-17
      2.57052  3.55556e-16  4.63380e-17
      2.57343  4.34636e-16  5.03763e-17
      2.57635  1.98564e-16  5.38363e-17
      2.57929  2.78488e-16  5.82983e-17
      2.58224  7.81553e-16  6.28863e-17
      2.58520  3.30325e-16  5.12374e-17
      2.58818  5.96041e-16  4.41988e-17
      2.59117  6.52950e-16  4.35338e-17
      2.59417  5.91177e-16  4.92904e-17
      2.59718  8.71969e-16  6.09396e-17
      2.60021  9.80500e-16  7.31287e-17
      2.60325  4.60819e-16  7.75411e-17
      2.60631  1.02120e-15  8.73259e-17
      2.60938  3.04158e-17  1.02461e-16
      2.61247  1.06008e-15  1.33329e-16
      2.61556  6.61622e-16  1.75815e-16
      2.61868  2.15416e-15  2.57442e-16
      2.62180  3.22275e-16  2.53876e-16
      2.62495  1.33272e-15  2.01720e-16
      2.62810  4.71795e-16  1.68256e-16
      2.63127  1.83792e-15  2.17864e-16
      2.63446  3.38192e-15  3.72915e-16
      2.63766  4.36500e-15  5.72795e-16
      2.64088  6.70943e-15  8.62109e-16
      2.64411  9.51583e-15  1.56458e-15
      2.64736  8.82489e-15  1.47195e-15
      2.65062  1.11320e-14  1.47591e-15
      2.65390  1.41611e-14  3.48437e-15
      2.65719  2.25642e-14  4.10550e-14
      2.66050  4.12615e-14  1.29937e-13
      2.66383 -3.40010e-14  1.26224e-13
      2.66717 -3.19732e-14  6.15406e-14
      2.67053 -1.62620e-14  9.89390e-15
      2.67391 -9.70619e-15  6.31070e-15
      2.67730 -1.54665e-14  9.02217e-15
      2.68071 -1.77160e-14  9.28990e-15
      2.68414 -1.89394e-14  8.84975e-15
      2.68758 -1.60779e-14  6.70121e-15
      2.69104 -2.53281e-14  9.25293e-15
      2.69452 -1.63784e-14  6.49449e-15
      2.69802 -2.03859e-14  1.82222e-14
      2.70153 -4.53081e-14  6.62966e-14
      2.70506 -3.72981e-14  6.79986e-14
      2.70861 -3.34836e-14  6.94304e-14
      2.71218 -3.19367e-14  7.64752e-14
      2.71577 -4.64411e-14  1.29293e-13
      2.71937 -1.92188e-14  5.48806e-14
      2.72300 -1.06096e-14  3.07013e-14
      2.72664 -1.05609e-14  2.68372e-14
      2.73030  1.51991e-14  2.76907e-14
      2.73398  1.80959e-14  2.31038e-14
      2.73768  1.58965e-14  1.51621e-14
