3634.00	-1.04783e-18
3636.00	1.61348e-17
3638.00	2.31213e-17
3640.00	1.52915e-17
3642.00	7.46163e-18
3644.00	7.46163e-18
3646.00	1.15128e-18
3648.00	-2.575e-18
3650.00	3.25547e-18
3652.00	3.50248e-18
3654.00	6.92057e-19
3656.00	1.29245e-17
3658.00	3.92084e-20
3660.00	7.43298e-18
3662.00	5.82816e-18
3664.00	-3.65472e-18
3666.00	-6.21244e-18
3668.00	1.07249e-17
3670.00	7.04459e-19
3672.00	4.64658e-18
3674.00	-1.32816e-17
3676.00	2.26143e-18
3678.00	9.81485e-18
3680.00	6.63071e-18
3682.00	-3.31308e-18
3684.00	-4.75567e-18
3686.00	6.43522e-18
3688.00	7.60367e-18
3690.00	4.50188e-18
3692.00	7.38729e-18
3694.00	8.60686e-18
3696.00	1.28577e-17
3698.00	-9.11537e-18
3700.00	1.29239e-17
3702.00	5.80722e-18
3704.00	1.29347e-17
3706.00	8.48561e-18
3708.00	4.03648e-18
3710.00	4.03648e-18
3712.00	-3.72538e-18
3714.00	1.04166e-17
3716.00	1.79227e-17
3718.00	5.83749e-18
3720.00	7.65946e-18
3722.00	1.39565e-18
3724.00	6.47271e-18
3726.00	1.42166e-18
3728.00	1.27503e-17
3730.00	1.44008e-17
3732.00	6.51528e-18
3734.00	1.03782e-17
3736.00	6.91009e-18
3738.00	1.47071e-17
3740.00	1.9912e-18
3742.00	1.17547e-17
3744.00	5.71038e-18
3746.00	1.91914e-18
3748.00	-8.62094e-18
3750.00	1.20059e-17
3752.00	9.07315e-18
3754.00	-3.17483e-18
3756.00	8.79221e-18
3758.00	1.4821e-18
3760.00	-4.4968e-18
3762.00	2.09067e-18
3764.00	1.45678e-17
3766.00	7.14949e-18
3768.00	7.7101e-18
3770.00	1.0469e-17
3772.00	2.90236e-18
3774.00	8.76963e-18
3776.00	-2.92991e-18
3778.00	5.73823e-18
3780.00	4.25001e-18
3782.00	-4.82808e-19
3784.00	3.79022e-18
3786.00	5.80045e-18
3788.00	-6.48472e-18
3790.00	4.42802e-18
3792.00	1.23462e-17
3794.00	6.00602e-18
3796.00	1.03502e-17
3798.00	6.62507e-18
3800.00	4.41572e-18
3802.00	7.85142e-18
3804.00	1.06294e-17
3806.00	-6.44793e-18
3808.00	-5.41595e-18
3810.00	3.27676e-18
3812.00	1.1801e-17
3814.00	3.32612e-18
3816.00	1.55305e-17
3818.00	3.56896e-18
3820.00	-1.47474e-18
3822.00	1.03551e-17
3824.00	6.8486e-18
3826.00	1.4939e-17
3828.00	2.51309e-18
3830.00	2.97447e-18
3832.00	4.69726e-18
3834.00	7.30753e-18
3836.00	5.52611e-18
3838.00	1.47455e-18
3840.00	1.21869e-17
3842.00	8.51827e-18
3844.00	3.98607e-18
3846.00	5.9018e-18
3848.00	-1.4497e-18
3850.00	6.15371e-18
3852.00	-9.43795e-19
3854.00	4.83895e-18
3856.00	-1.4739e-18
3858.00	7.51959e-19
3860.00	6.95541e-18
3862.00	4.39926e-18
3864.00	6.2231e-18
3866.00	8.03654e-18
3868.00	4.34872e-18
3870.00	6.37241e-18
3872.00	4.55941e-18
3874.00	2.58139e-18
3876.00	2.30536e-18
3878.00	5.13182e-18
3880.00	-4.6216e-18
3882.00	2.05227e-18
3884.00	-9.32678e-20
3886.00	1.69439e-18
3888.00	3.559e-18
3890.00	4.89576e-18
3892.00	6.10078e-19
3894.00	5.32205e-18
3896.00	1.29701e-18
3898.00	6.27201e-18
3900.00	-2.79386e-18
3902.00	2.08348e-18
3904.00	3.75544e-18
3906.00	-5.91857e-19
3908.00	2.45025e-18
3910.00	6.19279e-18
3912.00	-9.35271e-19
3914.00	6.87041e-18
3916.00	-3.58782e-18
3918.00	6.43902e-18
3920.00	4.0682e-18
3922.00	2.98048e-18
3924.00	2.01516e-18
3926.00	3.74414e-18
3928.00	5.65468e-18
3930.00	4.94818e-18
3932.00	5.30373e-18
3934.00	1.17108e-18
3936.00	3.88997e-18
3938.00	3.7845e-18
3940.00	5.9994e-18
3942.00	1.65974e-18
3944.00	5.22308e-18
3946.00	2.85468e-18
3948.00	6.84461e-18
3950.00	2.84011e-18
3952.00	3.53325e-18
3954.00	-5.9034e-19
3956.00	3.82109e-18
3958.00	1.53087e-18
3960.00	5.00244e-18
3962.00	8.18562e-19
3964.00	1.21036e-18
3966.00	1.82662e-18
3968.00	1.77044e-18
3970.00	1.87375e-18
3972.00	3.66564e-18
3974.00	1.30193e-18
3976.00	1.44575e-18
3978.00	3.48376e-18
3980.00	4.13824e-18
3982.00	2.19775e-18
3984.00	2.95518e-18
3986.00	3.77577e-18
3988.00	4.37015e-18
3990.00	5.21418e-18
3992.00	8.71302e-18
3994.00	4.22413e-18
3996.00	5.136e-18
3998.00	1.52481e-18
4000.00	9.52882e-18
4002.00	1.15748e-17
4004.00	4.64564e-18
4006.00	5.57022e-18
4008.00	4.07913e-18
4010.00	-3.5579e-18
4012.00	3.024e-18
4014.00	2.21923e-18
4016.00	9.50221e-18
4018.00	6.08324e-18
4020.00	6.00101e-19
4022.00	9.32541e-18
4024.00	-2.07551e-18
4026.00	6.03865e-18
4028.00	4.99387e-18
4030.00	4.99389e-18
4032.00	8.69194e-18
4034.00	5.82584e-18
4036.00	2.36057e-18
4038.00	3.35291e-18
4040.00	6.9984e-18
4042.00	4.09723e-18
4044.00	1.05151e-18
4046.00	1.68028e-18
4048.00	2.16877e-18
4050.00	4.41486e-18
4052.00	7.73201e-18
4054.00	5.281e-18
4056.00	4.56227e-18
4058.00	1.59116e-18
4060.00	1.96941e-18
4062.00	1.10314e-17
4064.00	1.44516e-18
4066.00	4.6657e-18
4068.00	-1.29741e-18
4070.00	7.31771e-18
4072.00	4.16546e-18
4074.00	4.38827e-18
4076.00	1.55578e-18
4078.00	4.7449e-18
4080.00	6.44477e-18
4082.00	4.20879e-18
4084.00	-3.94617e-18
4086.00	4.16464e-18
4088.00	4.34817e-18
4090.00	1.13323e-17
4092.00	5.71268e-18
4094.00	3.61315e-18
4096.00	3.1732e-18
4098.00	1.22351e-17
4100.00	4.33504e-18
4102.00	4.16464e-18
4104.00	5.64303e-18
4106.00	1.88427e-18
4108.00	2.41353e-18
4110.00	5.50907e-18
4112.00	7.92666e-18
4114.00	-1.71947e-18
4116.00	1.70644e-18
4118.00	6.19909e-18
4120.00	7.56097e-18
4122.00	4.81753e-18
4124.00	6.26539e-18
4126.00	6.64963e-18
4128.00	5.76626e-18
4130.00	3.37698e-18
4132.00	2.13436e-18
4134.00	2.73257e-18
4136.00	5.4311e-18
4138.00	4.71808e-18
4140.00	3.21517e-18
4142.00	4.43984e-18
4144.00	3.99557e-18
4146.00	3.59761e-18
4148.00	3.59761e-18
4150.00	6.82087e-18
4152.00	3.03502e-18
4154.00	6.87282e-18
4156.00	7.58688e-18
4158.00	7.76818e-18
4160.00	5.57063e-18
4162.00	8.29317e-18
4164.00	5.92047e-18
4166.00	2.97708e-18
4168.00	1.88985e-18
4170.00	6.56956e-18
4172.00	1.5589e-18
4174.00	6.10547e-18
4176.00	6.33674e-18
4178.00	3.62477e-18
4180.00	4.37947e-18
4182.00	3.10975e-18
4184.00	4.13635e-18
4186.00	6.26596e-18
4188.00	3.36928e-18
4190.00	2.05122e-19
4192.00	5.16401e-18
4194.00	3.25747e-18
4196.00	5.13782e-18
4198.00	4.70848e-18
4200.00	7.68896e-18
4202.00	7.19145e-18
4204.00	6.22882e-18
4206.00	2.59062e-18
4208.00	5.54971e-18
4210.00	1.81212e-18
4212.00	6.65553e-20
4214.00	-1.40819e-18
4216.00	7.71513e-18
4218.00	3.62012e-18
4220.00	3.29327e-18
4222.00	5.86146e-18
4224.00	4.66656e-18
4226.00	8.13159e-18
4228.00	4.71629e-18
4230.00	4.4001e-18
4232.00	3.2116e-18
4234.00	4.20532e-18
4236.00	3.69875e-18
4238.00	3.89036e-18
4240.00	1.81409e-18
4242.00	1.29106e-18
4244.00	1.89409e-19
4246.00	2.91449e-18
4248.00	6.82821e-18
4250.00	6.19422e-18
4252.00	2.83381e-18
4254.00	3.44025e-19
4256.00	4.22805e-18
4258.00	6.57529e-18
4260.00	4.73436e-18
4262.00	4.19466e-18
4264.00	3.87126e-18
4266.00	2.36734e-18
4268.00	5.09184e-18
4270.00	8.09815e-18
4272.00	5.68875e-18
4274.00	5.40442e-19
4276.00	4.32433e-18
4278.00	2.15208e-18
4280.00	2.0587e-18
4282.00	6.05491e-18
4284.00	7.78203e-18
4286.00	2.04282e-18
4288.00	5.69983e-18
4290.00	4.88628e-18
4292.00	4.50294e-18
4294.00	6.77228e-18
4296.00	8.87461e-19
4298.00	4.24433e-18
4300.00	3.96717e-18
4302.00	4.55664e-18
4304.00	1.71446e-18
4306.00	4.8241e-18
4308.00	2.18521e-18
4310.00	5.42455e-18
4312.00	3.76322e-18
4314.00	4.26934e-18
4316.00	-3.00767e-19
4318.00	4.9958e-18
4320.00	4.9458e-18
4322.00	4.71571e-18
4324.00	1.99161e-18
4326.00	4.72235e-18
4328.00	2.22849e-18
4330.00	2.18009e-18
4332.00	4.61181e-18
4334.00	4.80167e-18
4336.00	2.90667e-18
4338.00	3.78731e-18
4340.00	9.43284e-18
4342.00	6.82298e-18
4344.00	4.87649e-18
4346.00	-8.76375e-19
4348.00	3.05888e-18
4350.00	-1.85641e-18
4352.00	-1.85978e-18
4354.00	7.86601e-19
4356.00	5.75612e-18
4358.00	5.33725e-18
4360.00	4.61502e-18
4362.00	6.03583e-18
4364.00	2.48927e-18
4366.00	1.62599e-18
4368.00	3.52546e-18
4370.00	5.33954e-18
4372.00	6.16842e-18
4374.00	5.62012e-18
4376.00	1.10547e-18
4378.00	5.29334e-18
4380.00	4.37087e-18
4382.00	1.3185e-18
4384.00	6.67097e-18
4386.00	4.71443e-18
4388.00	7.29686e-18
4390.00	-6.76593e-19
4392.00	4.11331e-18
4394.00	3.59873e-18
4396.00	3.03025e-18
4398.00	1.78043e-18
4400.00	5.99751e-18
4402.00	1.50135e-18
4404.00	6.76545e-18
4406.00	7.06631e-18
4408.00	2.45326e-18
4410.00	3.64119e-18
4412.00	3.24778e-18
4414.00	3.60622e-18
4416.00	-3.01845e-19
4418.00	2.52223e-18
4420.00	8.98998e-19
4422.00	6.03852e-18
4424.00	3.73621e-18
4426.00	6.97214e-18
4428.00	5.06717e-18
4430.00	6.49539e-18
4432.00	5.02895e-18
4434.00	5.38855e-18
4436.00	3.76001e-18
4438.00	5.42344e-19
4440.00	2.43195e-18
4442.00	3.07079e-18
4444.00	1.15527e-17
4446.00	7.87892e-18
4448.00	1.12972e-17
4450.00	5.05313e-18
4452.00	1.12375e-17
4454.00	6.40655e-18
4456.00	5.2687e-18
4458.00	4.1342e-18
4460.00	4.47583e-18
4462.00	5.98841e-18
4464.00	5.09597e-18
4466.00	6.09295e-18
4468.00	5.93249e-18
4470.00	2.73244e-18
4472.00	7.45535e-18
4474.00	5.20027e-18
4476.00	1.89021e-18
4478.00	7.59463e-18
4480.00	7.10156e-18
4482.00	5.29076e-18
4484.00	1.73323e-18
4486.00	4.68697e-18
4488.00	3.95843e-18
4490.00	3.86308e-18
4492.00	7.13152e-18
4494.00	2.05049e-20
4496.00	4.184e-18
4498.00	3.1743e-18
4500.00	7.70131e-18
4502.00	2.9205e-18
4504.00	2.0921e-18
4506.00	3.91539e-18
4508.00	9.22199e-19
4510.00	5.69034e-18
4512.00	6.2237e-18
4514.00	7.33426e-18
4516.00	4.27485e-18
4518.00	1.67449e-18
4520.00	8.49967e-18
4522.00	3.43009e-18
4524.00	6.96943e-18
4526.00	3.13638e-18
4528.00	3.55823e-18
4530.00	4.98043e-18
4532.00	5.6858e-18
4534.00	1.72879e-18
4536.00	1.98252e-18
4538.00	6.42664e-18
4540.00	4.53812e-18
4542.00	6.15679e-18
4544.00	5.35486e-18
4546.00	4.56832e-18
4548.00	4.74754e-18
4550.00	3.67554e-18
4552.00	1.26328e-19
4554.00	2.72277e-18
4556.00	3.109e-18
4558.00	4.12903e-18
4560.00	2.18378e-18
4562.00	5.93291e-18
4564.00	4.73996e-18
4566.00	8.02323e-18
4568.00	3.30124e-18
4570.00	5.16161e-18
4572.00	5.33963e-18
4574.00	4.16168e-18
4576.00	1.12981e-18
4578.00	4.15693e-18
4580.00	3.52984e-18
4582.00	1.88168e-18
4584.00	4.93073e-18
4586.00	1.75337e-18
4588.00	3.42525e-18
4590.00	5.00303e-18
4592.00	5.76729e-18
4594.00	5.15515e-18
4596.00	4.45445e-18
4598.00	2.95852e-18
4600.00	2.38732e-18
4602.00	4.15098e-19
4604.00	1.2978e-18
4606.00	2.84873e-18
4608.00	5.29207e-18
4610.00	2.47138e-18
4612.00	2.86383e-18
4614.00	4.7506e-18
4616.00	-1.16557e-18
4618.00	5.40203e-18
4620.00	2.189e-18
4622.00	6.91765e-18
4624.00	4.18634e-18
4626.00	7.34068e-18
4628.00	6.40747e-18
4630.00	1.00173e-17
4632.00	4.28913e-18
4634.00	3.77323e-18
4636.00	3.31621e-18
4638.00	5.05245e-18
4640.00	2.65856e-18
4642.00	4.33875e-18
4644.00	5.19291e-18
4646.00	2.13444e-18
4648.00	4.41598e-18
4650.00	2.84935e-18
4652.00	3.28496e-18
4654.00	3.3524e-18
4656.00	6.0416e-18
4658.00	2.168e-18
4660.00	2.49984e-18
4662.00	2.09993e-18
4664.00	4.04508e-18
4666.00	4.69138e-18
4668.00	3.14678e-18
4670.00	5.92094e-18
4672.00	1.53687e-18
4674.00	3.66244e-18
4676.00	3.0358e-18
4678.00	4.18502e-19
4680.00	3.2347e-18
4682.00	5.50344e-18
4684.00	5.21442e-18
4686.00	4.42984e-18
4688.00	3.79433e-18
4690.00	4.14956e-18
4692.00	1.26896e-18
4694.00	1.29932e-18
4696.00	-1.50829e-19
4698.00	5.52945e-18
4700.00	2.60575e-18
4702.00	1.29939e-18
4704.00	3.55362e-18
4706.00	3.60646e-18
4708.00	5.3025e-19
4710.00	1.34653e-18
4712.00	3.38655e-18
4714.00	3.80118e-18
4716.00	2.16247e-18
4718.00	6.39424e-18
4720.00	4.06223e-18
4722.00	6.79549e-18
4724.00	3.82353e-18
4726.00	7.05458e-18
4728.00	4.28471e-18
4730.00	3.06612e-18
4732.00	3.64723e-18
4734.00	3.52545e-18
4736.00	2.98789e-18
4738.00	3.43135e-18
4740.00	-1.06015e-18
4742.00	4.26388e-18
4744.00	1.94579e-19
4746.00	2.00286e-18
4748.00	6.24899e-18
4750.00	4.75145e-18
4752.00	3.05367e-18
4754.00	5.10476e-18
4756.00	3.51098e-18
4758.00	3.42757e-18
4760.00	5.55669e-18
4762.00	3.40873e-18
4764.00	5.69891e-19
4766.00	1.56802e-18
4768.00	1.39138e-18
4770.00	3.81231e-18
4772.00	6.00069e-18
4774.00	8.03418e-18
4776.00	3.7165e-18
4778.00	9.40905e-18
4780.00	3.80564e-18
4782.00	9.90824e-19
4784.00	2.06491e-18
4786.00	4.21542e-18
4788.00	2.00687e-18
4790.00	7.03048e-18
4792.00	5.28149e-18
4794.00	1.58956e-18
4796.00	2.40195e-18
4798.00	1.78632e-18
4800.00	1.94006e-18
4802.00	3.91122e-18
4804.00	1.1841e-18
4806.00	9.67307e-19
4808.00	4.17666e-18
4810.00	3.68199e-18
4812.00	3.2165e-18
4814.00	9.99585e-19
4816.00	4.47528e-18
4818.00	3.236e-18
4820.00	4.66739e-18
4822.00	3.27771e-18
4824.00	6.20673e-18
4826.00	3.65286e-18
4828.00	1.64826e-18
4830.00	4.12729e-18
4832.00	5.64232e-18
4834.00	7.70601e-18
4836.00	6.4298e-18
4838.00	5.24937e-18
4840.00	2.63381e-18
4842.00	2.22829e-18
4844.00	3.09274e-18
4846.00	2.22842e-18
4848.00	2.15335e-18
4850.00	3.94514e-18
4852.00	7.75455e-19
4854.00	4.05827e-18
4856.00	5.17404e-18
4858.00	1.36856e-18
4860.00	2.56713e-18
4862.00	2.44873e-18
4864.00	8.95496e-19
4866.00	-4.32599e-19
4868.00	2.6622e-18
4870.00	4.31625e-18
4872.00	6.40497e-19
4874.00	2.32444e-18
4876.00	1.25178e-18
4878.00	6.09104e-18
4880.00	3.89919e-18
4882.00	1.93129e-18
4884.00	5.84777e-18
4886.00	5.82339e-18
4888.00	6.44742e-18
4890.00	4.63455e-18
4892.00	3.59651e-18
4894.00	6.92613e-18
4896.00	2.39941e-18
4898.00	2.25793e-19
4900.00	3.66198e-18
4902.00	4.09663e-18
4904.00	4.41899e-18
4906.00	4.379e-18
4908.00	3.83638e-18
4910.00	1.6091e-18
4912.00	4.78676e-18
4914.00	1.40036e-18
4916.00	5.64674e-18
4918.00	6.31309e-18
4920.00	4.78803e-18
4922.00	3.69569e-18
4924.00	5.32208e-18
4926.00	1.3785e-18
4928.00	2.95853e-18
4930.00	5.14433e-18
4932.00	4.8525e-18
4934.00	4.79976e-18
4936.00	3.18636e-18
4938.00	2.13702e-18
4940.00	3.74911e-18
4942.00	5.03138e-18
4944.00	7.74346e-18
4946.00	3.21911e-18
4948.00	6.10794e-18
4950.00	3.28263e-18
4952.00	6.06731e-18
4954.00	9.44258e-19
4956.00	5.52191e-18
4958.00	4.73645e-18
4960.00	3.47426e-18
4962.00	5.52159e-18
4964.00	5.41815e-18
4966.00	4.06287e-18
4968.00	2.90212e-18
4970.00	1.08655e-18
4972.00	4.37204e-18
4974.00	6.48638e-19
4976.00	9.94627e-19
4978.00	3.7078e-18
4980.00	4.28095e-18
4982.00	5.58439e-18
4984.00	3.25922e-18
4986.00	2.72371e-18
4988.00	1.71339e-18
4990.00	1.09228e-18
4992.00	2.62923e-18
4994.00	5.32793e-18
4996.00	2.06596e-18
4998.00	4.0379e-18
5000.00	5.34424e-18
5002.00	3.06167e-18
5004.00	3.25472e-18
5006.00	2.99149e-18
5008.00	3.40021e-18
5010.00	7.11234e-18
5012.00	3.04292e-18
5014.00	5.28319e-18
5016.00	3.48255e-18
5018.00	5.34116e-18
5020.00	7.02747e-18
5022.00	4.23317e-18
5024.00	6.35095e-18
5026.00	3.38085e-18
5028.00	7.96476e-18
5030.00	-8.29298e-19
5032.00	4.79975e-18
5034.00	2.73929e-18
5036.00	3.02927e-18
5038.00	3.94802e-18
5040.00	3.18744e-18
5042.00	2.91304e-18
5044.00	4.78313e-18
5046.00	4.18412e-18
5048.00	3.46964e-18
5050.00	3.62662e-18
5052.00	3.55405e-18
5054.00	3.11063e-18
5056.00	6.40026e-18
5058.00	4.73288e-18
5060.00	4.24229e-18
5062.00	2.83936e-18
5064.00	6.0942e-18
5066.00	3.94164e-18
5068.00	3.89608e-18
5070.00	2.623e-18
5072.00	6.94934e-18
5074.00	4.62265e-18
5076.00	4.52141e-18
5078.00	6.75397e-18
5080.00	1.41962e-18
5082.00	2.16174e-18
5084.00	1.58153e-18
5086.00	7.51836e-18
5088.00	2.13958e-18
5090.00	4.81367e-18
5092.00	4.91788e-18
5094.00	3.08183e-18
5096.00	6.02931e-18
5098.00	-8.54178e-19
5100.00	3.58945e-18
5102.00	4.87829e-18
5104.00	3.33427e-18
5106.00	6.03941e-18
5108.00	4.54485e-18
5110.00	7.89079e-18
5112.00	2.94909e-18
5114.00	2.41385e-18
5116.00	4.58502e-18
5118.00	6.77906e-18
5120.00	4.83207e-18
5122.00	3.30173e-18
5124.00	3.65451e-18
5126.00	5.09163e-18
5128.00	4.03964e-18
5130.00	3.73231e-18
5132.00	5.28561e-18
5134.00	2.80169e-18
5136.00	1.66821e-18
5138.00	4.3372e-18
5140.00	2.24478e-18
5142.00	2.6033e-18
5144.00	3.74885e-18
5146.00	5.65343e-18
5148.00	3.6542e-18
5150.00	1.69818e-18
5152.00	3.48728e-18
5154.00	3.40879e-18
5156.00	3.24276e-18
5158.00	1.77742e-18
5160.00	3.19575e-18
5162.00	1.57573e-18
5164.00	3.64905e-18
5166.00	3.1548e-18
5168.00	2.5425e-18
5170.00	4.21487e-18
5172.00	5.20265e-18
5174.00	6.22106e-18
5176.00	5.50991e-18
5178.00	5.50488e-18
5180.00	5.64908e-18
5182.00	5.54988e-18
5184.00	1.41526e-17
5186.00	1.63305e-17
5188.00	2.19213e-17
5190.00	2.2421e-17
5192.00	1.1516e-17
5194.00	3.52052e-18
5196.00	3.86733e-18
5198.00	9.90248e-19
5200.00	2.97921e-18
5202.00	1.63562e-18
5204.00	1.86163e-18
5206.00	3.32638e-18
5208.00	2.32833e-18
5210.00	4.32879e-18
5212.00	2.23504e-18
5214.00	3.30156e-18
5216.00	2.19665e-18
5218.00	4.32234e-18
5220.00	6.89905e-18
5222.00	1.92493e-18
5224.00	4.50181e-18
5226.00	3.39773e-18
5228.00	3.21416e-18
5230.00	5.93832e-18
5232.00	3.49459e-18
5234.00	4.74474e-18
5236.00	6.46089e-18
5238.00	2.41702e-18
5240.00	5.69539e-18
5242.00	6.82042e-18
5244.00	3.67687e-18
5246.00	5.14925e-18
5248.00	1.76573e-18
5250.00	1.60046e-18
5252.00	3.42686e-18
5254.00	3.58268e-18
5256.00	6.92381e-18
5258.00	3.12502e-18
5260.00	7.03561e-18
5262.00	4.00637e-18
5264.00	4.18609e-18
5266.00	5.73032e-18
5268.00	3.89725e-18
5270.00	6.76966e-18
5272.00	5.75307e-18
5274.00	4.15066e-18
5276.00	4.04191e-18
5278.00	6.9293e-18
5280.00	2.94918e-18
5282.00	4.80585e-18
5284.00	3.46962e-18
5286.00	4.87783e-18
5288.00	5.35784e-18
5290.00	4.94337e-18
5292.00	1.13034e-18
5294.00	4.80548e-18
5296.00	2.87547e-18
5298.00	1.06219e-18
5300.00	6.01481e-18
5302.00	3.33692e-18
5304.00	-1.63769e-18
5306.00	2.15685e-18
5308.00	4.16932e-18
5310.00	5.1359e-18
5312.00	3.41134e-18
5314.00	8.02918e-18
5316.00	7.07126e-18
5318.00	4.02116e-18
5320.00	2.53588e-18
5322.00	7.84861e-18
5324.00	2.72618e-18
5326.00	4.09102e-18
5328.00	4.22967e-18
5330.00	2.62375e-18
5332.00	4.75873e-18
5334.00	4.35803e-18
5336.00	2.85445e-18
5338.00	-5.48778e-19
5340.00	5.22457e-18
5342.00	4.49043e-18
5344.00	3.15604e-18
5346.00	6.70683e-18
5348.00	5.01237e-18
5350.00	6.54238e-18
5352.00	-4.95789e-19
5354.00	2.31928e-18
5356.00	2.52999e-18
5358.00	4.73962e-18
5360.00	5.9667e-18
5362.00	3.75743e-18
5364.00	3.40205e-18
5366.00	5.19384e-18
5368.00	3.48457e-18
5370.00	3.37446e-18
5372.00	5.64477e-18
5374.00	5.63992e-18
5376.00	1.11739e-17
5378.00	5.14385e-18
5380.00	5.39822e-18
5382.00	1.44022e-18
5384.00	7.94888e-18
5386.00	7.25581e-18
5388.00	4.29622e-18
5390.00	3.44489e-18
5392.00	7.61984e-18
5394.00	6.04428e-18
5396.00	7.88525e-18
5398.00	5.70419e-18
5400.00	4.75468e-18
5402.00	4.34482e-18
5404.00	4.23136e-18
5406.00	2.4863e-18
5408.00	3.92643e-18
5410.00	4.69107e-18
5412.00	5.91198e-18
5414.00	4.40145e-18
5416.00	3.44298e-18
5418.00	3.51621e-18
5420.00	1.37283e-18
5422.00	3.22997e-18
5424.00	6.49125e-18
5426.00	3.75261e-18
5428.00	3.28551e-18
5430.00	2.37557e-18
5432.00	3.12497e-18
5434.00	3.63445e-18
5436.00	3.57944e-18
5438.00	3.73291e-18
5440.00	3.66191e-18
5442.00	3.84112e-18
5444.00	5.22932e-18
5446.00	5.31472e-18
5448.00	5.87298e-18
5450.00	5.59556e-18
5452.00	1.67941e-18
5454.00	4.24399e-18
5456.00	3.04095e-18
5458.00	4.25393e-18
5460.00	2.30389e-18
5462.00	5.01076e-18
5464.00	2.50417e-18
5466.00	5.81634e-18
5468.00	2.09956e-18
5470.00	5.3532e-18
5472.00	1.67951e-18
5474.00	4.91069e-18
5476.00	-3.78001e-21
5478.00	7.40197e-18
5480.00	1.98758e-18
5482.00	7.20244e-19
5484.00	1.78255e-19
5486.00	3.05308e-18
5488.00	4.33337e-18
5490.00	2.43038e-18
5492.00	6.0427e-18
5494.00	2.56208e-18
5496.00	7.74228e-18
5498.00	5.31871e-18
5500.00	2.42129e-18
5502.00	6.8375e-18
5504.00	8.25177e-18
5506.00	2.99563e-18
5508.00	4.64918e-18
5510.00	6.06593e-18
5512.00	3.27641e-18
5514.00	4.61108e-18
5516.00	3.56516e-18
5518.00	1.8105e-18
5520.00	4.31228e-18
5522.00	4.96561e-18
5524.00	3.0001e-18
5526.00	4.86568e-18
5528.00	4.09345e-18
5530.00	7.93522e-19
5532.00	7.66551e-18
5534.00	1.80241e-18
5536.00	4.96966e-18
5538.00	3.68452e-18
5540.00	7.44825e-18
5542.00	5.09044e-18
5544.00	4.11493e-18
5546.00	1.39674e-18
5548.00	4.01374e-18
5550.00	4.84178e-18
5552.00	2.30546e-18
5554.00	5.80269e-18
5556.00	4.28029e-18
5558.00	1.60257e-18
5560.00	4.85529e-18
5562.00	5.93887e-18
5564.00	2.37408e-18
5566.00	5.79628e-18
5568.00	3.67086e-18
5570.00	3.94988e-18
5572.00	3.47365e-18
5574.00	4.55719e-19
5576.00	6.67496e-18
5578.00	1.34752e-17
5580.00	-9.80047e-19
5582.00	4.74124e-18
5584.00	3.6243e-18
5586.00	4.55296e-18
5588.00	7.67539e-18
5590.00	-1.37396e-18
5592.00	5.2394e-18
5594.00	2.64098e-18
5596.00	1.26471e-18
5598.00	1.16252e-17
5600.00	4.63545e-18
5602.00	3.70886e-18
5604.00	2.93047e-18
5606.00	2.5247e-18
5608.00	6.53336e-18
5610.00	1.08621e-17
5612.00	5.77166e-18
5614.00	4.00825e-18
5616.00	-1.52587e-18
5618.00	-2.112e-18
5620.00	6.24663e-18
5622.00	5.49901e-18
5624.00	1.14119e-18
5626.00	1.28102e-18
5628.00	8.17175e-19
5630.00	8.70558e-18
5632.00	7.10471e-18
5634.00	5.71906e-19
5636.00	2.14148e-19
5638.00	1.15054e-18
5640.00	3.71108e-18
5642.00	5.49985e-18
5644.00	1.27143e-18
5646.00	2.36796e-18
5648.00	5.76879e-18
5650.00	2.77994e-18
5652.00	6.39169e-21
5654.00	5.37727e-18
5656.00	5.13436e-18
5658.00	1.98935e-18
5660.00	5.83706e-18
5662.00	4.23688e-18
5664.00	3.03768e-18
5666.00	3.29536e-18
5668.00	2.51316e-18
5670.00	4.92644e-18
5672.00	9.33214e-18
5674.00	7.86208e-18
5676.00	7.04506e-18
5678.00	3.69265e-18
5680.00	9.93538e-19
5682.00	2.62167e-19
5684.00	2.32894e-18
5686.00	3.40469e-18
5688.00	3.68064e-18
5690.00	2.51939e-18
5692.00	5.45997e-18
5694.00	4.91954e-18
5696.00	3.02813e-18
5698.00	5.34088e-18
5700.00	3.58474e-18
5702.00	-4.65418e-19
5704.00	2.39479e-18
5706.00	1.89653e-18
5708.00	1.53816e-18
5710.00	3.91123e-18
5712.00	4.87117e-18
5714.00	6.4623e-18
5716.00	6.51856e-18
5718.00	4.52751e-18
5720.00	2.86937e-18
5722.00	3.04604e-18
5724.00	4.88499e-19
5726.00	-4.99734e-19
5728.00	3.78178e-18
5730.00	4.37721e-18
5732.00	1.44049e-19
5734.00	1.40408e-18
5736.00	5.46521e-18
5738.00	1.73048e-18
5740.00	1.23776e-18
5742.00	3.52372e-18
5744.00	3.82999e-18
5746.00	5.12692e-18
5748.00	5.32112e-18
5750.00	5.46209e-18
5752.00	3.75153e-18
5754.00	-6.30933e-21
5756.00	1.42314e-18
5758.00	5.33667e-18
5760.00	3.07788e-18
5762.00	4.19121e-18
5764.00	4.40506e-18
5766.00	4.6189e-18
5768.00	4.83274e-18
5770.00	4.83274e-18
5772.00	4.07382e-18
5774.00	5.30119e-18
5776.00	2.95019e-18
5778.00	2.19445e-18
5780.00	4.54954e-18
5782.00	3.47632e-18
5784.00	4.95248e-18
5786.00	4.96064e-18
5788.00	4.58987e-18
5790.00	2.54764e-18
5792.00	2.48754e-18
5794.00	3.72456e-18
5796.00	5.49978e-18
5798.00	6.42182e-18
5800.00	4.76542e-18
5802.00	3.78822e-18
5804.00	2.7632e-18
5806.00	3.53409e-18
5808.00	3.46373e-18
5810.00	1.10187e-18
5812.00	2.44278e-18
5814.00	2.68456e-18
5816.00	3.49466e-18
5818.00	2.23927e-18
5820.00	1.90502e-18
5822.00	1.47315e-18
5824.00	1.98048e-18
5826.00	3.43423e-18
5828.00	5.24188e-18
5830.00	5.41803e-18
5832.00	5.72762e-18
5834.00	4.7234e-18
5836.00	4.0535e-18
5838.00	4.00249e-18
5840.00	4.6972e-18
5842.00	4.59793e-18
5844.00	2.72704e-18
5846.00	7.4476e-19
5848.00	1.90469e-18
5850.00	3.44899e-18
5852.00	2.49607e-18
5854.00	4.08719e-18
5856.00	6.1125e-18
5858.00	4.43087e-18
5860.00	3.6967e-18
5862.00	5.93673e-18
5864.00	5.48611e-18
5866.00	6.01288e-18
5868.00	5.42416e-18
5870.00	3.63198e-18
5872.00	5.54596e-18
5874.00	5.55775e-18
5876.00	4.35791e-18
5878.00	3.39124e-18
5880.00	4.49691e-18
5882.00	3.96009e-18
5884.00	4.57462e-18
5886.00	2.87816e-18
5888.00	5.58469e-18
5890.00	1.71533e-18
5892.00	7.89479e-18
5894.00	4.88353e-18
5896.00	3.55829e-18
5898.00	3.8043e-18
5900.00	2.22268e-18
5902.00	1.56449e-18
5904.00	-3.38074e-20
5906.00	2.88607e-18
5908.00	3.88994e-18
5910.00	4.99498e-18
5912.00	4.85553e-18
5914.00	4.57587e-18
5916.00	1.01898e-18
5918.00	1.37443e-18
5920.00	3.31703e-18
5922.00	4.94998e-18
5924.00	4.81644e-18
5926.00	3.24743e-18
5928.00	4.13376e-18
5930.00	3.71115e-18
5932.00	3.82057e-18
5934.00	3.21535e-18
5936.00	5.64798e-18
5938.00	4.92695e-18
5940.00	2.58494e-18
5942.00	4.643e-18
5944.00	3.45697e-18
5946.00	5.19871e-18
5948.00	6.58127e-18
5950.00	3.9538e-18
5952.00	4.40815e-18
5954.00	4.90945e-18
5956.00	2.40202e-18
5958.00	4.0636e-18
5960.00	5.65367e-18
5962.00	6.65014e-18
5964.00	5.93079e-18
5966.00	3.51998e-18
5968.00	4.13546e-18
5970.00	5.92431e-18
5972.00	2.47039e-18
5974.00	2.63175e-18
5976.00	3.94056e-18
5978.00	5.71358e-18
5980.00	6.19234e-18
5982.00	3.51519e-18
5984.00	3.54558e-18
5986.00	3.00057e-18
5988.00	8.15761e-19
5990.00	-4.91612e-18
5992.00	1.45441e-19
5994.00	4.34378e-18
5996.00	3.79714e-18
5998.00	3.43137e-18
6000.00	3.88306e-18
6002.00	3.77445e-18
6004.00	4.35886e-18
6006.00	6.45445e-18
6008.00	6.69036e-18
6010.00	5.5899e-18
6012.00	4.69962e-18
6014.00	4.0018e-18
6016.00	3.24882e-18
6018.00	5.21696e-18
6020.00	7.27379e-18
6022.00	3.39844e-18
6024.00	3.10739e-18
6026.00	4.2535e-18
6028.00	1.33131e-18
6030.00	1.82502e-18
6032.00	4.64088e-18
6034.00	3.65275e-18
6036.00	1.2643e-18
6038.00	2.31249e-18
6040.00	2.79548e-18
6042.00	4.3972e-18
6044.00	5.25572e-18
6046.00	4.5777e-18
6048.00	1.52852e-18
6050.00	1.6612e-18
6052.00	2.48743e-18
6054.00	2.20796e-18
6056.00	4.3989e-18
6058.00	3.51015e-18
6060.00	3.1395e-18
6062.00	4.04597e-18
6064.00	5.13183e-18
6066.00	4.04885e-18
6068.00	3.74239e-18
6070.00	5.21675e-18
6072.00	4.15613e-18
6074.00	2.04492e-18
6076.00	4.70609e-18
6078.00	4.87879e-18
6080.00	2.90197e-18
6082.00	3.03202e-18
6084.00	4.84187e-18
6086.00	5.15239e-18
6088.00	3.49722e-18
6090.00	4.24048e-18
6092.00	6.30286e-18
6094.00	3.84819e-18
6096.00	6.52296e-18
6098.00	3.956e-18
6100.00	2.16466e-18
6102.00	4.18926e-20
6104.00	3.44104e-18
6106.00	3.19644e-18
6108.00	4.31669e-18
6110.00	4.84147e-18
6112.00	4.37513e-18
6114.00	4.1449e-18
6116.00	3.86713e-18
6118.00	4.26241e-18
6120.00	5.0137e-18
6122.00	6.55959e-18
6124.00	3.59457e-18
6126.00	1.66908e-18
6128.00	3.69778e-18
6130.00	2.40081e-18
6132.00	3.8362e-18
6134.00	5.44123e-18
6136.00	2.64625e-18
6138.00	2.14209e-18
6140.00	3.85552e-18
6142.00	3.90612e-18
6144.00	4.69091e-18
6146.00	4.20834e-18
6148.00	3.80386e-18
6150.00	4.51768e-18
6152.00	5.42897e-18
6154.00	3.72531e-18
6156.00	2.11615e-18
6158.00	2.95599e-18
6160.00	4.25393e-18
6162.00	3.98126e-18
6164.00	5.06225e-18
6166.00	3.9956e-18
6168.00	1.80817e-18
6170.00	2.07841e-18
6172.00	3.62387e-18
6174.00	5.42888e-18
6176.00	3.7942e-18
6178.00	3.4429e-18
6180.00	3.68249e-18
6182.00	3.03551e-18
6184.00	4.39716e-18
6186.00	5.75123e-18
6188.00	5.20851e-18
6190.00	4.12597e-18
6192.00	3.61857e-18
6194.00	3.45004e-18
6196.00	3.48615e-18
6198.00	4.74124e-18
6200.00	5.35639e-18
6202.00	4.45973e-18
6204.00	2.48886e-18
6206.00	4.01106e-18
6208.00	5.785e-18
6210.00	1.39181e-18
6212.00	2.87237e-18
6214.00	4.54941e-18
6216.00	3.98962e-18
6218.00	5.87115e-18
6220.00	6.71456e-18
6222.00	5.75375e-18
6224.00	4.03911e-18
6226.00	2.68781e-18
6228.00	5.6513e-18
6230.00	4.90205e-18
6232.00	3.47829e-18
6234.00	2.92691e-18
6236.00	5.1259e-18
6238.00	5.1804e-18
6240.00	3.88728e-18
6242.00	3.15026e-18
6244.00	3.05052e-18
6246.00	3.97192e-18
6248.00	4.87281e-18
6250.00	5.6014e-18
6252.00	4.80882e-18
6254.00	4.62606e-18
6256.00	4.41794e-18
6258.00	3.72444e-18
6260.00	4.07863e-18
6262.00	3.19187e-18
6264.00	4.85458e-18
6266.00	3.42592e-18
6268.00	2.96871e-18
6270.00	3.5426e-18
6272.00	3.87226e-18
6274.00	3.23366e-18
6276.00	3.92086e-18
6278.00	3.91605e-18
6280.00	4.81054e-18
6282.00	4.01885e-18
6284.00	-4.16878e-19
6286.00	4.23093e-18
6288.00	3.99161e-18
6290.00	3.53174e-18
6292.00	3.32777e-18
6294.00	3.92415e-18
6296.00	5.87708e-18
6298.00	1.19858e-18
6300.00	1.55447e-18
6302.00	2.38385e-18
6304.00	3.35237e-18
6306.00	1.67388e-18
6308.00	3.48567e-18
6310.00	4.58594e-18
6312.00	5.10398e-18
6314.00	4.80378e-18
6316.00	4.84162e-18
6318.00	4.22904e-18
6320.00	4.21123e-18
6322.00	4.39318e-18
6324.00	3.01489e-18
6326.00	2.6339e-18
6328.00	4.26989e-18
6330.00	4.7766e-18
6332.00	3.26201e-18
6334.00	4.09065e-18
6336.00	4.70737e-18
6338.00	2.43538e-18
6340.00	3.31851e-18
6342.00	3.83995e-18
6344.00	4.22645e-18
6346.00	4.03079e-18
6348.00	1.94614e-18
6350.00	3.21032e-18
6352.00	4.66034e-18
6354.00	3.78184e-18
6356.00	3.69303e-18
6358.00	3.87538e-18
6360.00	3.67303e-18
6362.00	6.18837e-18
6364.00	1.6038e-18
6366.00	2.50224e-18
6368.00	4.87269e-18
6370.00	2.5925e-18
6372.00	3.69032e-18
6374.00	5.06569e-18
6376.00	3.45493e-18
6378.00	2.63082e-18
6380.00	3.56154e-18
6382.00	4.37371e-18
6384.00	4.26691e-18
6386.00	4.30837e-18
6388.00	3.00282e-18
6390.00	2.4556e-18
6392.00	2.31232e-18
6394.00	3.99489e-18
6396.00	4.17857e-18
6398.00	2.82071e-18
6400.00	4.00555e-18
6402.00	3.77779e-18
6404.00	3.5624e-18
6406.00	3.41056e-18
6408.00	3.21941e-18
6410.00	4.84843e-18
6412.00	4.46533e-18
6414.00	4.36185e-18
6416.00	1.63909e-18
6418.00	2.64103e-18
6420.00	2.19572e-18
6422.00	2.97979e-18
6424.00	4.09774e-18
6426.00	2.0269e-18
6428.00	3.56222e-18
6430.00	4.24268e-18
6432.00	2.70008e-18
6434.00	3.49405e-18
6436.00	3.51202e-18
6438.00	2.99257e-18
6440.00	3.38337e-18
6442.00	3.10792e-18
6444.00	3.15412e-18
6446.00	4.02972e-18
6448.00	3.4914e-18
6450.00	3.08184e-18
6452.00	2.26255e-18
6454.00	2.80301e-18
6456.00	2.55861e-18
6458.00	3.28585e-18
6460.00	2.52999e-18
6462.00	3.72976e-18
6464.00	5.56545e-18
6466.00	3.66696e-18
6468.00	3.15009e-18
6470.00	3.81319e-18
6472.00	2.52362e-18
6474.00	3.51804e-18
6476.00	1.93682e-18
6478.00	2.81253e-18
6480.00	4.51351e-18
6482.00	3.8045e-18
6484.00	1.99477e-18
6486.00	2.82814e-18
6488.00	5.16615e-19
6490.00	4.06892e-18
6492.00	3.37888e-18
6494.00	-3.48591e-19
6496.00	3.56767e-18
6498.00	5.16405e-18
6500.00	2.6853e-18
6502.00	2.76013e-18
6504.00	3.54768e-18
6506.00	3.0747e-18
6508.00	5.1739e-18
6510.00	4.49583e-18
6512.00	3.26572e-18
6514.00	2.65394e-18
6516.00	2.88413e-18
6518.00	2.32396e-18
6520.00	4.31804e-18
6522.00	3.1615e-18
6524.00	2.58306e-18
6526.00	3.0085e-18
6528.00	2.27507e-18
6530.00	3.27246e-18
6532.00	3.91356e-18
6534.00	2.90935e-18
6536.00	3.23222e-18
6538.00	4.28713e-18
6540.00	4.04572e-18
6542.00	2.55773e-18
6544.00	3.74972e-18
6546.00	2.92392e-18
6548.00	1.50756e-18
6550.00	1.9398e-18
6552.00	3.0237e-18
6554.00	3.98578e-18
6556.00	2.26138e-18
6558.00	3.38661e-18
6560.00	3.68142e-18
6562.00	2.07413e-18
6564.00	3.24022e-18
6566.00	3.86935e-18
6568.00	2.23664e-18
6570.00	1.17266e-18
6572.00	3.44519e-18
6574.00	2.55884e-18
6576.00	3.5904e-18
6578.00	5.26544e-18
6580.00	2.5605e-18
6582.00	1.54995e-18
6584.00	9.72205e-19
6586.00	2.39103e-18
6588.00	2.79188e-18
6590.00	3.1205e-18
6592.00	2.70507e-18
6594.00	2.90028e-18
6596.00	5.28195e-18
6598.00	4.35871e-18
6600.00	1.77709e-18
6602.00	3.4618e-18
6604.00	3.4874e-18
6606.00	2.94522e-18
6608.00	2.55589e-18
6610.00	2.52879e-18
6612.00	2.41131e-18
6614.00	2.45892e-18
6616.00	3.02367e-18
6618.00	2.62453e-18
6620.00	2.19262e-18
6622.00	2.87274e-18
6624.00	3.52891e-18
6626.00	3.0101e-18
6628.00	2.24538e-18
6630.00	2.41383e-18
6632.00	4.76245e-18
6634.00	4.57126e-18
6636.00	3.16371e-18
6638.00	5.17436e-18
6640.00	5.90704e-18
6642.00	3.41005e-18
6644.00	1.33672e-18
6646.00	1.28257e-18
6648.00	2.29862e-18
6650.00	2.53774e-18
6652.00	3.40741e-18
6654.00	3.1408e-18
6656.00	2.96652e-18
6658.00	2.60951e-18
6660.00	3.70825e-18
6662.00	5.16396e-18
6664.00	4.44991e-18
6666.00	3.05142e-18
6668.00	2.98726e-18
6670.00	3.74016e-18
6672.00	2.7571e-18
6674.00	2.95324e-18
6676.00	3.15236e-18
6678.00	3.035e-18
6680.00	1.90079e-18
6682.00	3.32034e-18
6684.00	5.08981e-18
6686.00	3.61837e-18
6688.00	3.63684e-18
6690.00	4.07342e-18
6692.00	3.29903e-18
6694.00	3.38541e-18
6696.00	5.24439e-18
6698.00	4.465e-18
6700.00	5.46789e-18
6702.00	3.88218e-18
6704.00	3.59013e-18
6706.00	3.91515e-18
6708.00	3.44761e-18
6710.00	2.74075e-18
6712.00	3.00675e-18
6714.00	2.67031e-18
6716.00	2.46211e-18
6718.00	3.73305e-18
6720.00	4.35226e-18
6722.00	3.73526e-18
6724.00	3.53653e-18
6726.00	4.18582e-18
6728.00	3.62982e-18
6730.00	3.15387e-18
6732.00	3.61158e-18
6734.00	2.35684e-18
6736.00	1.39176e-18
6738.00	2.02068e-18
6740.00	4.13796e-18
6742.00	5.60626e-18
6744.00	3.92468e-18
6746.00	3.35696e-18
6748.00	3.28125e-18
6750.00	2.09932e-18
6752.00	1.4306e-18
6754.00	2.01122e-18
6756.00	3.63187e-18
6758.00	2.99569e-19
6760.00	1.45134e-18
6762.00	2.44678e-18
6764.00	5.63239e-18
6766.00	8.56053e-18
6768.00	7.94835e-18
6770.00	6.47123e-18
6772.00	3.18769e-18
6774.00	3.74789e-18
6776.00	4.43916e-18
6778.00	3.24878e-18
6780.00	2.14642e-18
6782.00	1.25547e-18
6784.00	4.2535e-18
6786.00	3.70896e-18
6788.00	2.00246e-18
6790.00	3.0229e-18
6792.00	3.80922e-18
6794.00	4.40508e-18
6796.00	3.6265e-18
6798.00	3.09287e-18
6800.00	1.89524e-18
6802.00	1.09818e-18
6804.00	2.51055e-18
6806.00	4.27277e-18
6808.00	3.3767e-18
6810.00	2.47311e-18
6812.00	2.24151e-18
6814.00	4.52562e-18
6816.00	3.18751e-18
6818.00	4.05891e-18
6820.00	5.58662e-18
6822.00	4.31718e-18
6824.00	4.43831e-18
6826.00	3.50295e-18
6828.00	2.25903e-18
6830.00	1.39884e-18
6832.00	8.77772e-19
6834.00	3.70151e-18
6836.00	3.95652e-18
6838.00	3.51957e-18
6840.00	3.8058e-18
6842.00	2.08128e-18
6844.00	4.31831e-18
6846.00	3.36726e-18
6848.00	1.63562e-18
6850.00	3.36145e-18
6852.00	4.03703e-18
6854.00	3.81002e-18
6856.00	3.04019e-18
6858.00	2.42121e-18
6860.00	2.21571e-18
6862.00	2.01489e-18
6864.00	2.45475e-18
6866.00	1.62608e-18
6868.00	3.2506e-18
6870.00	3.45339e-18
6872.00	2.83579e-18
6874.00	2.68332e-18
6876.00	1.91754e-18
6878.00	3.99767e-18
6880.00	4.74059e-18
6882.00	5.21066e-18
6884.00	3.96618e-18
6886.00	8.00557e-19
6888.00	2.53636e-18
6890.00	4.34175e-18
6892.00	4.27326e-18
6894.00	4.6429e-18
6896.00	3.41679e-18
6898.00	5.18945e-18
6900.00	6.12625e-18
6902.00	7.21669e-18
6904.00	6.87365e-18
6906.00	4.47135e-18
6908.00	2.65463e-18
6910.00	1.97374e-18
6912.00	2.42546e-18
6914.00	4.2875e-18
6916.00	3.35755e-18
6918.00	2.94073e-18
6920.00	4.41349e-18
6922.00	4.11797e-18
6924.00	3.58079e-18
6926.00	3.39955e-18
6928.00	2.56816e-18
6930.00	3.29958e-18
6932.00	5.21298e-18
6934.00	3.96681e-18
6936.00	2.55525e-18
6938.00	2.16566e-18
6940.00	5.41561e-18
6942.00	4.74031e-18
6944.00	3.46859e-18
6946.00	5.06208e-18
6948.00	2.56459e-18
6950.00	1.44212e-18
6952.00	2.32227e-18
6954.00	2.55688e-18
6956.00	2.08523e-18
6958.00	1.77653e-18
6960.00	1.47653e-18
6962.00	2.72166e-18
6964.00	3.95516e-18
6966.00	7.10937e-18
6968.00	1.25841e-17
6970.00	1.93093e-17
6972.00	1.14303e-17
6974.00	2.79861e-18
6976.00	3.8266e-18
6978.00	4.98276e-18
6980.00	4.28304e-18
6982.00	3.3885e-18
6984.00	2.97101e-18
6986.00	3.11186e-18
6988.00	2.75196e-18
6990.00	2.66963e-18
6992.00	2.5873e-18
6994.00	2.50497e-18
6996.00	2.42264e-18
6998.00	2.42264e-18
7000.00	3.17175e-18
7002.00	4.27291e-18
7004.00	3.27113e-18
7006.00	1.92619e-18
7008.00	2.21317e-18
7010.00	3.34937e-18
7012.00	2.83997e-18
7014.00	3.54651e-18
7016.00	5.15987e-18
7018.00	4.2807e-18
7020.00	2.99323e-18
7022.00	1.95979e-18
7024.00	1.54872e-18
7026.00	2.05927e-18
7028.00	2.56302e-18
7030.00	1.0448e-18
7032.00	4.80783e-19
7034.00	2.35216e-18
7036.00	4.10813e-18
7038.00	3.67169e-18
7040.00	3.63253e-18
7042.00	2.77309e-18
7044.00	2.76036e-18
7046.00	2.86065e-18
7048.00	3.31387e-18
7050.00	3.82047e-18
7052.00	2.66573e-18
7054.00	3.58643e-18
7056.00	3.59295e-18
7058.00	3.46529e-18
7060.00	3.76012e-18
7062.00	3.44098e-18
7064.00	3.48189e-18
7066.00	3.66357e-18
7068.00	3.79988e-18
7070.00	3.75241e-18
7072.00	3.73523e-18
7074.00	3.49204e-18
7076.00	2.67775e-18
7078.00	2.22877e-18
7080.00	1.7959e-18
7082.00	3.53189e-18
7084.00	3.34036e-18
7086.00	3.17963e-18
7088.00	4.48511e-18
7090.00	3.58133e-18
7092.00	2.83322e-18
7094.00	3.37462e-18
7096.00	4.98453e-18
7098.00	3.64631e-18
7100.00	2.84583e-18
7102.00	3.90874e-18
7104.00	2.26892e-18
7106.00	2.48217e-18
7108.00	2.29221e-18
7110.00	2.31357e-18
7112.00	3.44604e-18
7114.00	3.06359e-18
7116.00	3.55063e-18
7118.00	3.24914e-18
7120.00	3.52095e-18
7122.00	3.64983e-18
7124.00	3.11514e-18
7126.00	3.05131e-18
7128.00	3.19891e-18
7130.00	4.08394e-18
7132.00	2.26945e-18
7134.00	3.2323e-18
7136.00	4.69601e-18
7138.00	3.8139e-18
7140.00	3.80399e-18
7142.00	4.26519e-18
7144.00	4.40927e-18
7146.00	4.53749e-18
7148.00	4.5359e-18
7150.00	3.59558e-18
7152.00	2.19065e-18
7154.00	2.09595e-18
7156.00	2.81934e-18
7158.00	3.21225e-18
7160.00	2.80399e-18
7162.00	1.99582e-18
7164.00	1.83596e-18
7166.00	1.98779e-18
7168.00	2.76941e-18
7170.00	4.04057e-18
7172.00	3.93571e-18
7174.00	3.02178e-18
7176.00	1.71618e-18
7178.00	1.88296e-18
7180.00	2.2939e-18
7182.00	2.70193e-18
7184.00	3.03337e-18
7186.00	3.65746e-18
7188.00	3.29496e-18
7190.00	3.49716e-18
7192.00	2.73161e-18
7194.00	2.23013e-18
7196.00	2.96941e-18
7198.00	3.42536e-18
7200.00	2.37837e-18
7202.00	1.78929e-18
7204.00	4.14234e-18
7206.00	3.80691e-18
7208.00	2.80171e-18
7210.00	3.66151e-18
7212.00	3.93906e-18
7214.00	2.80507e-18
7216.00	2.35338e-18
7218.00	2.25057e-18
7220.00	2.66735e-18
7222.00	3.53364e-18
7224.00	4.48311e-18
7226.00	2.64396e-18
7228.00	2.86448e-18
7230.00	3.70568e-18
7232.00	2.79761e-18
7234.00	2.38029e-18
7236.00	2.79253e-18
7238.00	3.6166e-18
7240.00	3.22717e-18
7242.00	2.1984e-18
7244.00	1.05309e-18
7246.00	1.24333e-18
7248.00	3.27079e-18
7250.00	3.60289e-18
7252.00	2.53105e-18
7254.00	3.18473e-18
7256.00	2.50549e-18
7258.00	1.82798e-18
7260.00	4.27028e-18
7262.00	4.31727e-18
7264.00	3.81288e-18
7266.00	4.44837e-18
7268.00	3.67535e-18
7270.00	2.04739e-18
7272.00	2.42351e-18
7274.00	2.9733e-18
7276.00	5.28363e-18
7278.00	3.22475e-18
7280.00	1.70517e-18
7282.00	1.17268e-18
7284.00	7.65469e-19
7286.00	2.29154e-18
7288.00	3.33187e-18
7290.00	2.12186e-18
7292.00	2.12864e-18
7294.00	2.26502e-18
7296.00	2.82153e-18
7298.00	2.12115e-18
7300.00	3.23911e-18
7302.00	3.37259e-18
7304.00	4.2324e-18
7306.00	3.12087e-18
7308.00	2.69469e-18
7310.00	2.42698e-18
7312.00	1.67011e-18
7314.00	2.17573e-18
7316.00	3.97594e-18
7318.00	4.56082e-18
7320.00	4.77806e-18
7322.00	4.2693e-18
7324.00	3.11153e-18
7326.00	2.9489e-18
7328.00	1.90306e-18
7330.00	2.16186e-18
7332.00	2.83584e-18
7334.00	2.22112e-18
7336.00	3.15996e-18
7338.00	4.52865e-18
7340.00	1.52775e-18
7342.00	2.47846e-18
7344.00	6.11316e-18
7346.00	3.13396e-18
7348.00	1.68248e-18
7350.00	2.15662e-18
7352.00	2.04639e-18
7354.00	2.76379e-18
7356.00	3.35186e-18
7358.00	3.34279e-18
7360.00	3.02875e-18
7362.00	1.74948e-18
7364.00	2.168e-18
7366.00	1.70207e-18
7368.00	2.02629e-18
7370.00	2.561e-18
7372.00	3.83817e-18
7374.00	3.16039e-18
7376.00	3.66691e-18
7378.00	4.28386e-18
7380.00	4.15085e-18
7382.00	3.24641e-18
7384.00	2.71955e-18
7386.00	3.21884e-18
7388.00	3.56416e-18
7390.00	3.39557e-18
7392.00	2.89189e-18
7394.00	3.17779e-18
7396.00	4.05688e-18
7398.00	2.78099e-18
7400.00	1.67713e-18
7402.00	3.69828e-18
7404.00	4.1718e-18
7406.00	3.57697e-18
7408.00	3.62403e-18
7410.00	4.28272e-18
7412.00	3.49436e-18
7414.00	1.83023e-18
7416.00	1.57966e-18
7418.00	1.89499e-18
7420.00	2.87198e-18
7422.00	2.65201e-18
7424.00	3.68509e-18
7426.00	2.96636e-18
7428.00	2.42099e-18
7430.00	4.50149e-18
7432.00	5.29463e-18
7434.00	3.70306e-18
7436.00	3.20689e-18
7438.00	2.5613e-18
7440.00	2.2301e-18
7442.00	4.69582e-18
7444.00	2.84645e-18
7446.00	1.34169e-18
7448.00	2.13963e-18
7450.00	1.94776e-18
7452.00	3.21213e-18
7454.00	2.85912e-18
7456.00	2.67132e-18
7458.00	3.20184e-18
7460.00	3.14712e-18
7462.00	2.24397e-18
7464.00	3.31905e-18
7466.00	4.7467e-18
7468.00	2.58064e-18
7470.00	5.35358e-19
7472.00	2.90647e-18
7474.00	2.27118e-18
7476.00	1.83324e-18
7478.00	3.44275e-18
7480.00	4.70418e-18
7482.00	4.84395e-18
7484.00	4.94212e-18
7486.00	4.49607e-18
7488.00	1.66596e-18
7490.00	2.55261e-18
7492.00	3.45309e-18
7494.00	3.69853e-18
7496.00	2.48411e-18
7498.00	3.17603e-18
7500.00	2.532e-18
7502.00	1.53829e-18
7504.00	2.94017e-18
7506.00	2.89394e-18
7508.00	3.15688e-18
7510.00	3.21859e-18
7512.00	2.52309e-18
7514.00	3.25068e-18
7516.00	2.94787e-18
7518.00	2.56044e-18
7520.00	3.33551e-18
7522.00	4.1913e-18
7524.00	4.36297e-18
7526.00	4.48414e-18
7528.00	4.20117e-18
7530.00	3.2219e-18
7532.00	2.62652e-18
7534.00	2.60757e-18
7536.00	3.03873e-18
7538.00	4.61033e-18
7540.00	4.47006e-18
7542.00	2.53701e-18
7544.00	1.17934e-18
7546.00	-1.15296e-18
7548.00	1.64901e-18
7550.00	2.06997e-18
7552.00	2.7482e-18
7554.00	1.91688e-18
7556.00	1.64645e-18
7558.00	1.09379e-18
7560.00	3.22237e-18
7562.00	2.36219e-18
7564.00	2.37004e-18
7566.00	3.62433e-18
7568.00	4.05757e-18
7570.00	2.50589e-18
7572.00	3.98088e-18
7574.00	5.39974e-18
7576.00	2.86738e-18
7578.00	3.10822e-18
7580.00	3.09871e-18
7582.00	4.86475e-18
7584.00	3.91522e-18
7586.00	2.23985e-18
7588.00	3.40107e-18
7590.00	1.29049e-18
7592.00	8.26582e-19
7594.00	3.61908e-18
7596.00	3.67002e-18
7598.00	7.44705e-18
7600.00	6.68208e-18
7602.00	8.1387e-18
7604.00	4.52357e-18
7606.00	5.31654e-18
7608.00	7.83175e-18
7610.00	2.91275e-18
7612.00	2.70441e-18
7614.00	4.55631e-18
7616.00	4.70107e-18
7618.00	2.79362e-18
7620.00	2.81714e-18
7622.00	2.37101e-18
7624.00	3.65355e-18
7626.00	3.00415e-18
7628.00	4.07413e-18
7630.00	3.70824e-18
7632.00	2.6698e-18
7634.00	2.34904e-18
7636.00	1.37736e-18
7638.00	1.94883e-18
7640.00	2.36217e-18
7642.00	5.11521e-19
7644.00	5.01814e-19
7646.00	5.05109e-18
7648.00	4.61461e-18
7650.00	1.80982e-18
7652.00	3.40273e-18
7654.00	3.97585e-18
7656.00	2.3383e-18
7658.00	1.89995e-19
7660.00	2.5969e-19
7662.00	6.65616e-19
7664.00	7.71708e-19
7666.00	3.20637e-18
7668.00	4.32582e-18
7670.00	4.31463e-18
7672.00	3.31339e-18
7674.00	2.94253e-18
7676.00	3.29335e-18
7678.00	3.47131e-18
7680.00	4.07656e-18
7682.00	3.64951e-18
7684.00	3.05328e-18
7686.00	4.71046e-18
7688.00	3.81401e-18
7690.00	2.06739e-18
7692.00	2.57272e-18
7694.00	3.14848e-18
7696.00	2.42857e-18
7698.00	3.33617e-18
7700.00	3.4469e-18
7702.00	2.17887e-18
7704.00	2.4344e-18
7706.00	2.69907e-18
7708.00	1.54594e-18
7710.00	4.7061e-18
7712.00	6.60301e-18
7714.00	3.75342e-18
7716.00	3.89645e-18
7718.00	4.56348e-18
7720.00	5.55198e-18
7722.00	4.38658e-18
7724.00	4.17618e-18
7726.00	4.29338e-18
7728.00	2.40813e-18
7730.00	-6.58498e-19
7732.00	1.92049e-18
7734.00	2.27721e-18
7736.00	2.20149e-18
7738.00	2.12383e-18
7740.00	2.78277e-18
7742.00	3.80587e-18
7744.00	4.25282e-18
7746.00	4.21172e-18
7748.00	7.73413e-18
7750.00	7.94592e-18
7752.00	4.48029e-18
7754.00	1.09878e-18
7756.00	9.71783e-19
7758.00	-1.35678e-19
7760.00	1.56862e-18
7762.00	3.66407e-18
7764.00	2.82786e-18
7766.00	1.57273e-18
7768.00	1.79413e-18
7770.00	2.82514e-18
7772.00	2.64765e-18
7774.00	1.78982e-18
7776.00	9.77193e-19
7778.00	2.37772e-18
7780.00	1.37327e-18
7782.00	2.47248e-18
7784.00	2.25349e-18
7786.00	2.96184e-18
7788.00	4.85989e-18
7790.00	4.88022e-18
7792.00	4.00589e-18
7794.00	5.43664e-18
7796.00	5.83033e-18
7798.00	4.51467e-18
7800.00	4.5782e-18
7802.00	2.87699e-18
7804.00	2.12041e-18
7806.00	2.98462e-18
7808.00	3.123e-18
7810.00	4.41631e-18
7812.00	4.27998e-18
7814.00	1.45871e-18
7816.00	7.92051e-19
7818.00	4.89673e-18
7820.00	5.7408e-18
7822.00	4.47048e-18
7824.00	5.57813e-18
7826.00	4.04631e-18
7828.00	2.80273e-18
7830.00	3.00623e-18
7832.00	1.76015e-18
7834.00	1.79919e-18
7836.00	3.37997e-18
7838.00	4.44171e-18
7840.00	2.38967e-18
7842.00	6.87721e-19
7844.00	1.34222e-19
7846.00	3.8227e-18
7848.00	5.77494e-18
7850.00	2.36658e-18
7852.00	1.44377e-18
7854.00	5.97539e-18
7856.00	2.97247e-18
7858.00	3.34325e-18
7860.00	3.20058e-18
7862.00	3.69443e-18
7864.00	3.69103e-18
7866.00	3.64144e-18
7868.00	7.3687e-18
7870.00	2.39153e-18
7872.00	2.02304e-18
7874.00	1.90867e-18
7876.00	-2.02885e-18
7878.00	-8.63898e-19
7880.00	2.23533e-18
7882.00	1.93258e-18
7884.00	3.17397e-18
7886.00	3.70603e-18
7888.00	8.70495e-19
7890.00	5.43566e-18
7892.00	8.70109e-18
7894.00	2.97497e-18
7896.00	9.8642e-19
7898.00	2.45691e-18
7900.00	3.38347e-18
7902.00	2.93724e-18
7904.00	1.90622e-18
7906.00	2.49518e-18
7908.00	1.10611e-18
7910.00	1.32059e-18
7912.00	5.38145e-18
7914.00	6.12693e-18
7916.00	2.60563e-18
7918.00	5.30866e-18
7920.00	4.22424e-18
7922.00	2.60454e-18
7924.00	1.01679e-18
7926.00	1.76508e-18
7928.00	1.46438e-18
7930.00	2.55357e-18
7932.00	1.67611e-18
7934.00	1.65126e-18
7936.00	3.73086e-18
7938.00	4.61759e-18
7940.00	4.14438e-18
7942.00	2.80608e-18
7944.00	3.08476e-18
7946.00	4.09591e-18
7948.00	5.13369e-18
7950.00	3.19614e-18
7952.00	4.02738e-18
7954.00	1.7995e-18
7956.00	1.98025e-18
7958.00	3.8157e-18
7960.00	2.50547e-18
7962.00	4.75588e-18
7964.00	7.52356e-18
7966.00	4.81869e-18
7968.00	3.5233e-18
7970.00	3.42291e-18
7972.00	4.17924e-18
7974.00	4.06944e-18
7976.00	1.97305e-18
7978.00	5.14811e-18
7980.00	7.35658e-18
7982.00	6.79317e-18
7984.00	4.65246e-18
7986.00	3.97288e-18
7988.00	3.15828e-18
7990.00	3.12391e-18
7992.00	7.22624e-18
7994.00	3.24466e-18
7996.00	1.4394e-18
7998.00	3.19581e-18
8000.00	4.00889e-18
8002.00	3.22186e-18
8004.00	2.08331e-18
8006.00	2.25438e-18
8008.00	3.42458e-18
8010.00	3.56677e-18
8012.00	1.86219e-18
8014.00	1.77169e-18
8016.00	3.61391e-18
8018.00	7.04591e-18
8020.00	5.1468e-18
8022.00	1.95771e-18
8024.00	6.8852e-18
8026.00	6.61945e-18
8028.00	3.1381e-18
8030.00	3.96138e-18
8032.00	4.18392e-18
8034.00	4.17468e-18
8036.00	3.40487e-18
8038.00	3.02226e-18
8040.00	2.62826e-18
8042.00	3.35427e-18
8044.00	4.66852e-18
8046.00	4.23439e-18
8048.00	1.96857e-18
8050.00	3.55361e-18
8052.00	4.20397e-18
8054.00	3.8826e-18
8056.00	3.48108e-18
8058.00	2.82018e-18
8060.00	3.72052e-18
8062.00	3.97993e-18
8064.00	4.88682e-18
8066.00	2.73001e-18
8068.00	2.34949e-18
8070.00	4.01947e-18
8072.00	2.74175e-18
8074.00	3.04857e-18
8076.00	1.83561e-18
8078.00	2.69237e-18
8080.00	1.95412e-18
8082.00	3.05566e-18
8084.00	4.0348e-18
8086.00	4.51554e-18
8088.00	3.88706e-18
8090.00	3.09651e-18
8092.00	4.68624e-18
8094.00	4.62082e-18
8096.00	4.12942e-18
8098.00	2.33803e-18
8100.00	2.1118e-18
8102.00	3.65337e-18
8104.00	2.17704e-18
8106.00	8.66553e-19
8108.00	2.03275e-18
8110.00	3.98477e-18
8112.00	4.14475e-18
8114.00	2.17073e-18
8116.00	3.11873e-18
8118.00	3.96088e-18
8120.00	2.16144e-18
8122.00	1.37797e-18
8124.00	4.27178e-18
8126.00	2.85116e-18
8128.00	4.19416e-18
8130.00	4.48073e-18
8132.00	1.67824e-18
8134.00	3.97746e-18
8136.00	3.35038e-18
8138.00	3.69871e-18
8140.00	3.20511e-18
8142.00	2.8942e-18
8144.00	3.38829e-18
8146.00	1.50499e-18
8148.00	1.75309e-18
8150.00	2.45917e-18
8152.00	2.01825e-18
8154.00	3.12947e-18
8156.00	3.4539e-18
8158.00	4.71236e-18
8160.00	3.07911e-18
8162.00	2.65453e-18
8164.00	3.80737e-18
8166.00	3.66611e-18
8168.00	2.57301e-18
8170.00	1.57903e-18
8172.00	2.43601e-18
8174.00	3.13399e-18
8176.00	2.55872e-18
8178.00	1.58965e-18
8180.00	1.1775e-18
8182.00	2.91737e-18
8184.00	1.91369e-18
8186.00	1.54508e-18
8188.00	2.92406e-18
8190.00	3.98285e-18
8192.00	3.28583e-18
8194.00	3.46159e-18
8196.00	3.83284e-18
8198.00	1.599e-18
8200.00	1.95188e-18
8202.00	3.82389e-18
8204.00	2.69582e-18
8206.00	1.88056e-18
8208.00	2.40678e-18
8210.00	4.05136e-18
8212.00	4.0172e-18
8214.00	1.99602e-18
8216.00	2.14984e-18
8218.00	8.42134e-19
8220.00	1.32564e-18
8222.00	4.24547e-18
8224.00	3.90227e-18
8226.00	2.08806e-18
8228.00	2.75246e-18
8230.00	3.2706e-18
8232.00	4.27811e-18
8234.00	3.92567e-18
8236.00	3.73946e-18
8238.00	1.36406e-18
8240.00	2.23965e-18
8242.00	2.33695e-18
8244.00	1.56253e-18
8246.00	2.36216e-18
8248.00	3.86353e-18
8250.00	3.50826e-18
8252.00	1.77136e-18
8254.00	9.23245e-19
8256.00	1.52828e-18
8258.00	1.37416e-18
8260.00	1.55383e-18
8262.00	1.01468e-18
8264.00	1.02961e-18
8266.00	2.18798e-18
8268.00	3.80289e-18
8270.00	5.28756e-18
8272.00	4.40335e-18
8274.00	2.79185e-18
8276.00	1.2386e-18
8278.00	3.80853e-18
8280.00	4.0676e-18
8282.00	6.22691e-18
8284.00	5.98973e-18
8286.00	-2.76991e-18
8288.00	-1.38172e-18
8290.00	2.6022e-18
8292.00	7.75711e-19
8294.00	5.98618e-18
8296.00	5.44387e-18
8298.00	-3.86563e-19
8300.00	6.36945e-19
8302.00	8.6598e-19
8304.00	5.63246e-18
8306.00	5.5229e-18
8308.00	9.61712e-19
8310.00	-5.01896e-19
8312.00	3.3493e-18
8314.00	6.34675e-18
8316.00	3.6068e-18
8318.00	3.53846e-18
8320.00	3.72238e-18
8322.00	4.17614e-18
8324.00	3.91883e-18
8326.00	3.56372e-18
8328.00	3.19431e-18
8330.00	2.88441e-18
8332.00	3.05959e-18
8334.00	4.23114e-18
8336.00	4.3771e-18
8338.00	2.0548e-18
8340.00	9.367e-19
8342.00	5.02363e-18
8344.00	7.26057e-18
8346.00	2.71079e-18
8348.00	5.59936e-18
8350.00	7.99297e-18
8352.00	5.68092e-18
8354.00	4.41629e-18
8356.00	4.7657e-18
8358.00	2.70706e-18
8360.00	2.80987e-18
8362.00	5.9679e-18
8364.00	6.28295e-18
8366.00	5.58963e-18
8368.00	1.88755e-18
8370.00	1.65468e-18
8372.00	1.76746e-18
8374.00	3.18327e-19
8376.00	1.00789e-18
8378.00	1.50301e-18
8380.00	3.11429e-18
8382.00	4.62431e-18
8384.00	5.34422e-18
8386.00	3.4574e-18
8388.00	4.07222e-18
8390.00	4.83058e-18
8392.00	2.97007e-18
8394.00	3.9065e-18
8396.00	4.80159e-18
8398.00	2.25539e-18
8400.00	8.68858e-19
8402.00	4.70812e-18
8404.00	5.48848e-18
8406.00	1.22402e-18
8408.00	2.91488e-18
8410.00	3.51707e-18
8412.00	5.51238e-18
8414.00	5.80352e-18
8416.00	2.95091e-18
8418.00	2.24603e-18
8420.00	4.35406e-18
8422.00	3.99948e-18
8424.00	2.40295e-18
8426.00	6.30169e-18
8428.00	1.28912e-17
8430.00	7.30471e-18
8432.00	4.14451e-18
8434.00	5.01159e-18
8436.00	1.73941e-18
8438.00	7.578e-19
8440.00	1.88614e-18
8442.00	4.10913e-18
8444.00	4.26916e-18
8446.00	1.84144e-18
8448.00	3.06511e-18
8450.00	6.14743e-18
8452.00	8.00996e-18
8454.00	2.64157e-18
8456.00	1.95031e-18
8458.00	3.45404e-18
8460.00	2.45697e-18
8462.00	2.84143e-18
8464.00	8.48798e-18
8466.00	6.54855e-18
8468.00	6.93305e-18
8470.00	9.73981e-18
8472.00	3.88899e-18
8474.00	2.30527e-18
8476.00	5.68262e-18
8478.00	3.72537e-18
8480.00	8.63106e-19
8482.00	2.73229e-18
8484.00	1.94569e-18
8486.00	1.64607e-18
8488.00	1.9876e-18
8490.00	4.76343e-18
8492.00	5.42978e-18
8494.00	3.44204e-18
8496.00	3.8753e-18
8498.00	5.15586e-18
8500.00	6.73435e-18
8502.00	4.21476e-18
8504.00	3.70206e-18
8506.00	6.90465e-18
8508.00	4.63912e-18
8510.00	2.95075e-18
8512.00	2.73858e-18
8514.00	3.33736e-18
8516.00	6.89926e-19
8518.00	-1.1764e-18
8520.00	8.15455e-20
8522.00	2.64436e-18
8524.00	3.41248e-18
8526.00	1.1373e-18
8528.00	1.28186e-18
8530.00	3.49981e-18
8532.00	4.6052e-18
8534.00	2.60754e-18
8536.00	3.17072e-18
8538.00	3.20267e-18
8540.00	3.50486e-18
8542.00	1.98452e-18
8544.00	-1.11668e-18
8546.00	4.91551e-19
8548.00	2.45039e-18
8550.00	2.96623e-18
8552.00	4.77905e-18
8554.00	3.29419e-18
8556.00	2.65349e-18
8558.00	5.30214e-18
8560.00	5.60425e-18
8562.00	3.39129e-18
8564.00	2.49384e-18
8566.00	2.55577e-18
8568.00	2.70953e-18
8570.00	4.26086e-18
8572.00	3.24766e-18
8574.00	2.63296e-18
8576.00	2.6053e-18
8578.00	3.5904e-18
8580.00	2.96002e-18
8582.00	2.57664e-18
8584.00	3.88805e-19
8586.00	-4.83808e-18
8588.00	-3.16893e-18
8590.00	3.1763e-18
8592.00	4.67174e-18
8594.00	2.78117e-18
8596.00	1.86464e-18
8598.00	2.07825e-18
8600.00	1.94492e-18
8602.00	3.12557e-18
8604.00	1.67414e-18
8606.00	2.2888e-18
8608.00	1.22417e-18
8610.00	7.90583e-19
8612.00	2.11304e-18
8614.00	2.32714e-18
8616.00	2.48622e-18
8618.00	2.1287e-18
8620.00	8.42243e-19
8622.00	3.40853e-18
8624.00	5.25549e-18
8626.00	8.19609e-18
8628.00	5.22365e-18
8630.00	2.03405e-18
8632.00	3.00066e-18
8634.00	2.78827e-18
8636.00	5.63229e-18
8638.00	7.08679e-18
8640.00	2.66087e-18
8642.00	1.36378e-18
8644.00	2.98349e-18
8646.00	2.90398e-18
8648.00	2.85182e-18
8650.00	2.59384e-18
8652.00	4.32426e-19
8654.00	1.95961e-18
8656.00	5.03635e-18
8658.00	5.74741e-18
8660.00	4.84885e-18
8662.00	2.0421e-18
8664.00	2.97839e-18
8666.00	6.60463e-18
8668.00	6.0409e-18
8670.00	3.87081e-18
8672.00	4.75056e-18
8674.00	4.56788e-18
8676.00	3.53383e-18
8678.00	3.90823e-18
8680.00	5.31837e-18
8682.00	4.64849e-18
8684.00	6.26262e-18
8686.00	5.9597e-18
8688.00	1.70253e-18
8690.00	2.17931e-18
8692.00	2.65164e-18
8694.00	2.40589e-18
8696.00	1.41808e-18
8698.00	1.98645e-18
8700.00	3.58869e-18
8702.00	2.41385e-18
8704.00	6.19425e-18
8706.00	7.30326e-18
8708.00	2.80338e-18
8710.00	3.31451e-18
8712.00	2.29343e-18
8714.00	2.54086e-18
8716.00	2.81193e-18
8718.00	3.44421e-18
8720.00	2.70469e-18
8722.00	3.31883e-18
8724.00	4.02816e-18
8726.00	4.01816e-18
8728.00	3.25733e-18
8730.00	2.80575e-18
8732.00	1.69807e-18
8734.00	3.79929e-18
8736.00	3.30929e-18
8738.00	4.23278e-18
8740.00	3.4986e-18
8742.00	1.48104e-18
8744.00	2.54387e-18
8746.00	1.25262e-18
8748.00	1.62229e-18
8750.00	4.01045e-18
8752.00	3.18939e-18
8754.00	3.21081e-18
8756.00	3.21852e-18
8758.00	-1.56699e-18
8760.00	-7.39783e-19
8762.00	-3.76901e-18
8764.00	4.02251e-18
8766.00	1.02293e-17
8768.00	8.14239e-18
8770.00	8.7113e-18
8772.00	2.35601e-18
8774.00	1.94731e-18
8776.00	7.81801e-18
8778.00	6.08751e-18
8780.00	6.45504e-18
8782.00	4.87043e-18
8784.00	8.71753e-18
8786.00	7.32156e-18
8788.00	6.76617e-18
8790.00	4.0424e-18
8792.00	-2.83584e-18
8794.00	6.66904e-21
8796.00	4.10484e-18
8798.00	3.94937e-18
8800.00	1.27931e-18
8802.00	4.24403e-18
8804.00	6.03879e-18
8806.00	5.09279e-18
8808.00	1.46826e-18
8810.00	2.1654e-18
8812.00	3.94078e-18
8814.00	5.72185e-18
8816.00	5.84506e-18
8818.00	2.16274e-18
8820.00	3.5358e-18
8822.00	9.68095e-18
8824.00	5.16546e-18
8826.00	1.25322e-18
8828.00	5.74586e-18
8830.00	9.83507e-18
8832.00	5.35532e-18
8834.00	1.86642e-18
8836.00	8.1608e-18
8838.00	6.13301e-18
8840.00	6.54451e-18
8842.00	2.26213e-18
8844.00	2.98394e-18
8846.00	7.82093e-18
8848.00	8.00637e-18
8850.00	5.39503e-18
8852.00	3.15315e-18
8854.00	4.8327e-18
8856.00	6.96572e-18
8858.00	4.36624e-18
8860.00	1.43407e-18
8862.00	5.83631e-18
8864.00	7.78899e-18
8866.00	6.89104e-18
8868.00	3.82451e-18
8870.00	-1.11961e-18
8872.00	2.80631e-18
8874.00	5.57381e-18
8876.00	3.21458e-18
8878.00	2.14161e-18
8880.00	3.881e-18
8882.00	5.78957e-18
8884.00	4.69754e-18
8886.00	8.41914e-18
8888.00	2.51141e-18
8890.00	-2.57345e-18
8892.00	2.22259e-19
8894.00	1.68139e-18
8896.00	1.03908e-18
8898.00	1.00544e-18
8900.00	2.30296e-18
8902.00	1.62597e-18
8904.00	7.56854e-18
8906.00	7.31187e-18
8908.00	2.21605e-18
8910.00	5.96114e-18
8912.00	5.49946e-18
8914.00	-1.45806e-18
8916.00	1.87959e-18
8918.00	1.38394e-17
8920.00	1.1675e-17
8922.00	5.99106e-18
8924.00	1.22801e-17
8926.00	8.9085e-18
8928.00	2.76113e-18
8930.00	3.75015e-18
8932.00	3.29759e-18
8934.00	2.3296e-18
8936.00	3.01825e-18
8938.00	1.71069e-18
8940.00	7.12353e-18
8942.00	5.56361e-18
8944.00	6.02238e-18
8946.00	3.55895e-18
8948.00	1.3403e-18
8950.00	2.14257e-18
8952.00	6.81425e-18
8954.00	6.65462e-18
8956.00	7.05941e-18
8958.00	3.91358e-18
8960.00	2.51079e-18
8962.00	4.70706e-18
8964.00	3.86408e-18
8966.00	5.1507e-18
8968.00	5.73847e-18
8970.00	6.27512e-18
8972.00	7.25669e-18
8974.00	3.69281e-18
8976.00	4.79896e-18
8978.00	3.34441e-18
8980.00	3.48857e-18
8982.00	2.82387e-18
8984.00	2.81112e-18
8986.00	3.92193e-18
8988.00	3.16434e-18
8990.00	3.55682e-18
8992.00	7.24976e-18
8994.00	5.21192e-18
8996.00	5.27557e-19
8998.00	4.66491e-18
9000.00	6.93304e-18
9002.00	1.47839e-18
9004.00	3.0903e-18
9006.00	4.5142e-19
9008.00	-8.8481e-19
9010.00	3.39841e-18
9012.00	4.37025e-18
9014.00	5.47991e-18
9016.00	6.97893e-18
9018.00	4.26198e-18
9020.00	4.76748e-18
9022.00	5.44217e-18
9024.00	4.02928e-18
9026.00	9.9673e-19
9028.00	-9.00616e-19
9030.00	1.744e-18
9032.00	2.6995e-18
9034.00	3.32065e-18
9036.00	3.4925e-18
9038.00	2.9804e-18
9040.00	5.70732e-18
9042.00	4.27937e-18
9044.00	5.85828e-18
9046.00	7.25505e-18
9048.00	1.11283e-18
9050.00	2.26846e-18
9052.00	4.83521e-18
9054.00	2.3684e-18
9056.00	4.69758e-18
9058.00	4.87647e-18
9060.00	3.19487e-18
9062.00	4.63675e-18
9064.00	5.73534e-18
9066.00	4.42114e-18
9068.00	3.80515e-18
9070.00	4.69167e-18
9072.00	6.74794e-19
9074.00	4.53736e-19
9076.00	3.71337e-18
9078.00	4.00367e-18
9080.00	7.42271e-19
9082.00	-1.06907e-19
9084.00	5.15775e-18
9086.00	4.64103e-18
9088.00	4.34037e-18
9090.00	6.145e-18
9092.00	6.40492e-18
9094.00	6.45194e-18
9096.00	5.40758e-18
9098.00	2.26934e-18
9100.00	1.83391e-18
9102.00	4.63907e-18
9104.00	3.52209e-18
9106.00	-7.90771e-19
9108.00	9.45666e-19
9110.00	3.48713e-18
9112.00	6.60372e-19
9114.00	-6.29543e-19
9116.00	1.85686e-18
9118.00	2.65235e-18
9120.00	7.87885e-19
9122.00	1.43091e-18
9124.00	3.39607e-18
9126.00	5.56231e-18
9128.00	5.45301e-18
9130.00	8.48273e-18
9132.00	1.23623e-17
9134.00	1.7203e-17
9136.00	1.38318e-17
9138.00	1.08631e-17
9140.00	9.83986e-18
9142.00	7.86849e-18
9144.00	4.42117e-18
9146.00	2.48823e-18
9148.00	1.34199e-18
9150.00	4.14325e-18
9152.00	7.50034e-18
9154.00	4.29057e-18
9156.00	3.82559e-18
9158.00	6.63778e-18
9160.00	3.18793e-18
9162.00	4.18854e-18
9164.00	5.07284e-18
9166.00	4.49742e-18
9168.00	1.68205e-18
9170.00	4.06583e-18
9172.00	3.19053e-18
9174.00	1.2076e-18
9176.00	2.85074e-18
9178.00	3.6731e-18
9180.00	4.80931e-18
9182.00	3.66514e-18
9184.00	2.95093e-18
9186.00	6.18862e-18
9188.00	5.59498e-18
9190.00	1.31746e-18
9192.00	4.10117e-18
9194.00	5.7194e-18
9196.00	3.72305e-18
9198.00	1.36882e-18
9200.00	2.46028e-18
9202.00	1.28342e-18
9204.00	2.6272e-18
9206.00	3.21326e-18
9208.00	3.92334e-18
9210.00	2.77328e-18
9212.00	-1.06522e-18
9214.00	2.15602e-18
9216.00	5.50235e-18
9218.00	2.64223e-18
9220.00	3.45761e-18
9222.00	2.43158e-18
9224.00	4.29095e-18
9226.00	-2.41348e-19
9228.00	2.48975e-19
9230.00	7.15227e-19
9232.00	2.06195e-19
9234.00	2.16235e-18
9236.00	1.7369e-18
9238.00	1.34936e-18
9240.00	3.37436e-18
