5320.00	5.0303e-18
5321.00	3.96716e-18
5322.00	3.43168e-18
5323.00	2.21214e-18
5324.00	5.54979e-19
5325.00	3.60971e-19
5326.00	2.77261e-18
5327.00	3.44904e-18
5328.00	2.91732e-18
5329.00	2.24312e-18
5330.00	2.97971e-18
5331.00	3.20149e-18
5332.00	2.4688e-18
5333.00	1.39387e-18
5334.00	2.2536e-18
5335.00	2.98517e-18
5336.00	3.17435e-18
5337.00	2.74194e-18
5338.00	3.04728e-18
5339.00	2.71541e-18
5340.00	1.99996e-18
5341.00	1.38618e-18
5342.00	2.30159e-18
5343.00	3.6357e-18
5344.00	4.67644e-18
5345.00	4.74129e-18
5346.00	2.74654e-18
5347.00	5.93737e-19
5348.00	-2.7667e-19
5349.00	2.21449e-18
5350.00	3.44398e-18
5351.00	3.71566e-18
5352.00	3.41394e-18
5353.00	2.46126e-18
5354.00	2.11434e-18
5355.00	2.81518e-18
5356.00	4.88553e-18
5357.00	5.7207e-18
5358.00	5.0138e-18
5359.00	3.31717e-18
5360.00	2.53576e-18
5361.00	1.49262e-18
5362.00	1.03742e-18
5363.00	1.57893e-18
5364.00	2.69414e-18
5365.00	3.25532e-18
5366.00	2.97092e-18
5367.00	1.77024e-18
5368.00	1.41491e-18
5369.00	2.41815e-18
5370.00	3.80519e-18
5371.00	3.45052e-18
5372.00	2.56404e-18
5373.00	2.16486e-18
5374.00	2.64213e-18
5375.00	3.49668e-18
5376.00	4.22163e-18
5377.00	4.4849e-18
5378.00	4.03028e-18
5379.00	2.80011e-18
5380.00	1.79822e-18
5381.00	1.05771e-18
5382.00	3.71536e-19
5383.00	4.28575e-19
5384.00	1.32648e-18
5385.00	2.31414e-18
5386.00	1.40958e-18
5387.00	3.91782e-19
5388.00	-2.85577e-19
5389.00	-2.36219e-19
5390.00	8.15637e-19
5391.00	1.81825e-18
5392.00	2.16769e-18
5393.00	1.46487e-18
5394.00	1.56635e-18
5395.00	2.6372e-18
5396.00	3.61387e-18
5397.00	2.22331e-18
5398.00	2.81701e-18
5399.00	4.86718e-18
5400.00	7.06123e-18
5401.00	5.30053e-18
5402.00	3.09669e-18
5403.00	2.19963e-18
5404.00	3.70659e-18
5405.00	5.87491e-18
5406.00	7.41376e-18
5407.00	7.33667e-18
5408.00	4.70934e-18
5409.00	2.60624e-18
5410.00	1.99973e-18
5411.00	2.47737e-18
5412.00	1.96793e-18
5413.00	1.98256e-18
5414.00	2.04876e-18
5415.00	1.88315e-18
5416.00	1.26313e-18
5417.00	8.20946e-19
5418.00	8.32343e-19
5419.00	1.47116e-18
5420.00	2.09895e-18
5421.00	2.43057e-18
5422.00	2.60014e-18
5423.00	3.02578e-18
5424.00	2.99271e-18
5425.00	2.64115e-18
5426.00	2.22567e-18
5427.00	2.48845e-18
5428.00	2.35592e-18
5429.00	1.75876e-18
5430.00	9.85625e-19
5431.00	2.37081e-18
5432.00	4.05327e-18
5433.00	4.86239e-18
5434.00	3.66584e-18
5435.00	2.72894e-18
5436.00	2.51695e-18
5437.00	2.79521e-18
5438.00	2.44231e-18
5439.00	2.53822e-18
5440.00	2.7103e-18
5441.00	2.88376e-18
5442.00	3.63591e-18
5443.00	3.76624e-18
5444.00	3.5993e-18
5445.00	3.5027e-18
5446.00	2.96573e-18
5447.00	2.86541e-18
5448.00	3.36922e-18
5449.00	4.55845e-18
5450.00	4.20672e-18
5451.00	2.99488e-18
5452.00	1.55472e-18
5453.00	1.15198e-18
5454.00	6.40208e-19
5455.00	5.54925e-19
5456.00	1.24443e-18
5457.00	2.46941e-18
5458.00	3.62148e-18
5459.00	4.38543e-18
5460.00	4.49319e-18
5461.00	3.30107e-18
5462.00	2.27916e-18
5463.00	2.07065e-18
5464.00	3.27601e-18
5465.00	3.35747e-18
5466.00	2.65889e-18
5467.00	1.54616e-18
5468.00	1.07976e-18
5469.00	9.44157e-19
5470.00	1.39666e-18
5471.00	2.46895e-18
5472.00	1.76914e-18
5473.00	1.53143e-18
5474.00	1.29372e-18
5475.00	1.05601e-18
5476.00	1.05601e-18
5477.00	1.21218e-18
5478.00	5.39066e-19
5479.00	9.45704e-19
5480.00	1.14115e-18
5481.00	1.30521e-18
5482.00	1.68914e-18
5483.00	3.13775e-18
5484.00	4.75668e-18
5485.00	5.11548e-18
5486.00	2.76227e-18
5487.00	2.24328e-18
5488.00	2.53735e-18
5489.00	3.05903e-18
5490.00	2.89097e-18
5491.00	2.99919e-18
5492.00	3.16258e-18
5493.00	3.4501e-18
5494.00	4.65216e-18
5495.00	4.74736e-18
5496.00	3.90742e-18
5497.00	2.54917e-18
5498.00	2.19284e-18
5499.00	2.40302e-18
5500.00	3.20648e-18
5501.00	4.82512e-18
5502.00	4.85658e-18
5503.00	3.68978e-18
5504.00	2.1625e-18
5505.00	2.40278e-18
5506.00	2.9698e-18
5507.00	3.17848e-18
5508.00	2.67924e-18
5509.00	2.33874e-18
5510.00	2.08711e-18
5511.00	2.21877e-18
5512.00	3.06027e-18
5513.00	4.70347e-18
5514.00	6.01247e-18
5515.00	6.42234e-18
5516.00	5.4426e-18
5517.00	3.95701e-18
5518.00	2.83649e-18
5519.00	2.69382e-18
5520.00	3.98534e-18
5521.00	4.94774e-18
5522.00	5.32366e-18
5523.00	5.02774e-18
5524.00	4.76249e-18
5525.00	4.12608e-18
5526.00	3.51563e-18
5527.00	3.61802e-18
5528.00	3.71784e-18
5529.00	3.468e-18
5530.00	2.87446e-18
5531.00	2.36172e-18
5532.00	2.0331e-18
5533.00	2.04264e-18
5534.00	2.36281e-18
5535.00	2.20557e-18
5536.00	2.34159e-18
5537.00	3.2297e-18
5538.00	5.17754e-18
5539.00	5.32385e-18
5540.00	4.42992e-18
5541.00	3.24601e-18
5542.00	2.91361e-18
5543.00	3.3307e-18
5544.00	3.59859e-18
5545.00	3.32956e-18
5546.00	2.76803e-18
5547.00	2.58268e-18
5548.00	2.63089e-18
5549.00	2.72366e-18
5550.00	2.52831e-18
5551.00	1.99188e-18
5552.00	1.8981e-18
5553.00	3.39966e-18
5554.00	5.40758e-18
5555.00	5.89317e-18
5556.00	4.63644e-18
5557.00	2.92403e-18
5558.00	2.88112e-18
5559.00	3.5933e-18
5560.00	4.24288e-18
5561.00	3.42758e-18
5562.00	3.01551e-18
5563.00	3.19677e-18
5564.00	3.92267e-18
5565.00	3.95809e-18
5566.00	4.43123e-18
5567.00	5.36331e-18
5568.00	6.47668e-18
5569.00	5.79117e-18
5570.00	4.53288e-18
5571.00	3.51193e-18
5572.00	3.76272e-18
5573.00	3.8067e-18
5574.00	3.19748e-18
5575.00	1.82796e-18
5576.00	1.63538e-18
5577.00	1.45636e-18
5578.00	1.3468e-18
5579.00	1.60222e-18
5580.00	3.17407e-18
5581.00	3.69709e-18
5582.00	3.06414e-18
5583.00	3.07116e-18
5584.00	3.49785e-18
5585.00	3.23928e-18
5586.00	2.10812e-18
5587.00	2.56246e-18
5588.00	4.32869e-18
5589.00	5.50641e-18
5590.00	4.21589e-18
5591.00	2.54119e-18
5592.00	1.9338e-18
5593.00	2.10224e-18
5594.00	1.70066e-18
5595.00	1.27459e-18
5596.00	1.09519e-18
5597.00	1.25305e-18
5598.00	1.6158e-18
5599.00	1.48478e-18
5600.00	1.64889e-18
5601.00	2.62245e-18
5602.00	3.49665e-18
5603.00	3.14253e-18
5604.00	2.45873e-18
5605.00	2.92908e-18
5606.00	3.84682e-18
5607.00	3.53415e-18
5608.00	2.25213e-18
5609.00	2.00315e-18
5610.00	2.86633e-18
5611.00	3.70296e-18
5612.00	3.90626e-18
5613.00	3.85899e-18
5614.00	4.61495e-18
5615.00	5.42033e-18
5616.00	5.38814e-18
5617.00	4.13284e-18
5618.00	3.65958e-18
5619.00	3.96975e-18
5620.00	4.25156e-18
5621.00	3.77088e-18
5622.00	3.86332e-18
5623.00	4.53804e-18
5624.00	3.97817e-18
5625.00	2.71505e-18
5626.00	1.89707e-18
5627.00	2.29537e-18
5628.00	3.0662e-18
5629.00	2.97758e-18
5630.00	2.23367e-18
5631.00	1.38538e-18
5632.00	1.01503e-18
5633.00	1.56421e-18
5634.00	2.69015e-18
5635.00	3.32659e-18
5636.00	2.77969e-18
5637.00	2.75964e-18
5638.00	3.91984e-18
5639.00	4.82745e-18
5640.00	4.40319e-18
5641.00	4.06478e-18
5642.00	5.17058e-18
5643.00	5.52583e-18
5644.00	5.56403e-18
5645.00	5.52366e-18
5646.00	5.80771e-18
5647.00	4.9015e-18
5648.00	4.06637e-18
5649.00	3.79671e-18
5650.00	4.03182e-18
5651.00	4.3848e-18
5652.00	5.00673e-18
5653.00	5.83312e-18
5654.00	5.66307e-18
5655.00	5.36666e-18
5656.00	4.847e-18
5657.00	3.85236e-18
5658.00	3.75789e-18
5659.00	3.92479e-18
5660.00	4.08432e-18
5661.00	3.99203e-18
5662.00	4.03415e-18
5663.00	4.1457e-18
5664.00	4.31461e-18
5665.00	4.68839e-18
5666.00	4.36524e-18
5667.00	4.00513e-18
5668.00	4.27211e-18
5669.00	4.75328e-18
5670.00	4.95021e-18
5671.00	4.84606e-18
5672.00	4.6617e-18
5673.00	3.65853e-18
5674.00	2.43197e-18
5675.00	1.7388e-18
5676.00	3.25011e-18
5677.00	4.46366e-18
5678.00	4.65527e-18
5679.00	3.63234e-18
5680.00	3.76331e-18
5681.00	3.16779e-18
5682.00	2.28491e-18
5683.00	1.93864e-18
5684.00	3.36795e-18
5685.00	4.07807e-18
5686.00	3.76136e-18
5687.00	3.27168e-18
5688.00	3.6535e-18
5689.00	4.20003e-18
5690.00	4.51754e-18
5691.00	4.46011e-18
5692.00	4.26014e-18
5693.00	4.21676e-18
5694.00	4.49497e-18
5695.00	3.8156e-18
5696.00	3.53284e-18
5697.00	3.65431e-18
5698.00	3.78586e-18
5699.00	3.54862e-18
5700.00	3.69195e-18
5701.00	4.21738e-18
5702.00	4.38874e-18
5703.00	3.5064e-18
5704.00	2.75202e-18
5705.00	2.88002e-18
5706.00	3.37e-18
5707.00	3.32312e-18
5708.00	3.2181e-18
5709.00	3.76394e-18
5710.00	4.72973e-18
5711.00	4.86226e-18
5712.00	4.25846e-18
5713.00	3.96896e-18
5714.00	3.21088e-18
5715.00	2.72136e-18
5716.00	2.81165e-18
5717.00	3.27385e-18
5718.00	3.46415e-18
5719.00	3.5373e-18
5720.00	3.65521e-18
5721.00	3.74688e-18
5722.00	3.28179e-18
5723.00	2.67901e-18
5724.00	2.72685e-18
5725.00	3.46637e-18
5726.00	4.02111e-18
5727.00	4.3944e-18
5728.00	5.81023e-18
5729.00	5.80334e-18
5730.00	4.79409e-18
5731.00	3.41098e-18
5732.00	3.7968e-18
5733.00	3.51973e-18
5734.00	2.89887e-18
5735.00	2.63013e-18
5736.00	3.41425e-18
5737.00	3.95749e-18
5738.00	4.06426e-18
5739.00	4.06174e-18
5740.00	4.04376e-18
5741.00	4.03922e-18
5742.00	3.90199e-18
5743.00	2.91586e-18
5744.00	2.11497e-18
5745.00	2.38411e-18
5746.00	4.15576e-18
5747.00	4.57022e-18
5748.00	4.40736e-18
5749.00	4.01052e-18
5750.00	3.76978e-18
5751.00	2.86737e-18
5752.00	2.41544e-18
5753.00	2.73356e-18
5754.00	3.71738e-18
5755.00	3.89891e-18
5756.00	3.67354e-18
5757.00	3.32036e-18
5758.00	3.00351e-18
5759.00	2.69948e-18
5760.00	2.78341e-18
5761.00	3.58558e-18
5762.00	2.98375e-18
5763.00	1.85613e-18
5764.00	1.09896e-18
5765.00	2.2137e-18
5766.00	2.83698e-18
5767.00	3.32519e-18
5768.00	3.72448e-18
5769.00	3.99772e-18
5770.00	3.85638e-18
5771.00	4.01696e-18
5772.00	4.88281e-18
5773.00	4.5298e-18
5774.00	3.56588e-18
5775.00	2.91416e-18
5776.00	3.80206e-18
5777.00	4.08937e-18
5778.00	4.66411e-18
5779.00	5.43916e-18
5780.00	5.6305e-18
5781.00	4.86378e-18
5782.00	4.2463e-18
5783.00	4.32637e-18
5784.00	4.15092e-18
5785.00	4.09329e-18
5786.00	4.33607e-18
5787.00	4.98444e-18
5788.00	4.83136e-18
5789.00	3.98948e-18
5790.00	2.9108e-18
5791.00	2.42586e-18
5792.00	2.21721e-18
5793.00	2.14878e-18
5794.00	2.15522e-18
5795.00	2.36203e-18
5796.00	2.14638e-18
5797.00	1.89449e-18
5798.00	1.99223e-18
5799.00	2.93347e-18
5800.00	3.38592e-18
5801.00	3.32024e-18
5802.00	3.00787e-18
5803.00	3.15172e-18
5804.00	3.46044e-18
5805.00	3.70377e-18
5806.00	3.51735e-18
5807.00	3.085e-18
5808.00	2.8708e-18
5809.00	3.26108e-18
5810.00	4.81927e-18
5811.00	5.61532e-18
5812.00	5.59981e-18
5813.00	4.94606e-18
5814.00	4.08934e-18
5815.00	3.10078e-18
5816.00	2.46084e-18
5817.00	2.99814e-18
5818.00	3.70588e-18
5819.00	4.46867e-18
5820.00	5.10492e-18
5821.00	5.40537e-18
5822.00	5.48022e-18
5823.00	5.11766e-18
5824.00	4.26273e-18
5825.00	3.74833e-18
5826.00	3.46826e-18
5827.00	3.16518e-18
5828.00	2.48933e-18
5829.00	2.70911e-18
5830.00	2.92613e-18
5831.00	3.02144e-18
5832.00	3.41011e-18
5833.00	3.5357e-18
5834.00	3.91029e-18
5835.00	4.58953e-18
5836.00	4.53739e-18
5837.00	3.53186e-18
5838.00	2.58877e-18
5839.00	2.72441e-18
5840.00	3.12489e-18
5841.00	3.52771e-18
5842.00	3.94219e-18
5843.00	4.65631e-18
5844.00	4.0622e-18
5845.00	2.90724e-18
5846.00	1.89715e-18
5847.00	2.40998e-18
5848.00	2.93123e-18
5849.00	3.10454e-18
5850.00	2.73293e-18
5851.00	2.2637e-18
5852.00	2.24285e-18
5853.00	2.56551e-18
5854.00	2.96738e-18
5855.00	3.46801e-18
5856.00	3.89635e-18
5857.00	4.15302e-18
5858.00	4.12319e-18
5859.00	4.26748e-18
5860.00	4.09782e-18
5861.00	3.46033e-18
5862.00	2.77579e-18
5863.00	2.86674e-18
5864.00	3.30598e-18
5865.00	3.60071e-18
5866.00	3.7254e-18
5867.00	4.43433e-18
5868.00	5.4299e-18
5869.00	6.03718e-18
5870.00	4.69729e-18
5871.00	3.00627e-18
5872.00	1.93076e-18
5873.00	2.43335e-18
5874.00	3.04877e-18
5875.00	3.37663e-18
5876.00	3.19785e-18
5877.00	3.0307e-18
5878.00	3.30257e-18
5879.00	3.88779e-18
5880.00	4.52809e-18
5881.00	4.43312e-18
5882.00	4.39701e-18
5883.00	4.47905e-18
5884.00	4.25458e-18
5885.00	4.19104e-18
5886.00	4.25959e-18
5887.00	4.28399e-18
5888.00	3.35306e-18
5889.00	3.46986e-18
5890.00	3.94707e-18
5891.00	3.97517e-18
5892.00	3.18419e-18
5893.00	3.38522e-18
5894.00	4.21946e-18
5895.00	4.46398e-18
5896.00	4.22493e-18
5897.00	4.40824e-18
5898.00	5.01775e-18
5899.00	4.94149e-18
5900.00	4.37353e-18
5901.00	3.59851e-18
5902.00	2.90127e-18
5903.00	2.648e-18
5904.00	2.80721e-18
5905.00	3.25454e-18
5906.00	3.8261e-18
5907.00	3.90077e-18
5908.00	3.99191e-18
5909.00	4.08167e-18
5910.00	3.85079e-18
5911.00	3.1892e-18
5912.00	2.75681e-18
5913.00	2.79584e-18
5914.00	2.72035e-18
5915.00	3.14673e-18
5916.00	3.69975e-18
5917.00	3.96226e-18
5918.00	3.47433e-18
5919.00	3.35028e-18
5920.00	3.62438e-18
5921.00	4.01742e-18
5922.00	3.75522e-18
5923.00	3.60836e-18
5924.00	3.86477e-18
5925.00	4.62774e-18
5926.00	4.60317e-18
5927.00	4.35703e-18
5928.00	4.31846e-18
5929.00	4.80557e-18
5930.00	4.42359e-18
5931.00	3.46169e-18
5932.00	2.50809e-18
5933.00	2.97563e-18
5934.00	3.68502e-18
5935.00	4.19445e-18
5936.00	4.24534e-18
5937.00	4.21097e-18
5938.00	4.10139e-18
5939.00	3.91215e-18
5940.00	3.42513e-18
5941.00	3.58791e-18
5942.00	4.20366e-18
5943.00	4.87001e-18
5944.00	3.65017e-18
5945.00	2.86896e-18
5946.00	2.97789e-18
5947.00	4.03897e-18
5948.00	4.35822e-18
5949.00	4.26819e-18
5950.00	3.96025e-18
5951.00	3.72084e-18
5952.00	3.995e-18
5953.00	4.03574e-18
5954.00	3.44799e-18
5955.00	2.78943e-18
5956.00	2.99627e-18
5957.00	3.49286e-18
5958.00	3.49942e-18
5959.00	3.70476e-18
5960.00	3.97771e-18
5961.00	4.20894e-18
5962.00	4.17607e-18
5963.00	4.49848e-18
5964.00	4.57695e-18
5965.00	4.29474e-18
5966.00	4.34087e-18
5967.00	4.02154e-18
5968.00	3.6347e-18
5969.00	3.52155e-18
5970.00	4.37559e-18
5971.00	4.251e-18
5972.00	3.39688e-18
5973.00	2.69007e-18
5974.00	3.0299e-18
5975.00	3.22841e-18
5976.00	3.07992e-18
5977.00	3.10207e-18
5978.00	3.8726e-18
5979.00	4.70788e-18
5980.00	5.03668e-18
5981.00	4.07127e-18
5982.00	4.1219e-18
5983.00	4.45731e-18
5984.00	3.99377e-18
5985.00	2.84535e-18
5986.00	2.40124e-18
5987.00	2.57995e-18
5988.00	2.40371e-18
5989.00	2.87211e-18
5990.00	3.16142e-18
5991.00	2.90238e-18
5992.00	1.9712e-18
5993.00	2.21348e-18
5994.00	2.73681e-18
5995.00	2.71089e-18
5996.00	1.95634e-18
5997.00	1.94982e-18
5998.00	2.6483e-18
5999.00	3.62134e-18
6000.00	4.00045e-18
6001.00	3.63168e-18
6002.00	2.7997e-18
6003.00	2.37836e-18
6004.00	2.62705e-18
6005.00	2.93585e-18
6006.00	3.01764e-18
6007.00	3.50053e-18
6008.00	3.6181e-18
6009.00	3.59345e-18
6010.00	3.77619e-18
6011.00	4.96292e-18
6012.00	5.39777e-18
6013.00	4.87138e-18
6014.00	3.7366e-18
6015.00	3.17098e-18
6016.00	3.02583e-18
6017.00	3.2069e-18
6018.00	3.4669e-18
6019.00	3.62122e-18
6020.00	3.70581e-18
6021.00	3.74909e-18
6022.00	3.66546e-18
6023.00	3.70546e-18
6024.00	3.85883e-18
6025.00	4.05624e-18
6026.00	4.02106e-18
6027.00	3.61542e-18
6028.00	3.12448e-18
6029.00	3.43955e-18
6030.00	3.5775e-18
6031.00	3.53147e-18
6032.00	3.28722e-18
6033.00	2.88525e-18
6034.00	2.69304e-18
6035.00	2.71467e-18
6036.00	2.91603e-18
6037.00	3.38267e-18
6038.00	3.66569e-18
6039.00	3.66323e-18
6040.00	3.40074e-18
6041.00	2.92609e-18
6042.00	2.66554e-18
6043.00	2.80213e-18
6044.00	3.34917e-18
6045.00	3.18166e-18
6046.00	3.01428e-18
6047.00	3.32708e-18
6048.00	3.20071e-18
6049.00	3.17798e-18
6050.00	3.46917e-18
6051.00	4.25595e-18
6052.00	4.5954e-18
6053.00	4.3059e-18
6054.00	3.665e-18
6055.00	3.53131e-18
6056.00	3.71283e-18
6057.00	3.67867e-18
6058.00	3.32003e-18
6059.00	3.65095e-18
6060.00	4.34776e-18
6061.00	4.89269e-18
6062.00	4.78587e-18
6063.00	4.11382e-18
6064.00	3.42575e-18
6065.00	3.03467e-18
6066.00	3.273e-18
6067.00	3.31815e-18
6068.00	3.08441e-18
6069.00	2.63847e-18
6070.00	2.36591e-18
6071.00	2.67104e-18
6072.00	3.11682e-18
6073.00	3.37569e-18
6074.00	3.59848e-18
6075.00	4.00328e-18
6076.00	4.23569e-18
6077.00	3.7998e-18
6078.00	3.30697e-18
6079.00	2.85064e-18
6080.00	2.70361e-18
6081.00	3.43298e-18
6082.00	4.01134e-18
6083.00	3.93238e-18
6084.00	3.15187e-18
6085.00	2.90241e-18
6086.00	3.21335e-18
6087.00	3.54076e-18
6088.00	3.37048e-18
6089.00	3.18198e-18
6090.00	3.38881e-18
6091.00	3.78828e-18
6092.00	3.885e-18
6093.00	3.41643e-18
6094.00	3.1693e-18
6095.00	3.35597e-18
6096.00	3.66483e-18
6097.00	3.3192e-18
6098.00	2.90106e-18
6099.00	2.77618e-18
6100.00	2.35284e-18
6101.00	2.09201e-18
6102.00	2.23432e-18
6103.00	2.98986e-18
6104.00	3.33496e-18
6105.00	3.16111e-18
6106.00	2.61315e-18
6107.00	2.07487e-18
6108.00	2.17329e-18
6109.00	2.70635e-18
6110.00	3.33066e-18
6111.00	3.00069e-18
6112.00	2.47551e-18
6113.00	2.30442e-18
6114.00	2.86738e-18
6115.00	2.92677e-18
6116.00	2.64893e-18
6117.00	2.29443e-18
6118.00	2.25935e-18
6119.00	2.57347e-18
6120.00	2.78936e-18
6121.00	2.93835e-18
6122.00	3.78319e-18
6123.00	4.12257e-18
6124.00	3.75776e-18
6125.00	2.74301e-18
6126.00	2.33091e-18
6127.00	2.05246e-18
6128.00	1.95275e-18
6129.00	1.85305e-18
6130.00	1.75334e-18
6131.00	1.75334e-18
6132.00	3.59526e-18
6133.00	3.89196e-18
6134.00	4.35684e-18
6135.00	4.75374e-18
6136.00	4.91805e-18
6137.00	4.44142e-18
6138.00	3.69744e-18
6139.00	3.09672e-18
6140.00	2.97635e-18
6141.00	3.04157e-18
6142.00	3.15927e-18
6143.00	3.16648e-18
6144.00	2.87569e-18
6145.00	2.24117e-18
6146.00	1.9903e-18
6147.00	2.25184e-18
6148.00	2.55394e-18
6149.00	2.72204e-18
6150.00	2.93684e-18
6151.00	3.28839e-18
6152.00	3.6119e-18
6153.00	3.61843e-18
6154.00	3.25465e-18
6155.00	2.52686e-18
6156.00	2.04789e-18
6157.00	2.11332e-18
6158.00	2.60915e-18
6159.00	3.16266e-18
6160.00	3.08369e-18
6161.00	2.88617e-18
6162.00	2.7246e-18
6163.00	2.17936e-18
6164.00	1.84344e-18
6165.00	1.97599e-18
6166.00	2.6741e-18
6167.00	2.86378e-18
6168.00	2.81591e-18
6169.00	2.85551e-18
6170.00	3.44458e-18
6171.00	3.90221e-18
6172.00	3.67053e-18
6173.00	2.81525e-18
6174.00	2.07507e-18
6175.00	2.25487e-18
6176.00	2.59983e-18
6177.00	2.62678e-18
6178.00	2.50048e-18
6179.00	2.56403e-18
6180.00	2.7669e-18
6181.00	2.98726e-18
6182.00	2.82642e-18
6183.00	2.46337e-18
6184.00	2.12956e-18
6185.00	2.21811e-18
6186.00	2.29887e-18
6187.00	2.43649e-18
6188.00	2.64935e-18
6189.00	3.01058e-18
6190.00	3.04584e-18
6191.00	2.91998e-18
6192.00	2.81383e-18
6193.00	2.92668e-18
6194.00	2.78365e-18
6195.00	2.35676e-18
6196.00	1.70473e-18
6197.00	1.85201e-18
6198.00	2.31213e-18
6199.00	2.77405e-18
6200.00	2.76486e-18
6201.00	3.24255e-18
6202.00	3.6193e-18
6203.00	3.55489e-18
6204.00	3.21704e-18
6205.00	3.05082e-18
6206.00	3.02853e-18
6207.00	3.05945e-18
6208.00	3.14071e-18
6209.00	3.23847e-18
6210.00	3.49728e-18
6211.00	4.33063e-18
6212.00	4.39345e-18
6213.00	3.70626e-18
6214.00	2.67402e-18
6215.00	2.91378e-18
6216.00	3.28572e-18
6217.00	3.58697e-18
6218.00	3.64139e-18
6219.00	3.16752e-18
6220.00	2.83813e-18
6221.00	2.74382e-18
6222.00	2.83819e-18
6223.00	3.06938e-18
6224.00	3.24004e-18
6225.00	3.24413e-18
6226.00	2.96294e-18
6227.00	3.05143e-18
6228.00	2.98313e-18
6229.00	2.58583e-18
6230.00	2.60022e-18
6231.00	3.05843e-18
6232.00	3.50783e-18
6233.00	3.45645e-18
6234.00	2.94145e-18
6235.00	2.8988e-18
6236.00	3.26041e-18
6237.00	3.47892e-18
6238.00	3.12658e-18
6239.00	2.99505e-18
6240.00	3.24257e-18
6241.00	3.17324e-18
6242.00	2.7847e-18
6243.00	2.58562e-18
6244.00	2.90251e-18
6245.00	2.94258e-18
6246.00	2.98837e-18
6247.00	3.17738e-18
6248.00	3.65907e-18
6249.00	3.72281e-18
6250.00	3.26019e-18
6251.00	2.55367e-18
6252.00	2.39168e-18
6253.00	2.8277e-18
6254.00	3.08765e-18
6255.00	2.84673e-18
6256.00	2.82006e-18
6257.00	3.55502e-18
6258.00	4.20261e-18
6259.00	3.86153e-18
6260.00	3.20915e-18
6261.00	3.10328e-18
6262.00	3.40653e-18
6263.00	3.47025e-18
6264.00	3.18532e-18
6265.00	2.74322e-18
6266.00	2.4109e-18
6267.00	2.81778e-18
6268.00	3.17287e-18
6269.00	3.12137e-18
6270.00	2.51033e-18
6271.00	2.17441e-18
6272.00	2.30615e-18
6273.00	2.78681e-18
6274.00	3.39506e-18
6275.00	3.77414e-18
6276.00	3.76682e-18
6277.00	3.46016e-18
6278.00	3.16702e-18
6279.00	3.2379e-18
6280.00	3.41696e-18
6281.00	3.51929e-18
6282.00	3.32687e-18
6283.00	3.41093e-18
6284.00	3.60414e-18
6285.00	3.66891e-18
6286.00	3.27427e-18
6287.00	2.87462e-18
6288.00	2.65699e-18
6289.00	2.79189e-18
6290.00	2.68344e-18
6291.00	2.50961e-18
6292.00	2.44293e-18
6293.00	2.91586e-18
6294.00	3.06465e-18
6295.00	2.88895e-18
6296.00	2.52558e-18
6297.00	2.91769e-18
6298.00	3.22399e-18
6299.00	3.20716e-18
6300.00	2.71878e-18
6301.00	2.62025e-18
6302.00	2.24908e-18
6303.00	1.8108e-18
6304.00	2.23984e-18
6305.00	2.71153e-18
6306.00	3.02642e-18
6307.00	3.14473e-18
6308.00	3.62009e-18
6309.00	3.68782e-18
6310.00	3.32118e-18
6311.00	2.62178e-18
6312.00	2.50362e-18
6313.00	2.79546e-18
6314.00	3.22339e-18
6315.00	3.33129e-18
6316.00	3.80273e-18
6317.00	4.53563e-18
6318.00	5.40736e-18
6319.00	6.18954e-18
6320.00	6.46568e-18
6321.00	6.05336e-18
6322.00	4.9825e-18
6323.00	4.26447e-18
6324.00	3.78084e-18
6325.00	3.47722e-18
6326.00	3.28133e-18
6327.00	3.26033e-18
6328.00	3.07371e-18
6329.00	2.85548e-18
6330.00	3.13099e-18
6331.00	3.76131e-18
6332.00	4.14135e-18
6333.00	3.99869e-18
6334.00	3.59053e-18
6335.00	3.83148e-18
6336.00	4.20772e-18
6337.00	4.17196e-18
6338.00	3.76755e-18
6339.00	3.5423e-18
6340.00	3.53209e-18
6341.00	3.59448e-18
6342.00	3.6871e-18
6343.00	3.76679e-18
6344.00	3.74202e-18
6345.00	3.36122e-18
6346.00	3.27732e-18
6347.00	3.31501e-18
6348.00	3.30117e-18
6349.00	2.89297e-18
6350.00	2.77665e-18
6351.00	2.89249e-18
6352.00	3.05377e-18
6353.00	2.98175e-18
6354.00	2.84958e-18
6355.00	2.81475e-18
6356.00	3.09662e-18
6357.00	3.75225e-18
6358.00	4.19691e-18
6359.00	4.10792e-18
6360.00	3.46629e-18
6361.00	2.91359e-18
6362.00	2.57463e-18
6363.00	2.55003e-18
6364.00	3.08553e-18
6365.00	3.77597e-18
6366.00	4.34001e-18
6367.00	4.47164e-18
6368.00	4.51433e-18
6369.00	4.54728e-18
6370.00	4.56486e-18
6371.00	4.42124e-18
6372.00	4.15228e-18
6373.00	3.75624e-18
6374.00	3.29863e-18
6375.00	3.14713e-18
6376.00	3.06753e-18
6377.00	3.14474e-18
6378.00	3.4932e-18
6379.00	3.70367e-18
6380.00	3.68582e-18
6381.00	3.53573e-18
6382.00	3.52872e-18
6383.00	3.52878e-18
6384.00	3.75359e-18
6385.00	4.14233e-18
6386.00	4.04609e-18
6387.00	3.71598e-18
6388.00	3.6259e-18
6389.00	4.09271e-18
6390.00	4.15096e-18
6391.00	3.77174e-18
6392.00	3.19621e-18
6393.00	2.80736e-18
6394.00	2.90224e-18
6395.00	3.36542e-18
6396.00	3.88272e-18
6397.00	3.67463e-18
6398.00	3.55853e-18
6399.00	3.62733e-18
6400.00	3.85909e-18
6401.00	3.70099e-18
6402.00	3.45902e-18
6403.00	3.3371e-18
6404.00	3.51527e-18
6405.00	3.53059e-18
6406.00	3.31395e-18
6407.00	3.13499e-18
6408.00	3.65346e-18
6409.00	3.91418e-18
6410.00	4.03263e-18
6411.00	4.09654e-18
6412.00	4.41555e-18
6413.00	4.48112e-18
6414.00	4.32271e-18
6415.00	4.00769e-18
6416.00	3.67384e-18
6417.00	3.7507e-18
6418.00	4.06924e-18
6419.00	4.2663e-18
6420.00	4.18205e-18
6421.00	3.92018e-18
6422.00	3.65398e-18
6423.00	3.78634e-18
6424.00	3.6688e-18
6425.00	3.4085e-18
6426.00	3.12965e-18
6427.00	3.18869e-18
6428.00	3.1537e-18
6429.00	3.1328e-18
6430.00	3.28927e-18
6431.00	3.60592e-18
6432.00	3.68331e-18
6433.00	3.62948e-18
6434.00	3.87858e-18
6435.00	4.10001e-18
6436.00	4.19456e-18
6437.00	4.15472e-18
6438.00	4.19363e-18
6439.00	4.19987e-18
6440.00	3.91975e-18
6441.00	3.25407e-18
6442.00	3.12607e-18
6443.00	3.30089e-18
6444.00	3.51362e-18
6445.00	3.4215e-18
6446.00	3.54899e-18
6447.00	3.78312e-18
6448.00	3.87983e-18
6449.00	3.18851e-18
6450.00	2.98393e-18
6451.00	3.37377e-18
6452.00	4.218e-18
6453.00	4.38749e-18
6454.00	3.98352e-18
6455.00	3.61592e-18
6456.00	3.9086e-18
6457.00	4.29642e-18
6458.00	4.28854e-18
6459.00	4.00695e-18
6460.00	3.92929e-18
6461.00	4.09175e-18
6462.00	4.20027e-18
6463.00	4.17107e-18
6464.00	4.21881e-18
6465.00	4.12501e-18
6466.00	4.06951e-18
6467.00	4.18374e-18
6468.00	4.34676e-18
6469.00	4.24422e-18
6470.00	3.92014e-18
6471.00	3.50846e-18
6472.00	3.3925e-18
6473.00	3.45784e-18
6474.00	3.61048e-18
6475.00	3.70027e-18
6476.00	3.70186e-18
6477.00	3.836e-18
6478.00	4.09333e-18
6479.00	3.72309e-18
6480.00	3.54252e-18
6481.00	3.63087e-18
6482.00	3.96533e-18
6483.00	4.04567e-18
6484.00	3.76574e-18
6485.00	3.33222e-18
6486.00	3.15268e-18
6487.00	3.44425e-18
6488.00	3.68345e-18
6489.00	3.65807e-18
6490.00	3.41348e-18
6491.00	3.4481e-18
6492.00	3.75634e-18
6493.00	4.23606e-18
6494.00	4.28586e-18
6495.00	3.90835e-18
6496.00	3.38395e-18
6497.00	3.09236e-18
6498.00	3.07409e-18
6499.00	3.22852e-18
6500.00	3.45081e-18
6501.00	3.57486e-18
6502.00	3.72214e-18
6503.00	3.96465e-18
6504.00	4.26877e-18
6505.00	4.30164e-18
6506.00	4.02273e-18
6507.00	3.6996e-18
6508.00	3.61397e-18
6509.00	3.85564e-18
6510.00	4.04267e-18
6511.00	4.10107e-18
6512.00	4.05686e-18
6513.00	4.06687e-18
6514.00	3.97433e-18
6515.00	3.71706e-18
6516.00	3.25635e-18
6517.00	3.01356e-18
6518.00	3.07125e-18
6519.00	3.39712e-18
6520.00	3.34768e-18
6521.00	3.27718e-18
6522.00	3.41701e-18
6523.00	4.0001e-18
6524.00	4.31636e-18
6525.00	4.14836e-18
6526.00	3.69237e-18
6527.00	3.60062e-18
6528.00	3.61272e-18
6529.00	3.69029e-18
6530.00	3.80784e-18
6531.00	4.05807e-18
6532.00	3.89144e-18
6533.00	3.48868e-18
6534.00	3.09792e-18
6535.00	3.06109e-18
6536.00	3.3396e-18
6537.00	3.75114e-18
6538.00	4.00259e-18
6539.00	4.16169e-18
6540.00	4.23414e-18
6541.00	4.19813e-18
6542.00	3.93201e-18
6543.00	3.86637e-18
6544.00	4.00783e-18
6545.00	4.31005e-18
6546.00	4.47076e-18
6547.00	4.51064e-18
6548.00	4.35986e-18
6549.00	3.94339e-18
6550.00	3.71657e-18
6551.00	3.53537e-18
6552.00	3.40255e-18
6553.00	3.3245e-18
6554.00	3.96461e-18
6555.00	4.40154e-18
6556.00	4.20397e-18
6557.00	3.56724e-18
6558.00	3.69742e-18
6559.00	4.1389e-18
6560.00	4.36695e-18
6561.00	4.27359e-18
6562.00	4.09759e-18
6563.00	3.89025e-18
6564.00	3.64589e-18
6565.00	3.42422e-18
6566.00	3.49825e-18
6567.00	3.81688e-18
6568.00	3.91561e-18
6569.00	3.7575e-18
6570.00	3.66797e-18
6571.00	3.83463e-18
6572.00	3.96169e-18
6573.00	3.94872e-18
6574.00	3.80975e-18
6575.00	3.58079e-18
6576.00	2.94411e-18
6577.00	2.47862e-18
6578.00	2.40657e-18
6579.00	2.87523e-18
6580.00	3.23135e-18
6581.00	3.62397e-18
6582.00	4.03895e-18
6583.00	4.18467e-18
6584.00	4.59242e-18
6585.00	4.82335e-18
6586.00	4.49862e-18
6587.00	4.11916e-18
6588.00	4.05265e-18
6589.00	4.19094e-18
6590.00	4.22817e-18
6591.00	4.20873e-18
6592.00	4.10803e-18
6593.00	3.95946e-18
6594.00	3.86461e-18
6595.00	3.89736e-18
6596.00	4.04509e-18
6597.00	4.24478e-18
6598.00	4.19988e-18
6599.00	3.99798e-18
6600.00	3.8471e-18
6601.00	3.96897e-18
6602.00	3.9958e-18
6603.00	3.80878e-18
6604.00	3.48548e-18
6605.00	3.20104e-18
6606.00	3.6707e-18
6607.00	3.99758e-18
6608.00	3.85013e-18
6609.00	3.63842e-18
6610.00	3.82782e-18
6611.00	4.11879e-18
6612.00	4.23545e-18
6613.00	4.36171e-18
6614.00	4.47438e-18
6615.00	4.39236e-18
6616.00	3.82757e-18
6617.00	3.50203e-18
6618.00	3.64388e-18
6619.00	4.10714e-18
6620.00	4.18745e-18
6621.00	4.17564e-18
6622.00	4.12677e-18
6623.00	4.07739e-18
6624.00	3.96448e-18
6625.00	4.00955e-18
6626.00	4.10338e-18
6627.00	4.09581e-18
6628.00	4.04771e-18
6629.00	4.00348e-18
6630.00	3.93776e-18
6631.00	3.75205e-18
6632.00	3.6699e-18
6633.00	3.72291e-18
6634.00	3.93119e-18
6635.00	4.30379e-18
6636.00	4.51533e-18
6637.00	4.57438e-18
6638.00	4.51249e-18
6639.00	4.42461e-18
6640.00	4.33785e-18
6641.00	4.28127e-18
6642.00	4.27886e-18
6643.00	4.53749e-18
6644.00	4.60906e-18
6645.00	4.34357e-18
6646.00	3.69848e-18
6647.00	3.54812e-18
6648.00	3.77889e-18
6649.00	4.25637e-18
6650.00	4.64021e-18
6651.00	4.74659e-18
6652.00	4.65163e-18
6653.00	4.47086e-18
6654.00	4.22331e-18
6655.00	4.0285e-18
6656.00	3.96564e-18
6657.00	4.14598e-18
6658.00	4.19298e-18
6659.00	4.07215e-18
6660.00	3.82611e-18
6661.00	3.7022e-18
6662.00	3.76913e-18
6663.00	3.97216e-18
6664.00	4.21887e-18
6665.00	4.17649e-18
6666.00	3.95402e-18
6667.00	3.80004e-18
6668.00	4.04791e-18
6669.00	4.10563e-18
6670.00	4.09249e-18
6671.00	3.96026e-18
6672.00	3.65157e-18
6673.00	2.16042e-18
6674.00	6.29812e-19
6675.00	-1.78389e-19
6676.00	-3.75549e-20
6677.00	2.15035e-20
6678.00	-1.68248e-21
6679.00	0E-21
6680.00	0E-21
6681.00	0E-21
6682.00	0E-21
6683.00	0E-21
6684.00	0E-21
6685.00	0E-21
6686.00	0E-21
6687.00	0E-21
6688.00	0E-21
6689.00	0E-21
6690.00	0E-21
6691.00	0E-21
6692.00	0E-21
6693.00	0E-21
6694.00	0E-21
6695.00	-1.52813e-22
6696.00	-2.82258e-22
6697.00	2.58821e-21
6698.00	3.36983e-20
6699.00	-3.49246e-19
6700.00	5.1252e-19
6701.00	3.04265e-18
6702.00	4.6049e-18
6703.00	4.59903e-18
6704.00	4.15995e-18
6705.00	4.49486e-18
6706.00	4.66342e-18
6707.00	4.28971e-18
6708.00	3.61699e-18
6709.00	3.2182e-18
6710.00	3.68058e-18
6711.00	4.07484e-18
6712.00	4.21022e-18
6713.00	4.93891e-18
6714.00	4.87437e-18
6715.00	4.45501e-18
6716.00	4.09782e-18
6717.00	4.12861e-18
6718.00	4.36114e-18
6719.00	4.57268e-18
6720.00	4.50634e-18
6721.00	4.27788e-18
6722.00	4.05542e-18
6723.00	3.82936e-18
6724.00	3.33224e-18
6725.00	3.57484e-18
6726.00	4.02233e-18
6727.00	4.26437e-18
6728.00	3.64929e-18
6729.00	3.98064e-18
6730.00	4.35036e-18
6731.00	3.7803e-18
6732.00	3.23418e-18
6733.00	3.6985e-18
6734.00	4.60165e-18
6735.00	4.49553e-18
6736.00	4.44738e-18
6737.00	4.35642e-18
6738.00	4.29507e-18
6739.00	4.53475e-18
6740.00	4.46674e-18
6741.00	4.50294e-18
6742.00	4.85226e-18
6743.00	4.71786e-18
6744.00	4.64118e-18
6745.00	4.62887e-18
6746.00	4.59942e-18
6747.00	4.30553e-18
6748.00	4.03487e-18
6749.00	3.88631e-18
6750.00	3.84645e-18
6751.00	4.27212e-18
6752.00	4.31274e-18
6753.00	3.8311e-18
6754.00	4.46879e-18
6755.00	4.45372e-18
6756.00	4.18913e-18
6757.00	4.13165e-18
6758.00	3.43546e-18
6759.00	3.74499e-18
6760.00	4.46213e-18
6761.00	3.95422e-18
6762.00	3.87095e-18
6763.00	3.90139e-18
6764.00	3.91799e-18
6765.00	3.66263e-18
6766.00	4.08102e-18
6767.00	4.64214e-18
6768.00	4.92364e-18
6769.00	4.84574e-18
6770.00	4.28935e-18
6771.00	3.73727e-18
6772.00	3.80015e-18
6773.00	3.82682e-18
6774.00	3.8535e-18
6775.00	3.88017e-18
6776.00	3.90685e-18
6777.00	3.93352e-18
6778.00	3.9602e-18
6779.00	3.98687e-18
6780.00	4.01355e-18
6781.00	4.04023e-18
6782.00	4.0669e-18
6783.00	4.0669e-18
6784.00	4.07577e-18
6785.00	3.8953e-18
6786.00	3.60133e-18
6787.00	3.40221e-18
6788.00	4.17944e-18
6789.00	4.50526e-18
6790.00	4.14255e-18
6791.00	4.00983e-18
6792.00	4.41139e-18
6793.00	4.6834e-18
6794.00	4.47923e-18
6795.00	4.7101e-18
6796.00	4.47811e-18
6797.00	4.08194e-18
6798.00	4.00016e-18
6799.00	3.99134e-18
6800.00	3.85728e-18
6801.00	3.62402e-18
6802.00	3.4342e-18
6803.00	3.81946e-18
6804.00	3.94961e-18
6805.00	3.65256e-18
6806.00	4.01584e-18
6807.00	4.25449e-18
6808.00	4.39364e-18
6809.00	4.43076e-18
6810.00	3.59466e-18
6811.00	3.36611e-18
6812.00	3.78314e-18
6813.00	4.47436e-18
6814.00	4.72652e-18
6815.00	4.66998e-18
6816.00	4.44993e-18
6817.00	4.41007e-18
6818.00	4.3592e-18
6819.00	4.06857e-18
6820.00	3.57755e-18
6821.00	4.09891e-18
6822.00	4.57177e-18
6823.00	4.5165e-18
6824.00	3.57096e-18
6825.00	3.52566e-18
6826.00	3.55833e-18
6827.00	3.61242e-18
6828.00	4.01633e-18
6829.00	3.98827e-18
6830.00	4.15015e-18
6831.00	4.60362e-18
6832.00	4.64675e-18
6833.00	4.23629e-18
6834.00	4.02184e-18
6835.00	4.45215e-18
6836.00	4.10571e-18
6837.00	4.12524e-18
6838.00	4.38931e-18
6839.00	4.43339e-18
6840.00	3.99598e-18
6841.00	4.05022e-18
6842.00	4.52509e-18
6843.00	4.19225e-18
6844.00	3.90462e-18
6845.00	3.83071e-18
6846.00	4.02305e-18
6847.00	4.02556e-18
6848.00	4.33211e-18
6849.00	4.46082e-18
6850.00	3.86399e-18
6851.00	3.8404e-18
6852.00	4.00781e-18
6853.00	4.07401e-18
6854.00	3.55557e-18
6855.00	3.20669e-18
6856.00	3.28542e-18
6857.00	3.73128e-18
6858.00	3.71118e-18
6859.00	3.59636e-18
6860.00	3.64816e-18
6861.00	4.00243e-18
6862.00	3.93957e-18
6863.00	3.61636e-18
6864.00	3.45694e-18
6865.00	4.08171e-18
6866.00	3.71776e-18
6867.00	3.11748e-18
6868.00	2.81396e-18
6869.00	3.77225e-18
6870.00	3.6888e-18
6871.00	3.13461e-18
6872.00	2.63261e-18
6873.00	3.16616e-18
6874.00	3.91926e-18
6875.00	4.35313e-18
6876.00	3.98279e-18
6877.00	2.98265e-18
6878.00	2.91579e-18
6879.00	3.63716e-18
6880.00	4.11371e-18
6881.00	3.91804e-18
6882.00	3.88106e-18
6883.00	4.25961e-18
6884.00	4.67985e-18
6885.00	4.25623e-18
6886.00	3.8401e-18
6887.00	4.05911e-18
6888.00	3.9311e-18
6889.00	3.74485e-18
6890.00	3.76676e-18
6891.00	4.33538e-18
6892.00	4.23424e-18
6893.00	4.19125e-18
6894.00	4.28235e-18
6895.00	4.14413e-18
6896.00	3.83917e-18
6897.00	3.53932e-18
6898.00	3.37708e-18
6899.00	3.41061e-18
6900.00	3.79804e-18
6901.00	4.04507e-18
6902.00	3.65444e-18
6903.00	3.34157e-18
6904.00	3.45198e-18
6905.00	3.82825e-18
6906.00	4.00331e-18
6907.00	3.90721e-18
6908.00	3.77409e-18
6909.00	3.70502e-18
6910.00	3.64886e-18
6911.00	3.73811e-18
6912.00	3.89558e-18
6913.00	4.00339e-18
6914.00	3.63914e-18
6915.00	3.31451e-18
6916.00	3.15059e-18
6917.00	3.20231e-18
6918.00	2.95453e-18
6919.00	3.25908e-18
6920.00	3.85614e-18
6921.00	3.39666e-18
6922.00	2.98157e-18
6923.00	2.90745e-18
6924.00	3.25021e-18
6925.00	3.30014e-18
6926.00	3.69485e-18
6927.00	4.02245e-18
6928.00	3.82861e-18
6929.00	3.32183e-18
6930.00	3.30674e-18
6931.00	3.69655e-18
6932.00	4.00272e-18
6933.00	3.88835e-18
6934.00	3.97233e-18
6935.00	4.24004e-18
6936.00	3.67495e-18
6937.00	3.57693e-18
6938.00	3.75338e-18
6939.00	4.02944e-18
6940.00	4.45115e-18
6941.00	4.30366e-18
6942.00	3.72625e-18
6943.00	3.0508e-18
6944.00	3.56593e-18
6945.00	3.81742e-18
6946.00	3.56124e-18
6947.00	3.24821e-18
6948.00	3.26207e-18
6949.00	3.36776e-18
6950.00	3.41266e-18
6951.00	3.20802e-18
6952.00	3.60598e-18
6953.00	4.06207e-18
6954.00	3.99819e-18
6955.00	3.88117e-18
6956.00	3.87978e-18
6957.00	3.95187e-18
6958.00	3.93801e-18
6959.00	3.93188e-18
6960.00	3.46298e-18
6961.00	2.79562e-18
6962.00	3.48961e-18
6963.00	3.7461e-18
6964.00	3.56983e-18
6965.00	3.16525e-18
6966.00	3.96919e-18
6967.00	4.20883e-18
6968.00	3.88813e-18
6969.00	3.33226e-18
6970.00	3.21521e-18
6971.00	3.25713e-18
6972.00	3.25876e-18
6973.00	2.82771e-18
6974.00	3.15189e-18
6975.00	3.72274e-18
6976.00	4.07751e-18
6977.00	3.21906e-18
6978.00	3.00274e-18
6979.00	3.29762e-18
6980.00	3.76042e-18
6981.00	3.16843e-18
6982.00	2.74942e-18
6983.00	2.84454e-18
6984.00	3.64764e-18
6985.00	3.9926e-18
6986.00	4.04904e-18
6987.00	3.83853e-18
6988.00	3.28445e-18
6989.00	3.10552e-18
6990.00	3.23417e-18
6991.00	3.55199e-18
6992.00	3.64444e-18
6993.00	3.67126e-18
6994.00	3.60005e-18
6995.00	3.37319e-18
6996.00	2.74979e-18
6997.00	2.87288e-18
6998.00	3.64586e-18
6999.00	4.18184e-18
7000.00	3.93632e-18
7001.00	3.46367e-18
7002.00	3.21074e-18
7003.00	3.90954e-18
7004.00	3.96542e-18
7005.00	3.77572e-18
7006.00	3.7883e-18
7007.00	3.72959e-18
7008.00	3.99964e-18
7009.00	4.3294e-18
7010.00	4.18743e-18
7011.00	3.31909e-18
7012.00	2.7586e-18
7013.00	2.87257e-18
7014.00	3.56751e-18
7015.00	3.73822e-18
7016.00	3.62497e-18
7017.00	3.46799e-18
7018.00	3.78955e-18
7019.00	3.57922e-18
7020.00	3.17493e-18
7021.00	3.12926e-18
7022.00	3.62156e-18
7023.00	3.36857e-18
7024.00	2.71344e-18
7025.00	3.24428e-18
7026.00	3.62516e-18
7027.00	3.69479e-18
7028.00	3.48367e-18
7029.00	3.79077e-18
7030.00	3.23526e-18
7031.00	2.78419e-18
7032.00	3.28338e-18
7033.00	3.69845e-18
7034.00	3.7504e-18
7035.00	3.478e-18
7036.00	3.03799e-18
7037.00	3.22132e-18
7038.00	3.34517e-18
7039.00	3.20148e-18
7040.00	2.87437e-18
7041.00	2.66067e-18
7042.00	2.71259e-18
7043.00	3.08435e-18
7044.00	3.52954e-18
7045.00	3.45928e-18
7046.00	3.47655e-18
7047.00	4.30357e-18
7048.00	3.8947e-18
7049.00	3.17834e-18
7050.00	2.73394e-18
7051.00	3.38198e-18
7052.00	3.73562e-18
7053.00	3.51526e-18
7054.00	2.78417e-18
7055.00	2.55489e-18
7056.00	2.54596e-18
7057.00	2.79064e-18
7058.00	3.28132e-18
7059.00	3.73804e-18
7060.00	3.53729e-18
7061.00	3.14839e-18
7062.00	3.47897e-18
7063.00	3.48679e-18
7064.00	3.22696e-18
7065.00	2.7817e-18
7066.00	2.35542e-18
7067.00	2.36287e-18
7068.00	2.37316e-18
7069.00	2.26403e-18
7070.00	2.99162e-18
7071.00	3.61653e-18
7072.00	3.77912e-18
7073.00	3.22647e-18
7074.00	2.83807e-18
7075.00	2.74886e-18
7076.00	2.78334e-18
7077.00	2.43271e-18
7078.00	2.27189e-18
7079.00	2.34707e-18
7080.00	2.6573e-18
7081.00	3.01524e-18
7082.00	3.59313e-18
7083.00	3.77055e-18
7084.00	3.14784e-18
7085.00	2.93069e-18
7086.00	2.87497e-18
7087.00	3.01542e-18
7088.00	3.43429e-18
7089.00	3.84758e-18
7090.00	3.8152e-18
7091.00	3.3001e-18
7092.00	2.5483e-18
7093.00	2.5768e-18
7094.00	3.09237e-18
7095.00	3.70405e-18
7096.00	3.22568e-18
7097.00	3.17068e-18
7098.00	3.26192e-18
7099.00	3.05938e-18
7100.00	3.00195e-18
7101.00	3.0085e-18
7102.00	3.04166e-18
7103.00	3.06731e-18
7104.00	2.88064e-18
7105.00	2.93866e-18
7106.00	3.2799e-18
7107.00	3.30999e-18
7108.00	3.02991e-18
7109.00	2.82205e-18
7110.00	2.95149e-18
7111.00	2.9007e-18
7112.00	3.03157e-18
7113.00	3.27063e-18
7114.00	3.44457e-18
7115.00	3.42522e-18
7116.00	3.37263e-18
7117.00	3.33086e-18
7118.00	3.33447e-18
7119.00	2.6855e-18
7120.00	2.5102e-18
7121.00	3.19119e-18
7122.00	3.14016e-18
7123.00	2.96957e-18
7124.00	3.07976e-18
7125.00	3.77546e-18
7126.00	3.7198e-18
7127.00	3.5107e-18
7128.00	3.35793e-18
7129.00	3.44539e-18
7130.00	3.28052e-18
7131.00	3.4595e-18
7132.00	3.946e-18
7133.00	3.68374e-18
7134.00	3.6905e-18
7135.00	3.87129e-18
7136.00	4.0719e-18
7137.00	3.78917e-18
7138.00	3.65032e-18
7139.00	3.52824e-18
7140.00	3.12093e-18
7141.00	2.72385e-18
7142.00	2.85937e-18
7143.00	3.4732e-18
7144.00	4.07838e-18
7145.00	3.84798e-18
7146.00	3.53047e-18
7147.00	3.47032e-18
7148.00	3.15823e-18
7149.00	3.15045e-18
7150.00	3.10278e-18
7151.00	2.69403e-18
7152.00	3.21814e-18
7153.00	3.57583e-18
7154.00	3.54387e-18
7155.00	3.12266e-18
7156.00	2.92927e-18
7157.00	2.90015e-18
7158.00	3.06313e-18
7159.00	3.58006e-18
7160.00	3.67841e-18
7161.00	3.53379e-18
7162.00	3.32182e-18
7163.00	3.25649e-18
7164.00	2.98786e-18
7165.00	2.81871e-18
7166.00	3.20455e-18
7167.00	2.99225e-18
7168.00	3.02162e-18
7169.00	3.39025e-18
7170.00	3.85506e-18
7171.00	3.50435e-18
7172.00	2.87739e-18
7173.00	2.44275e-18
7174.00	3.03799e-18
7175.00	3.24424e-18
7176.00	3.22948e-18
7177.00	3.27703e-18
7178.00	3.57427e-18
7179.00	3.58401e-18
7180.00	3.50889e-18
7181.00	3.97249e-18
7182.00	3.49269e-18
7183.00	3.10891e-18
7184.00	3.09399e-18
7185.00	2.99465e-18
7186.00	3.13982e-18
7187.00	3.20217e-18
7188.00	3.01537e-18
7189.00	3.12256e-18
7190.00	3.62147e-18
7191.00	3.98102e-18
7192.00	3.51789e-18
7193.00	3.27546e-18
7194.00	3.00035e-18
7195.00	2.74271e-18
7196.00	2.69085e-18
7197.00	2.96641e-18
7198.00	3.26816e-18
7199.00	3.47029e-18
7200.00	3.75731e-18
7201.00	4.39349e-18
7202.00	4.46877e-18
7203.00	3.27724e-18
7204.00	3.23327e-18
7205.00	3.07546e-18
7206.00	2.97471e-18
7207.00	3.65268e-18
7208.00	3.43842e-18
7209.00	3.28324e-18
7210.00	3.36946e-18
7211.00	3.18734e-18
7212.00	3.06752e-18
7213.00	3.06882e-18
7214.00	3.21428e-18
7215.00	3.43097e-18
7216.00	3.18631e-18
7217.00	3.01869e-18
7218.00	3.65505e-18
7219.00	3.89782e-18
7220.00	3.60254e-18
7221.00	3.09854e-18
7222.00	3.40219e-18
7223.00	2.54961e-18
7224.00	2.44277e-18
7225.00	3.53343e-18
7226.00	3.5998e-18
7227.00	3.43322e-18
7228.00	3.33499e-18
7229.00	3.52735e-18
7230.00	3.69428e-18
7231.00	3.49508e-18
7232.00	3.21973e-18
7233.00	3.46088e-18
7234.00	3.7589e-18
7235.00	3.97554e-18
7236.00	3.93435e-18
7237.00	3.33119e-18
7238.00	2.65152e-18
7239.00	2.27491e-18
7240.00	2.46496e-18
7241.00	3.2631e-18
7242.00	3.26506e-18
7243.00	3.04556e-18
7244.00	3.48234e-18
7245.00	3.49716e-18
7246.00	3.6839e-18
7247.00	3.78097e-18
7248.00	2.81068e-18
7249.00	2.48891e-18
7250.00	2.57749e-18
7251.00	2.91501e-18
7252.00	3.17689e-18
7253.00	2.77093e-18
7254.00	2.63231e-18
7255.00	3.46777e-18
7256.00	3.3698e-18
7257.00	3.62441e-18
7258.00	3.89703e-18
7259.00	3.30661e-18
7260.00	3.07965e-18
7261.00	3.07018e-18
7262.00	3.17775e-18
7263.00	3.1825e-18
7264.00	2.93193e-18
7265.00	2.93054e-18
7266.00	3.37557e-18
7267.00	3.41747e-18
7268.00	3.15853e-18
7269.00	3.14144e-18
7270.00	3.92956e-18
7271.00	3.72942e-18
7272.00	3.34378e-18
7273.00	2.96512e-18
7274.00	2.6151e-18
7275.00	1.96642e-18
7276.00	2.51641e-18
7277.00	4.20162e-18
7278.00	3.84318e-18
7279.00	3.47055e-18
7280.00	3.14489e-18
7281.00	2.93223e-18
7282.00	3.66565e-18
7283.00	3.69426e-18
7284.00	3.29929e-18
7285.00	3.34629e-18
7286.00	3.81981e-18
7287.00	3.86385e-18
7288.00	3.52896e-18
7289.00	3.87783e-18
7290.00	4.16287e-18
7291.00	3.79344e-18
7292.00	2.72921e-18
7293.00	3.00372e-18
7294.00	3.26336e-18
7295.00	3.23245e-18
7296.00	2.79126e-18
7297.00	3.12547e-18
7298.00	3.09112e-18
7299.00	2.87392e-18
7300.00	3.47499e-18
7301.00	3.60131e-18
7302.00	3.39384e-18
7303.00	3.05372e-18
7304.00	3.27888e-18
7305.00	3.36744e-18
7306.00	3.36579e-18
7307.00	3.30493e-18
7308.00	2.87704e-18
7309.00	2.7429e-18
7310.00	2.86654e-18
7311.00	3.02274e-18
7312.00	3.41052e-18
7313.00	3.47344e-18
7314.00	3.13481e-18
7315.00	2.61406e-18
7316.00	2.92254e-18
7317.00	3.38566e-18
7318.00	3.516e-18
7319.00	2.91892e-18
7320.00	2.71272e-18
7321.00	2.74581e-18
7322.00	2.75128e-18
7323.00	3.28311e-18
7324.00	3.39783e-18
7325.00	3.17979e-18
7326.00	3.24557e-18
7327.00	3.32797e-18
7328.00	3.23259e-18
7329.00	2.92656e-18
7330.00	2.55803e-18
7331.00	2.97143e-18
7332.00	3.56811e-18
7333.00	3.79687e-18
7334.00	3.42018e-18
7335.00	2.99516e-18
7336.00	2.85036e-18
7337.00	3.31134e-18
7338.00	3.4904e-18
7339.00	3.06535e-18
7340.00	2.32919e-18
7341.00	2.38032e-18
7342.00	2.46423e-18
7343.00	2.84164e-18
7344.00	3.45813e-18
7345.00	3.36218e-18
7346.00	3.06645e-18
7347.00	2.73992e-18
7348.00	2.53992e-18
7349.00	2.83465e-18
7350.00	3.16634e-18
7351.00	3.41336e-18
7352.00	3.57599e-18
7353.00	3.51991e-18
7354.00	3.24298e-18
7355.00	2.81605e-18
7356.00	2.37194e-18
7357.00	2.79084e-18
7358.00	3.43727e-18
7359.00	3.72663e-18
7360.00	3.2909e-18
7361.00	2.58308e-18
7362.00	2.11304e-18
7363.00	2.46254e-18
7364.00	2.48748e-18
7365.00	2.95447e-18
7366.00	3.60727e-18
7367.00	3.28328e-18
7368.00	2.74782e-18
7369.00	2.54458e-18
7370.00	2.9007e-18
7371.00	3.25875e-18
7372.00	3.16406e-18
7373.00	2.91598e-18
7374.00	2.87752e-18
7375.00	3.25707e-18
7376.00	3.25221e-18
7377.00	2.97923e-18
7378.00	2.96623e-18
7379.00	3.20541e-18
7380.00	3.33618e-18
7381.00	3.1813e-18
7382.00	2.61433e-18
7383.00	2.67171e-18
7384.00	2.98192e-18
7385.00	3.14946e-18
7386.00	2.38705e-18
7387.00	2.40998e-18
7388.00	2.90701e-18
7389.00	3.14098e-18
7390.00	2.68642e-18
7391.00	2.52751e-18
7392.00	2.78798e-18
7393.00	3.09709e-18
7394.00	2.74913e-18
7395.00	2.34147e-18
7396.00	2.28293e-18
7397.00	2.99564e-18
7398.00	3.14674e-18
7399.00	3.05454e-18
7400.00	3.11746e-18
7401.00	3.06594e-18
7402.00	2.96108e-18
7403.00	2.90669e-18
7404.00	3.08499e-18
7405.00	2.92769e-18
7406.00	3.1526e-18
7407.00	3.61525e-18
7408.00	2.79427e-18
7409.00	3.10831e-18
7410.00	3.39157e-18
7411.00	2.96291e-18
7412.00	3.35604e-18
7413.00	3.25747e-18
7414.00	3.05282e-18
7415.00	3.42834e-18
7416.00	3.35366e-18
7417.00	3.38835e-18
7418.00	3.3834e-18
7419.00	2.55183e-18
7420.00	2.531e-18
7421.00	2.56941e-18
7422.00	2.42073e-18
7423.00	2.68597e-18
7424.00	2.66334e-18
7425.00	2.7207e-18
7426.00	3.17703e-18
7427.00	3.07863e-18
7428.00	2.80855e-18
7429.00	2.71141e-18
7430.00	3.29696e-18
7431.00	3.13221e-18
7432.00	3.04288e-18
7433.00	3.14381e-18
7434.00	2.91202e-18
7435.00	2.33408e-18
7436.00	1.96695e-18
7437.00	2.16321e-18
7438.00	2.54753e-18
7439.00	2.97236e-18
7440.00	3.16148e-18
7441.00	2.83094e-18
7442.00	2.70434e-18
7443.00	2.60342e-18
7444.00	2.56057e-18
7445.00	2.71884e-18
7446.00	2.96432e-18
7447.00	2.8927e-18
7448.00	2.5065e-18
7449.00	2.83959e-18
7450.00	2.60047e-18
7451.00	2.49483e-18
7452.00	3.13115e-18
7453.00	3.22863e-18
7454.00	3.07495e-18
7455.00	2.83548e-18
7456.00	2.70767e-18
7457.00	2.7609e-18
7458.00	2.999e-18
7459.00	3.34669e-18
7460.00	3.73284e-18
7461.00	2.85499e-18
7462.00	1.94518e-18
7463.00	1.8302e-18
7464.00	2.2262e-18
7465.00	2.43512e-18
7466.00	2.63035e-18
7467.00	3.11973e-18
7468.00	3.61284e-18
7469.00	3.2447e-18
7470.00	2.61968e-18
7471.00	3.74745e-18
7472.00	3.58761e-18
7473.00	3.04943e-18
7474.00	2.60982e-18
7475.00	2.68008e-18
7476.00	2.87406e-18
7477.00	3.00549e-18
7478.00	2.95424e-18
7479.00	3.07853e-18
7480.00	3.23386e-18
7481.00	3.16944e-18
7482.00	2.4824e-18
7483.00	3.05028e-18
7484.00	3.16917e-18
7485.00	2.71947e-18
7486.00	3.14918e-18
7487.00	3.10739e-18
7488.00	2.76073e-18
7489.00	2.3919e-18
7490.00	3.15189e-18
7491.00	3.24317e-18
7492.00	2.99043e-18
7493.00	2.97936e-18
7494.00	2.463e-18
7495.00	2.49934e-18
7496.00	2.93108e-18
7497.00	2.84067e-18
7498.00	2.90207e-18
7499.00	2.96869e-18
7500.00	2.94785e-18
7501.00	2.6079e-18
7502.00	2.76203e-18
7503.00	2.88545e-18
7504.00	2.57108e-18
7505.00	2.66927e-18
7506.00	2.60589e-18
7507.00	2.44379e-18
7508.00	2.40412e-18
7509.00	2.74619e-18
7510.00	2.99767e-18
7511.00	2.92371e-18
7512.00	2.2601e-18
7513.00	2.28529e-18
7514.00	2.64932e-18
7515.00	3.03976e-18
7516.00	2.89901e-18
7517.00	3.02904e-18
7518.00	3.05454e-18
7519.00	2.52083e-18
7520.00	2.68498e-18
7521.00	3.09801e-18
7522.00	3.56613e-18
7523.00	4.01454e-18
7524.00	3.23092e-18
7525.00	2.44872e-18
7526.00	2.22536e-18
7527.00	2.54649e-18
7528.00	2.46725e-18
7529.00	2.16532e-18
7530.00	1.90625e-18
7531.00	2.47007e-18
7532.00	2.86056e-18
7533.00	2.88713e-18
7534.00	2.51543e-18
7535.00	2.4187e-18
7536.00	2.26728e-18
7537.00	2.10339e-18
7538.00	2.31504e-18
7539.00	2.34299e-18
7540.00	2.36767e-18
7541.00	2.44435e-18
7542.00	2.28675e-18
7543.00	2.32354e-18
7544.00	2.41684e-18
7545.00	2.39043e-18
7546.00	2.68694e-18
7547.00	2.49395e-18
7548.00	2.0337e-18
7549.00	2.09205e-18
7550.00	2.4756e-18
7551.00	2.56515e-18
7552.00	2.19136e-18
7553.00	1.73894e-18
7554.00	2.20613e-18
7555.00	2.49855e-18
7556.00	1.89991e-18
7557.00	2.20625e-18
7558.00	2.4652e-18
7559.00	2.76283e-18
7560.00	3.41248e-18
7561.00	3.42766e-18
7562.00	3.15413e-18
7563.00	2.68664e-18
7564.00	1.90211e-18
7565.00	2.0186e-18
7566.00	2.31075e-18
7567.00	2.39275e-18
7568.00	2.46319e-18
7569.00	2.79604e-18
7570.00	2.94162e-18
7571.00	2.47521e-18
7572.00	2.7165e-18
7573.00	2.8504e-18
7574.00	2.73747e-18
7575.00	2.38346e-18
7576.00	2.67258e-18
7577.00	2.66396e-18
7578.00	2.20166e-18
7579.00	2.11854e-18
7580.00	2.12264e-18
7581.00	2.12697e-18
7582.00	2.14461e-18
7583.00	2.88877e-18
7584.00	3.19718e-18
7585.00	3.05021e-18
7586.00	2.66447e-18
7587.00	2.71476e-18
7588.00	2.69181e-18
7589.00	2.62899e-18
7590.00	3.02002e-18
7591.00	3.16789e-18
7592.00	2.97054e-18
7593.00	2.45196e-18
7594.00	2.01754e-18
7595.00	2.16374e-18
7596.00	2.60347e-18
7597.00	2.9464e-18
7598.00	2.31037e-18
7599.00	2.36393e-18
7600.00	2.41135e-18
7601.00	2.45877e-18
7602.00	2.50619e-18
7603.00	2.50619e-18
7604.00	1.58949e-18
7605.00	2.33147e-18
7606.00	2.79288e-18
7607.00	2.66518e-18
7608.00	1.97786e-18
7609.00	2.57967e-18
7610.00	3.2303e-18
7611.00	3.43334e-18
7612.00	2.77246e-18
7613.00	2.6655e-18
7614.00	2.61968e-18
7615.00	2.418e-18
7616.00	1.678e-18
7617.00	2.17248e-18
7618.00	2.55159e-18
7619.00	2.24793e-18
7620.00	2.00691e-18
7621.00	2.19564e-18
7622.00	2.30392e-18
7623.00	1.88876e-18
7624.00	2.29742e-18
7625.00	2.62639e-18
7626.00	2.57925e-18
7627.00	1.88808e-18
7628.00	2.04982e-18
7629.00	2.46688e-18
7630.00	2.80894e-18
7631.00	2.71476e-18
7632.00	2.36474e-18
7633.00	2.0746e-18
7634.00	2.05859e-18
7635.00	2.09083e-18
7636.00	2.41557e-18
7637.00	2.84348e-18
7638.00	3.10172e-18
7639.00	3.40722e-18
7640.00	3.51695e-18
7641.00	3.20665e-18
7642.00	1.92886e-18
7643.00	2.04411e-18
7644.00	2.81517e-18
7645.00	3.5613e-18
7646.00	2.7622e-18
7647.00	2.36973e-18
7648.00	2.46825e-18
7649.00	2.92699e-18
7650.00	2.54564e-18
7651.00	2.40832e-18
7652.00	2.51759e-18
7653.00	2.5353e-18
7654.00	2.4181e-18
7655.00	2.46027e-18
7656.00	2.64879e-18
7657.00	2.60712e-18
7658.00	2.26294e-18
7659.00	2.14382e-18
7660.00	2.54022e-18
7661.00	2.90031e-18
7662.00	2.78415e-18
7663.00	2.61521e-18
7664.00	2.97528e-18
7665.00	3.13241e-18
7666.00	2.98626e-18
7667.00	2.63607e-18
7668.00	2.35954e-18
7669.00	2.46166e-18
7670.00	2.73506e-18
7671.00	2.99274e-18
7672.00	2.90928e-18
7673.00	2.76046e-18
7674.00	2.55678e-18
7675.00	2.31308e-18
7676.00	2.17673e-18
7677.00	2.30295e-18
7678.00	2.60301e-18
7679.00	2.91985e-18
7680.00	2.51547e-18
7681.00	1.81767e-18
7682.00	1.24889e-18
7683.00	1.60218e-18
7684.00	1.9409e-18
7685.00	2.02623e-18
7686.00	1.83664e-18
7687.00	2.34293e-18
7688.00	2.86148e-18
7689.00	3.06006e-18
7690.00	2.66302e-18
7691.00	2.54725e-18
7692.00	2.30038e-18
7693.00	2.01696e-18
7694.00	2.04134e-18
7695.00	2.64736e-18
7696.00	3.05045e-18
7697.00	3.04613e-18
7698.00	3.52344e-18
7699.00	3.61679e-18
7700.00	3.33177e-18
7701.00	2.77547e-18
7702.00	2.52175e-18
7703.00	2.74576e-18
7704.00	3.21071e-18
7705.00	3.51996e-18
7706.00	2.91751e-18
7707.00	2.38087e-18
7708.00	2.24817e-18
7709.00	2.50948e-18
7710.00	2.25957e-18
7711.00	2.06049e-18
7712.00	2.23888e-18
7713.00	2.47014e-18
7714.00	3.10974e-18
7715.00	3.61532e-18
7716.00	3.33651e-18
7717.00	2.14353e-18
7718.00	2.54932e-18
7719.00	3.83697e-18
7720.00	3.01992e-18
7721.00	2.63323e-18
7722.00	2.61645e-18
7723.00	2.93292e-18
7724.00	3.18163e-18
7725.00	3.21903e-18
7726.00	3.08157e-18
7727.00	2.84402e-18
7728.00	2.78381e-18
7729.00	2.94487e-18
7730.00	3.14553e-18
7731.00	3.10262e-18
7732.00	2.89665e-18
7733.00	2.75569e-18
7734.00	2.78141e-18
7735.00	3.07047e-18
7736.00	2.82526e-18
7737.00	2.47366e-18
7738.00	2.32846e-18
7739.00	2.59236e-18
7740.00	2.95423e-18
7741.00	3.20045e-18
7742.00	3.13925e-18
7743.00	2.82718e-18
7744.00	3.14405e-18
7745.00	3.61477e-18
7746.00	2.71812e-18
7747.00	2.66757e-18
7748.00	2.87756e-18
7749.00	3.17103e-18
7750.00	3.84091e-18
7751.00	2.79503e-18
7752.00	1.95828e-18
7753.00	2.76728e-18
7754.00	2.96427e-18
7755.00	2.74578e-18
7756.00	2.57051e-18
7757.00	3.11527e-18
7758.00	3.14252e-18
7759.00	2.98049e-18
7760.00	2.68912e-18
7761.00	2.09512e-18
7762.00	2.45961e-18
7763.00	2.85516e-18
7764.00	2.81021e-18
7765.00	2.97419e-18
7766.00	2.30462e-18
7767.00	1.84459e-18
7768.00	2.71696e-18
7769.00	3.00348e-18
7770.00	2.84057e-18
7771.00	2.52801e-18
7772.00	2.66586e-18
7773.00	2.78196e-18
7774.00	2.85203e-18
7775.00	2.82387e-18
7776.00	2.5626e-18
7777.00	2.78807e-18
7778.00	3.11465e-18
7779.00	3.21235e-18
7780.00	3.08573e-18
7781.00	3.25762e-18
7782.00	3.43849e-18
7783.00	3.10462e-18
7784.00	3.01928e-18
7785.00	2.77555e-18
7786.00	2.47659e-18
7787.00	2.7201e-18
7788.00	2.59785e-18
7789.00	2.62184e-18
7790.00	2.98219e-18
7791.00	3.15631e-18
7792.00	3.29107e-18
7793.00	3.6447e-18
7794.00	4.41052e-18
7795.00	4.5866e-18
7796.00	3.77403e-18
7797.00	2.66596e-18
7798.00	2.73934e-18
7799.00	2.99883e-18
7800.00	3.05513e-18
7801.00	2.8931e-18
7802.00	3.34306e-18
7803.00	2.82695e-18
7804.00	2.51268e-18
7805.00	3.171e-18
7806.00	3.41019e-18
7807.00	3.54206e-18
7808.00	3.37738e-18
7809.00	2.6312e-18
7810.00	2.84281e-18
7811.00	3.1163e-18
7812.00	3.12049e-18
7813.00	2.64199e-18
7814.00	2.34853e-18
7815.00	2.44237e-18
7816.00	2.90436e-18
7817.00	2.95984e-18
7818.00	3.15861e-18
7819.00	3.41076e-18
7820.00	3.57705e-18
7821.00	3.48542e-18
7822.00	3.55329e-18
7823.00	3.45215e-18
7824.00	2.32056e-18
7825.00	2.43065e-18
7826.00	3.06905e-18
7827.00	3.62428e-18
7828.00	2.79163e-18
7829.00	2.65618e-18
7830.00	2.72591e-18
7831.00	2.68463e-18
7832.00	3.22021e-18
7833.00	3.05961e-18
7834.00	2.6027e-18
7835.00	2.59971e-18
7836.00	3.1584e-18
7837.00	3.36874e-18
7838.00	3.22561e-18
7839.00	3.44727e-18
7840.00	3.33797e-18
7841.00	3.3702e-18
7842.00	3.59738e-18
7843.00	3.07279e-18
7844.00	2.71844e-18
7845.00	2.69916e-18
7846.00	3.04504e-18
7847.00	2.81013e-18
7848.00	2.65656e-18
7849.00	2.49254e-18
7850.00	1.85524e-18
7851.00	2.55259e-18
7852.00	2.95856e-18
7853.00	2.79229e-18
7854.00	3.28133e-18
7855.00	3.06975e-18
7856.00	2.65951e-18
7857.00	2.53562e-18
7858.00	3.62335e-18
7859.00	3.05756e-18
7860.00	2.14837e-18
7861.00	2.99462e-18
7862.00	3.69471e-18
7863.00	3.64105e-18
7864.00	3.11983e-18
7865.00	3.33756e-18
7866.00	3.63181e-18
7867.00	3.62766e-18
7868.00	3.24118e-18
7869.00	3.08686e-18
7870.00	3.23325e-18
7871.00	3.29506e-18
7872.00	2.93248e-18
7873.00	2.52365e-18
7874.00	2.51381e-18
7875.00	2.86331e-18
7876.00	3.36241e-18
7877.00	3.48695e-18
7878.00	3.35578e-18
7879.00	3.09948e-18
7880.00	2.99939e-18
7881.00	2.99735e-18
7882.00	3.02369e-18
7883.00	3.02397e-18
7884.00	2.98633e-18
7885.00	2.94534e-18
7886.00	2.90055e-18
7887.00	2.85009e-18
7888.00	3.07899e-18
7889.00	3.04646e-18
7890.00	2.79851e-18
7891.00	2.71462e-18
7892.00	3.29206e-18
7893.00	3.34293e-18
7894.00	2.59957e-18
7895.00	2.52701e-18
7896.00	2.77967e-18
7897.00	3.08407e-18
7898.00	3.20691e-18
7899.00	3.34824e-18
7900.00	3.14814e-18
7901.00	2.90069e-18
7902.00	3.18567e-18
7903.00	3.40121e-18
7904.00	3.52271e-18
7905.00	3.43996e-18
7906.00	2.8613e-18
7907.00	2.72845e-18
7908.00	2.91678e-18
7909.00	3.25912e-18
7910.00	3.2828e-18
7911.00	3.06747e-18
7912.00	2.79332e-18
7913.00	2.66667e-18
7914.00	2.6351e-18
7915.00	2.7569e-18
7916.00	2.96996e-18
7917.00	3.19898e-18
7918.00	2.60107e-18
7919.00	2.36363e-18
7920.00	2.90163e-18
7921.00	3.58701e-18
7922.00	3.63496e-18
7923.00	3.12833e-18
7924.00	2.30835e-18
7925.00	2.39642e-18
7926.00	2.57214e-18
7927.00	2.65806e-18
7928.00	2.61034e-18
7929.00	2.1968e-18
7930.00	1.83827e-18
7931.00	1.86017e-18
7932.00	2.82782e-18
7933.00	3.10503e-18
7934.00	3.01413e-18
7935.00	2.79419e-18
7936.00	2.60864e-18
7937.00	2.80819e-18
7938.00	3.08609e-18
7939.00	3.05453e-18
7940.00	3.04717e-18
7941.00	2.91047e-18
7942.00	2.74903e-18
7943.00	2.84102e-18
7944.00	2.9997e-18
7945.00	3.08098e-18
7946.00	2.98012e-18
7947.00	2.55775e-18
7948.00	2.5146e-18
7949.00	2.82597e-18
7950.00	3.31719e-18
7951.00	2.75676e-18
7952.00	2.55396e-18
7953.00	2.64834e-18
7954.00	2.58722e-18
7955.00	2.62825e-18
7956.00	2.83422e-18
7957.00	3.05038e-18
7958.00	2.7512e-18
7959.00	2.66334e-18
7960.00	2.62635e-18
7961.00	2.61844e-18
7962.00	3.10899e-18
7963.00	3.0305e-18
7964.00	2.66733e-18
7965.00	2.4803e-18
7966.00	3.16346e-18
7967.00	3.0141e-18
7968.00	2.34697e-18
7969.00	2.68426e-18
7970.00	2.63944e-18
7971.00	2.74582e-18
7972.00	3.0944e-18
7973.00	3.33061e-18
7974.00	3.08212e-18
7975.00	2.74455e-18
7976.00	2.70221e-18
7977.00	3.36385e-18
7978.00	3.43333e-18
7979.00	2.99114e-18
7980.00	2.45044e-18
7981.00	3.19514e-18
7982.00	3.2839e-18
7983.00	2.58842e-18
7984.00	2.43075e-18
7985.00	2.85709e-18
7986.00	2.958e-18
7987.00	2.40268e-18
7988.00	2.49189e-18
7989.00	2.65238e-18
7990.00	2.67528e-18
7991.00	2.43195e-18
7992.00	2.89519e-18
7993.00	3.42309e-18
7994.00	3.80162e-18
7995.00	3.97258e-18
7996.00	3.26045e-18
7997.00	2.49499e-18
7998.00	2.16284e-18
7999.00	2.66107e-18
8000.00	3.02749e-18
8001.00	3.10093e-18
8002.00	2.84592e-18
8003.00	2.84304e-18
8004.00	3.17548e-18
8005.00	3.48551e-18
8006.00	3.25927e-18
8007.00	2.42541e-18
8008.00	2.20636e-18
8009.00	2.67509e-18
8010.00	3.04594e-18
8011.00	2.52986e-18
8012.00	2.12674e-18
8013.00	2.32091e-18
8014.00	2.48742e-18
8015.00	2.97197e-18
8016.00	3.2938e-18
8017.00	2.98457e-18
8018.00	2.98621e-18
8019.00	2.72853e-18
8020.00	2.51479e-18
8021.00	3.16821e-18
8022.00	3.19005e-18
8023.00	3.35611e-18
8024.00	3.64241e-18
8025.00	2.93014e-18
8026.00	2.37039e-18
8027.00	2.34072e-18
8028.00	2.88183e-18
8029.00	2.02613e-18
8030.00	1.86457e-18
8031.00	2.38259e-18
8032.00	3.15491e-18
8033.00	3.37247e-18
8034.00	3.31217e-18
8035.00	3.14377e-18
8036.00	3.13844e-18
8037.00	2.80866e-18
8038.00	2.67474e-18
8039.00	2.88085e-18
8040.00	2.64571e-18
8041.00	2.75945e-18
8042.00	3.09092e-18
8043.00	3.41841e-18
8044.00	3.28717e-18
8045.00	3.18004e-18
8046.00	3.09585e-18
8047.00	2.83947e-18
8048.00	2.64657e-18
8049.00	2.39672e-18
8050.00	2.26618e-18
8051.00	3.0674e-18
8052.00	3.14437e-18
8053.00	2.98738e-18
8054.00	2.98136e-18
8055.00	3.12252e-18
8056.00	2.94796e-18
8057.00	2.65974e-18
8058.00	2.60415e-18
8059.00	2.88198e-18
8060.00	3.2352e-18
8061.00	3.43059e-18
8062.00	3.06848e-18
8063.00	3.11528e-18
8064.00	3.05755e-18
8065.00	2.77027e-18
8066.00	2.89603e-18
8067.00	2.93319e-18
8068.00	2.93363e-18
8069.00	2.97547e-18
8070.00	3.04513e-18
8071.00	2.87838e-18
8072.00	2.69132e-18
8073.00	2.98435e-18
8074.00	2.78311e-18
8075.00	2.46107e-18
8076.00	2.32469e-18
8077.00	2.96697e-18
8078.00	3.4501e-18
8079.00	3.60776e-18
8080.00	3.34195e-18
8081.00	2.75436e-18
8082.00	2.56607e-18
8083.00	2.64812e-18
8084.00	2.70475e-18
8085.00	2.68838e-18
8086.00	2.95472e-18
8087.00	3.30802e-18
8088.00	3.0266e-18
8089.00	3.04645e-18
8090.00	3.08656e-18
8091.00	2.99176e-18
8092.00	2.53782e-18
8093.00	2.76526e-18
8094.00	3.13789e-18
8095.00	3.09915e-18
8096.00	2.77416e-18
8097.00	2.98374e-18
8098.00	3.44912e-18
8099.00	3.43536e-18
8100.00	3.13349e-18
8101.00	2.97502e-18
8102.00	2.7977e-18
8103.00	1.49874e-18
8104.00	3.70826e-19
8105.00	-1.76236e-19
8106.00	1.17693e-20
8107.00	5.33327e-21
8108.00	-1.44911e-22
8109.00	-7.87401e-23
8110.00	0E-21
8111.00	0E-21
8112.00	0E-21
8113.00	0E-21
8114.00	0E-21
8115.00	0E-21
8116.00	0E-21
8117.00	0E-21
8118.00	0E-21
8119.00	0E-21
8120.00	0E-21
8121.00	0E-21
8122.00	0E-21
8123.00	0E-21
8124.00	-2.58374e-23
8125.00	-2.34595e-22
8126.00	3.76668e-21
8127.00	-4.71297e-21
8128.00	-1.179e-20
8129.00	-2.99822e-20
8130.00	4.57084e-19
8131.00	1.45551e-18
8132.00	2.77138e-18
8133.00	3.29716e-18
8134.00	3.48506e-18
8135.00	3.42085e-18
8136.00	3.17235e-18
8137.00	3.21133e-18
8138.00	3.24795e-18
8139.00	3.10776e-18
8140.00	2.49048e-18
8141.00	2.4759e-18
8142.00	2.60949e-18
8143.00	2.72428e-18
8144.00	2.94508e-18
8145.00	3.1788e-18
8146.00	3.20947e-18
8147.00	2.9523e-18
8148.00	3.54941e-18
8149.00	3.52178e-18
8150.00	3.068e-18
8151.00	2.8758e-18
8152.00	3.28275e-18
8153.00	3.44595e-18
8154.00	3.18922e-18
8155.00	2.86402e-18
8156.00	2.84689e-18
8157.00	2.83525e-18
8158.00	2.72517e-18
8159.00	3.10092e-18
8160.00	3.30857e-18
8161.00	3.26402e-18
8162.00	2.96478e-18
8163.00	2.63439e-18
8164.00	2.76276e-18
8165.00	3.09948e-18
8166.00	2.84904e-18
8167.00	2.51439e-18
8168.00	2.27123e-18
8169.00	2.28274e-18
8170.00	2.77473e-18
8171.00	3.04764e-18
8172.00	3.02719e-18
8173.00	2.75656e-18
8174.00	2.99291e-18
8175.00	3.24957e-18
8176.00	3.40934e-18
8177.00	3.4219e-18
8178.00	3.09062e-18
8179.00	3.18229e-18
8180.00	3.57746e-18
8181.00	3.17936e-18
8182.00	2.89519e-18
8183.00	2.75607e-18
8184.00	2.72953e-18
8185.00	2.37454e-18
8186.00	2.40989e-18
8187.00	2.69019e-18
8188.00	2.97407e-18
8189.00	3.287e-18
8190.00	3.34914e-18
8191.00	3.26604e-18
8192.00	3.43617e-18
8193.00	3.08359e-18
8194.00	2.81647e-18
8195.00	2.91054e-18
8196.00	3.4575e-18
8197.00	3.46335e-18
8198.00	3.31415e-18
8199.00	3.31866e-18
8200.00	3.07944e-18
8201.00	2.83351e-18
8202.00	2.68911e-18
8203.00	2.74967e-18
8204.00	2.6099e-18
8205.00	2.66505e-18
8206.00	2.91002e-18
8207.00	3.05617e-18
8208.00	2.72853e-18
8209.00	2.46103e-18
8210.00	2.57654e-18
8211.00	3.10756e-18
8212.00	2.97816e-18
8213.00	2.52771e-18
8214.00	2.24933e-18
8215.00	2.45184e-18
8216.00	2.65167e-18
8217.00	2.76794e-18
8218.00	2.88258e-18
8219.00	2.85542e-18
8220.00	2.92138e-18
8221.00	3.1015e-18
8222.00	3.13101e-18
8223.00	2.85524e-18
8224.00	2.63202e-18
8225.00	2.7222e-18
8226.00	2.83886e-18
8227.00	2.91488e-18
8228.00	3.02216e-18
8229.00	3.28207e-18
8230.00	3.53506e-18
8231.00	3.7174e-18
8232.00	3.69496e-18
8233.00	3.17566e-18
8234.00	2.68992e-18
8235.00	2.67775e-18
8236.00	3.20156e-18
8237.00	3.22224e-18
8238.00	2.83597e-18
8239.00	2.52873e-18
8240.00	2.77357e-18
8241.00	3.06024e-18
8242.00	3.32693e-18
8243.00	3.48506e-18
8244.00	3.42631e-18
8245.00	3.37295e-18
8246.00	3.20526e-18
8247.00	2.95431e-18
8248.00	2.86033e-18
8249.00	2.81514e-18
8250.00	2.78143e-18
8251.00	2.70644e-18
8252.00	2.3896e-18
8253.00	2.17266e-18
8254.00	2.27088e-18
8255.00	2.89293e-18
8256.00	3.2863e-18
8257.00	3.17799e-18
8258.00	2.75994e-18
8259.00	2.76237e-18
8260.00	2.79987e-18
8261.00	2.7678e-18
8262.00	2.71509e-18
8263.00	3.25255e-18
8264.00	3.63517e-18
8265.00	3.52214e-18
8266.00	2.72191e-18
8267.00	2.47768e-18
8268.00	2.74978e-18
8269.00	3.11455e-18
8270.00	2.78779e-18
8271.00	2.54108e-18
8272.00	2.48729e-18
8273.00	2.60809e-18
8274.00	2.53566e-18
8275.00	2.83907e-18
8276.00	3.25154e-18
8277.00	3.55353e-18
8278.00	3.54108e-18
8279.00	4.44099e-18
8280.00	5.88822e-18
8281.00	7.18274e-18
8282.00	7.78188e-18
8283.00	8.27286e-18
8284.00	8.33298e-18
8285.00	6.81529e-18
8286.00	4.62805e-18
8287.00	3.04375e-18
8288.00	2.63589e-18
8289.00	2.45895e-18
8290.00	2.4537e-18
8291.00	2.36193e-18
8292.00	2.00371e-18
8293.00	2.05758e-18
8294.00	2.59604e-18
8295.00	3.32633e-18
8296.00	3.77075e-18
8297.00	3.16121e-18
8298.00	2.91246e-18
8299.00	3.33713e-18
8300.00	3.69943e-18
8301.00	3.18553e-18
8302.00	2.57538e-18
8303.00	2.41843e-18
8304.00	2.40658e-18
8305.00	2.79452e-18
8306.00	3.25918e-18
8307.00	3.37221e-18
8308.00	3.48868e-18
8309.00	3.68186e-18
8310.00	3.8352e-18
8311.00	3.61519e-18
8312.00	3.20994e-18
8313.00	3.19461e-18
8314.00	3.61438e-18
8315.00	3.24292e-18
8316.00	2.96464e-18
8317.00	2.65224e-18
8318.00	2.18282e-18
8319.00	1.95981e-18
8320.00	2.2695e-18
8321.00	2.78085e-18
8322.00	2.86697e-18
8323.00	2.63051e-18
8324.00	2.28125e-18
8325.00	2.03827e-18
8326.00	2.27314e-18
8327.00	2.49744e-18
8328.00	2.71806e-18
8329.00	2.90786e-18
8330.00	2.93444e-18
8331.00	2.72362e-18
8332.00	2.34949e-18
8333.00	1.9266e-18
8334.00	1.99462e-18
8335.00	2.25306e-18
8336.00	2.50343e-18
8337.00	2.47886e-18
8338.00	2.50598e-18
8339.00	2.55292e-18
8340.00	2.61595e-18
8341.00	2.62986e-18
8342.00	3.19191e-18
8343.00	3.59019e-18
8344.00	3.24211e-18
8345.00	3.22267e-18
8346.00	3.29379e-18
8347.00	3.16123e-18
8348.00	2.35737e-18
8349.00	2.55243e-18
8350.00	2.69464e-18
8351.00	2.54281e-18
8352.00	2.4243e-18
8353.00	2.52647e-18
8354.00	2.6555e-18
8355.00	2.71832e-18
8356.00	3.02822e-18
8357.00	2.9078e-18
8358.00	2.59982e-18
8359.00	2.47442e-18
8360.00	2.34798e-18
8361.00	2.22724e-18
8362.00	2.27317e-18
8363.00	2.88811e-18
8364.00	3.18967e-18
8365.00	3.02728e-18
8366.00	2.50032e-18
8367.00	2.42838e-18
8368.00	2.43846e-18
8369.00	2.60749e-18
8370.00	2.94835e-18
8371.00	2.80758e-18
8372.00	2.74269e-18
8373.00	2.84066e-18
8374.00	3.08661e-18
8375.00	3.39941e-18
8376.00	3.38506e-18
8377.00	3.01651e-18
8378.00	2.5959e-18
8379.00	2.53842e-18
8380.00	2.56343e-18
8381.00	2.48984e-18
8382.00	2.3194e-18
8383.00	2.28256e-18
8384.00	2.5057e-18
8385.00	3.05793e-18
8386.00	2.82035e-18
8387.00	2.63647e-18
8388.00	2.67055e-18
8389.00	2.87401e-18
8390.00	2.78237e-18
8391.00	2.76363e-18
8392.00	2.9088e-18
8393.00	2.95789e-18
8394.00	2.86217e-18
8395.00	2.67028e-18
8396.00	2.44048e-18
8397.00	2.25904e-18
8398.00	2.22986e-18
8399.00	2.1984e-18
8400.00	1.90968e-18
8401.00	1.59987e-18
8402.00	1.42583e-18
8403.00	1.48697e-18
8404.00	1.86421e-18
8405.00	2.40674e-18
8406.00	2.76928e-18
8407.00	2.77197e-18
8408.00	2.66391e-18
8409.00	2.7644e-18
8410.00	2.90468e-18
8411.00	2.8708e-18
8412.00	2.96446e-18
8413.00	2.91392e-18
8414.00	2.55347e-18
8415.00	1.5356e-18
8416.00	1.83769e-18
8417.00	2.47531e-18
8418.00	2.90578e-18
8419.00	2.59817e-18
8420.00	2.6534e-18
8421.00	2.71654e-18
8422.00	2.52084e-18
8423.00	2.56099e-18
8424.00	2.51099e-18
8425.00	2.4679e-18
8426.00	2.63042e-18
8427.00	3.08323e-18
8428.00	3.5229e-18
8429.00	3.70935e-18
8430.00	3.32831e-18
8431.00	2.59428e-18
8432.00	2.26546e-18
8433.00	2.58098e-18
8434.00	2.21611e-18
8435.00	2.16407e-18
8436.00	2.24367e-18
8437.00	2.19839e-18
8438.00	2.44071e-18
8439.00	2.81754e-18
8440.00	3.18088e-18
8441.00	3.36777e-18
8442.00	2.89702e-18
8443.00	2.40257e-18
8444.00	2.17822e-18
8445.00	2.23154e-18
8446.00	2.35607e-18
8447.00	2.57289e-18
8448.00	2.82879e-18
8449.00	2.55368e-18
8450.00	2.17383e-18
8451.00	2.1118e-18
8452.00	2.85568e-18
8453.00	2.81584e-18
8454.00	2.54925e-18
8455.00	2.3086e-18
8456.00	2.36995e-18
8457.00	2.38294e-18
8458.00	2.36608e-18
8459.00	2.30122e-18
8460.00	2.07039e-18
8461.00	1.97137e-18
8462.00	2.13172e-18
8463.00	2.59495e-18
8464.00	2.3678e-18
8465.00	2.21568e-18
8466.00	2.40422e-18
8467.00	3.20881e-18
8468.00	3.01322e-18
8469.00	2.49647e-18
8470.00	2.05452e-18
8471.00	2.12926e-18
8472.00	2.47483e-18
8473.00	2.94259e-18
8474.00	3.37245e-18
8475.00	3.48178e-18
8476.00	3.45865e-18
8477.00	3.47825e-18
8478.00	3.73466e-18
8479.00	3.37688e-18
8480.00	2.79229e-18
8481.00	2.28163e-18
8482.00	2.30545e-18
8483.00	2.35211e-18
8484.00	2.48557e-18
8485.00	2.67791e-18
8486.00	2.72791e-18
8487.00	2.67999e-18
8488.00	2.72576e-18
8489.00	2.99327e-18
8490.00	2.53089e-18
8491.00	2.3604e-18
8492.00	2.63908e-18
8493.00	3.31265e-18
8494.00	3.38086e-18
8495.00	3.36613e-18
8496.00	3.40308e-18
8497.00	3.34191e-18
8498.00	2.92348e-18
8499.00	2.68202e-18
8500.00	2.94408e-18
8501.00	3.16861e-18
8502.00	3.09306e-18
8503.00	2.90416e-18
8504.00	2.89933e-18
8505.00	3.02252e-18
8506.00	2.72794e-18
8507.00	2.12236e-18
8508.00	1.76885e-18
8509.00	2.18485e-18
8510.00	2.54699e-18
8511.00	2.529e-18
8512.00	2.82121e-18
8513.00	2.47204e-18
8514.00	2.05821e-18
8515.00	2.15495e-18
8516.00	2.1806e-18
8517.00	2.22019e-18
8518.00	2.23819e-18
8519.00	2.14326e-18
8520.00	2.47084e-18
8521.00	2.67884e-18
8522.00	2.55124e-18
8523.00	1.9818e-18
8524.00	2.11731e-18
8525.00	2.59705e-18
8526.00	3.05094e-18
8527.00	2.84894e-18
8528.00	2.53311e-18
8529.00	2.21606e-18
8530.00	1.96087e-18
8531.00	2.49275e-18
8532.00	2.7292e-18
8533.00	2.49507e-18
8534.00	2.03666e-18
8535.00	2.1095e-18
8536.00	2.27074e-18
8537.00	2.36778e-18
8538.00	2.77263e-18
8539.00	2.51002e-18
8540.00	2.23002e-18
8541.00	2.54574e-18
8542.00	2.89356e-18
8543.00	2.79035e-18
8544.00	2.37082e-18
8545.00	2.02698e-18
8546.00	1.80931e-18
8547.00	1.79772e-18
8548.00	1.95261e-18
8549.00	2.09014e-18
8550.00	1.9268e-18
8551.00	1.9672e-18
8552.00	2.42069e-18
8553.00	2.3579e-18
8554.00	2.18715e-18
8555.00	2.12235e-18
8556.00	2.35845e-18
8557.00	2.50821e-18
8558.00	2.56373e-18
8559.00	2.49524e-18
8560.00	2.31095e-18
8561.00	1.58271e-18
8562.00	1.26968e-18
8563.00	1.70652e-18
8564.00	2.24636e-18
8565.00	2.5217e-18
8566.00	2.67221e-18
8567.00	2.80999e-18
8568.00	2.46837e-18
8569.00	2.28789e-18
8570.00	2.27414e-18
8571.00	2.23877e-18
8572.00	2.29578e-18
8573.00	2.41345e-18
8574.00	2.55763e-18
8575.00	2.67695e-18
8576.00	2.71065e-18
8577.00	2.61192e-18
8578.00	2.41197e-18
8579.00	2.48929e-18
8580.00	2.51636e-18
8581.00	2.41487e-18
8582.00	2.1491e-18
8583.00	2.09513e-18
8584.00	2.35437e-18
8585.00	2.62963e-18
8586.00	2.18031e-18
8587.00	2.04886e-18
8588.00	1.87434e-18
8589.00	1.66446e-18
8590.00	2.03433e-18
8591.00	2.19148e-18
8592.00	2.2421e-18
8593.00	2.31946e-18
8594.00	2.54513e-18
8595.00	2.60867e-18
8596.00	2.45792e-18
8597.00	2.08987e-18
8598.00	2.00805e-18
8599.00	1.98884e-18
8600.00	1.93006e-18
8601.00	1.66479e-18
8602.00	2.00917e-18
8603.00	2.48844e-18
8604.00	2.72894e-18
8605.00	2.37207e-18
8606.00	2.13183e-18
8607.00	1.87191e-18
8608.00	1.39116e-18
8609.00	1.72104e-18
8610.00	1.98453e-18
8611.00	2.14914e-18
8612.00	2.68078e-18
8613.00	2.37069e-18
8614.00	2.08023e-18
8615.00	2.12174e-18
8616.00	2.19348e-18
8617.00	2.42577e-18
8618.00	2.54786e-18
8619.00	2.39223e-18
8620.00	2.55757e-18
8621.00	2.87558e-18
8622.00	3.14272e-18
8623.00	3.09206e-18
8624.00	3.15507e-18
8625.00	3.25827e-18
8626.00	3.20965e-18
8627.00	2.42915e-18
8628.00	2.3799e-18
8629.00	2.60496e-18
8630.00	2.7798e-18
8631.00	2.65903e-18
8632.00	2.32863e-18
8633.00	2.00228e-18
8634.00	1.92023e-18
8635.00	2.47221e-18
8636.00	2.83334e-18
8637.00	2.80592e-18
8638.00	2.36767e-18
8639.00	2.2775e-18
8640.00	2.4095e-18
8641.00	2.6053e-18
8642.00	2.36819e-18
8643.00	2.37388e-18
8644.00	2.45828e-18
8645.00	2.43284e-18
8646.00	1.97804e-18
8647.00	1.48997e-18
8648.00	1.42595e-18
8649.00	2.33271e-18
8650.00	3.15246e-18
8651.00	2.68516e-18
8652.00	1.36615e-18
8653.00	1.36157e-18
8654.00	2.52523e-18
8655.00	3.26601e-18
8656.00	2.78305e-18
8657.00	2.12796e-18
8658.00	1.76198e-18
8659.00	1.66904e-18
8660.00	1.76416e-18
8661.00	1.99474e-18
8662.00	2.32094e-18
8663.00	2.5267e-18
8664.00	2.23215e-18
8665.00	1.85981e-18
8666.00	1.75141e-18
8667.00	1.94706e-18
8668.00	1.93102e-18
8669.00	2.13342e-18
8670.00	2.51856e-18
8671.00	2.96666e-18
8672.00	2.85885e-18
8673.00	2.48613e-18
8674.00	2.26759e-18
8675.00	2.71286e-18
8676.00	2.7502e-18
8677.00	2.48109e-18
8678.00	2.19952e-18
8679.00	2.69242e-18
8680.00	2.69154e-18
8681.00	2.53154e-18
8682.00	2.41583e-18
8683.00	2.51181e-18
8684.00	2.52237e-18
8685.00	2.48274e-18
8686.00	2.44247e-18
8687.00	2.14672e-18
8688.00	2.22357e-18
8689.00	2.55562e-18
8690.00	2.68326e-18
8691.00	2.71879e-18
8692.00	2.51791e-18
8693.00	2.15434e-18
8694.00	2.00548e-18
8695.00	2.36138e-18
8696.00	2.6847e-18
8697.00	2.62066e-18
8698.00	2.7419e-18
8699.00	2.67929e-18
8700.00	2.5238e-18
8701.00	2.45561e-18
8702.00	2.45453e-18
8703.00	2.49544e-18
8704.00	2.4297e-18
8705.00	1.88537e-18
8706.00	1.552e-18
8707.00	1.57298e-18
8708.00	1.93237e-18
8709.00	2.099e-18
8710.00	2.03041e-18
8711.00	2.20546e-18
8712.00	3.00636e-18
8713.00	3.03041e-18
8714.00	2.81566e-18
8715.00	2.594e-18
8716.00	2.64347e-18
8717.00	2.01069e-18
8718.00	1.52262e-18
8719.00	1.56678e-18
8720.00	2.44048e-18
8721.00	2.45845e-18
8722.00	2.26977e-18
8723.00	2.33954e-18
8724.00	2.39689e-18
8725.00	2.47663e-18
8726.00	2.44609e-18
8727.00	2.14469e-18
8728.00	2.39651e-18
8729.00	2.27784e-18
8730.00	1.75574e-18
8731.00	1.21643e-18
8732.00	2.09099e-18
8733.00	2.75887e-18
8734.00	2.48905e-18
8735.00	1.89565e-18
8736.00	1.8544e-18
8737.00	2.06035e-18
8738.00	2.16851e-18
8739.00	2.46392e-18
8740.00	2.39566e-18
8741.00	2.1589e-18
8742.00	2.30718e-18
8743.00	1.84014e-18
8744.00	1.43463e-18
8745.00	1.33396e-18
8746.00	1.5271e-18
8747.00	1.5563e-18
8748.00	1.59261e-18
8749.00	1.71727e-18
8750.00	1.55881e-18
8751.00	2.00202e-18
8752.00	2.65845e-18
8753.00	2.9108e-18
8754.00	2.6462e-18
8755.00	2.70087e-18
8756.00	3.09323e-18
8757.00	3.37899e-18
8758.00	2.93435e-18
8759.00	2.46143e-18
8760.00	2.29351e-18
8761.00	2.32413e-18
8762.00	1.93413e-18
8763.00	1.4725e-18
8764.00	1.26284e-18
8765.00	6.98507e-19
8766.00	9.32551e-19
8767.00	1.65769e-18
8768.00	2.02829e-18
8769.00	2.15051e-18
8770.00	2.40304e-18
8771.00	2.65857e-18
8772.00	1.98896e-18
8773.00	1.95812e-18
8774.00	1.95531e-18
8775.00	1.60703e-18
8776.00	1.15515e-18
8777.00	1.19893e-18
8778.00	1.66552e-18
8779.00	2.3506e-18
8780.00	2.62529e-18
8781.00	2.36646e-18
8782.00	1.88872e-18
8783.00	1.92768e-18
8784.00	2.42293e-18
8785.00	2.85318e-18
8786.00	2.95283e-18
8787.00	2.77417e-18
8788.00	2.84896e-18
8789.00	3.01626e-18
8790.00	3.10356e-18
8791.00	3.17962e-18
8792.00	2.8233e-18
8793.00	2.51527e-18
8794.00	3.16995e-18
8795.00	2.88353e-18
8796.00	2.15538e-18
8797.00	1.50826e-18
8798.00	2.08478e-18
8799.00	2.39514e-18
8800.00	2.41687e-18
8801.00	2.19861e-18
8802.00	2.22506e-18
8803.00	2.28666e-18
8804.00	2.26487e-18
8805.00	2.05826e-18
8806.00	2.03003e-18
8807.00	2.3207e-18
8808.00	2.62347e-18
8809.00	2.12963e-18
8810.00	2.23816e-18
8811.00	2.22481e-18
8812.00	1.96114e-18
8813.00	2.12724e-18
8814.00	2.6938e-18
8815.00	3.1488e-18
8816.00	3.03658e-18
8817.00	2.24923e-18
8818.00	1.953e-18
8819.00	2.18065e-18
8820.00	2.65205e-18
8821.00	2.90981e-18
8822.00	2.8766e-18
8823.00	2.53692e-18
8824.00	1.83998e-18
8825.00	2.19962e-18
8826.00	2.76069e-18
8827.00	2.70255e-18
8828.00	2.0558e-19
8829.00	8.12544e-20
8830.00	1.38806e-18
8831.00	2.43888e-18
8832.00	1.99059e-18
8833.00	2.24178e-18
8834.00	3.05654e-18
8835.00	3.15476e-18
8836.00	1.92955e-18
8837.00	1.04143e-18
8838.00	1.18489e-18
8839.00	2.02361e-18
8840.00	1.93331e-18
8841.00	1.81281e-18
8842.00	2.3912e-18
8843.00	2.97613e-18
8844.00	2.53518e-18
8845.00	1.71303e-18
8846.00	1.70821e-18
8847.00	2.41552e-18
8848.00	2.87356e-18
8849.00	2.85311e-18
8850.00	2.61773e-18
8851.00	3.17716e-18
8852.00	3.57785e-18
8853.00	3.24653e-18
8854.00	2.17489e-18
8855.00	2.14631e-18
8856.00	2.54405e-18
8857.00	2.489e-18
8858.00	1.75815e-18
8859.00	1.37972e-18
8860.00	1.47387e-18
8861.00	1.76008e-18
8862.00	2.21211e-18
8863.00	2.66778e-18
8864.00	2.84396e-18
8865.00	1.96161e-18
8866.00	1.63624e-18
8867.00	1.55706e-18
8868.00	1.45024e-18
8869.00	1.50411e-18
8870.00	1.50234e-18
8871.00	1.63716e-18
8872.00	2.23335e-18
8873.00	2.27531e-18
8874.00	2.00284e-18
8875.00	1.80255e-18
8876.00	2.62002e-18
8877.00	2.65936e-18
8878.00	2.45649e-18
8879.00	2.34006e-18
8880.00	2.49673e-18
8881.00	2.55014e-18
8882.00	2.28068e-18
8883.00	1.52562e-18
8884.00	7.16001e-19
8885.00	3.65815e-19
8886.00	4.05928e-19
8887.00	3.56528e-19
8888.00	1.5906e-18
8889.00	2.43656e-18
8890.00	2.42364e-18
8891.00	2.49226e-18
8892.00	2.38536e-18
8893.00	2.33967e-18
8894.00	2.47807e-18
8895.00	2.25258e-18
8896.00	1.96562e-18
8897.00	1.87051e-18
8898.00	2.25161e-18
8899.00	2.0874e-18
8900.00	1.54197e-18
8901.00	1.10241e-18
8902.00	2.01347e-18
8903.00	2.1409e-18
8904.00	1.73689e-18
8905.00	1.08954e-18
8906.00	1.071e-18
8907.00	1.38715e-18
8908.00	1.63859e-18
8909.00	1.47285e-18
8910.00	1.46612e-18
8911.00	1.63178e-18
8912.00	1.89602e-18
8913.00	2.1323e-18
8914.00	1.90034e-18
8915.00	1.73033e-18
8916.00	1.8951e-18
8917.00	2.61867e-18
8918.00	2.85563e-18
8919.00	2.83246e-18
8920.00	2.79261e-18
8921.00	3.23231e-18
8922.00	2.97187e-18
8923.00	2.44902e-18
8924.00	2.45335e-18
8925.00	2.84617e-18
8926.00	2.59066e-18
8927.00	1.90623e-18
8928.00	2.12003e-18
8929.00	2.47098e-18
8930.00	2.84411e-18
8931.00	3.07217e-18
8932.00	2.86226e-18
8933.00	2.36531e-18
8934.00	1.99072e-18
8935.00	2.08175e-18
8936.00	1.91423e-18
8937.00	1.71986e-18
8938.00	1.67953e-18
8939.00	2.05149e-18
8940.00	2.43705e-18
8941.00	2.53146e-18
8942.00	2.21412e-18
8943.00	1.47963e-18
8944.00	1.45271e-18
8945.00	1.66716e-18
8946.00	1.79137e-18
8947.00	2.03858e-18
8948.00	2.28777e-18
8949.00	2.3656e-18
8950.00	2.08907e-18
8951.00	2.85423e-18
8952.00	3.3711e-18
8953.00	3.41948e-18
8954.00	3.3317e-18
8955.00	3.33356e-18
8956.00	3.09697e-18
8957.00	2.61748e-18
8958.00	2.6614e-18
8959.00	2.481e-18
8960.00	2.38134e-18
8961.00	2.6085e-18
8962.00	1.96067e-18
8963.00	1.69068e-18
8964.00	1.96129e-18
8965.00	2.66647e-18
8966.00	2.86379e-18
8967.00	2.72281e-18
8968.00	2.35294e-18
8969.00	1.875e-18
8970.00	2.16805e-18
8971.00	2.49478e-18
8972.00	2.40893e-18
8973.00	2.56067e-18
8974.00	2.65198e-18
8975.00	2.47002e-18
8976.00	1.81822e-18
8977.00	1.90653e-18
8978.00	1.81036e-18
8979.00	1.58848e-18
8980.00	1.92905e-18
8981.00	2.31629e-18
8982.00	2.43187e-18
8983.00	2.2118e-18
8984.00	2.16106e-18
8985.00	2.46354e-18
8986.00	2.8511e-18
8987.00	3.02769e-18
8988.00	2.6061e-18
8989.00	2.36746e-18
8990.00	2.40532e-18
8991.00	2.62326e-18
8992.00	2.75155e-18
8993.00	2.60583e-18
8994.00	2.25677e-18
8995.00	2.20394e-18
8996.00	1.72952e-18
8997.00	1.40066e-18
8998.00	1.64681e-18
8999.00	2.8875e-18
9000.00	2.60095e-18
9001.00	1.59296e-18
9002.00	1.22032e-18
9003.00	2.65452e-18
9004.00	3.60232e-18
9005.00	3.65526e-18
9006.00	3.242e-18
9007.00	3.4164e-18
9008.00	3.63158e-18
9009.00	3.5293e-18
9010.00	2.58816e-18
9011.00	2.06666e-18
9012.00	1.95457e-18
9013.00	2.14684e-18
9014.00	2.25468e-18
9015.00	2.52469e-18
9016.00	2.90682e-18
9017.00	3.28335e-18
9018.00	3.25691e-18
9019.00	3.13166e-18
9020.00	3.11223e-18
9021.00	3.52245e-18
9022.00	3.59659e-18
9023.00	3.10235e-18
9024.00	2.1633e-18
9025.00	2.4589e-18
9026.00	2.69535e-18
9027.00	2.76273e-18
9028.00	2.6835e-18
9029.00	2.18944e-18
9030.00	2.03718e-18
9031.00	2.29799e-18
9032.00	2.86203e-18
9033.00	1.78886e-18
9034.00	1.49096e-18
9035.00	2.51103e-18
9036.00	2.46125e-18
9037.00	2.34972e-18
9038.00	2.29764e-18
9039.00	2.35129e-18
9040.00	2.14857e-18
9041.00	2.09939e-18
9042.00	2.12351e-18
9043.00	2.00276e-18
9044.00	1.63809e-18
9045.00	1.27152e-18
9046.00	1.19748e-18
9047.00	2.11256e-18
9048.00	2.05443e-18
9049.00	1.241e-18
9050.00	1.804e-19
9051.00	1.01468e-18
9052.00	1.88778e-18
9053.00	2.24062e-18
9054.00	1.71929e-18
9055.00	1.72513e-18
9056.00	2.2104e-18
9057.00	2.67112e-18
9058.00	1.97488e-18
9059.00	1.91022e-18
9060.00	1.98414e-18
9061.00	2.03834e-18
9062.00	2.1034e-18
9063.00	2.2898e-18
9064.00	2.29852e-18
9065.00	1.97641e-18
9066.00	2.23994e-18
9067.00	2.59177e-18
9068.00	2.75167e-18
9069.00	2.41725e-18
9070.00	2.42137e-18
9071.00	2.92993e-18
9072.00	3.66723e-18
9073.00	3.73602e-18
9074.00	3.38182e-18
9075.00	2.91707e-18
9076.00	2.55734e-18
9077.00	2.22761e-18
9078.00	2.47026e-18
9079.00	2.86582e-18
9080.00	2.9017e-18
9081.00	2.52039e-18
9082.00	2.24404e-18
9083.00	2.13161e-18
9084.00	2.02938e-18
9085.00	1.98272e-18
9086.00	1.95274e-18
9087.00	1.96017e-18
9088.00	2.15976e-18
9089.00	2.30405e-18
9090.00	2.24441e-18
9091.00	1.94774e-18
9092.00	2.10293e-18
9093.00	2.27312e-18
9094.00	2.27067e-18
9095.00	1.91615e-18
9096.00	2.25414e-18
9097.00	2.6332e-18
9098.00	2.74394e-18
9099.00	2.23769e-18
9100.00	2.23022e-18
9101.00	2.44241e-18
9102.00	2.63058e-18
9103.00	2.33475e-18
9104.00	1.91693e-18
9105.00	1.53113e-18
9106.00	1.28862e-18
9107.00	7.8235e-19
9108.00	6.31622e-19
9109.00	7.69287e-19
9110.00	7.75241e-19
9111.00	1.25926e-18
9112.00	1.70167e-18
9113.00	1.84453e-18
9114.00	1.57422e-18
9115.00	1.20527e-18
9116.00	1.10064e-18
9117.00	1.42817e-18
9118.00	1.21511e-18
9119.00	1.38105e-18
9120.00	1.86924e-18
9121.00	2.42821e-18
9122.00	2.51488e-18
9123.00	2.52775e-18
9124.00	2.57667e-18
9125.00	2.65446e-18
9126.00	2.59666e-18
9127.00	2.2511e-18
9128.00	1.6781e-18
9129.00	1.59099e-18
9130.00	1.62593e-18
9131.00	1.63793e-18
9132.00	1.54525e-18
9133.00	2.07574e-18
9134.00	2.23549e-18
9135.00	1.99115e-18
9136.00	1.61853e-18
9137.00	1.93152e-18
9138.00	2.44108e-18
9139.00	2.80139e-18
9140.00	2.47802e-18
9141.00	2.39298e-18
9142.00	2.39367e-18
9143.00	2.36427e-18
9144.00	2.32904e-18
9145.00	2.61925e-18
9146.00	2.94369e-18
9147.00	2.8662e-18
9148.00	2.48338e-18
9149.00	2.11281e-18
9150.00	1.95498e-18
9151.00	2.2458e-18
9152.00	2.40681e-18
9153.00	2.42436e-18
9154.00	2.38929e-18
9155.00	2.86297e-18
9156.00	3.31581e-18
9157.00	3.1779e-18
9158.00	2.09155e-18
9159.00	2.2796e-18
9160.00	2.70359e-18
9161.00	2.8862e-18
9162.00	2.3028e-18
9163.00	2.10524e-18
9164.00	2.04835e-18
9165.00	1.99389e-18
9166.00	1.65962e-18
9167.00	1.58906e-18
9168.00	1.78312e-18
9169.00	2.11025e-18
9170.00	1.64187e-18
9171.00	1.52577e-18
9172.00	1.69229e-18
9173.00	1.86052e-18
9174.00	2.07569e-18
9175.00	2.13536e-18
9176.00	1.90877e-18
9177.00	1.08237e-18
9178.00	1.50372e-18
9179.00	2.29877e-18
9180.00	2.83058e-18
9181.00	2.22678e-18
9182.00	1.7089e-18
9183.00	1.46094e-18
9184.00	1.56909e-18
9185.00	1.92855e-18
9186.00	1.80033e-18
9187.00	1.32813e-18
9188.00	1.00395e-18
9189.00	9.18742e-19
9190.00	1.02039e-18
9191.00	1.23205e-18
9192.00	1.3816e-18
9193.00	1.62183e-18
9194.00	1.62903e-18
9195.00	1.30886e-18
9196.00	1.51018e-18
9197.00	2.09712e-18
9198.00	2.5965e-18
9199.00	2.46098e-18
9200.00	2.42743e-18
9201.00	2.27437e-18
9202.00	1.97318e-18
9203.00	1.49783e-18
9204.00	1.39438e-18
9205.00	1.62881e-18
9206.00	2.01126e-18
9207.00	1.7416e-18
9208.00	1.63125e-18
9209.00	1.51922e-18
9210.00	1.28007e-18
9211.00	1.61928e-18
9212.00	2.01718e-18
9213.00	2.23709e-18
9214.00	2.03702e-18
9215.00	2.30033e-18
9216.00	2.19454e-18
9217.00	1.70378e-18
9218.00	1.7039e-18
9219.00	1.4441e-18
9220.00	7.68591e-19
9221.00	-2.18552e-19
9222.00	-3.10323e-19
9223.00	2.86029e-19
9224.00	1.27805e-18
9225.00	2.30941e-18
9226.00	2.55858e-18
9227.00	2.44587e-18
9228.00	2.18675e-18
9229.00	2.03261e-18
9230.00	1.49553e-18
9231.00	1.56552e-18
9232.00	2.36657e-18
9233.00	2.41452e-18
9234.00	2.17372e-18
9235.00	2.0273e-18
9236.00	2.24346e-18
9237.00	2.15908e-18
9238.00	1.99925e-18
9239.00	1.73432e-18
9240.00	1.23978e-18
9241.00	1.55777e-18
9242.00	1.49972e-18
9243.00	1.0252e-18
9244.00	1.17877e-18
9245.00	1.81331e-18
9246.00	2.45112e-18
9247.00	2.70377e-18
9248.00	2.26395e-18
9249.00	1.76591e-18
9250.00	1.56112e-18
9251.00	1.91931e-18
9252.00	1.58385e-18
9253.00	1.06723e-18
9254.00	8.7451e-19
9255.00	1.95569e-18
9256.00	2.02758e-18
9257.00	1.80996e-18
9258.00	1.63704e-18
9259.00	1.76386e-18
9260.00	1.71763e-18
9261.00	1.80852e-18
9262.00	2.20922e-18
9263.00	1.80523e-18
9264.00	1.6125e-18
9265.00	1.69933e-18
9266.00	1.9071e-18
9267.00	2.29286e-18
9268.00	2.45967e-18
9269.00	2.10413e-18
9270.00	6.03896e-19
9271.00	5.35642e-19
9272.00	1.36542e-18
9273.00	2.5702e-18
9274.00	3.15956e-18
9275.00	3.03765e-18
9276.00	2.52232e-18
9277.00	2.00499e-18
9278.00	1.68488e-18
9279.00	1.37331e-18
9280.00	1.10538e-18
9281.00	1.04818e-18
9282.00	9.16104e-19
9283.00	9.55207e-19
9284.00	1.16428e-18
9285.00	1.15569e-18
9286.00	1.03196e-18
9287.00	1.07487e-18
9288.00	1.50463e-18
9289.00	2.2448e-18
9290.00	2.69568e-18
9291.00	2.53365e-18
9292.00	1.44948e-18
9293.00	7.23805e-19
9294.00	9.02085e-19
9295.00	1.6768e-18
9296.00	1.61896e-18
9297.00	1.53479e-18
9298.00	1.77399e-18
9299.00	2.34915e-18
9300.00	1.99524e-18
9301.00	2.14849e-18
9302.00	2.67173e-18
9303.00	3.22832e-18
9304.00	2.80476e-18
9305.00	2.7487e-18
9306.00	2.91092e-18
9307.00	2.49348e-18
9308.00	3.88923e-19
9309.00	4.32364e-19
9310.00	2.9323e-18
9311.00	2.81506e-18
9312.00	1.31311e-18
9313.00	4.20191e-19
9314.00	1.43605e-18
9315.00	1.63647e-18
9316.00	1.59491e-18
9317.00	1.89672e-18
9318.00	3.308e-18
9319.00	2.48382e-18
9320.00	1.58697e-18
9321.00	1.49049e-18
9322.00	2.94675e-18
9323.00	2.67945e-18
9324.00	2.06435e-18
9325.00	2.03682e-18
9326.00	3.67551e-18
9327.00	3.22175e-18
9328.00	1.77674e-18
9329.00	9.07591e-19
9330.00	1.70604e-18
9331.00	2.77202e-18
9332.00	3.23912e-18
9333.00	1.96271e-18
9334.00	2.36619e-18
9335.00	3.04499e-18
9336.00	3.29858e-18
9337.00	2.36819e-18
9338.00	2.4908e-18
9339.00	2.72344e-18
9340.00	2.32991e-18
9341.00	1.60704e-18
9342.00	1.33056e-18
9343.00	1.41259e-18
9344.00	1.5585e-18
9345.00	1.54088e-18
9346.00	1.7221e-18
9347.00	1.93362e-18
9348.00	1.5296e-18
9349.00	6.14909e-19
9350.00	1.72974e-19
9351.00	6.98811e-19
9352.00	1.77965e-18
9353.00	2.36953e-18
9354.00	2.4308e-18
9355.00	2.06881e-18
9356.00	2.0317e-18
9357.00	1.30066e-18
9358.00	2.71643e-19
9359.00	-3.71363e-20
9360.00	6.73323e-19
9361.00	8.29719e-19
9362.00	2.39274e-19
9363.00	4.95407e-19
9364.00	1.41152e-18
9365.00	1.60919e-18
9366.00	4.03551e-19
9367.00	4.07578e-19
9368.00	1.28588e-18
9369.00	2.22034e-18
9370.00	2.18547e-18
9371.00	2.58916e-18
9372.00	3.50879e-18
9373.00	4.14282e-18
9374.00	2.03761e-18
9375.00	3.69483e-18
9376.00	3.39613e-18
9377.00	9.22118e-20
9378.00	3.73161e-18
9379.00	3.05963e-18
9380.00	1.16004e-18
9381.00	1.70063e-18
9382.00	3.48059e-18
9383.00	4.07806e-18
9384.00	3.53279e-18
9385.00	2.85338e-18
9386.00	2.81009e-18
9387.00	2.31764e-18
9388.00	1.40085e-18
9389.00	1.45219e-18
9390.00	1.8759e-18
9391.00	2.06793e-18
9392.00	1.70778e-18
9393.00	1.77006e-18
9394.00	1.44777e-18
9395.00	1.0325e-18
9396.00	1.01229e-18
9397.00	1.93892e-18
9398.00	2.53731e-18
9399.00	2.44747e-18
9400.00	1.69656e-18
9401.00	1.06687e-18
9402.00	6.34879e-19
9403.00	5.15735e-19
9404.00	8.86446e-19
9405.00	1.20948e-18
9406.00	1.28927e-18
9407.00	1.01764e-18
9408.00	9.15934e-19
9409.00	7.43925e-19
9410.00	6.10261e-19
9411.00	7.14772e-19
9412.00	1.73108e-18
9413.00	2.30031e-18
9414.00	2.03703e-18
9415.00	1.28435e-18
9416.00	1.68198e-18
9417.00	2.30876e-18
9418.00	2.49051e-18
9419.00	2.22224e-18
9420.00	1.86727e-18
9421.00	1.1812e-18
9422.00	-1.45972e-19
9423.00	-1.08573e-19
9424.00	7.34857e-19
9425.00	1.96404e-18
9426.00	3.14062e-18
9427.00	2.61427e-18
9428.00	1.81483e-18
9429.00	1.38813e-18
9430.00	8.1594e-19
9431.00	1.47975e-18
9432.00	2.05173e-18
9433.00	1.42311e-18
9434.00	1.56507e-18
9435.00	2.62851e-18
9436.00	2.64762e-18
9437.00	2.66673e-18
9438.00	2.68584e-18
9439.00	2.70494e-18
9440.00	2.72405e-18
9441.00	2.74316e-18
9442.00	2.76227e-18
9443.00	2.76227e-18
9444.00	2.42307e-18
9445.00	1.24133e-18
9446.00	9.14532e-19
9447.00	1.33437e-18
9448.00	2.13589e-18
9449.00	2.8448e-18
9450.00	2.79206e-18
9451.00	2.16081e-18
9452.00	1.7235e-18
9453.00	1.58079e-18
9454.00	1.76824e-18
9455.00	1.95253e-18
9456.00	6.03421e-19
9457.00	-1.54644e-20
9458.00	5.1052e-19
9459.00	2.18912e-18
9460.00	2.53179e-18
9461.00	1.78741e-18
9462.00	8.64925e-19
9463.00	1.1191e-18
9464.00	2.23607e-18
9465.00	2.38879e-18
9466.00	1.37699e-18
9467.00	4.84734e-19
9468.00	1.12178e-18
9469.00	1.63467e-18
9470.00	1.20008e-18
9471.00	1.45794e-18
9472.00	2.01861e-18
9473.00	2.42679e-18
9474.00	2.22602e-18
9475.00	2.07039e-18
9476.00	1.99115e-18
9477.00	1.91191e-18
9478.00	1.83267e-18
9479.00	1.75343e-18
9480.00	1.67419e-18
9481.00	1.59495e-18
9482.00	1.59495e-18
9483.00	2.6856e-18
9484.00	2.92301e-18
9485.00	2.24994e-18
9486.00	1.94592e-18
9487.00	1.41653e-18
9488.00	1.03468e-18
9489.00	1.46257e-18
9490.00	2.11623e-18
9491.00	2.31723e-18
9492.00	1.89659e-18
9493.00	1.02128e-18
9494.00	1.06042e-18
9495.00	1.47454e-18
9496.00	1.9482e-18
9497.00	2.85531e-18
9498.00	1.973e-18
9499.00	5.32378e-19
9500.00	2.36107e-19
9501.00	3.58529e-18
9502.00	4.88122e-18
9503.00	3.51415e-18
9504.00	7.0875e-19
9505.00	2.0088e-18
9506.00	3.32263e-18
9507.00	2.9984e-18
9508.00	1.36436e-18
9509.00	1.07424e-18
9510.00	1.38588e-18
9511.00	1.59329e-18
9512.00	1.75635e-18
9513.00	1.83498e-18
9514.00	1.48722e-18
9515.00	2.27672e-19
9516.00	-4.52705e-19
9517.00	-1.6099e-19
9518.00	9.36458e-19
9519.00	2.03474e-18
9520.00	2.51757e-18
9521.00	2.26802e-18
9522.00	1.28868e-18
9523.00	-2.01612e-19
9524.00	-3.74901e-19
9525.00	4.84105e-19
9526.00	1.81187e-18
9527.00	2.78443e-18
9528.00	3.31336e-18
9529.00	3.23245e-18
9530.00	2.19587e-18
9531.00	2.13849e-18
9532.00	2.23213e-18
9533.00	2.13635e-18
9534.00	1.66262e-18
9535.00	1.87937e-18
9536.00	2.52579e-18
9537.00	3.2563e-18
9538.00	3.29828e-18
9539.00	2.90585e-18
9540.00	2.13056e-18
