5320.00	1.70075e-18
5321.00	1.90437e-18
5322.00	1.75377e-18
5323.00	1.1948e-18
5324.00	6.70454e-19
5325.00	3.66059e-19
5326.00	3.22473e-19
5327.00	8.93952e-19
5328.00	1.48869e-18
5329.00	1.71581e-18
5330.00	1.26757e-18
5331.00	1.142e-18
5332.00	1.21252e-18
5333.00	1.28317e-18
5334.00	1.31882e-18
5335.00	1.21106e-18
5336.00	8.90634e-19
5337.00	2.10821e-19
5338.00	4.0401e-19
5339.00	9.41822e-19
5340.00	1.44397e-18
5341.00	1.37155e-18
5342.00	6.20945e-19
5343.00	4.14724e-19
5344.00	1.4539e-18
5345.00	1.83649e-18
5346.00	1.86122e-18
5347.00	1.59264e-18
5348.00	1.10102e-18
5349.00	5.83599e-19
5350.00	5.75198e-19
5351.00	9.46556e-19
5352.00	9.04878e-19
5353.00	8.83552e-19
5354.00	6.11296e-19
5355.00	1.31543e-19
5356.00	4.47585e-19
5357.00	8.53259e-19
5358.00	1.19055e-18
5359.00	1.35377e-18
5360.00	1.37361e-18
5361.00	1.19754e-18
5362.00	1.11495e-18
5363.00	1.79294e-18
5364.00	1.71455e-18
5365.00	1.61009e-18
5366.00	1.73235e-18
5367.00	1.91166e-18
5368.00	2.17797e-18
5369.00	2.06388e-18
5370.00	1.35138e-18
5371.00	1.76453e-18
5372.00	2.25584e-18
5373.00	2.28496e-18
5374.00	1.25029e-18
5375.00	1.43231e-18
5376.00	1.84301e-18
5377.00	2.00309e-18
5378.00	1.3473e-18
5379.00	1.22692e-18
5380.00	1.48211e-18
5381.00	1.88801e-18
5382.00	1.69204e-18
5383.00	1.41104e-18
5384.00	1.0622e-18
5385.00	6.09969e-19
5386.00	2.80011e-19
5387.00	2.76929e-19
5388.00	5.36438e-19
5389.00	8.0706e-19
5390.00	9.16666e-19
5391.00	1.00179e-18
5392.00	1.11581e-18
5393.00	1.18855e-18
5394.00	1.3343e-18
5395.00	1.49079e-18
5396.00	1.62303e-18
5397.00	2.18566e-18
5398.00	2.41907e-18
5399.00	2.06097e-18
5400.00	8.61167e-19
5401.00	5.78897e-19
5402.00	6.20352e-19
5403.00	8.31217e-19
5404.00	1.39464e-18
5405.00	1.52455e-18
5406.00	1.29185e-18
5407.00	8.75066e-19
5408.00	1.13691e-18
5409.00	1.2482e-18
5410.00	1.11653e-18
5411.00	7.72761e-19
5412.00	6.24871e-20
5413.00	1.24111e-19
5414.00	9.21547e-19
5415.00	1.5903e-18
5416.00	1.22667e-18
5417.00	8.67984e-19
5418.00	1.03656e-18
5419.00	1.33233e-18
5420.00	1.45992e-18
5421.00	1.381e-18
5422.00	1.12256e-18
5423.00	1.2381e-18
5424.00	1.59327e-18
5425.00	1.9126e-18
5426.00	1.68433e-18
5427.00	1.84506e-18
5428.00	1.69411e-18
5429.00	1.18417e-18
5430.00	1.1393e-18
5431.00	1.58875e-18
5432.00	1.93153e-18
5433.00	1.70846e-18
5434.00	1.36341e-18
5435.00	1.01597e-18
5436.00	7.9564e-19
5437.00	8.39352e-19
5438.00	9.30147e-19
5439.00	1.19443e-18
5440.00	1.53177e-18
5441.00	1.64296e-18
5442.00	1.14724e-18
5443.00	6.87438e-19
5444.00	7.26946e-19
5445.00	1.50347e-18
5446.00	1.9474e-18
5447.00	1.99367e-18
5448.00	1.73077e-18
5449.00	1.75696e-18
5450.00	1.30954e-18
5451.00	6.5222e-19
5452.00	7.32877e-19
5453.00	1.11142e-18
5454.00	1.28335e-18
5455.00	1.13085e-18
5456.00	1.40442e-18
5457.00	1.42028e-18
5458.00	1.03477e-18
5459.00	2.46833e-19
5460.00	1.73674e-19
5461.00	4.01565e-20
5462.00	-1.32848e-19
5463.00	-1.31024e-19
5464.00	8.34139e-19
5465.00	1.67744e-18
5466.00	1.78842e-18
5467.00	4.49205e-19
5468.00	4.03039e-19
5469.00	7.54995e-19
5470.00	8.08393e-19
5471.00	2.98857e-19
5472.00	2.63306e-20
5473.00	1.98697e-19
5474.00	9.23094e-19
5475.00	1.43767e-18
5476.00	1.27962e-18
5477.00	7.38935e-19
5478.00	8.69725e-19
5479.00	1.3063e-18
5480.00	1.45387e-18
5481.00	1.1421e-18
5482.00	1.31369e-18
5483.00	1.22158e-18
5484.00	1.09379e-18
5485.00	1.1981e-18
5486.00	1.33327e-18
5487.00	1.15691e-18
5488.00	1.02271e-18
5489.00	1.78641e-18
5490.00	2.11238e-18
5491.00	1.93883e-18
5492.00	1.44544e-18
5493.00	1.5303e-18
5494.00	1.62874e-18
5495.00	1.53062e-18
5496.00	1.15785e-18
5497.00	1.19916e-18
5498.00	1.3715e-18
5499.00	1.54119e-18
5500.00	1.5707e-18
5501.00	1.74998e-18
5502.00	2.07757e-18
5503.00	2.32687e-18
5504.00	1.83319e-18
5505.00	1.64951e-18
5506.00	1.67685e-18
5507.00	1.88234e-18
5508.00	2.44046e-18
5509.00	2.21994e-18
5510.00	1.47635e-18
5511.00	6.74218e-19
5512.00	9.02925e-19
5513.00	1.024e-18
5514.00	9.58861e-19
5515.00	1.1135e-18
5516.00	1.59983e-18
5517.00	1.73927e-18
5518.00	1.32352e-18
5519.00	8.08373e-19
5520.00	9.3009e-19
5521.00	1.22754e-18
5522.00	1.26042e-18
5523.00	1.15768e-18
5524.00	9.95664e-19
5525.00	9.40807e-19
5526.00	1.21825e-18
5527.00	1.7543e-18
5528.00	1.82053e-18
5529.00	1.38937e-18
5530.00	1.27094e-18
5531.00	1.02671e-18
5532.00	8.13446e-19
5533.00	7.7397e-19
5534.00	1.21074e-18
5535.00	9.64974e-19
5536.00	6.58336e-19
5537.00	1.21931e-18
5538.00	1.39528e-18
5539.00	1.56932e-18
5540.00	1.68584e-18
5541.00	1.45824e-18
5542.00	8.65971e-19
5543.00	4.91047e-19
5544.00	6.09123e-19
5545.00	9.67039e-19
5546.00	1.14716e-18
5547.00	1.23824e-18
5548.00	1.38297e-18
5549.00	1.97519e-18
5550.00	2.06357e-18
5551.00	1.62687e-18
5552.00	9.30016e-19
5553.00	1.04389e-18
5554.00	1.13844e-18
5555.00	9.99442e-19
5556.00	1.01085e-18
5557.00	1.16459e-18
5558.00	1.28028e-18
5559.00	1.21641e-18
5560.00	9.9295e-19
5561.00	7.42954e-19
5562.00	7.11464e-19
5563.00	1.19523e-18
5564.00	1.68326e-18
5565.00	1.97529e-18
5566.00	2.07373e-18
5567.00	2.2833e-18
5568.00	1.87294e-18
5569.00	1.3441e-18
5570.00	1.07858e-18
5571.00	1.48338e-18
5572.00	1.65568e-18
5573.00	2.00516e-18
5574.00	2.99102e-18
5575.00	3.02947e-18
5576.00	2.21914e-18
5577.00	1.07761e-18
5578.00	5.20818e-19
5579.00	1.13255e-18
5580.00	1.54205e-18
5581.00	1.29358e-18
5582.00	1.20587e-18
5583.00	1.174e-18
5584.00	1.03428e-18
5585.00	7.45606e-19
5586.00	1.3074e-18
5587.00	1.93266e-18
5588.00	2.24118e-18
5589.00	1.86544e-18
5590.00	1.32069e-18
5591.00	1.14382e-18
5592.00	1.31199e-18
5593.00	1.08961e-18
5594.00	8.69447e-19
5595.00	7.29708e-19
5596.00	7.39225e-19
5597.00	9.85538e-19
5598.00	1.02197e-18
5599.00	9.94748e-19
5600.00	1.14879e-18
5601.00	1.70425e-18
5602.00	2.09846e-18
5603.00	2.2461e-18
5604.00	2.38303e-18
5605.00	1.95302e-18
5606.00	1.38799e-18
5607.00	1.07011e-18
5608.00	1.67678e-18
5609.00	2.24181e-18
5610.00	2.43601e-18
5611.00	2.05239e-18
5612.00	1.70922e-18
5613.00	1.42387e-18
5614.00	1.23961e-18
5615.00	1.18944e-18
5616.00	1.223e-18
5617.00	1.30784e-18
5618.00	1.44922e-18
5619.00	1.73193e-18
5620.00	2.03291e-18
5621.00	2.16278e-18
5622.00	1.97903e-18
5623.00	1.49266e-18
5624.00	9.58878e-19
5625.00	6.99042e-19
5626.00	1.07159e-18
5627.00	1.49723e-18
5628.00	1.57832e-18
5629.00	1.4259e-18
5630.00	1.74653e-18
5631.00	1.73452e-18
5632.00	1.35697e-18
5633.00	7.67349e-19
5634.00	9.11166e-19
5635.00	1.08316e-18
5636.00	1.20837e-18
5637.00	1.25846e-18
5638.00	1.0536e-18
5639.00	9.46328e-19
5640.00	9.59816e-19
5641.00	9.81459e-19
5642.00	7.95137e-19
5643.00	1.23295e-18
5644.00	2.2414e-18
5645.00	2.21526e-18
5646.00	2.05514e-18
5647.00	2.0213e-18
5648.00	2.23371e-18
5649.00	1.88037e-18
5650.00	1.74341e-18
5651.00	1.96966e-18
5652.00	2.62098e-18
5653.00	2.12766e-18
5654.00	1.32829e-18
5655.00	7.42445e-19
5656.00	1.10194e-18
5657.00	1.06771e-18
5658.00	1.0582e-18
5659.00	1.27067e-18
5660.00	1.32364e-18
5661.00	1.41434e-18
5662.00	1.39462e-18
5663.00	1.08579e-18
5664.00	8.79678e-19
5665.00	9.89876e-19
5666.00	1.37897e-18
5667.00	1.8707e-18
5668.00	1.94271e-18
5669.00	1.97867e-18
5670.00	2.10204e-18
5671.00	2.06143e-18
5672.00	1.85862e-18
5673.00	1.80171e-18
5674.00	2.0838e-18
5675.00	1.513e-18
5676.00	1.20652e-18
5677.00	1.2418e-18
5678.00	1.39361e-18
5679.00	1.45023e-18
5680.00	2.10404e-18
5681.00	3.03214e-18
5682.00	2.32551e-18
5683.00	1.84542e-18
5684.00	1.78282e-18
5685.00	2.15325e-18
5686.00	2.08654e-18
5687.00	1.84277e-18
5688.00	1.56724e-18
5689.00	1.41406e-18
5690.00	1.88997e-18
5691.00	2.04518e-18
5692.00	1.80508e-18
5693.00	1.62914e-18
5694.00	2.0533e-18
5695.00	2.72192e-18
5696.00	3.35697e-18
5697.00	3.68845e-18
5698.00	3.42799e-18
5699.00	2.83273e-18
5700.00	2.19908e-18
5701.00	1.43075e-18
5702.00	1.13177e-18
5703.00	1.33517e-18
5704.00	1.85826e-18
5705.00	2.31926e-18
5706.00	2.51398e-18
5707.00	2.30175e-18
5708.00	1.53876e-18
5709.00	1.10251e-18
5710.00	1.13568e-18
5711.00	1.60631e-18
5712.00	1.48943e-18
5713.00	9.30119e-19
5714.00	4.56392e-19
5715.00	8.05286e-19
5716.00	1.20574e-18
5717.00	1.72406e-18
5718.00	1.47185e-18
5719.00	1.21965e-18
5720.00	9.67439e-19
5721.00	7.15231e-19
5722.00	4.63024e-19
5723.00	4.63024e-19
5724.00	1.55973e-18
5725.00	1.87926e-18
5726.00	1.813e-18
5727.00	1.5581e-18
5728.00	1.41994e-18
5729.00	1.48494e-18
5730.00	1.78808e-18
5731.00	1.5758e-18
5732.00	1.42814e-18
5733.00	1.57989e-18
5734.00	1.94026e-18
5735.00	1.81809e-18
5736.00	1.52774e-18
5737.00	1.40357e-18
5738.00	1.56639e-18
5739.00	1.87932e-18
5740.00	2.07405e-18
5741.00	1.75859e-18
5742.00	1.5343e-18
5743.00	1.46332e-18
5744.00	1.51522e-18
5745.00	1.38542e-18
5746.00	1.78657e-18
5747.00	2.27568e-18
5748.00	2.48543e-18
5749.00	2.13413e-18
5750.00	1.81575e-18
5751.00	1.5505e-18
5752.00	1.26313e-18
5753.00	1.09711e-18
5754.00	9.74604e-19
5755.00	9.18256e-19
5756.00	9.71828e-19
5757.00	1.63334e-18
5758.00	2.22195e-18
5759.00	2.38036e-18
5760.00	2.30574e-18
5761.00	1.72884e-18
5762.00	1.20524e-18
5763.00	1.27272e-18
5764.00	1.37562e-18
5765.00	1.6285e-18
5766.00	1.85156e-18
5767.00	1.70711e-18
5768.00	1.52091e-18
5769.00	1.10699e-18
5770.00	6.49246e-19
5771.00	9.84362e-19
5772.00	1.44099e-18
5773.00	1.91398e-18
5774.00	2.27529e-18
5775.00	2.16618e-18
5776.00	1.86021e-18
5777.00	1.53108e-18
5778.00	1.35628e-18
5779.00	1.2637e-18
5780.00	1.15039e-18
5781.00	1.11207e-18
5782.00	1.54324e-18
5783.00	1.70813e-18
5784.00	1.72902e-18
5785.00	1.67171e-18
5786.00	1.5175e-18
5787.00	1.5698e-18
5788.00	1.85175e-18
5789.00	2.30525e-18
5790.00	1.74125e-18
5791.00	1.48541e-18
5792.00	1.6354e-18
5793.00	1.72688e-18
5794.00	1.8039e-18
5795.00	2.06709e-18
5796.00	2.42207e-18
5797.00	2.11584e-18
5798.00	1.82924e-18
5799.00	1.69724e-18
5800.00	1.77529e-18
5801.00	1.60246e-18
5802.00	1.72254e-18
5803.00	1.99875e-18
5804.00	2.08568e-18
5805.00	1.8285e-18
5806.00	1.53455e-18
5807.00	1.3993e-18
5808.00	1.64084e-18
5809.00	1.9301e-18
5810.00	2.08735e-18
5811.00	2.01182e-18
5812.00	1.91677e-18
5813.00	1.7151e-18
5814.00	1.4393e-18
5815.00	1.1399e-18
5816.00	9.16215e-19
5817.00	8.22091e-19
5818.00	8.72201e-19
5819.00	1.04163e-18
5820.00	1.4277e-18
5821.00	1.86386e-18
5822.00	2.18636e-18
5823.00	2.09743e-18
5824.00	1.97447e-18
5825.00	1.91484e-18
5826.00	1.96215e-18
5827.00	1.68288e-18
5828.00	1.7588e-18
5829.00	2.04957e-18
5830.00	2.08482e-18
5831.00	1.72596e-18
5832.00	1.65091e-18
5833.00	1.98155e-18
5834.00	2.23132e-18
5835.00	1.82882e-18
5836.00	1.16136e-18
5837.00	6.40743e-19
5838.00	1.01016e-18
5839.00	1.27385e-18
5840.00	1.29527e-18
5841.00	1.0871e-18
5842.00	1.87564e-18
5843.00	2.48458e-18
5844.00	2.49435e-18
5845.00	1.6792e-18
5846.00	1.57723e-18
5847.00	1.69436e-18
5848.00	1.70895e-18
5849.00	1.26924e-18
5850.00	1.47451e-18
5851.00	1.87124e-18
5852.00	1.86576e-18
5853.00	1.47805e-18
5854.00	1.11123e-18
5855.00	9.32678e-19
5856.00	1.10705e-18
5857.00	7.97015e-19
5858.00	6.57038e-19
5859.00	9.14492e-19
5860.00	1.42402e-18
5861.00	1.33273e-18
5862.00	1.20484e-18
5863.00	1.5234e-18
5864.00	2.08492e-18
5865.00	1.85231e-18
5866.00	1.47005e-18
5867.00	2.21075e-18
5868.00	2.74723e-18
5869.00	2.7302e-18
5870.00	2.18359e-18
5871.00	1.58225e-18
5872.00	1.67835e-18
5873.00	2.03978e-18
5874.00	2.26236e-18
5875.00	1.68599e-18
5876.00	1.12117e-18
5877.00	9.03186e-19
5878.00	1.28884e-18
5879.00	1.43209e-18
5880.00	1.20886e-18
5881.00	8.80158e-19
5882.00	1.15439e-18
5883.00	1.468e-18
5884.00	1.54279e-18
5885.00	1.29727e-18
5886.00	1.09566e-18
5887.00	1.13839e-18
5888.00	1.30844e-18
5889.00	1.45931e-18
5890.00	1.24961e-18
5891.00	1.73939e-18
5892.00	2.51945e-18
5893.00	2.58507e-18
5894.00	1.69357e-18
5895.00	9.62375e-19
5896.00	7.72317e-19
5897.00	7.37289e-19
5898.00	1.22411e-18
5899.00	1.75986e-18
5900.00	1.95538e-18
5901.00	1.61998e-18
5902.00	1.48881e-18
5903.00	1.54717e-18
5904.00	1.63021e-18
5905.00	1.45934e-18
5906.00	1.27185e-18
5907.00	1.20674e-18
5908.00	1.41999e-18
5909.00	1.83349e-18
5910.00	1.83742e-18
5911.00	1.32941e-18
5912.00	1.67546e-18
5913.00	1.73058e-18
5914.00	1.60221e-18
5915.00	1.49504e-18
5916.00	1.39604e-18
5917.00	1.32798e-18
5918.00	1.3572e-18
5919.00	1.6323e-18
5920.00	1.57494e-18
5921.00	1.52235e-18
5922.00	1.61051e-18
5923.00	1.91459e-18
5924.00	1.51808e-18
5925.00	1.2009e-18
5926.00	1.5869e-18
5927.00	2.31663e-18
5928.00	2.25633e-18
5929.00	1.66376e-18
5930.00	1.19671e-18
5931.00	1.64488e-18
5932.00	1.72991e-18
5933.00	1.27935e-18
5934.00	9.93754e-19
5935.00	1.23838e-18
5936.00	1.40407e-18
5937.00	1.22242e-18
5938.00	1.52231e-18
5939.00	1.56114e-18
5940.00	1.32539e-18
5941.00	9.13982e-19
5942.00	1.14751e-18
5943.00	1.37197e-18
5944.00	1.44329e-18
5945.00	1.42752e-18
5946.00	1.20238e-18
5947.00	1.03936e-18
5948.00	1.08743e-18
5949.00	1.42326e-18
5950.00	1.36989e-18
5951.00	1.21014e-18
5952.00	1.23337e-18
5953.00	1.32597e-18
5954.00	1.61497e-18
5955.00	1.89289e-18
5956.00	1.7784e-18
5957.00	1.77966e-18
5958.00	1.77198e-18
5959.00	1.77394e-18
5960.00	1.98625e-18
5961.00	1.83654e-18
5962.00	1.57158e-18
5963.00	1.39684e-18
5964.00	1.43576e-18
5965.00	1.57757e-18
5966.00	1.73324e-18
5967.00	1.80987e-18
5968.00	1.7122e-18
5969.00	1.88937e-18
5970.00	2.25814e-18
5971.00	2.29898e-18
5972.00	2.31406e-18
5973.00	2.02757e-18
5974.00	1.40617e-18
5975.00	9.2065e-19
5976.00	8.81678e-19
5977.00	1.29681e-18
5978.00	2.05082e-18
5979.00	1.76323e-18
5980.00	1.30732e-18
5981.00	1.12283e-18
5982.00	1.7361e-18
5983.00	1.79123e-18
5984.00	1.72934e-18
5985.00	1.65788e-18
5986.00	1.44683e-18
5987.00	1.03574e-18
5988.00	8.6858e-19
5989.00	1.23125e-18
5990.00	1.50935e-18
5991.00	1.61926e-18
5992.00	1.70427e-18
5993.00	2.01386e-18
5994.00	1.79264e-18
5995.00	1.55343e-18
5996.00	1.47424e-18
5997.00	1.59552e-18
5998.00	1.70711e-18
5999.00	1.70567e-18
6000.00	1.58686e-18
6001.00	1.69687e-18
6002.00	2.03832e-18
6003.00	2.20772e-18
6004.00	1.77581e-18
6005.00	1.19963e-18
6006.00	1.19176e-18
6007.00	1.58854e-18
6008.00	1.67138e-18
6009.00	1.39536e-18
6010.00	1.0503e-18
6011.00	8.9451e-19
6012.00	1.36823e-18
6013.00	1.73753e-18
6014.00	1.96749e-18
6015.00	2.0439e-18
6016.00	1.80863e-18
6017.00	1.68355e-18
6018.00	1.63634e-18
6019.00	1.48453e-18
6020.00	1.21841e-18
6021.00	1.35655e-18
6022.00	1.79963e-18
6023.00	1.69628e-18
6024.00	1.10289e-18
6025.00	6.42063e-19
6026.00	7.36726e-19
6027.00	1.2231e-18
6028.00	1.46441e-18
6029.00	1.50584e-18
6030.00	1.51856e-18
6031.00	1.5676e-18
6032.00	1.66805e-18
6033.00	1.7147e-18
6034.00	1.41405e-18
6035.00	1.36365e-18
6036.00	1.4071e-18
6037.00	1.44978e-18
6038.00	1.35849e-18
6039.00	1.4232e-18
6040.00	1.52558e-18
6041.00	1.54174e-18
6042.00	1.68194e-18
6043.00	1.70917e-18
6044.00	1.68669e-18
6045.00	1.79889e-18
6046.00	2.20959e-18
6047.00	2.28853e-18
6048.00	1.9125e-18
6049.00	1.54154e-18
6050.00	1.60881e-18
6051.00	1.72626e-18
6052.00	1.59904e-18
6053.00	1.41758e-18
6054.00	1.12797e-18
6055.00	8.93239e-19
6056.00	9.31464e-19
6057.00	1.59169e-18
6058.00	2.06137e-18
6059.00	2.11096e-18
6060.00	1.85262e-18
6061.00	1.64605e-18
6062.00	1.49367e-18
6063.00	1.42531e-18
6064.00	1.5613e-18
6065.00	1.45501e-18
6066.00	1.26411e-18
6067.00	1.20748e-18
6068.00	1.23929e-18
6069.00	1.49437e-18
6070.00	1.90152e-18
6071.00	2.37095e-18
6072.00	1.73826e-18
6073.00	1.03008e-18
6074.00	1.1421e-18
6075.00	1.2005e-18
6076.00	1.2589e-18
6077.00	1.3173e-18
6078.00	1.3757e-18
6079.00	1.43411e-18
6080.00	1.43411e-18
6081.00	1.30188e-18
6082.00	1.13079e-18
6083.00	1.73321e-18
6084.00	2.20569e-18
6085.00	2.19142e-18
6086.00	1.52725e-18
6087.00	1.62191e-18
6088.00	1.84653e-18
6089.00	1.75102e-18
6090.00	1.14199e-18
6091.00	9.62396e-19
6092.00	1.01081e-18
6093.00	9.11866e-19
6094.00	1.10747e-18
6095.00	1.40503e-18
6096.00	1.60115e-18
6097.00	1.36432e-18
6098.00	9.08553e-19
6099.00	7.60089e-19
6100.00	1.07859e-18
6101.00	1.28336e-18
6102.00	1.13999e-18
6103.00	1.00448e-18
6104.00	1.21276e-18
6105.00	1.43945e-18
6106.00	1.54109e-18
6107.00	1.50668e-18
6108.00	1.37671e-18
6109.00	1.32466e-18
6110.00	1.37878e-18
6111.00	1.51364e-18
6112.00	1.62258e-18
6113.00	1.43762e-18
6114.00	1.22944e-18
6115.00	1.22277e-18
6116.00	1.52635e-18
6117.00	1.67819e-18
6118.00	1.67769e-18
6119.00	1.61986e-18
6120.00	1.6661e-18
6121.00	1.74285e-18
6122.00	1.75973e-18
6123.00	1.54371e-18
6124.00	1.22031e-18
6125.00	1.15474e-18
6126.00	1.49104e-18
6127.00	1.86211e-18
6128.00	1.82813e-18
6129.00	1.64273e-18
6130.00	1.62375e-18
6131.00	1.76485e-18
6132.00	1.97359e-18
6133.00	2.24806e-18
6134.00	2.65647e-18
6135.00	2.90053e-18
6136.00	2.99358e-18
6137.00	2.95241e-18
6138.00	2.89737e-18
6139.00	2.49026e-18
6140.00	2.09396e-18
6141.00	1.94324e-18
6142.00	1.24077e-18
6143.00	5.5709e-19
6144.00	2.96561e-19
6145.00	9.23709e-19
6146.00	1.49622e-18
6147.00	1.48444e-18
6148.00	1.00976e-18
6149.00	1.0143e-18
6150.00	1.41424e-18
6151.00	1.83322e-18
6152.00	1.98023e-18
6153.00	1.63883e-18
6154.00	1.65869e-18
6155.00	1.77767e-18
6156.00	1.59063e-18
6157.00	1.66827e-18
6158.00	1.88568e-18
6159.00	2.03639e-18
6160.00	1.68792e-18
6161.00	1.55449e-18
6162.00	1.75466e-18
6163.00	2.11302e-18
6164.00	1.46372e-18
6165.00	1.18563e-18
6166.00	1.28472e-18
6167.00	1.63664e-18
6168.00	1.53856e-18
6169.00	1.51571e-18
6170.00	1.53129e-18
6171.00	1.3515e-18
6172.00	1.33645e-18
6173.00	1.49964e-18
6174.00	1.70153e-18
6175.00	1.44797e-18
6176.00	1.23403e-18
6177.00	1.0444e-18
6178.00	9.03169e-19
6179.00	1.05302e-18
6180.00	1.1873e-18
6181.00	1.28714e-18
6182.00	1.38411e-18
6183.00	1.57558e-18
6184.00	1.77757e-18
6185.00	1.88313e-18
6186.00	1.68449e-18
6187.00	1.49972e-18
6188.00	1.54017e-18
6189.00	1.76423e-18
6190.00	1.33138e-18
6191.00	7.49594e-19
6192.00	4.09376e-19
6193.00	6.47025e-19
6194.00	1.06636e-18
6195.00	1.3151e-18
6196.00	1.36182e-18
6197.00	1.31303e-18
6198.00	1.4919e-18
6199.00	1.58729e-18
6200.00	1.48089e-18
6201.00	1.15037e-18
6202.00	1.38635e-18
6203.00	1.72329e-18
6204.00	1.75344e-18
6205.00	1.42199e-18
6206.00	1.34959e-18
6207.00	1.39471e-18
6208.00	1.18986e-18
6209.00	1.34586e-18
6210.00	1.60217e-18
6211.00	1.70271e-18
6212.00	1.10244e-18
6213.00	9.70253e-19
6214.00	1.2327e-18
6215.00	1.71696e-18
6216.00	1.65139e-18
6217.00	1.42045e-18
6218.00	1.21598e-18
6219.00	1.21147e-18
6220.00	1.30415e-18
6221.00	1.24724e-18
6222.00	1.10382e-18
6223.00	1.13496e-18
6224.00	1.41157e-18
6225.00	1.53557e-18
6226.00	1.38764e-18
6227.00	1.321e-18
6228.00	1.24674e-18
6229.00	1.21876e-18
6230.00	1.27896e-18
6231.00	1.29395e-18
6232.00	1.57153e-18
6233.00	1.95225e-18
6234.00	2.10028e-18
6235.00	2.05734e-18
6236.00	1.64762e-18
6237.00	1.05834e-18
6238.00	1.01465e-18
6239.00	1.23869e-18
6240.00	1.42838e-18
6241.00	1.42952e-18
6242.00	1.74823e-18
6243.00	1.91439e-18
6244.00	1.8695e-18
6245.00	1.6219e-18
6246.00	1.76489e-18
6247.00	1.53551e-18
6248.00	1.04446e-18
6249.00	1.09014e-18
6250.00	8.9639e-19
6251.00	7.27271e-19
6252.00	7.5983e-19
6253.00	1.24627e-18
6254.00	1.51354e-18
6255.00	1.73565e-18
6256.00	2.12063e-18
6257.00	2.45714e-18
6258.00	2.45328e-18
6259.00	2.36703e-18
6260.00	2.83031e-18
6261.00	2.86775e-18
6262.00	2.62283e-18
6263.00	2.23506e-18
6264.00	2.12506e-18
6265.00	1.82835e-18
6266.00	1.68715e-18
6267.00	1.54595e-18
6268.00	1.40475e-18
6269.00	1.26355e-18
6270.00	1.12234e-18
6271.00	1.12234e-18
6272.00	1.03862e-18
6273.00	1.23076e-18
6274.00	1.6772e-18
6275.00	1.54041e-18
6276.00	1.58315e-18
6277.00	1.54527e-18
6278.00	1.38107e-18
6279.00	1.68207e-18
6280.00	1.7067e-18
6281.00	1.59254e-18
6282.00	1.56569e-18
6283.00	1.48381e-18
6284.00	1.60332e-18
6285.00	1.81423e-18
6286.00	1.80053e-18
6287.00	1.38011e-18
6288.00	1.13081e-18
6289.00	1.27701e-18
6290.00	1.6246e-18
6291.00	1.52795e-18
6292.00	1.31541e-18
6293.00	1.29467e-18
6294.00	1.32399e-18
6295.00	1.43773e-18
6296.00	1.64685e-18
6297.00	1.98619e-18
6298.00	1.80345e-18
6299.00	1.66907e-18
6300.00	1.60454e-18
6301.00	1.54001e-18
6302.00	1.47548e-18
6303.00	1.41096e-18
6304.00	1.34643e-18
6305.00	1.34643e-18
6306.00	1.49646e-18
6307.00	1.68061e-18
6308.00	1.14282e-18
6309.00	9.9852e-19
6310.00	1.05179e-18
6311.00	1.18609e-18
6312.00	1.19049e-18
6313.00	1.33964e-18
6314.00	1.54853e-18
6315.00	1.82855e-18
6316.00	2.359e-18
6317.00	3.2687e-18
6318.00	4.19633e-18
6319.00	4.75404e-18
6320.00	4.65565e-18
6321.00	4.11478e-18
6322.00	3.30916e-18
6323.00	2.42471e-18
6324.00	1.82292e-18
6325.00	1.47707e-18
6326.00	1.34428e-18
6327.00	1.28451e-18
6328.00	1.23548e-18
6329.00	1.24344e-18
6330.00	1.3439e-18
6331.00	1.59751e-18
6332.00	1.41615e-18
6333.00	1.10238e-18
6334.00	1.18334e-18
6335.00	1.34836e-18
6336.00	1.46336e-18
6337.00	1.46877e-18
6338.00	1.34623e-18
6339.00	1.33018e-18
6340.00	1.26918e-18
6341.00	1.09904e-18
6342.00	8.8918e-19
6343.00	1.05875e-18
6344.00	1.2984e-18
6345.00	1.24771e-18
6346.00	1.18372e-18
6347.00	1.40646e-18
6348.00	1.67672e-18
6349.00	1.32846e-18
6350.00	1.18911e-18
6351.00	1.4228e-18
6352.00	1.91126e-18
6353.00	1.87784e-18
6354.00	1.08483e-18
6355.00	5.14143e-19
6356.00	8.93633e-19
6357.00	9.92389e-19
6358.00	9.04995e-19
6359.00	8.00808e-19
6360.00	9.56602e-19
6361.00	7.72252e-19
6362.00	6.45239e-19
6363.00	7.43298e-19
6364.00	1.14387e-18
6365.00	1.78597e-18
6366.00	2.23814e-18
6367.00	2.22276e-18
6368.00	1.86091e-18
6369.00	1.66376e-18
6370.00	1.55605e-18
6371.00	1.37483e-18
6372.00	1.35777e-18
6373.00	1.54072e-18
6374.00	1.78823e-18
6375.00	1.83071e-18
6376.00	1.31477e-18
6377.00	9.53118e-19
6378.00	1.0842e-18
6379.00	1.56299e-18
6380.00	1.75769e-18
6381.00	1.68761e-18
6382.00	1.44593e-18
6383.00	1.39337e-18
6384.00	1.65439e-18
6385.00	1.90461e-18
6386.00	1.50293e-18
6387.00	1.67058e-18
6388.00	1.88756e-18
6389.00	1.92031e-18
6390.00	1.56401e-18
6391.00	1.42264e-18
6392.00	1.51709e-18
6393.00	1.78558e-18
6394.00	1.68333e-18
6395.00	1.68759e-18
6396.00	1.79513e-18
6397.00	1.91926e-18
6398.00	1.574e-18
6399.00	1.31283e-18
6400.00	1.28639e-18
6401.00	1.44889e-18
6402.00	1.60819e-18
6403.00	1.71196e-18
6404.00	1.73012e-18
6405.00	1.7133e-18
6406.00	1.65596e-18
6407.00	1.61093e-18
6408.00	1.63645e-18
6409.00	1.82678e-18
6410.00	1.94213e-18
6411.00	1.79908e-18
6412.00	1.0791e-18
6413.00	1.06656e-18
6414.00	1.52272e-18
6415.00	2.13029e-18
6416.00	2.04645e-18
6417.00	1.51546e-18
6418.00	1.0326e-18
6419.00	9.77009e-19
6420.00	1.04673e-18
6421.00	9.024e-19
6422.00	7.49812e-19
6423.00	9.74136e-19
6424.00	1.69384e-18
6425.00	2.19446e-18
6426.00	2.22459e-18
6427.00	1.79715e-18
6428.00	1.53248e-18
6429.00	1.46084e-18
6430.00	1.58099e-18
6431.00	1.69999e-18
6432.00	1.87975e-18
6433.00	1.95795e-18
6434.00	1.75342e-18
6435.00	1.45351e-18
6436.00	1.2647e-18
6437.00	1.159e-18
6438.00	8.9992e-19
6439.00	9.56482e-19
6440.00	1.1264e-18
6441.00	1.32427e-18
6442.00	1.54978e-18
6443.00	2.05925e-18
6444.00	2.41396e-18
6445.00	2.23381e-18
6446.00	1.93154e-18
6447.00	1.65067e-18
6448.00	1.44155e-18
6449.00	1.30025e-18
6450.00	1.47023e-18
6451.00	1.64916e-18
6452.00	1.708e-18
6453.00	1.62628e-18
6454.00	1.5105e-18
6455.00	1.46399e-18
6456.00	1.5346e-18
6457.00	1.49672e-18
6458.00	1.6494e-18
6459.00	1.81641e-18
6460.00	1.72938e-18
6461.00	1.48506e-18
6462.00	1.54396e-18
6463.00	1.81288e-18
6464.00	1.73665e-18
6465.00	1.43249e-18
6466.00	1.22626e-18
6467.00	1.33167e-18
6468.00	1.88894e-18
6469.00	2.00738e-18
6470.00	1.70993e-18
6471.00	1.15153e-18
6472.00	1.17671e-18
6473.00	1.31439e-18
6474.00	1.45919e-18
6475.00	1.60428e-18
6476.00	1.64774e-18
6477.00	1.64454e-18
6478.00	1.62299e-18
6479.00	1.5828e-18
6480.00	1.688e-18
6481.00	1.85982e-18
6482.00	1.97738e-18
6483.00	1.61532e-18
6484.00	1.1276e-18
6485.00	9.00236e-19
6486.00	1.39988e-18
6487.00	1.56171e-18
6488.00	1.60855e-18
6489.00	1.65666e-18
6490.00	1.94928e-18
6491.00	1.82414e-18
6492.00	1.66064e-18
6493.00	1.65326e-18
6494.00	1.52036e-18
6495.00	1.77279e-18
6496.00	1.92542e-18
6497.00	1.41709e-18
6498.00	1.10194e-18
6499.00	1.18301e-18
6500.00	1.50388e-18
6501.00	1.59394e-18
6502.00	1.67254e-18
6503.00	1.55507e-18
6504.00	1.26263e-18
6505.00	1.19138e-18
6506.00	1.24367e-18
6507.00	1.45953e-18
6508.00	1.85089e-18
6509.00	2.22676e-18
6510.00	2.29559e-18
6511.00	2.06533e-18
6512.00	1.63572e-18
6513.00	1.29333e-18
6514.00	1.33285e-18
6515.00	1.75269e-18
6516.00	2.24289e-18
6517.00	2.20176e-18
6518.00	1.87215e-18
6519.00	1.51279e-18
6520.00	1.66304e-18
6521.00	1.73791e-18
6522.00	1.58769e-18
6523.00	1.1289e-18
6524.00	9.03422e-19
6525.00	9.25617e-19
6526.00	1.19215e-18
6527.00	1.70666e-18
6528.00	1.86615e-18
6529.00	1.82811e-18
6530.00	1.75567e-18
6531.00	2.10274e-18
6532.00	2.17871e-18
6533.00	2.0498e-18
6534.00	1.85416e-18
6535.00	1.95711e-18
6536.00	1.99344e-18
6537.00	1.81893e-18
6538.00	1.28172e-18
6539.00	1.03958e-18
6540.00	1.10246e-18
6541.00	1.41002e-18
6542.00	1.67185e-18
6543.00	1.91905e-18
6544.00	2.10199e-18
6545.00	2.16374e-18
6546.00	1.94733e-18
6547.00	1.78629e-18
6548.00	1.74539e-18
6549.00	1.83998e-18
6550.00	1.78189e-18
6551.00	1.56025e-18
6552.00	1.28386e-18
6553.00	1.21788e-18
6554.00	1.49691e-18
6555.00	1.95603e-18
6556.00	2.4037e-18
6557.00	2.45672e-18
6558.00	2.10351e-18
6559.00	1.74611e-18
6560.00	1.80879e-18
6561.00	1.95032e-18
6562.00	1.91753e-18
6563.00	1.81024e-18
6564.00	1.99826e-18
6565.00	2.07735e-18
6566.00	1.96709e-18
6567.00	1.70106e-18
6568.00	1.61946e-18
6569.00	1.51772e-18
6570.00	1.48662e-18
6571.00	1.59145e-18
6572.00	1.64418e-18
6573.00	1.69677e-18
6574.00	1.87008e-18
6575.00	2.36159e-18
6576.00	2.32385e-18
6577.00	2.22863e-18
6578.00	2.16696e-18
6579.00	1.96829e-18
6580.00	1.52575e-18
6581.00	1.21429e-18
6582.00	1.22844e-18
6583.00	1.1392e-18
6584.00	1.07109e-18
6585.00	1.06887e-18
6586.00	1.17153e-18
6587.00	1.26077e-18
6588.00	1.31828e-18
6589.00	1.43992e-18
6590.00	1.93999e-18
6591.00	1.80939e-18
6592.00	1.47705e-18
6593.00	1.22806e-18
6594.00	1.38805e-18
6595.00	1.664e-18
6596.00	1.83773e-18
6597.00	1.74174e-18
6598.00	1.72093e-18
6599.00	1.64326e-18
6600.00	1.47528e-18
6601.00	1.16613e-18
6602.00	1.25005e-18
6603.00	1.35431e-18
6604.00	1.32871e-18
6605.00	1.15131e-18
6606.00	9.80281e-19
6607.00	9.79966e-19
6608.00	1.24283e-18
6609.00	1.52717e-18
6610.00	1.84383e-18
6611.00	2.08208e-18
6612.00	2.10339e-18
6613.00	2.21415e-18
6614.00	2.16288e-18
6615.00	1.97496e-18
6616.00	1.88434e-18
6617.00	1.84353e-18
6618.00	1.88286e-18
6619.00	1.939e-18
6620.00	1.60502e-18
6621.00	1.29513e-18
6622.00	1.17263e-18
6623.00	1.35545e-18
6624.00	1.56428e-18
6625.00	1.70879e-18
6626.00	1.69295e-18
6627.00	1.36608e-18
6628.00	1.21354e-18
6629.00	1.26311e-18
6630.00	1.51478e-18
6631.00	1.88121e-18
6632.00	2.00905e-18
6633.00	1.94509e-18
6634.00	1.76536e-18
6635.00	1.65572e-18
6636.00	1.70351e-18
6637.00	1.7417e-18
6638.00	1.48753e-18
6639.00	1.4249e-18
6640.00	1.57386e-18
6641.00	1.83628e-18
6642.00	1.89615e-18
6643.00	1.83198e-18
6644.00	1.70178e-18
6645.00	1.56613e-18
6646.00	1.51765e-18
6647.00	1.50064e-18
6648.00	1.62651e-18
6649.00	2.00673e-18
6650.00	1.75488e-18
6651.00	1.77614e-18
6652.00	2.07228e-18
6653.00	2.15208e-18
6654.00	2.09323e-18
6655.00	1.89952e-18
6656.00	1.62588e-18
6657.00	1.43688e-18
6658.00	1.50089e-18
6659.00	1.63048e-18
6660.00	1.64005e-18
6661.00	1.52017e-18
6662.00	1.58343e-18
6663.00	1.8186e-18
6664.00	2.13963e-18
6665.00	1.71973e-18
6666.00	1.45407e-18
6667.00	1.62247e-18
6668.00	2.06097e-18
6669.00	2.10742e-18
6670.00	1.5992e-18
6671.00	5.78505e-19
6672.00	8.30177e-20
6673.00	-4.9184e-20
6674.00	-1.04966e-21
6675.00	1.15411e-21
6676.00	4.8119e-22
6677.00	-9.72844e-23
6678.00	0E-21
6679.00	0E-21
6680.00	0E-21
6681.00	0E-21
6682.00	0E-21
6683.00	0E-21
6684.00	0E-21
6685.00	0E-21
6686.00	0E-21
6687.00	0E-21
6688.00	0E-21
6689.00	0E-21
6690.00	0E-21
6691.00	0E-21
6692.00	0E-21
6693.00	0E-21
6694.00	-7.03688e-22
6695.00	9.28936e-21
6696.00	-1.5173e-20
6697.00	-6.73995e-20
6698.00	1.65484e-19
6699.00	8.71277e-19
6700.00	1.63411e-18
6701.00	1.82179e-18
6702.00	1.56711e-18
6703.00	1.39415e-18
6704.00	1.47008e-18
6705.00	1.69132e-18
6706.00	1.96854e-18
6707.00	2.27742e-18
6708.00	2.51808e-18
6709.00	2.19481e-18
6710.00	2.21475e-18
6711.00	2.49367e-18
6712.00	2.80086e-18
6713.00	2.48339e-18
6714.00	1.73257e-18
6715.00	1.13344e-18
6716.00	1.91049e-18
6717.00	2.1049e-18
6718.00	1.87224e-18
6719.00	1.49514e-18
6720.00	2.1918e-18
6721.00	2.29914e-18
6722.00	2.1971e-18
6723.00	2.26821e-18
6724.00	2.09182e-18
6725.00	1.94446e-18
6726.00	1.83379e-18
6727.00	1.68075e-18
6728.00	1.66809e-18
6729.00	2.06146e-18
6730.00	2.69915e-18
6731.00	2.84145e-18
6732.00	2.2942e-18
6733.00	1.85617e-18
6734.00	2.01926e-18
6735.00	2.10152e-18
6736.00	2.38215e-18
6737.00	2.67132e-18
6738.00	2.69918e-18
6739.00	2.00059e-18
6740.00	1.88587e-18
6741.00	2.32785e-18
6742.00	2.32003e-18
6743.00	2.37578e-18
6744.00	2.48257e-18
6745.00	2.57417e-18
6746.00	2.27787e-18
6747.00	2.23376e-18
6748.00	2.23336e-18
6749.00	2.04908e-18
6750.00	2.09982e-18
6751.00	2.33469e-18
6752.00	2.41776e-18
6753.00	1.71168e-18
6754.00	1.30034e-18
6755.00	1.48127e-18
6756.00	2.22235e-18
6757.00	2.9035e-18
6758.00	2.96445e-18
6759.00	2.5498e-18
6760.00	1.92091e-18
6761.00	2.04436e-18
6762.00	2.53022e-18
6763.00	2.96246e-18
6764.00	2.84584e-18
6765.00	2.30107e-18
6766.00	2.07433e-18
6767.00	2.27316e-18
6768.00	2.51441e-18
6769.00	2.35298e-18
6770.00	2.2085e-18
6771.00	2.37043e-18
6772.00	3.03858e-18
6773.00	3.42619e-18
6774.00	3.30441e-18
6775.00	2.54201e-18
6776.00	1.60191e-18
6777.00	1.14115e-18
6778.00	1.3293e-18
6779.00	2.19703e-18
6780.00	2.61316e-18
6781.00	3.07591e-18
6782.00	3.49687e-18
6783.00	2.6056e-18
6784.00	2.52277e-18
6785.00	2.43993e-18
6786.00	2.3571e-18
6787.00	2.27427e-18
6788.00	2.19143e-18
6789.00	2.1086e-18
6790.00	2.02576e-18
6791.00	1.94293e-18
6792.00	1.8601e-18
6793.00	1.77726e-18
6794.00	1.69443e-18
6795.00	1.69443e-18
6796.00	1.80891e-18
6797.00	2.39279e-18
6798.00	1.97399e-18
6799.00	1.90039e-18
6800.00	1.96309e-18
6801.00	1.72784e-18
6802.00	1.87925e-18
6803.00	2.25672e-18
6804.00	2.65965e-18
6805.00	2.77586e-18
6806.00	2.21368e-18
6807.00	2.13564e-18
6808.00	2.79513e-18
6809.00	2.41982e-18
6810.00	2.24531e-18
6811.00	2.24121e-18
6812.00	2.31321e-18
6813.00	2.60815e-18
6814.00	2.64084e-18
6815.00	2.34391e-18
6816.00	1.72282e-18
6817.00	1.94503e-18
6818.00	2.1545e-18
6819.00	2.13577e-18
6820.00	2.32501e-18
6821.00	2.30514e-18
6822.00	2.13865e-18
6823.00	1.93872e-18
6824.00	2.16304e-18
6825.00	2.21611e-18
6826.00	2.56197e-18
6827.00	3.95511e-18
6828.00	3.06369e-18
6829.00	2.17502e-18
6830.00	2.06031e-18
6831.00	2.98232e-18
6832.00	3.53357e-18
6833.00	3.405e-18
6834.00	2.64786e-18
6835.00	2.68616e-18
6836.00	2.85847e-18
6837.00	2.77763e-18
6838.00	2.14078e-18
6839.00	2.15732e-18
6840.00	2.24648e-18
6841.00	2.26063e-18
6842.00	2.09544e-18
6843.00	2.51284e-18
6844.00	2.80732e-18
6845.00	2.74415e-18
6846.00	2.64213e-18
6847.00	2.52727e-18
6848.00	2.41193e-18
6849.00	2.34976e-18
6850.00	2.84255e-18
6851.00	2.90287e-18
6852.00	2.61334e-18
6853.00	2.34701e-18
6854.00	2.62094e-18
6855.00	2.70783e-18
6856.00	2.52804e-18
6857.00	2.64497e-18
6858.00	2.37399e-18
6859.00	2.20194e-18
6860.00	2.37448e-18
6861.00	2.33626e-18
6862.00	2.62042e-18
6863.00	3.09776e-18
6864.00	3.55662e-18
6865.00	3.68798e-18
6866.00	3.81934e-18
6867.00	3.81934e-18
6868.00	3.51718e-18
6869.00	3.10257e-18
6870.00	2.98865e-18
6871.00	3.22003e-18
6872.00	3.05832e-18
6873.00	3.46112e-18
6874.00	3.74822e-18
6875.00	3.31344e-18
6876.00	3.38019e-18
6877.00	2.83141e-18
6878.00	2.11426e-18
6879.00	2.34258e-18
6880.00	2.64411e-18
6881.00	2.75809e-18
6882.00	2.69928e-18
6883.00	3.03697e-18
6884.00	3.05843e-18
6885.00	2.76099e-18
6886.00	2.34282e-18
6887.00	3.29774e-18
6888.00	3.61223e-18
6889.00	3.50438e-18
6890.00	3.63241e-18
6891.00	2.96325e-18
6892.00	2.73365e-18
6893.00	2.88138e-18
6894.00	2.29493e-18
6895.00	1.74883e-18
6896.00	1.63166e-18
6897.00	2.02835e-18
6898.00	2.11997e-18
6899.00	2.04151e-18
6900.00	1.99789e-18
6901.00	2.1594e-18
6902.00	1.64589e-18
6903.00	1.92192e-18
6904.00	2.7149e-18
6905.00	2.87825e-18
6906.00	2.98462e-18
6907.00	2.35955e-18
6908.00	1.23166e-18
6909.00	1.42688e-18
6910.00	1.98146e-18
6911.00	2.4926e-18
6912.00	2.7096e-18
6913.00	3.45247e-18
6914.00	3.20871e-18
6915.00	2.47938e-18
6916.00	2.36156e-18
6917.00	2.2494e-18
6918.00	2.04316e-18
6919.00	1.91542e-18
6920.00	2.60896e-18
6921.00	2.45375e-18
6922.00	1.92983e-18
6923.00	1.48029e-18
6924.00	1.93288e-18
6925.00	2.33537e-18
6926.00	2.26058e-18
6927.00	1.40533e-18
6928.00	1.90749e-18
6929.00	2.29731e-18
6930.00	2.21524e-18
6931.00	1.6251e-18
6932.00	1.25234e-18
6933.00	1.21627e-18
6934.00	1.50885e-18
6935.00	1.67091e-18
6936.00	2.18002e-18
6937.00	2.46885e-18
6938.00	2.10906e-18
6939.00	2.46613e-18
6940.00	2.62377e-18
6941.00	2.51692e-18
6942.00	2.29087e-18
6943.00	2.26505e-18
6944.00	2.43432e-18
6945.00	2.76363e-18
6946.00	3.20248e-18
6947.00	3.0525e-18
6948.00	2.51031e-18
6949.00	1.91036e-18
6950.00	2.46912e-18
6951.00	3.26029e-18
6952.00	3.63475e-18
6953.00	2.9434e-18
6954.00	2.4641e-18
6955.00	2.18847e-18
6956.00	2.12392e-18
6957.00	2.19939e-18
6958.00	2.25052e-18
6959.00	2.34314e-18
6960.00	2.50903e-18
6961.00	2.83676e-18
6962.00	2.54379e-18
6963.00	2.09784e-18
6964.00	2.04205e-18
6965.00	2.44553e-18
6966.00	2.74449e-18
6967.00	2.78296e-18
6968.00	2.53514e-18
6969.00	2.02951e-18
6970.00	1.95143e-18
6971.00	2.47434e-18
6972.00	3.23771e-18
6973.00	2.77497e-18
6974.00	2.13498e-18
6975.00	2.1638e-18
6976.00	2.54328e-18
6977.00	2.37672e-18
6978.00	1.9358e-18
6979.00	1.81821e-18
6980.00	2.29209e-18
6981.00	2.47636e-18
6982.00	2.21383e-18
6983.00	1.84115e-18
6984.00	2.08073e-18
6985.00	2.29049e-18
6986.00	2.15457e-18
6987.00	2.18322e-18
6988.00	2.17956e-18
6989.00	2.10739e-18
6990.00	1.95497e-18
6991.00	2.01612e-18
6992.00	2.15359e-18
6993.00	2.21016e-18
6994.00	1.88545e-18
6995.00	1.7892e-18
6996.00	2.18427e-18
6997.00	2.94645e-18
6998.00	3.01714e-18
6999.00	2.6693e-18
7000.00	2.25173e-18
7001.00	2.09946e-18
7002.00	2.53018e-18
7003.00	2.59593e-18
7004.00	2.31836e-18
7005.00	2.00067e-18
7006.00	2.23935e-18
7007.00	2.26997e-18
7008.00	2.01492e-18
7009.00	2.05857e-18
7010.00	2.53043e-18
7011.00	2.68525e-18
7012.00	2.16391e-18
7013.00	2.06963e-18
7014.00	2.41199e-18
7015.00	2.74728e-18
7016.00	2.52191e-18
7017.00	2.48666e-18
7018.00	2.30539e-18
7019.00	2.05506e-18
7020.00	2.11647e-18
7021.00	2.05555e-18
7022.00	1.73259e-18
7023.00	1.22706e-18
7024.00	1.27471e-18
7025.00	1.64821e-18
7026.00	1.9978e-18
7027.00	2.01124e-18
7028.00	1.9966e-18
7029.00	2.2227e-18
7030.00	2.43219e-18
7031.00	1.99786e-18
7032.00	2.15484e-18
7033.00	2.23929e-18
7034.00	2.11524e-18
7035.00	2.17407e-18
7036.00	2.21541e-18
7037.00	2.23414e-18
7038.00	2.23023e-18
7039.00	2.23218e-18
7040.00	2.17006e-18
7041.00	2.07992e-18
7042.00	2.02256e-18
7043.00	2.16551e-18
7044.00	2.32633e-18
7045.00	2.41237e-18
7046.00	2.35394e-18
7047.00	2.1626e-18
7048.00	2.02763e-18
7049.00	2.02536e-18
7050.00	1.85925e-18
7051.00	2.07904e-18
7052.00	2.44099e-18
7053.00	2.61287e-18
7054.00	2.29531e-18
7055.00	2.33869e-18
7056.00	2.54001e-18
7057.00	1.98445e-18
7058.00	2.11066e-18
7059.00	1.99336e-18
7060.00	1.54505e-18
7061.00	2.04404e-18
7062.00	1.9509e-18
7063.00	1.75337e-18
7064.00	1.88307e-18
7065.00	1.88817e-18
7066.00	1.86588e-18
7067.00	1.75907e-18
7068.00	1.44342e-18
7069.00	1.8131e-18
7070.00	1.64336e-18
7071.00	1.68055e-18
7072.00	1.71774e-18
7073.00	1.75494e-18
7074.00	1.79213e-18
7075.00	1.82932e-18
7076.00	1.86652e-18
7077.00	1.90371e-18
7078.00	1.9409e-18
7079.00	1.9781e-18
7080.00	2.01529e-18
7081.00	2.05248e-18
7082.00	2.05248e-18
7083.00	2.16457e-18
7084.00	2.36684e-18
7085.00	2.35039e-18
7086.00	2.06488e-18
7087.00	2.20574e-18
7088.00	1.98779e-18
7089.00	1.78778e-18
7090.00	1.97384e-18
7091.00	1.99731e-18
7092.00	2.2449e-18
7093.00	2.54991e-18
7094.00	2.49255e-18
7095.00	2.62988e-18
7096.00	2.47856e-18
7097.00	2.09502e-18
7098.00	2.32072e-18
7099.00	2.09099e-18
7100.00	1.92473e-18
7101.00	2.12833e-18
7102.00	1.85342e-18
7103.00	2.29634e-18
7104.00	2.67329e-18
7105.00	1.72748e-18
7106.00	1.76187e-18
7107.00	1.84088e-18
7108.00	1.88701e-18
7109.00	2.3175e-18
7110.00	2.92257e-18
7111.00	3.11882e-18
7112.00	2.72793e-18
7113.00	2.65462e-18
7114.00	2.90891e-18
7115.00	2.94543e-18
7116.00	2.24225e-18
7117.00	1.95285e-18
7118.00	2.23509e-18
7119.00	2.78616e-18
7120.00	2.93843e-18
7121.00	2.68714e-18
7122.00	2.3857e-18
7123.00	2.13821e-18
7124.00	1.56459e-18
7125.00	1.82853e-18
7126.00	2.35059e-18
7127.00	2.64159e-18
7128.00	3.20202e-18
7129.00	3.04631e-18
7130.00	2.72577e-18
7131.00	3.32768e-18
7132.00	3.32725e-18
7133.00	2.97588e-18
7134.00	2.44419e-18
7135.00	1.99089e-18
7136.00	2.23566e-18
7137.00	2.21324e-18
7138.00	1.5457e-18
7139.00	1.82858e-18
7140.00	2.28749e-18
7141.00	2.53997e-18
7142.00	2.24579e-18
7143.00	1.92601e-18
7144.00	1.61725e-18
7145.00	1.52461e-18
7146.00	2.07647e-18
7147.00	2.38504e-18
7148.00	2.32369e-18
7149.00	1.97739e-18
7150.00	2.17708e-18
7151.00	2.04785e-18
7152.00	1.87434e-18
7153.00	1.93405e-18
7154.00	1.81088e-18
7155.00	1.87417e-18
7156.00	1.95709e-18
7157.00	1.63269e-18
7158.00	1.88393e-18
7159.00	2.15012e-18
7160.00	2.22142e-18
7161.00	2.05589e-18
7162.00	2.09835e-18
7163.00	2.16325e-18
7164.00	2.09966e-18
7165.00	1.78596e-18
7166.00	1.79007e-18
7167.00	2.02625e-18
7168.00	2.276e-18
7169.00	2.27457e-18
7170.00	2.5415e-18
7171.00	2.79408e-18
7172.00	1.90382e-18
7173.00	1.3197e-18
7174.00	1.33653e-18
7175.00	1.90858e-18
7176.00	1.75456e-18
7177.00	1.68496e-18
7178.00	1.60413e-18
7179.00	1.37899e-18
7180.00	1.30948e-18
7181.00	1.80561e-18
7182.00	2.37269e-18
7183.00	1.87518e-18
7184.00	1.42513e-18
7185.00	1.52297e-18
7186.00	2.0098e-18
7187.00	1.20527e-18
7188.00	1.33185e-18
7189.00	1.60139e-18
7190.00	1.40109e-18
7191.00	1.52693e-18
7192.00	1.37838e-18
7193.00	1.12877e-18
7194.00	1.14533e-18
7195.00	1.62702e-18
7196.00	1.98678e-18
7197.00	2.11185e-18
7198.00	2.32894e-18
7199.00	2.07106e-18
7200.00	1.76269e-18
7201.00	1.7645e-18
7202.00	2.74641e-18
7203.00	2.30078e-18
7204.00	1.45205e-18
7205.00	1.6164e-18
7206.00	1.5119e-18
7207.00	1.47845e-18
7208.00	1.54899e-18
7209.00	1.71516e-18
7210.00	1.44768e-18
7211.00	1.30782e-18
7212.00	1.48307e-18
7213.00	1.60285e-18
7214.00	1.90596e-18
7215.00	2.1315e-18
7216.00	2.03163e-18
7217.00	1.5283e-18
7218.00	1.32319e-18
7219.00	1.56365e-18
7220.00	2.29715e-18
7221.00	2.26356e-18
7222.00	2.14682e-18
7223.00	2.04409e-18
7224.00	1.42774e-18
7225.00	1.57091e-18
7226.00	2.05023e-18
7227.00	2.49715e-18
7228.00	2.56124e-18
7229.00	2.53884e-18
7230.00	2.27959e-18
7231.00	1.56336e-18
7232.00	1.11638e-18
7233.00	1.24027e-18
7234.00	1.79066e-18
7235.00	2.31764e-18
7236.00	1.45752e-18
7237.00	1.28076e-18
7238.00	2.44975e-18
7239.00	2.69159e-18
7240.00	2.56128e-18
7241.00	2.4524e-18
7242.00	2.7473e-18
7243.00	3.9327e-18
7244.00	2.98049e-18
7245.00	9.79053e-19
7246.00	1.16615e-18
7247.00	1.05374e-18
7248.00	1.32039e-18
7249.00	1.90109e-18
7250.00	1.90309e-18
7251.00	1.67632e-18
7252.00	1.53786e-18
7253.00	1.65081e-18
7254.00	1.19582e-18
7255.00	1.16955e-18
7256.00	1.6605e-18
7257.00	2.59202e-18
7258.00	2.55841e-18
7259.00	2.17245e-18
7260.00	1.63884e-18
7261.00	8.66513e-19
7262.00	1.39023e-18
7263.00	1.84743e-18
7264.00	1.55293e-18
7265.00	1.38998e-18
7266.00	1.38442e-18
7267.00	1.40847e-18
7268.00	1.3147e-18
7269.00	1.27799e-18
7270.00	1.51795e-18
7271.00	1.80638e-18
7272.00	1.5263e-18
7273.00	1.4364e-18
7274.00	1.48146e-18
7275.00	1.59479e-18
7276.00	1.47979e-18
7277.00	1.43924e-18
7278.00	1.75988e-18
7279.00	2.51773e-18
7280.00	1.90975e-18
7281.00	2.02194e-18
7282.00	2.58658e-18
7283.00	2.64866e-18
7284.00	1.57731e-18
7285.00	7.41238e-19
7286.00	6.70663e-19
7287.00	1.45944e-18
7288.00	1.46586e-18
7289.00	1.53069e-18
7290.00	2.06111e-18
7291.00	1.96944e-18
7292.00	1.60637e-18
7293.00	1.28245e-18
7294.00	1.32902e-18
7295.00	1.65824e-18
7296.00	1.71187e-18
7297.00	1.52092e-18
7298.00	1.55297e-18
7299.00	1.55622e-18
7300.00	1.59549e-18
7301.00	1.69994e-18
7302.00	1.82658e-18
7303.00	2.41551e-18
7304.00	2.62445e-18
7305.00	1.76237e-18
7306.00	2.03984e-18
7307.00	2.0637e-18
7308.00	1.84588e-18
7309.00	1.87395e-18
7310.00	1.89173e-18
7311.00	1.94855e-18
7312.00	2.02606e-18
7313.00	2.09498e-18
7314.00	1.51317e-18
7315.00	1.30941e-18
7316.00	2.03607e-18
7317.00	1.61422e-18
7318.00	1.748e-18
7319.00	2.03521e-18
7320.00	1.61503e-18
7321.00	1.78363e-18
7322.00	1.76129e-18
7323.00	1.67568e-18
7324.00	2.51563e-18
7325.00	2.73404e-18
7326.00	2.58477e-18
7327.00	2.14419e-18
7328.00	9.31838e-19
7329.00	1.35672e-18
7330.00	2.55016e-18
7331.00	3.29804e-18
7332.00	3.1391e-18
7333.00	2.00207e-18
7334.00	8.48459e-19
7335.00	1.6623e-18
7336.00	2.09886e-18
7337.00	2.07141e-18
7338.00	1.78061e-18
7339.00	2.49715e-18
7340.00	3.57517e-18
7341.00	4.10539e-18
7342.00	3.41541e-18
7343.00	2.21858e-18
7344.00	2.29092e-18
7345.00	2.85412e-18
7346.00	2.18336e-18
7347.00	2.33407e-18
7348.00	1.88397e-18
7349.00	1.0563e-18
7350.00	1.96819e-18
7351.00	1.79106e-18
7352.00	1.43174e-18
7353.00	1.47079e-18
7354.00	1.8966e-18
7355.00	1.76225e-18
7356.00	1.40126e-18
7357.00	1.36003e-18
7358.00	2.33098e-18
7359.00	3.00557e-18
7360.00	3.09993e-18
7361.00	2.76852e-18
7362.00	2.72667e-18
7363.00	2.4e-18
7364.00	1.8145e-18
7365.00	2.32822e-18
7366.00	2.48648e-18
7367.00	2.34736e-18
7368.00	2.10835e-18
7369.00	2.58984e-18
7370.00	2.88824e-18
7371.00	2.86345e-18
7372.00	2.56325e-18
7373.00	2.64144e-18
7374.00	2.22506e-18
7375.00	1.491e-18
7376.00	2.19755e-18
7377.00	2.08672e-18
7378.00	2.21399e-18
7379.00	3.16707e-18
7380.00	3.44076e-18
7381.00	2.99423e-18
7382.00	2.31706e-18
7383.00	2.08049e-18
7384.00	1.82389e-18
7385.00	2.09789e-18
7386.00	2.58772e-18
7387.00	2.14455e-18
7388.00	1.37333e-18
7389.00	1.11473e-18
7390.00	1.65996e-18
7391.00	1.83133e-18
7392.00	1.99662e-18
7393.00	2.07271e-18
7394.00	1.97061e-18
7395.00	2.0094e-18
7396.00	1.86604e-18
7397.00	1.82741e-18
7398.00	2.73087e-18
7399.00	1.95505e-18
7400.00	1.39474e-18
7401.00	1.76635e-18
7402.00	2.88713e-18
7403.00	2.91904e-18
7404.00	2.35185e-18
7405.00	1.73927e-18
7406.00	1.82161e-18
7407.00	2.05631e-18
7408.00	2.06193e-18
7409.00	1.38422e-18
7410.00	1.63592e-18
7411.00	1.95881e-18
7412.00	2.13073e-18
7413.00	2.31676e-18
7414.00	2.26388e-18
7415.00	2.10116e-18
7416.00	1.93684e-18
7417.00	1.85436e-18
7418.00	2.10171e-18
7419.00	2.27621e-18
7420.00	1.90809e-18
7421.00	1.77345e-18
7422.00	1.6458e-18
7423.00	1.57899e-18
7424.00	1.78945e-18
7425.00	2.00411e-18
7426.00	1.91737e-18
7427.00	1.62906e-18
7428.00	2.32343e-18
7429.00	2.57549e-18
7430.00	2.56356e-18
7431.00	2.55139e-18
7432.00	2.94391e-18
7433.00	3.0382e-18
7434.00	2.74682e-18
7435.00	2.14723e-18
7436.00	1.493e-18
7437.00	1.15501e-18
7438.00	1.24232e-18
7439.00	1.64032e-18
7440.00	1.51568e-18
7441.00	1.57822e-18
7442.00	2.14953e-18
7443.00	1.79674e-18
7444.00	1.68957e-18
7445.00	1.63755e-18
7446.00	1.22071e-18
7447.00	1.76425e-18
7448.00	2.09621e-18
7449.00	2.01227e-18
7450.00	1.8134e-18
7451.00	1.8278e-18
7452.00	1.70617e-18
7453.00	1.47052e-18
7454.00	2.30179e-18
7455.00	1.89848e-18
7456.00	1.20364e-18
7457.00	1.3352e-18
7458.00	2.06497e-18
7459.00	1.84819e-18
7460.00	1.14657e-18
7461.00	1.54323e-18
7462.00	1.36218e-18
7463.00	1.61201e-18
7464.00	2.27322e-18
7465.00	1.82443e-18
7466.00	1.87434e-18
7467.00	2.0014e-18
7468.00	1.84668e-18
7469.00	1.45251e-18
7470.00	1.48101e-18
7471.00	1.68527e-18
7472.00	1.54718e-18
7473.00	1.89574e-18
7474.00	1.95623e-18
7475.00	1.58981e-18
7476.00	9.96387e-19
7477.00	1.22476e-18
7478.00	1.60429e-18
7479.00	1.7186e-18
7480.00	1.60943e-18
7481.00	1.4603e-18
7482.00	1.45604e-18
7483.00	1.76606e-18
7484.00	2.26007e-18
7485.00	1.73246e-18
7486.00	7.72799e-19
7487.00	1.35142e-18
7488.00	1.43271e-18
7489.00	9.60072e-19
7490.00	2.70007e-19
7491.00	1.24235e-18
7492.00	1.4302e-18
7493.00	1.26703e-18
7494.00	1.26499e-18
7495.00	1.69804e-18
7496.00	1.85502e-18
7497.00	1.99709e-18
7498.00	2.78364e-18
7499.00	3.14091e-18
7500.00	2.64512e-18
7501.00	1.70294e-18
7502.00	2.12555e-18
7503.00	2.58072e-18
7504.00	2.69207e-18
7505.00	2.32942e-18
7506.00	2.52861e-18
7507.00	2.44e-18
7508.00	2.08672e-18
7509.00	1.62673e-18
7510.00	1.34869e-18
7511.00	1.08207e-18
7512.00	1.01516e-18
7513.00	1.77888e-18
7514.00	1.80766e-18
7515.00	1.93227e-18
7516.00	2.33338e-18
7517.00	1.85484e-18
7518.00	1.82861e-18
7519.00	1.97792e-18
7520.00	1.92848e-18
7521.00	1.45959e-18
7522.00	1.38087e-18
7523.00	1.64258e-18
7524.00	1.83816e-18
7525.00	2.01264e-18
7526.00	2.20098e-18
7527.00	2.28482e-18
7528.00	1.75729e-18
7529.00	1.70762e-18
7530.00	1.58312e-18
7531.00	1.11517e-18
7532.00	1.84486e-18
7533.00	2.03395e-18
7534.00	1.70639e-18
7535.00	1.2373e-18
7536.00	2.33112e-18
7537.00	2.64959e-18
7538.00	1.98687e-18
7539.00	1.75924e-18
7540.00	1.67401e-18
7541.00	1.60815e-18
7542.00	1.52039e-18
7543.00	1.63626e-18
7544.00	1.77763e-18
7545.00	1.79114e-18
7546.00	1.56041e-18
7547.00	1.84216e-18
7548.00	1.87721e-18
7549.00	1.73223e-18
7550.00	1.95902e-18
7551.00	1.64428e-18
7552.00	1.38334e-18
7553.00	1.4241e-18
7554.00	1.77813e-18
7555.00	1.64034e-18
7556.00	1.02642e-18
7557.00	1.2448e-18
7558.00	1.2448e-18
7559.00	1.45858e-18
7560.00	1.44869e-18
7561.00	1.4388e-18
7562.00	1.42891e-18
7563.00	1.41901e-18
7564.00	1.40912e-18
7565.00	1.39923e-18
7566.00	1.39923e-18
7567.00	1.81373e-18
7568.00	1.05416e-18
7569.00	1.74664e-18
7570.00	2.08507e-18
7571.00	1.91508e-18
7572.00	1.31137e-18
7573.00	1.67121e-18
7574.00	2.25039e-18
7575.00	2.50259e-18
7576.00	1.39083e-18
7577.00	2.33992e-18
7578.00	3.07667e-18
7579.00	2.72878e-18
7580.00	2.47555e-18
7581.00	2.40947e-18
7582.00	2.41456e-18
7583.00	2.34855e-18
7584.00	2.02427e-18
7585.00	1.64905e-18
7586.00	1.50384e-18
7587.00	2.05161e-18
7588.00	1.81179e-18
7589.00	1.70744e-18
7590.00	1.96253e-18
7591.00	2.21583e-18
7592.00	2.13274e-18
7593.00	2.1572e-18
7594.00	2.54033e-18
7595.00	2.66662e-18
7596.00	2.20787e-18
7597.00	1.13982e-18
7598.00	1.10972e-18
7599.00	1.10972e-18
7600.00	2.92812e-18
7601.00	3.53394e-18
7602.00	1.43588e-18
7603.00	1.6322e-18
7604.00	2.30725e-18
7605.00	2.49635e-18
7606.00	2.35281e-18
7607.00	1.98198e-18
7608.00	1.94753e-18
7609.00	2.75531e-18
7610.00	3.03279e-18
7611.00	2.82849e-18
7612.00	2.39521e-18
7613.00	2.2971e-18
7614.00	1.61593e-18
7615.00	1.4543e-18
7616.00	2.16584e-18
7617.00	3.36771e-18
7618.00	3.42402e-18
7619.00	3.12535e-18
7620.00	3.13009e-18
7621.00	2.71214e-18
7622.00	2.61555e-18
7623.00	2.70968e-18
7624.00	2.61539e-18
7625.00	2.54787e-18
7626.00	2.4499e-18
7627.00	2.00792e-18
7628.00	2.11722e-18
7629.00	2.22652e-18
7630.00	2.22652e-18
7631.00	3.07545e-18
7632.00	2.20112e-18
7633.00	2.57807e-18
7634.00	3.14465e-18
7635.00	2.32962e-18
7636.00	2.44531e-18
7637.00	3.1362e-18
7638.00	3.83832e-18
7639.00	3.36708e-18
7640.00	3.43783e-18
7641.00	3.3552e-18
7642.00	2.98851e-18
7643.00	3.22151e-18
7644.00	2.23599e-18
7645.00	1.25968e-18
7646.00	1.47078e-18
7647.00	2.13164e-18
7648.00	2.20043e-18
7649.00	1.81923e-18
7650.00	1.61128e-18
7651.00	1.62946e-18
7652.00	1.80829e-18
7653.00	1.87967e-18
7654.00	9.54208e-19
7655.00	1.04759e-18
7656.00	1.51127e-18
7657.00	1.78698e-18
7658.00	1.37944e-18
7659.00	1.47118e-18
7660.00	1.8186e-18
7661.00	1.8941e-18
7662.00	2.11873e-18
7663.00	2.08496e-18
7664.00	2.05182e-18
7665.00	1.97517e-18
7666.00	1.89853e-18
7667.00	1.82188e-18
7668.00	1.74524e-18
7669.00	1.6686e-18
7670.00	1.6686e-18
7671.00	1.98771e-18
7672.00	1.95776e-18
7673.00	1.27227e-18
7674.00	7.291e-19
7675.00	6.83265e-19
7676.00	1.54712e-18
7677.00	1.22334e-18
7678.00	9.76473e-19
7679.00	1.22672e-18
7680.00	1.70713e-18
7681.00	1.7099e-18
7682.00	1.57003e-18
7683.00	1.59154e-18
7684.00	1.87698e-18
7685.00	1.85498e-18
7686.00	1.65581e-18
7687.00	1.60872e-18
7688.00	1.50517e-18
7689.00	1.44814e-18
7690.00	1.50806e-18
7691.00	1.80833e-18
7692.00	2.03881e-18
7693.00	2.008e-18
7694.00	1.71006e-18
7695.00	1.84213e-18
7696.00	2.10366e-18
7697.00	2.01399e-18
7698.00	1.13175e-18
7699.00	1.51369e-18
7700.00	2.07394e-18
7701.00	2.42204e-18
7702.00	2.27163e-18
7703.00	2.06512e-18
7704.00	1.94911e-18
7705.00	1.98065e-18
7706.00	2.00277e-18
7707.00	1.9115e-18
7708.00	1.72075e-18
7709.00	1.44941e-18
7710.00	9.3897e-19
7711.00	1.39285e-18
7712.00	2.07887e-18
7713.00	1.40088e-18
7714.00	1.30525e-18
7715.00	1.48851e-18
7716.00	1.53696e-18
7717.00	1.29643e-19
7718.00	6.15195e-19
7719.00	1.27618e-18
7720.00	9.63796e-19
7721.00	2.11496e-19
7722.00	7.07732e-19
7723.00	1.76484e-18
7724.00	2.21997e-18
7725.00	2.2656e-18
7726.00	1.70261e-18
7727.00	8.70634e-19
7728.00	6.1522e-19
7729.00	8.64858e-19
7730.00	1.04938e-18
7731.00	9.46177e-19
7732.00	1.09299e-18
7733.00	1.35044e-18
7734.00	1.43126e-18
7735.00	1.10233e-18
7736.00	1.02306e-18
7737.00	1.36368e-18
7738.00	1.78167e-18
7739.00	1.51795e-18
7740.00	1.82011e-18
7741.00	1.97152e-18
7742.00	1.77194e-18
7743.00	1.4441e-18
7744.00	1.50646e-18
7745.00	1.52751e-18
7746.00	1.23177e-18
7747.00	1.21682e-18
7748.00	1.75683e-18
7749.00	2.3222e-18
7750.00	2.1167e-18
7751.00	1.28146e-18
7752.00	9.94631e-19
7753.00	1.36091e-18
7754.00	1.54342e-18
7755.00	1.71588e-18
7756.00	1.7611e-18
7757.00	1.6427e-18
7758.00	1.55815e-18
7759.00	1.46394e-18
7760.00	1.29342e-18
7761.00	1.0096e-18
7762.00	1.56845e-18
7763.00	1.53695e-18
7764.00	1.06357e-18
7765.00	1.15584e-18
7766.00	1.60146e-18
7767.00	1.76293e-18
7768.00	1.52872e-18
7769.00	1.80192e-18
7770.00	1.81918e-18
7771.00	1.74623e-18
7772.00	1.78092e-18
7773.00	2.24753e-18
7774.00	2.24199e-18
7775.00	1.9055e-18
7776.00	1.70454e-18
7777.00	1.99673e-18
7778.00	2.05813e-18
7779.00	1.67476e-18
7780.00	8.9451e-19
7781.00	1.15486e-18
7782.00	1.70531e-18
7783.00	2.01972e-18
7784.00	2.18633e-18
7785.00	2.00543e-18
7786.00	1.77523e-18
7787.00	1.87318e-18
7788.00	1.37374e-18
7789.00	1.36972e-18
7790.00	1.84889e-18
7791.00	2.22785e-18
7792.00	1.29655e-18
7793.00	9.87964e-19
7794.00	1.80267e-18
7795.00	1.22506e-18
7796.00	9.20285e-19
7797.00	1.26696e-18
7798.00	2.36093e-18
7799.00	1.72167e-18
7800.00	1.48056e-18
7801.00	1.6678e-18
7802.00	1.58152e-18
7803.00	1.4542e-18
7804.00	1.43153e-18
7805.00	1.53156e-18
7806.00	1.62172e-18
7807.00	1.32577e-18
7808.00	1.13205e-18
7809.00	1.35338e-18
7810.00	1.51627e-18
7811.00	8.58525e-19
7812.00	2.47157e-19
7813.00	1.01735e-18
7814.00	1.09243e-18
7815.00	1.0422e-18
7816.00	9.59101e-19
7817.00	6.20118e-19
7818.00	1.54131e-18
7819.00	1.57535e-18
7820.00	9.60609e-20
7821.00	5.43934e-19
7822.00	1.46297e-18
7823.00	2.38849e-18
7824.00	2.88639e-18
7825.00	1.8258e-18
7826.00	1.21213e-18
7827.00	1.3679e-18
7828.00	1.97373e-18
7829.00	2.57279e-18
7830.00	2.16348e-18
7831.00	8.3084e-19
7832.00	7.63595e-19
7833.00	1.14842e-18
7834.00	1.4013e-18
7835.00	1.09636e-18
7836.00	7.46233e-19
7837.00	1.12951e-18
7838.00	1.88183e-18
7839.00	2.22486e-18
7840.00	2.53238e-18
7841.00	2.65852e-18
7842.00	2.53541e-18
7843.00	2.01226e-18
7844.00	2.08973e-18
7845.00	2.08467e-18
7846.00	1.62446e-18
7847.00	1.18989e-18
7848.00	1.13768e-18
7849.00	1.3726e-18
7850.00	1.71348e-18
7851.00	2.00316e-18
7852.00	2.01635e-18
7853.00	2.02178e-18
7854.00	2.89302e-18
7855.00	2.75019e-18
7856.00	2.32475e-18
7857.00	1.83358e-18
7858.00	5.58626e-19
7859.00	7.05486e-19
7860.00	1.53852e-18
7861.00	2.1578e-18
7862.00	1.76917e-18
7863.00	1.34414e-18
7864.00	1.22322e-18
7865.00	1.63342e-18
7866.00	2.39267e-18
7867.00	2.5712e-18
7868.00	2.03716e-18
7869.00	1.68783e-18
7870.00	1.20193e-18
7871.00	9.71343e-19
7872.00	1.19591e-18
7873.00	1.13108e-18
7874.00	1.35156e-18
7875.00	1.44526e-18
7876.00	7.85691e-19
7877.00	7.08869e-19
7878.00	1.43977e-18
7879.00	2.20317e-18
7880.00	6.87152e-19
7881.00	2.05915e-19
7882.00	2.40097e-19
7883.00	5.49092e-19
7884.00	9.80585e-19
7885.00	1.95974e-18
7886.00	2.83113e-18
7887.00	2.86305e-18
7888.00	1.58226e-18
7889.00	1.39406e-18
7890.00	1.97105e-18
7891.00	1.51601e-18
7892.00	1.4599e-18
7893.00	1.64129e-18
7894.00	1.87941e-18
7895.00	1.47778e-18
7896.00	2.09582e-18
7897.00	3.02043e-18
7898.00	3.5261e-18
7899.00	2.85195e-18
7900.00	2.46639e-18
7901.00	2.59658e-18
7902.00	3.21498e-18
7903.00	3.28763e-18
7904.00	2.77908e-18
7905.00	1.99804e-18
7906.00	1.87248e-18
7907.00	2.10559e-18
7908.00	2.03601e-18
7909.00	1.40902e-18
7910.00	1.31508e-18
7911.00	1.59018e-18
7912.00	1.85947e-18
7913.00	1.68974e-18
7914.00	3.24569e-19
7915.00	1.08832e-18
7916.00	3.09387e-18
7917.00	2.45981e-18
7918.00	1.94997e-18
7919.00	2.05866e-18
7920.00	2.73656e-18
7921.00	2.2158e-18
7922.00	1.7861e-18
7923.00	1.76509e-18
7924.00	2.23844e-18
7925.00	1.3901e-18
7926.00	8.60667e-19
7927.00	1.13181e-18
7928.00	2.59706e-18
7929.00	2.20829e-18
7930.00	1.65725e-18
7931.00	1.5359e-18
7932.00	1.87905e-18
7933.00	1.67332e-18
7934.00	1.53227e-18
7935.00	1.7865e-18
7936.00	1.59103e-18
7937.00	1.21009e-18
7938.00	1.16561e-18
7939.00	2.06586e-18
7940.00	2.54044e-18
7941.00	2.64488e-18
7942.00	2.37434e-18
7943.00	1.67854e-18
7944.00	1.63142e-18
7945.00	1.82421e-18
7946.00	2.06298e-18
7947.00	2.48543e-18
7948.00	2.58739e-18
7949.00	2.2287e-18
7950.00	1.41339e-18
7951.00	1.7691e-18
7952.00	2.18752e-18
7953.00	2.28756e-18
7954.00	1.73851e-18
7955.00	1.86312e-18
7956.00	1.83066e-18
7957.00	1.46725e-18
7958.00	1.28285e-18
7959.00	1.39564e-18
7960.00	1.65221e-18
7961.00	1.88705e-18
7962.00	1.81533e-18
7963.00	1.7727e-18
7964.00	1.97155e-18
7965.00	2.65885e-18
7966.00	2.05731e-18
7967.00	1.72525e-18
7968.00	1.97556e-18
7969.00	2.40164e-18
7970.00	1.84634e-18
7971.00	1.22726e-18
7972.00	1.06272e-18
7973.00	9.1031e-19
7974.00	1.34233e-18
7975.00	1.90907e-18
7976.00	2.01755e-18
7977.00	7.22115e-19
7978.00	6.3483e-20
7979.00	3.32026e-19
7980.00	1.07286e-18
7981.00	1.46017e-18
7982.00	1.7058e-18
7983.00	1.84501e-18
7984.00	1.75092e-18
7985.00	1.61284e-18
7986.00	1.6438e-18
7987.00	1.97884e-18
7988.00	2.16693e-18
7989.00	1.95727e-18
7990.00	1.7115e-18
7991.00	2.08275e-18
7992.00	2.88226e-18
7993.00	2.75028e-18
7994.00	1.67902e-18
7995.00	1.1827e-18
7996.00	1.55356e-18
7997.00	2.34584e-18
7998.00	2.98246e-18
7999.00	1.81872e-18
8000.00	9.5724e-19
8001.00	9.23318e-19
8002.00	1.99628e-18
8003.00	2.61036e-18
8004.00	2.35058e-18
8005.00	1.79123e-18
8006.00	2.80784e-18
8007.00	2.59444e-18
8008.00	1.98332e-18
8009.00	1.49038e-18
8010.00	1.72297e-18
8011.00	1.63205e-18
8012.00	1.46122e-18
8013.00	1.46602e-18
8014.00	6.30471e-19
8015.00	7.28421e-19
8016.00	1.4259e-18
8017.00	1.44327e-18
8018.00	1.45549e-18
8019.00	1.56446e-18
8020.00	1.81524e-18
8021.00	2.18036e-18
8022.00	2.05269e-18
8023.00	1.96667e-18
8024.00	2.2443e-18
8025.00	1.9889e-18
8026.00	1.72058e-18
8027.00	1.45499e-18
8028.00	1.10525e-18
8029.00	1.46705e-18
8030.00	1.95604e-18
8031.00	2.31729e-18
8032.00	2.43824e-18
8033.00	2.04341e-18
8034.00	1.49789e-18
8035.00	1.16599e-18
8036.00	1.78546e-18
8037.00	2.05268e-18
8038.00	1.87483e-18
8039.00	1.35745e-18
8040.00	2.07742e-18
8041.00	2.4436e-18
8042.00	2.26552e-18
8043.00	1.89731e-18
8044.00	1.69992e-18
8045.00	1.67978e-18
8046.00	1.76122e-18
8047.00	1.63904e-18
8048.00	9.63226e-19
8049.00	4.81068e-19
8050.00	7.08308e-19
8051.00	-5.01286e-20
8052.00	2.77959e-19
8053.00	9.98991e-19
8054.00	4.37442e-19
8055.00	1.48254e-18
8056.00	1.95463e-18
8057.00	1.44345e-18
8058.00	7.29956e-19
8059.00	1.98144e-18
8060.00	2.66506e-18
8061.00	1.44242e-18
8062.00	8.39771e-19
8063.00	9.51394e-19
8064.00	1.71709e-18
8065.00	2.94321e-18
8066.00	1.54358e-18
8067.00	1.19598e-18
8068.00	2.0149e-18
8069.00	1.98111e-18
8070.00	1.88942e-18
8071.00	1.78154e-18
8072.00	1.68553e-18
8073.00	1.44839e-18
8074.00	1.6675e-18
8075.00	1.77589e-18
8076.00	1.29277e-18
8077.00	1.56269e-18
8078.00	1.97328e-18
8079.00	2.30784e-18
8080.00	2.411e-18
8081.00	2.07344e-18
8082.00	1.85283e-18
8083.00	1.87664e-18
8084.00	1.74949e-18
8085.00	1.73956e-18
8086.00	2.0834e-18
8087.00	2.79116e-18
8088.00	2.62196e-18
8089.00	2.45945e-18
8090.00	2.18744e-18
8091.00	1.49255e-18
8092.00	1.47117e-18
8093.00	1.99082e-18
8094.00	2.5565e-18
8095.00	1.9438e-18
8096.00	1.50219e-18
8097.00	1.72218e-18
8098.00	2.53345e-18
8099.00	1.79796e-18
8100.00	1.7574e-18
8101.00	1.71925e-18
8102.00	8.11296e-19
8103.00	6.69334e-20
8104.00	-1.38292e-19
8105.00	2.48876e-20
8106.00	8.14509e-22
8107.00	-8.59783e-22
8108.00	0E-21
8109.00	0E-21
8110.00	0E-21
8111.00	0E-21
8112.00	0E-21
8113.00	0E-21
8114.00	0E-21
8115.00	0E-21
8116.00	0E-21
8117.00	0E-21
8118.00	0E-21
8119.00	0E-21
8120.00	0E-21
8121.00	0E-21
8122.00	-2.76508e-24
8123.00	-2.41769e-22
8124.00	-4.96724e-23
8125.00	1.08078e-20
8126.00	-5.1686e-20
8127.00	-4.13499e-21
8128.00	3.79209e-19
8129.00	1.32377e-18
8130.00	2.0062e-18
8131.00	2.21631e-18
8132.00	1.97874e-18
8133.00	1.91821e-18
8134.00	1.85618e-18
8135.00	1.75639e-18
8136.00	1.76263e-18
8137.00	1.6554e-18
8138.00	1.4678e-18
8139.00	1.28062e-18
8140.00	1.53693e-18
8141.00	1.92e-18
8142.00	2.17098e-18
8143.00	1.9675e-18
8144.00	1.60829e-18
8145.00	1.4174e-18
8146.00	1.48651e-18
8147.00	1.64265e-18
8148.00	1.66675e-18
8149.00	1.60398e-18
8150.00	1.53999e-18
8151.00	1.83511e-18
8152.00	2.10626e-18
8153.00	2.1758e-18
8154.00	1.88922e-18
8155.00	1.88234e-18
8156.00	1.76078e-18
8157.00	1.55722e-18
8158.00	1.60226e-18
8159.00	1.79174e-18
8160.00	1.7302e-18
8161.00	1.26829e-18
8162.00	7.9892e-19
8163.00	6.04593e-19
8164.00	7.83339e-19
8165.00	1.37485e-18
8166.00	2.05657e-18
8167.00	2.00818e-18
8168.00	1.45449e-18
8169.00	1.19364e-18
8170.00	9.4085e-19
8171.00	7.9368e-19
8172.00	8.56164e-19
8173.00	1.44544e-18
8174.00	1.41855e-18
8175.00	1.44283e-18
8176.00	1.97041e-18
8177.00	1.90418e-18
8178.00	1.73976e-18
8179.00	1.67688e-18
8180.00	1.91593e-18
8181.00	1.49369e-18
8182.00	1.20484e-18
8183.00	1.29265e-18
8184.00	1.71835e-18
8185.00	2.13841e-18
8186.00	2.19358e-18
8187.00	1.86704e-18
8188.00	2.48437e-18
8189.00	2.84506e-18
8190.00	2.76182e-18
8191.00	2.19157e-18
8192.00	1.88739e-18
8193.00	2.001e-18
8194.00	2.3923e-18
8195.00	2.68886e-18
8196.00	2.65534e-18
8197.00	2.27117e-18
8198.00	1.63761e-18
8199.00	1.11642e-18
8200.00	1.43164e-18
8201.00	1.83877e-18
8202.00	1.70129e-18
8203.00	2.0227e-18
8204.00	1.97035e-18
8205.00	1.67919e-18
8206.00	1.591e-18
8207.00	1.77445e-18
8208.00	2.18961e-18
8209.00	2.51335e-18
8210.00	1.73003e-18
8211.00	1.69296e-18
8212.00	1.62568e-18
8213.00	1.15948e-18
8214.00	1.57728e-18
8215.00	2.17398e-18
8216.00	2.42985e-18
8217.00	1.82189e-18
8218.00	1.63381e-18
8219.00	2.24835e-18
8220.00	3.06935e-18
8221.00	2.33297e-18
8222.00	1.32346e-18
8223.00	1.54696e-18
8224.00	3.22018e-18
8225.00	3.24761e-18
8226.00	2.06857e-18
8227.00	9.54493e-19
8228.00	1.11259e-18
8229.00	1.61121e-18
8230.00	1.7582e-18
8231.00	1.68005e-18
8232.00	1.94557e-18
8233.00	2.3844e-18
8234.00	2.46067e-18
8235.00	2.1437e-18
8236.00	2.19376e-18
8237.00	2.20968e-18
8238.00	2.13555e-18
8239.00	1.95659e-18
8240.00	1.84097e-18
8241.00	1.98694e-18
8242.00	2.2417e-18
8243.00	2.3429e-18
8244.00	2.54755e-18
8245.00	2.5449e-18
8246.00	2.32742e-18
8247.00	2.12415e-18
8248.00	1.99673e-18
8249.00	1.96949e-18
8250.00	2.07008e-18
8251.00	2.3608e-18
8252.00	2.66433e-18
8253.00	2.86359e-18
8254.00	2.82985e-18
8255.00	1.87317e-18
8256.00	1.40464e-18
8257.00	1.61312e-18
8258.00	2.20081e-18
8259.00	2.43825e-18
8260.00	2.21279e-18
8261.00	1.68101e-18
8262.00	1.75346e-18
8263.00	2.20861e-18
8264.00	2.60318e-18
8265.00	2.56516e-18
8266.00	2.25746e-18
8267.00	2.18264e-18
8268.00	2.33674e-18
8269.00	2.56247e-18
8270.00	2.51955e-18
8271.00	2.50567e-18
8272.00	2.62857e-18
8273.00	2.94864e-18
8274.00	2.89403e-18
8275.00	2.37702e-18
8276.00	1.47453e-18
8277.00	9.18992e-19
8278.00	1.19748e-18
8279.00	2.15506e-18
8280.00	3.49536e-18
8281.00	4.81385e-18
8282.00	5.65641e-18
8283.00	5.83446e-18
8284.00	5.21787e-18
8285.00	4.85762e-18
8286.00	4.1351e-18
8287.00	2.97861e-18
8288.00	2.34516e-18
8289.00	2.22297e-18
8290.00	1.88951e-18
8291.00	7.73899e-19
8292.00	8.12216e-19
8293.00	1.11258e-18
8294.00	1.38684e-18
8295.00	1.40164e-18
8296.00	1.64314e-18
8297.00	2.45854e-18
8298.00	3.50194e-18
8299.00	3.14757e-18
8300.00	2.12048e-18
8301.00	1.65397e-18
8302.00	2.46038e-18
8303.00	2.61418e-18
8304.00	2.49752e-18
8305.00	2.3531e-18
8306.00	2.46912e-18
8307.00	2.60615e-18
8308.00	2.85362e-18
8309.00	2.96473e-18
8310.00	2.13849e-18
8311.00	2.31479e-18
8312.00	2.47092e-18
8313.00	2.0606e-18
8314.00	1.17411e-18
8315.00	1.4635e-18
8316.00	2.17294e-18
8317.00	2.29888e-18
8318.00	1.48573e-18
8319.00	8.48925e-19
8320.00	7.59719e-19
8321.00	1.46789e-18
8322.00	1.55382e-18
8323.00	1.34858e-18
8324.00	1.11551e-18
8325.00	1.48114e-18
8326.00	1.67732e-18
8327.00	1.70156e-18
8328.00	1.59276e-18
8329.00	1.55312e-18
8330.00	1.23002e-18
8331.00	9.77024e-19
8332.00	1.43821e-18
8333.00	1.28813e-18
8334.00	1.27558e-18
8335.00	1.53963e-18
8336.00	1.85429e-18
8337.00	1.61659e-18
8338.00	1.28358e-18
8339.00	1.25896e-18
8340.00	2.18299e-18
8341.00	2.45058e-18
8342.00	2.19073e-18
8343.00	1.80141e-18
8344.00	1.77339e-18
8345.00	1.53085e-18
8346.00	1.36572e-18
8347.00	2.32276e-18
8348.00	2.95129e-18
8349.00	3.14953e-18
8350.00	2.84516e-18
8351.00	2.18207e-18
8352.00	1.64932e-18
8353.00	1.47376e-18
8354.00	1.79714e-18
8355.00	2.13689e-18
8356.00	2.60457e-18
8357.00	2.87089e-18
8358.00	2.33976e-18
8359.00	2.09448e-18
8360.00	1.88719e-18
8361.00	1.6126e-18
8362.00	1.1129e-18
8363.00	6.44342e-19
8364.00	6.56199e-19
8365.00	1.41216e-18
8366.00	2.47584e-18
8367.00	2.94398e-18
8368.00	2.77553e-18
8369.00	2.11855e-18
8370.00	2.47177e-18
8371.00	2.4685e-18
8372.00	1.98322e-18
8373.00	1.63225e-18
8374.00	1.92746e-18
8375.00	2.19353e-18
8376.00	2.04791e-18
8377.00	1.48695e-18
8378.00	1.56974e-18
8379.00	2.13325e-18
8380.00	2.84656e-18
8381.00	2.74351e-18
8382.00	2.31043e-18
8383.00	1.84858e-18
8384.00	1.74462e-18
8385.00	1.46087e-18
8386.00	1.30706e-18
8387.00	1.37058e-18
8388.00	1.50661e-18
8389.00	1.75012e-18
8390.00	1.82098e-18
8391.00	1.55871e-18
8392.00	1.59238e-18
8393.00	1.971e-18
8394.00	2.11252e-18
8395.00	1.10319e-18
8396.00	1.40407e-18
8397.00	2.33126e-18
8398.00	3.03669e-18
8399.00	1.49018e-18
8400.00	1.43309e-18
8401.00	2.25748e-18
8402.00	3.28569e-18
8403.00	2.66961e-18
8404.00	2.12008e-18
8405.00	1.84397e-18
8406.00	1.85964e-18
8407.00	1.78749e-18
8408.00	1.7078e-18
8409.00	1.71067e-18
8410.00	1.97733e-18
8411.00	2.25099e-18
8412.00	2.34898e-18
8413.00	2.10205e-18
8414.00	1.12278e-18
8415.00	1.11712e-18
8416.00	1.71505e-18
8417.00	2.39702e-18
8418.00	2.26263e-18
8419.00	1.78838e-18
8420.00	1.3417e-18
8421.00	1.35131e-18
8422.00	1.98376e-18
8423.00	2.47041e-18
8424.00	2.51031e-18
8425.00	2.20373e-18
8426.00	1.58429e-18
8427.00	1.1224e-18
8428.00	1.18909e-18
8429.00	2.06162e-18
8430.00	1.92075e-18
8431.00	1.19555e-18
8432.00	7.67002e-19
8433.00	1.6819e-18
8434.00	1.85454e-18
8435.00	1.2582e-18
8436.00	1.29538e-18
8437.00	1.94187e-18
8438.00	2.32743e-18
8439.00	2.09684e-18
8440.00	2.04163e-18
8441.00	1.8444e-18
8442.00	1.66056e-18
8443.00	1.65724e-18
8444.00	1.72501e-18
8445.00	1.59492e-18
8446.00	1.44042e-18
8447.00	1.75063e-18
8448.00	1.46771e-18
8449.00	1.62528e-18
8450.00	2.30298e-18
8451.00	2.32846e-18
8452.00	1.72889e-18
8453.00	1.21397e-18
8454.00	1.28124e-18
8455.00	1.14609e-18
8456.00	1.14087e-18
8457.00	1.1555e-18
8458.00	9.6956e-19
8459.00	1.06776e-18
8460.00	1.46845e-18
8461.00	1.91874e-18
8462.00	1.61476e-18
8463.00	1.99113e-18
8464.00	2.54489e-18
8465.00	2.94064e-18
8466.00	3.12566e-18
8467.00	2.49427e-18
8468.00	1.71934e-18
8469.00	1.60945e-18
8470.00	1.76512e-18
8471.00	1.59025e-18
8472.00	1.33374e-18
8473.00	1.93403e-18
8474.00	2.10204e-18
8475.00	2.28036e-18
8476.00	2.61755e-18
8477.00	3.07086e-18
8478.00	3.15683e-18
8479.00	2.9241e-18
8480.00	2.49095e-18
8481.00	2.40959e-18
8482.00	2.09149e-18
8483.00	1.66312e-18
8484.00	1.48444e-18
8485.00	1.48712e-18
8486.00	1.41833e-18
8487.00	1.24561e-18
8488.00	1.14891e-18
8489.00	1.41784e-18
8490.00	1.67281e-18
8491.00	1.69127e-18
8492.00	1.90271e-18
8493.00	1.49178e-18
8494.00	1.15363e-18
8495.00	1.84709e-18
8496.00	2.21696e-18
8497.00	2.2542e-18
8498.00	1.85493e-18
8499.00	7.05155e-19
8500.00	8.5912e-19
8501.00	1.33344e-18
8502.00	1.5757e-18
8503.00	1.3074e-18
8504.00	1.49471e-18
8505.00	1.70529e-18
8506.00	1.49452e-18
8507.00	1.60937e-18
8508.00	1.93691e-18
8509.00	2.2606e-18
8510.00	2.2287e-18
8511.00	2.00782e-18
8512.00	1.71472e-18
8513.00	1.46403e-18
8514.00	1.44822e-18
8515.00	1.23612e-18
8516.00	9.47566e-19
8517.00	7.4138e-19
8518.00	1.05464e-18
8519.00	1.46537e-18
8520.00	1.82581e-18
8521.00	2.02962e-18
8522.00	1.92184e-18
8523.00	1.62148e-18
8524.00	1.35814e-18
8525.00	1.62969e-18
8526.00	1.80621e-18
8527.00	1.77525e-18
8528.00	1.53668e-18
8529.00	1.56861e-18
8530.00	1.39677e-18
8531.00	1.32568e-18
8532.00	1.69899e-18
8533.00	1.84686e-18
8534.00	1.64046e-18
8535.00	1.30877e-18
8536.00	1.41896e-18
8537.00	1.491e-18
8538.00	1.30232e-18
8539.00	8.54704e-19
8540.00	6.13098e-19
8541.00	6.78551e-19
8542.00	8.88097e-19
8543.00	1.0806e-18
8544.00	1.1972e-18
8545.00	1.12447e-18
8546.00	9.9573e-19
8547.00	1.03689e-18
8548.00	1.44202e-18
8549.00	1.48416e-18
8550.00	1.28549e-18
8551.00	2.10808e-18
8552.00	2.13591e-18
8553.00	1.91506e-18
8554.00	1.88133e-18
8555.00	2.54147e-18
8556.00	2.48561e-18
8557.00	2.12018e-18
8558.00	2.14189e-18
8559.00	2.62984e-18
8560.00	2.6752e-18
8561.00	2.18227e-18
8562.00	1.44218e-18
8563.00	1.4241e-18
8564.00	1.70768e-18
8565.00	2.03132e-18
8566.00	2.18763e-18
8567.00	2.03708e-18
8568.00	1.73721e-18
8569.00	1.45245e-18
8570.00	1.13783e-18
8571.00	9.66469e-19
8572.00	9.7308e-19
8573.00	1.17373e-18
8574.00	1.11233e-18
8575.00	1.03391e-18
8576.00	1.12517e-18
8577.00	1.74077e-18
8578.00	2.08672e-18
8579.00	2.26492e-18
8580.00	2.31328e-18
8581.00	1.85656e-18
8582.00	1.48458e-18
8583.00	1.33251e-18
8584.00	1.45782e-18
8585.00	1.27184e-18
8586.00	1.49021e-18
8587.00	1.96173e-18
8588.00	1.75507e-18
8589.00	1.54364e-18
8590.00	1.53357e-18
8591.00	1.80946e-18
8592.00	2.08168e-18
8593.00	2.25662e-18
8594.00	2.14538e-18
8595.00	1.61927e-18
8596.00	1.79386e-18
8597.00	1.73639e-18
8598.00	1.49457e-18
8599.00	1.61337e-18
8600.00	1.24515e-18
8601.00	1.04398e-18
8602.00	1.16979e-18
8603.00	1.13704e-18
8604.00	1.26482e-18
8605.00	1.43511e-18
8606.00	1.51702e-18
8607.00	1.32621e-18
8608.00	9.55776e-19
8609.00	7.66649e-19
8610.00	1.28089e-18
8611.00	1.50276e-18
8612.00	1.18423e-18
8613.00	5.78385e-19
8614.00	7.57383e-19
8615.00	7.82686e-19
8616.00	9.06611e-19
8617.00	1.24628e-18
8618.00	1.62197e-18
8619.00	1.62412e-18
8620.00	1.58073e-18
8621.00	1.91347e-18
8622.00	1.76997e-18
8623.00	1.9184e-18
8624.00	2.36462e-18
8625.00	2.81762e-18
8626.00	2.13502e-18
8627.00	1.4503e-18
8628.00	1.28404e-18
8629.00	1.30938e-18
8630.00	1.92432e-18
8631.00	2.62712e-18
8632.00	2.932e-18
8633.00	2.89237e-18
8634.00	3.18548e-18
8635.00	3.32298e-18
8636.00	2.2148e-18
8637.00	1.38972e-18
8638.00	9.38758e-19
8639.00	9.36797e-19
8640.00	1.31465e-18
8641.00	1.75651e-18
8642.00	1.8286e-18
8643.00	1.37814e-18
8644.00	1.5461e-18
8645.00	2.28363e-18
8646.00	2.98091e-18
8647.00	2.85266e-18
8648.00	2.49266e-18
8649.00	2.316e-18
8650.00	2.08978e-18
8651.00	7.16278e-19
8652.00	3.83052e-19
8653.00	7.11518e-19
8654.00	1.34409e-18
8655.00	1.41966e-18
8656.00	1.27359e-18
8657.00	9.47889e-19
8658.00	5.12487e-19
8659.00	6.83276e-19
8660.00	1.17854e-18
8661.00	1.84678e-18
8662.00	2.58441e-18
8663.00	2.68087e-18
8664.00	2.3274e-18
8665.00	1.68316e-18
8666.00	9.3288e-19
8667.00	1.10014e-18
8668.00	1.70914e-18
8669.00	2.21614e-18
8670.00	1.59934e-18
8671.00	1.13939e-18
8672.00	8.16132e-19
8673.00	2.81158e-19
8674.00	2.06379e-19
8675.00	7.54006e-19
8676.00	1.65109e-18
8677.00	2.04576e-18
8678.00	1.91115e-18
8679.00	1.34778e-18
8680.00	5.73988e-19
8681.00	3.5744e-19
8682.00	2.85905e-19
8683.00	3.73381e-19
8684.00	6.75549e-19
8685.00	1.22552e-18
8686.00	1.90488e-18
8687.00	2.33001e-18
8688.00	1.70996e-18
8689.00	1.42986e-18
8690.00	1.48602e-18
8691.00	1.83059e-18
8692.00	2.03308e-18
8693.00	2.29679e-18
8694.00	2.36016e-18
8695.00	2.00789e-18
8696.00	1.53556e-18
8697.00	1.10029e-18
8698.00	8.82706e-19
8699.00	1.10151e-18
8700.00	1.5466e-18
8701.00	1.5502e-18
8702.00	1.13706e-18
8703.00	1.247e-18
8704.00	1.38595e-18
8705.00	1.40378e-18
8706.00	1.27581e-18
8707.00	1.59169e-18
8708.00	1.94643e-18
8709.00	2.10221e-18
8710.00	1.83302e-18
8711.00	1.58002e-18
8712.00	1.43734e-18
8713.00	1.36388e-18
8714.00	1.12512e-18
8715.00	1.12907e-18
8716.00	1.30514e-18
8717.00	1.54708e-18
8718.00	1.53828e-18
8719.00	1.28574e-18
8720.00	1.13688e-18
8721.00	1.40685e-18
8722.00	1.6159e-18
8723.00	1.42357e-18
8724.00	1.08968e-18
8725.00	1.27562e-18
8726.00	1.13278e-18
8727.00	9.4498e-19
8728.00	9.12797e-19
8729.00	1.40727e-18
8730.00	1.79933e-18
8731.00	1.94416e-18
8732.00	1.77559e-18
8733.00	1.64419e-18
8734.00	1.35313e-18
8735.00	9.78043e-19
8736.00	6.4242e-19
8737.00	1.17467e-18
8738.00	1.73179e-18
8739.00	1.87005e-18
8740.00	1.04898e-18
8741.00	1.09693e-18
8742.00	1.53259e-18
8743.00	1.93364e-18
8744.00	1.47587e-18
8745.00	1.27221e-18
8746.00	1.29264e-18
8747.00	1.3869e-18
8748.00	1.76424e-18
8749.00	1.68739e-18
8750.00	1.33644e-18
8751.00	1.53397e-18
8752.00	1.13151e-18
8753.00	8.7649e-19
8754.00	1.04524e-18
8755.00	1.46074e-18
8756.00	1.4795e-18
8757.00	1.34483e-18
8758.00	1.29407e-18
8759.00	1.21168e-18
8760.00	1.2467e-18
8761.00	1.4576e-18
8762.00	1.89935e-18
8763.00	2.50815e-18
8764.00	1.50339e-18
8765.00	-3.85522e-19
8766.00	1.13194e-18
8767.00	2.19823e-18
8768.00	1.82897e-18
8769.00	-1.1504e-19
8770.00	3.28348e-20
8771.00	7.1425e-19
8772.00	1.56322e-18
8773.00	2.30646e-18
8774.00	1.84733e-18
8775.00	1.27093e-18
8776.00	1.00239e-18
8777.00	1.40018e-18
8778.00	9.32672e-19
8779.00	4.88195e-19
8780.00	3.021e-19
8781.00	-7.51943e-19
8782.00	-7.14519e-19
8783.00	1.80428e-19
8784.00	1.40437e-18
8785.00	6.46893e-19
8786.00	3.59571e-20
8787.00	1.33639e-19
8788.00	1.24992e-18
8789.00	1.19511e-18
8790.00	7.69015e-19
8791.00	5.60701e-19
8792.00	1.79998e-18
8793.00	1.55438e-18
8794.00	9.67767e-19
8795.00	9.69349e-19
8796.00	1.63121e-18
8797.00	1.4504e-18
8798.00	9.79095e-19
8799.00	1.28604e-18
8800.00	1.23652e-18
8801.00	9.5604e-19
8802.00	6.37007e-19
8803.00	7.37162e-19
8804.00	8.80286e-19
8805.00	1.01459e-18
8806.00	1.06336e-18
8807.00	8.42042e-19
8808.00	7.73865e-19
8809.00	7.21117e-19
8810.00	5.01725e-19
8811.00	2.78877e-19
8812.00	1.30961e-19
8813.00	1.57805e-19
8814.00	4.98968e-19
8815.00	1.06676e-18
8816.00	1.48978e-18
8817.00	1.52013e-18
8818.00	9.12657e-19
8819.00	5.84604e-19
8820.00	4.49544e-19
8821.00	3.3359e-19
8822.00	-4.97935e-19
8823.00	-9.80019e-19
8824.00	-5.87469e-19
8825.00	1.2188e-18
8826.00	2.3589e-18
8827.00	2.6242e-18
8828.00	2.30659e-18
8829.00	2.74529e-18
8830.00	2.58568e-18
8831.00	1.92086e-18
8832.00	1.04514e-18
8833.00	1.46475e-18
8834.00	1.31893e-18
8835.00	1.15369e-18
8836.00	1.83591e-18
8837.00	2.2308e-18
8838.00	2.51629e-18
8839.00	2.41694e-18
8840.00	1.12888e-18
8841.00	8.80931e-19
8842.00	1.21452e-18
8843.00	1.78483e-18
8844.00	1.85108e-18
8845.00	1.96784e-18
8846.00	2.09394e-18
8847.00	2.17944e-18
8848.00	2.5043e-18
8849.00	2.40488e-18
8850.00	1.94689e-18
8851.00	1.46468e-18
8852.00	1.00909e-18
8853.00	7.99776e-19
8854.00	9.10425e-19
8855.00	1.28983e-18
8856.00	1.52751e-18
8857.00	1.66795e-18
8858.00	1.72593e-18
8859.00	1.54929e-18
8860.00	1.2715e-18
8861.00	1.23446e-18
8862.00	1.85385e-18
8863.00	1.30584e-18
8864.00	5.9463e-19
8865.00	3.02293e-21
8866.00	-6.52182e-19
8867.00	1.50384e-19
8868.00	1.22716e-18
8869.00	1.82959e-18
8870.00	1.71117e-18
8871.00	1.48284e-18
8872.00	1.529e-18
8873.00	2.15946e-18
8874.00	2.96012e-18
8875.00	2.65325e-18
8876.00	1.6566e-18
8877.00	1.35217e-18
8878.00	1.38569e-18
8879.00	1.2549e-18
8880.00	7.85323e-19
8881.00	2.65416e-20
8882.00	1.18527e-18
8883.00	2.75746e-18
8884.00	3.28933e-18
8885.00	1.53596e-18
8886.00	1.05946e-18
8887.00	1.53659e-18
8888.00	1.59655e-18
8889.00	7.21736e-19
8890.00	3.68058e-19
8891.00	7.28687e-19
8892.00	9.54477e-19
8893.00	6.33766e-19
8894.00	2.86231e-19
8895.00	3.16428e-19
8896.00	1.10525e-18
8897.00	1.62589e-18
8898.00	1.59171e-18
8899.00	8.34232e-19
8900.00	-2.5903e-19
8901.00	-6.17021e-19
8902.00	-1.64555e-19
8903.00	6.56419e-19
8904.00	1.08894e-18
8905.00	9.86772e-19
8906.00	5.03833e-19
8907.00	6.93349e-19
8908.00	1.1884e-18
8909.00	1.34103e-18
8910.00	6.9357e-19
8911.00	7.09674e-19
8912.00	9.70043e-19
8913.00	1.21479e-18
8914.00	1.11173e-18
8915.00	1.08316e-18
8916.00	9.15863e-19
8917.00	6.20594e-19
8918.00	3.81911e-19
8919.00	7.27956e-19
8920.00	8.18044e-19
8921.00	3.60444e-19
8922.00	1.81024e-18
8923.00	2.30826e-18
8924.00	2.10403e-18
8925.00	1.99997e-18
8926.00	1.42897e-18
8927.00	1.18704e-18
8928.00	1.33181e-18
8929.00	1.45008e-18
8930.00	1.32649e-18
8931.00	1.1637e-18
8932.00	1.08772e-18
8933.00	1.08335e-18
8934.00	1.67355e-18
8935.00	2.11638e-18
8936.00	1.69001e-18
8937.00	1.68236e-18
8938.00	1.3091e-18
8939.00	7.61995e-19
8940.00	6.06507e-19
8941.00	1.34749e-18
8942.00	2.13172e-18
8943.00	2.49692e-18
8944.00	2.2012e-18
8945.00	1.8397e-18
8946.00	1.37349e-18
8947.00	8.05653e-19
8948.00	4.20806e-19
8949.00	4.37596e-19
8950.00	7.88418e-19
8951.00	1.33399e-18
8952.00	1.20545e-18
8953.00	8.68458e-19
8954.00	7.82676e-19
8955.00	1.89999e-18
8956.00	2.33376e-18
8957.00	1.68959e-18
8958.00	1.3973e-18
8959.00	1.10502e-18
8960.00	8.12735e-19
8961.00	5.2045e-19
8962.00	5.2045e-19
8963.00	1.17758e-18
8964.00	1.38513e-18
8965.00	1.30296e-18
8966.00	1.25666e-18
8967.00	1.55442e-18
8968.00	1.71244e-18
8969.00	1.4637e-18
8970.00	5.8237e-19
8971.00	4.52617e-19
8972.00	8.30724e-19
8973.00	1.33737e-18
8974.00	9.60017e-19
8975.00	6.79354e-19
8976.00	7.09177e-19
8977.00	1.14931e-18
8978.00	6.99002e-19
8979.00	-1.02118e-19
8980.00	-7.50786e-19
8981.00	-3.03862e-19
8982.00	3.61728e-19
8983.00	9.96447e-19
8984.00	1.31861e-18
8985.00	7.83422e-19
8986.00	4.06174e-20
8987.00	-2.5547e-20
8988.00	-9.17113e-20
8989.00	-1.57876e-19
8990.00	-2.2404e-19
8991.00	-2.90204e-19
8992.00	-2.90204e-19
8993.00	5.32932e-19
8994.00	1.21157e-18
8995.00	1.37561e-18
8996.00	8.88915e-19
8997.00	3.66354e-19
8998.00	8.75895e-20
8999.00	3.56416e-19
9000.00	2.78062e-18
9001.00	2.35755e-18
9002.00	1.44659e-19
9003.00	-3.40732e-20
9004.00	4.43295e-19
9005.00	1.28093e-18
9006.00	1.96752e-18
9007.00	1.41487e-18
9008.00	1.0794e-18
9009.00	1.06612e-18
9010.00	1.32344e-18
9011.00	8.45632e-19
9012.00	8.24673e-19
9013.00	1.09661e-18
9014.00	1.18998e-18
9015.00	1.42017e-18
9016.00	1.40594e-18
9017.00	1.18199e-18
9018.00	1.10802e-18
9019.00	1.4409e-18
9020.00	1.79409e-18
9021.00	1.7929e-18
9022.00	6.53529e-19
9023.00	8.90588e-20
9024.00	3.60042e-19
9025.00	1.47334e-18
9026.00	1.57241e-18
9027.00	1.21465e-18
9028.00	8.18344e-19
9029.00	1.05905e-18
9030.00	8.054e-19
9031.00	9.37812e-19
9032.00	1.60802e-18
9033.00	1.97753e-18
9034.00	1.68826e-18
9035.00	1.51454e-18
9036.00	1.99757e-18
9037.00	1.59603e-18
9038.00	9.15169e-19
9039.00	3.5631e-19
9040.00	3.81834e-19
9041.00	7.19476e-19
9042.00	1.01286e-18
9043.00	1.19752e-18
9044.00	1.52652e-18
9045.00	2.1088e-18
9046.00	2.22533e-18
9047.00	1.58802e-18
9048.00	1.46397e-18
9049.00	1.88942e-18
9050.00	2.01932e-18
9051.00	8.63921e-19
9052.00	4.46522e-19
9053.00	1.00047e-18
9054.00	1.87802e-18
9055.00	1.36127e-18
9056.00	7.27846e-19
9057.00	4.39899e-19
9058.00	6.8065e-19
9059.00	9.50795e-19
9060.00	8.41066e-19
9061.00	5.52271e-19
9062.00	3.67881e-19
9063.00	1.05128e-18
9064.00	1.72872e-18
9065.00	2.0477e-18
9066.00	1.68281e-18
9067.00	1.79793e-18
9068.00	1.742e-18
9069.00	1.41659e-18
9070.00	1.24402e-18
9071.00	1.24314e-18
9072.00	1.4152e-18
9073.00	1.69029e-18
9074.00	1.55651e-18
9075.00	1.53837e-18
9076.00	1.50077e-18
9077.00	1.16355e-18
9078.00	1.54697e-18
9079.00	1.57668e-18
9080.00	1.20729e-18
9081.00	1.14496e-18
9082.00	1.24501e-18
9083.00	1.07554e-18
9084.00	5.91326e-19
9085.00	8.88188e-19
9086.00	1.41534e-18
9087.00	2.06498e-18
9088.00	2.7056e-18
9089.00	2.25306e-18
9090.00	9.92589e-19
9091.00	-1.49183e-19
9092.00	6.1018e-19
9093.00	3.48274e-19
9094.00	5.56066e-19
9095.00	1.44185e-18
9096.00	1.69473e-18
9097.00	9.61535e-19
9098.00	2.66769e-19
9099.00	4.70558e-19
9100.00	1.37845e-18
9101.00	1.45683e-18
9102.00	7.47583e-19
9103.00	-2.91394e-19
9104.00	-2.94356e-19
9105.00	1.64472e-19
9106.00	6.89602e-19
9107.00	5.89608e-19
9108.00	1.23455e-18
9109.00	2.08634e-18
9110.00	2.5895e-18
9111.00	1.4828e-18
9112.00	8.39337e-19
9113.00	8.58097e-19
9114.00	1.45466e-18
9115.00	1.58144e-18
9116.00	1.48258e-18
9117.00	1.15074e-18
9118.00	3.88755e-19
9119.00	3.02791e-19
9120.00	3.96596e-19
9121.00	4.5244e-19
9122.00	5.17337e-19
9123.00	5.61384e-19
9124.00	7.95123e-19
9125.00	1.39259e-18
9126.00	2.21706e-18
9127.00	2.14604e-18
9128.00	1.62329e-18
9129.00	1.81242e-18
9130.00	1.61838e-18
9131.00	1.33335e-18
9132.00	1.04922e-18
9133.00	7.57738e-19
9134.00	5.59204e-19
9135.00	7.17899e-19
9136.00	1.31292e-18
9137.00	1.58215e-18
9138.00	1.44743e-18
9139.00	1.34088e-18
9140.00	1.84178e-18
9141.00	1.88314e-18
9142.00	1.74895e-18
9143.00	1.69186e-18
9144.00	2.24015e-18
9145.00	2.30119e-18
9146.00	1.90187e-18
9147.00	1.26638e-18
9148.00	1.49394e-18
9149.00	2.04676e-18
9150.00	2.33064e-18
9151.00	1.83695e-18
9152.00	1.60932e-18
9153.00	1.86639e-18
9154.00	2.47214e-18
9155.00	3.12623e-18
9156.00	2.87512e-18
9157.00	1.68642e-18
9158.00	2.51618e-19
9159.00	1.22206e-18
9160.00	1.8199e-18
9161.00	1.83491e-18
9162.00	1.22041e-18
9163.00	4.90599e-19
9164.00	4.42196e-19
9165.00	8.12926e-19
9166.00	1.00584e-18
9167.00	1.22769e-18
9168.00	1.47216e-18
9169.00	1.51152e-18
9170.00	7.02635e-19
9171.00	-1.65628e-19
9172.00	-2.75834e-19
9173.00	6.8432e-19
9174.00	1.41929e-18
9175.00	1.58031e-18
9176.00	1.59011e-18
9177.00	1.9623e-18
9178.00	1.64853e-18
9179.00	1.1937e-18
9180.00	9.36155e-19
9181.00	1.3278e-18
9182.00	1.65779e-18
9183.00	2.08843e-18
9184.00	2.45578e-18
9185.00	1.84794e-18
9186.00	1.64714e-18
9187.00	1.48662e-18
9188.00	9.84498e-19
9189.00	1.37398e-19
9190.00	3.70709e-19
9191.00	1.1842e-18
9192.00	1.35441e-18
9193.00	5.54395e-19
9194.00	-1.16718e-19
9195.00	-2.13851e-19
9196.00	2.81712e-19
9197.00	5.98775e-19
9198.00	6.08585e-19
9199.00	2.65924e-19
9200.00	-1.516e-19
9201.00	-1.98677e-19
9202.00	1.31272e-19
9203.00	7.47505e-19
9204.00	6.84757e-19
9205.00	6.09125e-19
9206.00	6.17377e-19
9207.00	4.59325e-19
9208.00	6.23518e-19
9209.00	9.88899e-19
9210.00	1.35343e-18
9211.00	1.09749e-18
9212.00	5.01164e-19
9213.00	6.51403e-20
9214.00	2.11415e-19
9215.00	-5.22766e-20
9216.00	-3.35801e-19
9217.00	-1.7348e-19
9218.00	1.27207e-18
9219.00	1.448e-18
9220.00	1.61668e-18
9221.00	2.06487e-18
9222.00	2.21993e-18
9223.00	1.66987e-18
9224.00	1.0683e-18
9225.00	8.89901e-19
9226.00	5.74122e-19
9227.00	2.30385e-19
9228.00	1.22716e-19
9229.00	6.0637e-19
9230.00	9.58748e-19
9231.00	9.80738e-19
9232.00	8.632e-19
9233.00	1.40525e-18
9234.00	1.63987e-18
9235.00	1.39775e-18
9236.00	7.71924e-19
9237.00	9.78023e-19
9238.00	8.93473e-19
9239.00	7.46769e-19
9240.00	8.67133e-19
9241.00	1.60396e-19
9242.00	1.62167e-19
9243.00	7.58202e-19
9244.00	8.97774e-19
9245.00	1.46424e-18
9246.00	1.68215e-18
9247.00	1.40755e-18
9248.00	1.53221e-18
9249.00	1.34404e-18
9250.00	9.44522e-19
9251.00	5.21844e-19
9252.00	8.60288e-19
9253.00	8.91015e-19
9254.00	7.698e-19
9255.00	1.06493e-18
9256.00	1.0158e-18
9257.00	9.179e-19
9258.00	7.87175e-19
9259.00	3.97802e-19
9260.00	-5.9081e-20
9261.00	-4.25656e-19
9262.00	-5.78693e-19
9263.00	-4.68179e-19
9264.00	-3.34611e-19
9265.00	-3.37319e-19
9266.00	-6.102e-19
9267.00	-1.30025e-20
9268.00	6.7736e-19
9269.00	1.04827e-18
9270.00	6.20807e-19
9271.00	1.97747e-19
9272.00	1.99756e-19
9273.00	7.21973e-19
9274.00	1.01344e-18
9275.00	1.07161e-18
9276.00	1.11468e-18
9277.00	1.34783e-18
9278.00	1.61364e-18
9279.00	1.38752e-18
9280.00	1.09495e-18
9281.00	1.78035e-18
9282.00	1.2924e-18
9283.00	6.86713e-19
9284.00	5.44503e-19
9285.00	1.58351e-18
9286.00	1.92604e-18
9287.00	1.76091e-18
9288.00	1.39081e-18
9289.00	1.85873e-18
9290.00	2.09497e-18
9291.00	2.03619e-18
9292.00	1.81007e-18
9293.00	1.48537e-18
9294.00	1.44408e-18
9295.00	1.56596e-18
9296.00	1.24002e-18
9297.00	5.88289e-19
9298.00	-1.95392e-19
9299.00	-8.44221e-19
9300.00	-6.42457e-19
9301.00	-4.77791e-19
9302.00	-8.5869e-19
9303.00	-8.33184e-19
9304.00	-8.07678e-19
9305.00	-7.82172e-19
9306.00	-7.56666e-19
9307.00	-7.56666e-19
9308.00	-2.01466e-19
9309.00	-1.79067e-20
9310.00	-3.2837e-19
9311.00	-6.71307e-19
9312.00	-1.90058e-19
9313.00	2.91192e-19
9314.00	2.91192e-19
9315.00	2.08059e-18
9316.00	2.22259e-18
9317.00	7.06368e-19
9318.00	1.49269e-18
9319.00	1.49269e-18
9320.00	4.31617e-18
9321.00	4.35927e-18
9322.00	3.63095e-18
9323.00	1.36155e-18
9324.00	-5.56872e-20
9325.00	5.60447e-19
9326.00	3.07683e-19
9327.00	-5.38339e-19
9328.00	-6.55502e-19
9329.00	1.42254e-18
9330.00	1.58217e-18
9331.00	2.0805e-18
9332.00	2.9285e-18
9333.00	3.02732e-18
9334.00	2.03852e-18
9335.00	1.95977e-18
9336.00	3.31409e-18
9337.00	3.79288e-18
9338.00	3.17944e-18
9339.00	2.78567e-18
9340.00	3.69305e-18
9341.00	3.49791e-18
9342.00	2.22425e-18
9343.00	9.9072e-19
9344.00	1.7895e-18
9345.00	2.26904e-18
9346.00	2.44597e-18
9347.00	2.10267e-18
9348.00	5.59689e-19
9349.00	9.79799e-19
9350.00	2.46722e-18
9351.00	4.02629e-18
9352.00	3.81224e-18
9353.00	2.46602e-18
9354.00	1.37207e-18
9355.00	2.22537e-18
9356.00	1.02391e-18
9357.00	9.06992e-19
9358.00	2.17199e-18
9359.00	3.6253e-18
9360.00	2.33173e-18
9361.00	8.31366e-19
9362.00	4.70138e-19
9363.00	4.34607e-19
9364.00	1.24629e-18
9365.00	1.91056e-18
9366.00	1.46653e-18
9367.00	2.11276e-18
9368.00	2.70593e-18
9369.00	3.04704e-18
9370.00	3.27836e-18
9371.00	2.62398e-18
9372.00	2.02637e-18
9373.00	2.28357e-18
9374.00	2.18012e-18
9375.00	2.07668e-18
9376.00	1.97323e-18
9377.00	1.86979e-18
9378.00	1.86979e-18
9379.00	5.00569e-19
9380.00	5.00618e-19
9381.00	5.00667e-19
9382.00	5.00715e-19
9383.00	5.00715e-19
9384.00	7.9398e-19
9385.00	8.63625e-19
9386.00	-3.02438e-19
9387.00	-9.10834e-19
9388.00	4.20298e-20
9389.00	1.57169e-18
9390.00	1.94795e-18
9391.00	1.68169e-18
9392.00	1.62351e-18
9393.00	1.81132e-18
9394.00	2.25223e-18
9395.00	2.8576e-18
9396.00	3.60287e-18
9397.00	2.94766e-18
9398.00	1.77476e-18
9399.00	8.18422e-19
9400.00	1.31351e-18
9401.00	1.98176e-18
9402.00	2.67498e-18
9403.00	3.26624e-18
9404.00	3.27368e-18
9405.00	2.88271e-18
9406.00	2.4756e-18
9407.00	2.6589e-18
9408.00	2.03728e-18
9409.00	1.83961e-18
9410.00	2.1794e-18
9411.00	1.9021e-18
9412.00	2.2526e-18
9413.00	2.54975e-18
9414.00	2.30868e-18
9415.00	1.88211e-18
9416.00	1.7985e-18
9417.00	1.7149e-18
9418.00	1.6313e-18
9419.00	1.54769e-18
9420.00	1.46409e-18
9421.00	1.46409e-18
9422.00	3.62228e-19
9423.00	1.00903e-18
9424.00	1.84218e-18
9425.00	1.89998e-18
9426.00	5.8203e-19
9427.00	-3.31168e-19
9428.00	-7.22555e-19
9429.00	-6.43527e-19
9430.00	-3.4578e-19
9431.00	-2.81526e-19
9432.00	-2.99626e-19
9433.00	1.2622e-19
9434.00	3.61171e-19
9435.00	1.71816e-19
9436.00	4.31296e-21
9437.00	2.35505e-18
9438.00	7.93377e-19
9439.00	-8.14138e-19
9440.00	5.40308e-19
9441.00	2.48534e-18
9442.00	3.56732e-18
9443.00	3.72889e-18
9444.00	3.34183e-18
9445.00	2.08152e-18
9446.00	8.40385e-19
9447.00	1.55827e-19
9448.00	6.21697e-19
9449.00	8.74549e-19
9450.00	4.86231e-19
9451.00	-4.50538e-19
9452.00	2.17284e-19
9453.00	1.39633e-18
9454.00	2.13502e-18
9455.00	1.52454e-18
9456.00	6.13009e-19
9457.00	-1.65071e-19
9458.00	-2.13484e-19
9459.00	1.41708e-18
9460.00	3.39057e-18
9461.00	3.85356e-18
9462.00	2.35716e-18
9463.00	1.01003e-18
9464.00	9.64904e-19
9465.00	1.67562e-18
9466.00	2.5355e-18
9467.00	3.55156e-18
9468.00	2.18688e-18
9469.00	1.3964e-18
9470.00	6.0592e-19
9471.00	-1.84561e-19
9472.00	-1.84561e-19
9473.00	-5.27511e-19
9474.00	-1.03084e-18
9475.00	2.12223e-19
9476.00	1.2598e-18
9477.00	9.25744e-19
9478.00	5.05085e-19
9479.00	1.21041e-18
9480.00	1.68681e-18
9481.00	9.68589e-20
9482.00	7.34208e-19
9483.00	1.51626e-18
9484.00	1.67425e-18
9485.00	5.68162e-19
9486.00	9.94844e-20
9487.00	-1.00391e-19
9488.00	-1.22362e-19
9489.00	2.61383e-19
9490.00	8.10481e-19
9491.00	1.13517e-18
9492.00	8.70714e-19
9493.00	-2.00588e-20
9494.00	-5.89224e-19
9495.00	-9.64666e-19
9496.00	-9.72543e-19
9497.00	-9.8042e-19
9498.00	-9.8042e-19
9499.00	5.47334e-19
9500.00	-1.92433e-19
9501.00	-6.19082e-19
9502.00	-8.05149e-19
9503.00	-7.81161e-19
9504.00	-1.32227e-19
9505.00	6.04125e-19
9506.00	1.15104e-18
9507.00	1.26558e-18
9508.00	5.64749e-19
9509.00	-5.42077e-19
9510.00	-6.5934e-19
9511.00	-6.5934e-19
9512.00	-6.69326e-19
9513.00	-4.7279e-19
9514.00	-2.76254e-19
9515.00	-7.97174e-20
9516.00	-7.97174e-20
9517.00	5.41058e-19
9518.00	-2.8826e-19
9519.00	-1.11758e-18
9520.00	-1.11758e-18
9521.00	-1.9807e-19
9522.00	-1.16593e-18
9523.00	-1.0935e-18
9524.00	-1.02107e-18
9525.00	-1.02107e-18
9526.00	7.63568e-19
9527.00	2.19282e-18
9528.00	2.57982e-18
9529.00	1.48947e-18
9530.00	-2.7634e-19
9531.00	1.4957e-19
9532.00	1.80063e-18
9533.00	2.35388e-18
9534.00	1.95357e-18
9535.00	1.5911e-18
9536.00	1.66544e-18
9537.00	2.30724e-18
9538.00	1.6798e-18
9539.00	1.61159e-18
9540.00	2.82976e-18
