3815.25	-2.56938e-18
3817.86	1.39069e-19
3820.47	-1.68095e-18
3823.08	-2.558e-18
3825.69	-3.75081e-19
3828.30	6.89631e-19
3830.91	-9.68779e-20
3833.52	4.29234e-20
3836.13	-1.61424e-18
3838.74	3.99965e-18
3841.35	-7.74192e-19
3843.96	-1.71067e-18
3846.57	-1.53275e-18
3849.18	5.17472e-19
3851.79	2.44809e-19
3854.40	-1.23275e-19
3857.01	-8.03121e-19
3859.62	7.09059e-19
3862.23	1.07032e-18
3864.84	1.02073e-18
3867.45	3.25389e-19
3870.06	2.24173e-18
3872.67	-2.41704e-19
3875.28	-1.92124e-18
3877.89	-7.87972e-20
3880.50	1.3312e-19
3883.11	1.03282e-18
3885.72	8.82605e-19
3888.33	1.04173e-18
3890.94	-2.27461e-19
3893.55	-3.6213e-19
3896.16	7.64942e-19
3898.77	7.88658e-19
3901.38	-1.03964e-19
3903.99	-2.15166e-18
3906.60	-2.16222e-18
3909.21	1.98485e-18
3911.82	-1.76986e-18
3914.43	-7.92163e-19
3917.04	2.57779e-18
3919.65	2.80457e-18
3922.26	-2.92054e-19
3924.87	-1.54715e-18
3927.48	1.34557e-18
3930.09	1.03069e-18
3932.70	-5.75131e-19
3935.31	-6.14281e-19
3937.92	-1.91762e-19
3940.53	-2.02284e-19
3943.14	-7.46337e-19
3945.75	-6.86685e-19
3948.36	2.01183e-18
3950.97	2.4561e-18
3953.58	-3.19855e-19
3956.19	-6.25069e-19
3958.80	-3.21171e-20
3961.41	-4.22206e-20
3964.02	-7.88654e-19
3966.63	7.58784e-19
3969.24	1.39022e-18
3971.85	-3.54263e-19
3974.46	-1.11484e-18
3977.07	9.23265e-19
3979.68	2.46558e-19
3982.29	2.16045e-19
3984.90	3.84448e-19
3987.51	-3.40857e-19
3990.12	9.20519e-19
3992.73	-1.18804e-18
3995.34	7.94122e-19
3997.95	-1.99053e-20
4000.56	-4.04699e-19
4003.17	-8.62966e-19
4005.78	8.63884e-19
4008.39	6.29086e-19
4011.00	-5.12029e-19
4013.61	-7.62995e-19
4016.22	5.71968e-19
4018.83	3.14465e-19
4021.44	-1.24878e-18
4024.05	-2.12708e-18
4026.66	-1.99575e-18
4029.27	-2.99534e-19
4031.88	-1.11811e-19
4034.49	-2.85094e-19
4037.10	-4.79251e-19
4039.71	1.36761e-18
4042.32	5.89341e-20
4044.93	-1.89513e-19
4047.54	-6.23227e-19
4050.15	-3.23013e-19
4052.76	-2.39693e-19
4055.37	5.1779e-19
4057.98	5.70125e-19
4060.59	4.19779e-19
4063.20	-1.4201e-18
4065.81	-6.84743e-19
4068.42	1.15411e-18
4071.03	1.69733e-19
4073.64	9.20576e-19
4076.25	-8.92916e-19
4078.86	-8.92591e-19
4081.47	1.13319e-18
4084.08	-5.16993e-19
4086.69	-2.80742e-19
4089.30	-1.09025e-19
4091.91	-1.45419e-19
4094.52	-5.91266e-19
4097.13	4.42949e-19
4099.74	5.5609e-19
4102.35	5.97424e-19
4104.96	9.10125e-19
4107.57	7.22496e-19
4110.18	-8.92992e-19
4112.79	4.23247e-19
4115.40	-6.66489e-19
4118.01	1.8917e-19
4120.62	-2.24096e-19
4123.23	-2.74118e-19
4125.84	-7.33594e-20
4128.45	9.64482e-19
4131.06	6.39608e-19
4133.67	-5.39365e-19
4136.28	-7.99563e-19
4138.89	1.34142e-18
4141.50	-6.62776e-20
4144.11	-1.62249e-18
4146.72	8.85411e-20
4149.33	4.01759e-19
4151.94	1.35914e-19
4154.55	-1.15552e-18
4157.16	-6.83698e-19
4159.77	9.64016e-19
4162.38	-6.67709e-19
4164.99	-1.38952e-19
4167.60	6.51934e-19
4170.21	6.03467e-19
4172.82	5.74489e-19
4175.43	6.13564e-19
4178.04	-3.49205e-19
4180.65	-1.28447e-18
4183.26	-1.72099e-18
4185.87	-4.00694e-19
4188.48	-1.67021e-18
4191.09	2.28141e-19
4193.70	2.37871e-19
4196.31	1.14013e-18
4198.92	2.45111e-19
4201.53	-2.0038e-19
4204.14	2.44772e-20
4206.75	-9.82963e-19
4209.36	-7.09783e-19
4211.97	-7.09353e-20
4214.58	7.67821e-19
4217.19	-3.2281e-19
4219.80	1.30257e-19
4222.41	-6.31048e-19
4225.02	9.21783e-19
4227.63	2.13835e-19
4230.24	-1.84601e-19
4232.85	-1.17544e-18
4235.46	2.25833e-19
4238.07	-1.17025e-19
4240.68	6.95967e-19
4243.29	1.77778e-18
4245.90	6.63865e-20
4248.51	-6.04222e-19
4251.12	-1.26419e-18
4253.73	-9.19419e-20
4256.34	3.57487e-19
4258.95	-1.74052e-18
4261.56	-4.7687e-19
4264.17	3.65923e-19
4266.78	7.59818e-19
4269.39	3.3148e-19
4272.00	1.12417e-18
4274.61	1.90772e-19
4277.22	2.25718e-20
4279.83	3.78881e-20
4282.44	1.07086e-18
4285.05	2.60517e-19
4287.66	-7.16353e-19
4290.27	-2.16774e-19
4292.88	4.88813e-19
4295.49	2.93774e-20
4298.10	7.88653e-20
4300.71	-4.64845e-20
4303.32	5.22491e-20
4305.93	2.94485e-19
4308.54	2.36857e-19
4311.15	2.44619e-19
4313.76	2.66642e-19
4316.37	3.21232e-19
4318.98	-3.11726e-19
4321.59	-7.74829e-20
4324.20	-1.92524e-19
4326.81	-9.37067e-20
4329.42	3.40718e-19
4332.03	1.61939e-19
4334.64	9.09296e-19
4337.25	6.37651e-19
4339.86	1.5849e-19
4342.47	6.34997e-19
4345.08	3.936e-20
4347.69	1.13291e-19
4350.30	4.98921e-19
4352.91	4.31706e-19
4355.52	-7.65056e-19
4358.13	-5.70784e-19
4360.74	-3.37888e-19
4363.35	1.09551e-18
4365.96	-2.47927e-19
4368.57	4.8942e-19
4371.18	4.91394e-19
4373.79	2.14473e-19
4376.40	-3.00215e-19
4379.01	-4.48936e-19
4381.62	1.82859e-19
4384.23	2.28146e-19
4386.84	9.86553e-20
4389.45	-9.06258e-19
4392.06	-1.42013e-19
4394.67	-1.12417e-19
4397.28	-8.17994e-19
4399.89	-1.39626e-18
4402.50	-2.12461e-19
4405.11	-6.20373e-19
4407.72	-1.45355e-19
4410.33	1.12121e-18
4412.94	3.63131e-19
4415.55	6.53298e-19
4418.16	2.42356e-19
4420.77	6.49388e-19
4423.38	9.50423e-20
4425.99	-6.38474e-20
4428.60	4.21519e-19
4431.21	6.27246e-19
4433.82	5.2518e-19
4436.43	-3.81907e-20
4439.04	7.54486e-19
4441.65	6.49191e-19
4444.26	-1.23855e-18
4446.87	8.86009e-20
4449.48	1.00272e-18
4452.09	9.40229e-19
4454.70	-2.21254e-19
4457.31	-2.2185e-19
4459.92	-7.29909e-19
4462.53	-5.25971e-19
4465.14	1.67341e-19
4467.75	3.3009e-19
4470.36	-4.2152e-19
4472.97	-1.34619e-19
4475.58	6.24111e-19
4478.19	-1.26965e-20
4480.80	-5.76017e-19
4483.41	1.29172e-19
4486.02	1.90697e-19
4488.63	-5.48969e-19
4491.24	-5.6028e-20
4493.85	6.45957e-19
4496.46	-1.1449e-20
4499.07	1.32296e-19
4501.68	1.35238e-18
4504.29	1.06413e-18
4506.90	8.91737e-19
4509.51	8.47664e-19
4512.12	-4.13942e-19
4514.73	-4.83935e-19
4517.34	2.52672e-19
4519.95	-1.42987e-20
4522.56	2.75023e-19
4525.17	1.19528e-18
4527.78	-6.85784e-19
4530.39	-4.86829e-19
4533.00	6.076e-19
4535.61	1.03466e-18
4538.22	2.19186e-19
4540.83	-2.95596e-19
4543.44	2.6484e-19
4546.05	5.15315e-19
4548.66	4.88715e-19
4551.27	2.47177e-19
4553.88	-1.65592e-19
4556.49	-2.53861e-19
4559.10	-5.01054e-19
4561.71	1.8176e-19
4564.32	4.68597e-19
4566.93	2.73739e-19
4569.54	5.46816e-19
4572.15	-9.07048e-19
4574.76	-4.47335e-19
4577.37	1.24863e-19
4579.98	5.57447e-20
4582.59	5.75632e-19
4585.20	1.78479e-18
4587.81	6.67106e-19
4590.42	-5.80836e-19
4593.03	-7.60756e-19
4595.64	6.10606e-19
4598.25	9.98813e-19
4600.86	9.353e-19
4603.47	8.09983e-19
4606.08	4.91148e-19
4608.69	1.58038e-19
4611.30	4.21778e-19
4613.91	5.5513e-19
4616.52	3.94781e-19
4619.13	8.67773e-19
4621.74	4.07427e-19
4624.35	-2.19808e-19
4626.96	8.00085e-19
4629.57	5.72593e-19
4632.18	5.74745e-19
4634.79	4.2205e-19
4637.40	5.2814e-19
4640.01	2.7668e-19
4642.62	5.79382e-19
4645.23	7.3931e-19
4647.84	1.83667e-19
4650.45	2.5854e-19
4653.06	6.74778e-19
4655.67	8.46875e-19
4658.28	2.9542e-19
4660.89	7.61267e-19
4663.50	5.996e-19
4666.11	1.12749e-19
4668.72	8.6997e-20
4671.33	3.14134e-19
4673.94	4.1661e-19
4676.55	3.81858e-20
4679.16	-3.39415e-20
4681.77	1.29087e-20
4684.38	3.375e-19
4686.99	6.58346e-19
4689.60	9.32154e-19
4692.21	4.94363e-19
4694.82	4.91238e-19
4697.43	1.4376e-19
4700.04	-1.74603e-19
4702.65	5.13247e-20
4705.26	7.55504e-19
4707.87	8.76432e-19
4710.48	4.27661e-19
4713.09	3.38559e-19
4715.70	6.1501e-19
4718.31	7.33695e-19
4720.92	2.99891e-19
4723.53	3.95671e-19
4726.14	5.66086e-19
4728.75	3.5543e-19
4731.36	1.0575e-18
4733.97	9.11675e-19
4736.58	6.78307e-19
4739.19	1.02036e-18
4741.80	3.49923e-19
4744.41	2.33819e-19
4747.02	1.44111e-18
4749.63	1.24629e-18
4752.24	4.12945e-19
4754.85	7.35456e-19
4757.46	3.00347e-19
4760.07	1.31985e-19
4762.68	7.31299e-19
4765.29	7.48774e-19
4767.90	8.52553e-19
4770.51	1.19383e-18
4773.12	1.53905e-18
4775.73	1.35705e-18
4778.34	8.28585e-19
4780.95	4.92627e-19
4783.56	8.4912e-19
4786.17	1.58964e-18
4788.78	1.49933e-18
4791.39	4.66583e-19
4794.00	7.6012e-20
4796.61	4.96526e-19
4799.22	1.00947e-18
4801.83	1.34169e-18
4804.44	1.46189e-18
4807.05	1.36401e-18
4809.66	1.40972e-18
4812.27	1.38828e-18
4814.88	9.75862e-19
4817.49	4.40296e-19
4820.10	5.24737e-19
4822.71	9.66477e-19
4825.32	2.2697e-18
4827.93	2.28974e-18
4830.54	4.3616e-19
4833.15	1.3686e-18
4835.76	2.09543e-18
4838.37	8.42074e-20
4840.98	-2.36683e-19
4843.59	7.10889e-19
4846.20	8.64532e-19
4848.81	1.03244e-18
4851.42	9.5099e-19
4854.03	1.58277e-19
4856.64	5.4216e-19
4859.25	1.23582e-18
4861.86	1.13195e-18
4864.47	1.21724e-18
4867.08	6.58509e-19
4869.69	5.71297e-19
4872.30	9.33976e-19
4874.91	6.21102e-19
4877.52	3.83497e-19
4880.13	4.38365e-19
4882.74	6.76465e-19
4885.35	5.75475e-19
4887.96	9.83076e-20
4890.57	4.89668e-19
4893.18	8.22671e-19
4895.79	4.34636e-19
4898.40	3.94179e-20
4901.01	5.30596e-19
4903.62	8.48834e-19
4906.23	4.41749e-19
4908.84	1.30098e-18
4911.45	1.0694e-18
4914.06	-2.81901e-19
4916.67	-2.51242e-19
4919.28	-1.47839e-19
4921.89	4.6416e-20
4924.50	9.99442e-19
4927.11	5.4314e-19
4929.72	-3.69498e-19
4932.33	-1.29701e-21
4934.94	4.86014e-19
4937.55	2.55337e-19
4940.16	1.22006e-20
4942.77	1.24556e-19
4945.38	6.8809e-20
4947.99	4.73656e-20
4950.60	-2.28108e-19
4953.21	-8.004e-20
4955.82	-2.43579e-19
4958.43	6.12743e-20
4961.04	1.13037e-18
4963.65	7.11315e-19
4966.26	-1.23852e-19
4968.87	-6.01174e-20
4971.48	2.76122e-19
4974.09	8.50607e-19
4976.70	7.29865e-19
4979.31	1.19366e-19
4981.92	2.51491e-19
4984.53	1.04525e-18
4987.14	6.48953e-19
4989.75	3.69637e-19
4992.36	4.60584e-19
4994.97	5.97363e-19
4997.58	3.16278e-19
5000.19	2.81983e-19
5002.80	8.0168e-19
5005.41	4.56586e-19
5008.02	1.11218e-18
5010.63	1.17869e-18
5013.24	8.62061e-19
5015.85	1.23035e-18
5018.46	4.80161e-19
5021.07	3.62838e-19
5023.68	9.24963e-19
5026.29	3.94169e-19
5028.90	8.27152e-19
5031.51	1.38508e-18
5034.12	6.72662e-19
5036.73	-8.28535e-20
5039.34	2.12031e-19
5041.95	1.0455e-18
5044.56	1.48468e-18
5047.17	1.76263e-18
5049.78	9.07915e-19
5052.39	6.06895e-19
5055.00	6.12616e-19
5057.61	2.95844e-19
5060.22	9.4691e-19
5062.83	8.66923e-19
5065.44	4.59509e-19
5068.05	7.35706e-19
5070.66	9.25077e-19
5073.27	9.95951e-19
5075.88	2.26287e-19
5078.49	1.04893e-18
5081.10	1.2203e-18
5083.71	2.55706e-19
5086.32	1.06175e-18
5088.93	1.19391e-18
5091.54	9.64076e-19
5094.15	1.12605e-18
5096.76	8.39545e-19
5099.37	9.53358e-19
5101.98	1.23622e-18
5104.59	6.8915e-19
5107.20	5.72003e-19
5109.81	9.12216e-19
5112.42	4.02153e-19
5115.03	1.503e-19
5117.64	5.84825e-19
5120.25	5.6911e-19
5122.86	1.21782e-18
5125.47	1.40394e-18
5128.08	1.06696e-18
5130.69	6.21709e-19
5133.30	1.50317e-19
5135.91	3.52298e-19
5138.52	8.74465e-19
5141.13	8.30492e-19
5143.74	6.13587e-19
5146.35	5.59531e-19
5148.96	1.30354e-18
5151.57	7.5436e-19
5154.18	1.42123e-19
5156.79	1.94101e-19
5159.40	7.08131e-19
5162.01	1.16065e-18
5164.62	9.34062e-19
5167.23	1.07916e-18
5169.84	6.95874e-19
5172.45	7.23499e-19
5175.06	3.41692e-19
5177.67	3.40027e-19
5180.28	2.74911e-19
5182.89	8.15908e-19
5185.50	7.93332e-19
5188.11	6.1838e-19
5190.72	1.00064e-18
5193.33	1.10057e-18
5195.94	5.41933e-19
5198.55	3.90279e-19
5201.16	7.247e-19
5203.77	9.44134e-19
5206.38	1.01011e-18
5208.99	7.01754e-19
5211.60	4.63464e-19
5214.21	1.13906e-18
5216.82	1.07288e-18
5219.43	1.05342e-18
5222.04	1.03413e-18
5224.65	6.34669e-19
5227.26	8.01718e-19
5229.87	5.40725e-19
5232.48	5.20197e-19
5235.09	6.81496e-19
5237.70	2.62447e-19
5240.31	4.0937e-19
5242.92	5.01884e-19
5245.53	1.86704e-19
5248.14	5.72198e-19
5250.75	2.83189e-19
5253.36	-3.43263e-19
5255.97	2.38276e-19
5258.58	4.08034e-19
5261.19	5.11124e-19
5263.80	5.73951e-19
5266.41	1.29181e-18
5269.02	1.29897e-18
5271.63	4.1264e-19
5274.24	-6.75532e-20
5276.85	4.49233e-19
5279.46	8.99007e-19
5282.07	1.04717e-18
5284.68	1.14656e-18
5287.29	9.57e-19
5289.90	8.47363e-19
5292.51	7.4434e-19
5295.12	8.55074e-19
5297.73	8.08002e-19
5300.34	1.44811e-18
5302.95	1.48991e-18
5305.56	8.05321e-19
5308.17	3.61883e-19
5310.78	1.16112e-18
5313.39	1.21604e-18
5316.00	1.29854e-18
5318.61	9.4872e-19
5321.22	1.20413e-18
5323.83	1.41951e-18
5326.44	1.25557e-18
5329.05	1.26714e-18
5331.66	6.7898e-19
5334.27	8.44956e-19
5336.88	1.02668e-18
5339.49	1.42659e-18
5342.10	1.73885e-18
5344.71	1.03239e-18
5347.32	6.06502e-19
5349.93	7.83341e-19
5352.54	1.29771e-18
5355.15	1.67897e-18
5357.76	9.56884e-19
5360.37	4.82615e-19
5362.98	1.23952e-18
5365.59	1.27011e-18
5368.20	1.22978e-18
5370.81	8.79043e-19
5373.42	8.30992e-19
5376.03	1.74617e-18
5378.64	8.82231e-19
5381.25	4.87907e-19
5383.86	5.00594e-19
5386.47	8.6809e-19
5389.08	1.44462e-18
5391.69	5.72516e-19
5394.30	6.7199e-19
5396.91	1.05698e-18
5399.52	5.3497e-19
5402.13	5.86412e-19
5404.74	1.30391e-18
5407.35	9.29834e-19
5409.96	1.17515e-18
5412.57	6.91901e-19
5415.18	3.46621e-19
5417.79	5.10197e-19
5420.40	1.22811e-18
5423.01	1.56398e-18
5425.62	1.05803e-18
5428.23	1.14462e-18
5430.84	1.51574e-18
5433.45	1.03466e-18
5436.06	8.36066e-19
5438.67	6.38825e-19
5441.28	1.03202e-18
5443.89	1.13347e-18
5446.50	3.00482e-19
5449.11	1.10146e-18
5451.72	1.12238e-18
5454.33	1.15381e-18
5456.94	5.64692e-19
5459.55	1.42074e-18
5462.16	6.79407e-19
5464.77	9.86322e-19
5467.38	2.16107e-19
5469.99	6.44753e-19
5472.60	1.13703e-18
5475.21	8.55349e-19
5477.82	8.32234e-19
5480.43	5.66072e-20
5483.04	6.18905e-19
5485.65	1.56793e-19
5488.26	6.09722e-19
5490.87	1.05986e-18
5493.48	4.34592e-19
5496.09	-3.52137e-20
5498.70	1.17726e-18
5501.31	3.7262e-19
5503.92	-1.44869e-19
5506.53	1.63997e-19
5509.14	8.04134e-19
5511.75	8.6204e-19
5514.36	5.35382e-20
5516.97	6.68917e-19
5519.58	-7.23424e-20
5522.19	8.19195e-19
5524.80	5.53651e-19
5527.41	1.36877e-19
5530.02	6.03208e-20
5532.63	3.36169e-19
5535.24	2.83012e-19
5537.85	1.14266e-20
5540.46	3.8661e-19
5543.07	2.49432e-19
5545.68	7.85347e-19
5548.29	-1.62707e-19
5550.90	-1.54906e-19
5553.51	4.04431e-19
5556.12	4.32492e-19
5558.73	2.75006e-19
5561.34	4.37767e-19
5563.95	3.39379e-19
5566.56	5.34117e-19
5569.17	4.65099e-19
5571.78	1.40646e-18
5574.39	9.77991e-19
5577.00	4.85745e-19
5579.61	2.39363e-18
5582.22	1.05572e-18
5584.83	2.32614e-18
5587.44	-1.40987e-20
5590.05	5.81422e-19
5592.66	8.37374e-19
5595.27	8.46593e-19
5597.88	7.13701e-19
5600.49	9.13336e-19
5603.10	6.64748e-19
5605.71	8.34097e-19
5608.32	1.24341e-18
5610.93	1.35499e-18
5613.54	1.71936e-19
5616.15	1.40999e-18
5618.76	2.23805e-18
5621.37	5.37806e-19
5623.98	8.75689e-19
5626.59	8.44356e-19
5629.20	8.0131e-19
5631.81	4.20223e-19
5634.42	1.30785e-18
5637.03	1.71056e-18
5639.64	1.31736e-18
5642.25	4.01677e-19
5644.86	1.16066e-18
5647.47	8.3366e-19
5650.08	1.18889e-18
5652.69	1.42006e-18
5655.30	1.44489e-18
5657.91	1.07016e-18
5660.52	1.81547e-18
5663.13	1.71648e-18
5665.74	1.29111e-18
5668.35	1.85698e-18
5670.96	1.39299e-18
5673.57	1.5558e-18
5676.18	1.63279e-18
5678.79	2.10541e-18
5681.40	1.40757e-18
5684.01	9.97046e-19
5686.62	9.95942e-19
5689.23	1.15645e-18
5691.84	1.20681e-18
5694.45	1.38759e-18
5697.06	9.44887e-19
5699.67	1.55277e-18
5702.28	1.12785e-18
5704.89	1.24507e-18
5707.50	9.67074e-19
5710.11	1.31562e-18
5712.72	1.48262e-18
5715.33	1.58874e-18
5717.94	1.39396e-18
5720.55	1.45719e-18
5723.16	1.10066e-18
5725.77	9.61077e-19
5728.38	1.76675e-18
5730.99	5.61401e-19
5733.60	7.33258e-19
5736.21	3.85737e-19
5738.82	9.20025e-19
5741.43	1.19744e-18
5744.04	1.06135e-18
5746.65	5.93956e-19
5749.26	1.28961e-18
5751.87	7.19541e-19
5754.48	1.22455e-18
5757.09	1.68413e-18
5759.70	1.56834e-18
5762.31	1.45766e-18
5764.92	7.01191e-19
5767.53	3.49319e-19
5770.14	8.89584e-19
5772.75	3.85962e-19
5775.36	2.2986e-19
5777.97	9.9919e-19
5780.58	6.15792e-19
5783.19	-1.93424e-19
5785.80	1.01669e-18
5788.41	1.29645e-18
5791.02	1.79212e-18
5793.63	1.04071e-18
5796.24	3.66233e-19
5798.85	9.32402e-19
5801.46	8.94688e-19
5804.07	1.54222e-18
5806.68	1.48443e-18
5809.29	1.09444e-18
5811.90	1.5539e-18
5814.51	1.62497e-18
5817.12	1.67507e-18
5819.73	6.46857e-19
5822.34	1.03377e-18
5824.95	1.71809e-18
5827.56	8.63443e-19
5830.17	1.77018e-19
5832.78	9.73638e-19
5835.39	1.30065e-18
5838.00	1.41165e-18
5840.61	6.76446e-19
5843.22	1.41112e-18
5845.83	7.46073e-19
5848.44	6.54275e-19
5851.05	6.87082e-19
5853.66	-1.00521e-19
5856.27	9.97876e-19
5858.88	9.87045e-19
5861.49	1.04833e-18
5864.10	1.35939e-18
5866.71	1.02537e-18
5869.32	2.54404e-19
5871.93	8.28642e-19
5874.54	1.21102e-18
5877.15	1.02403e-18
5879.76	4.20308e-19
5882.37	9.09462e-19
5884.98	1.18751e-18
5887.59	1.90053e-19
5890.20	-1.6775e-19
5892.81	-7.64382e-20
5895.42	-1.17572e-19
5898.03	4.31132e-19
5900.64	1.05192e-18
5903.25	-6.87103e-20
5905.86	1.68385e-18
5908.47	8.33364e-19
5911.08	8.96436e-19
5913.69	1.28961e-18
5916.30	8.16114e-19
5918.91	5.06503e-19
5921.52	6.89181e-20
5924.13	1.04829e-18
5926.74	1.11256e-18
5929.35	7.09668e-19
5931.96	1.31481e-18
5934.57	2.87285e-19
5937.18	3.31403e-19
5939.79	-3.23358e-19
5942.40	3.49072e-19
5945.01	4.72093e-19
5947.62	1.48263e-19
5950.23	4.42865e-19
5952.84	5.96692e-19
5955.45	1.20181e-18
5958.06	5.42892e-19
5960.67	7.5019e-19
5963.28	1.5123e-19
5965.89	1.10572e-18
5968.50	-3.9769e-19
5971.11	8.18717e-19
5973.72	8.56344e-19
5976.33	1.02445e-18
5978.94	1.13183e-18
5981.55	3.8043e-19
5984.16	5.79496e-19
5986.77	5.79013e-19
5989.38	2.42696e-19
5991.99	5.25202e-19
5994.60	5.45715e-19
5997.21	7.08584e-19
5999.82	1.07619e-18
6002.43	1.26686e-18
6005.04	7.27654e-19
6007.65	1.35349e-18
6010.26	9.85697e-19
6012.87	8.9886e-19
6015.48	8.69421e-19
6018.09	1.04265e-18
6020.70	1.10645e-18
6023.31	1.19392e-18
6025.92	8.4243e-19
6028.53	1.32494e-18
6031.14	1.79838e-18
6033.75	5.14488e-19
6036.36	6.10724e-19
6038.97	1.12318e-18
6041.58	7.88216e-19
6044.19	1.03565e-18
6046.80	9.3331e-19
6049.41	9.16113e-19
6052.02	8.56118e-19
6054.63	6.61652e-19
6057.24	1.15874e-18
6059.85	1.33272e-18
6062.46	8.16717e-19
6065.07	8.32625e-19
6067.68	1.33953e-18
6070.29	1.40275e-18
6072.90	1.53285e-18
6075.51	9.00945e-19
6078.12	7.32922e-19
6080.73	2.15792e-19
6083.34	1.05557e-18
6085.95	1.67149e-18
6088.56	9.79689e-19
6091.17	6.86814e-19
6093.78	1.11307e-18
6096.39	6.80651e-19
6099.00	1.63018e-18
6101.61	1.24231e-18
6104.22	1.20649e-18
6106.83	6.84787e-19
6109.44	7.02726e-19
6112.05	5.92288e-19
6114.66	6.57572e-19
6117.27	9.20511e-19
6119.88	3.74996e-19
6122.49	1.40311e-18
6125.10	9.41833e-19
6127.71	3.19268e-19
6130.32	1.49283e-18
6132.93	3.55004e-19
6135.54	2.7031e-19
6138.15	2.98404e-19
6140.76	1.08362e-18
6143.37	6.03744e-19
6145.98	7.01195e-19
6148.59	8.28465e-19
6151.20	5.7339e-19
6153.81	1.01215e-18
6156.42	1.29071e-18
6159.03	1.32061e-18
6161.64	7.04355e-19
6164.25	1.29379e-18
6166.86	1.60359e-18
6169.47	8.8809e-19
6172.08	7.16241e-19
6174.69	7.9298e-19
6177.30	1.77917e-19
6179.91	6.706e-20
6182.52	3.11923e-19
6185.13	8.49478e-19
6187.74	6.14514e-19
6190.35	5.7173e-19
6192.96	1.18914e-18
6195.57	1.41291e-18
6198.18	1.09375e-18
6200.79	8.51426e-19
6203.40	7.05599e-19
6206.01	9.43764e-19
6208.62	1.32327e-18
6211.23	1.12285e-18
6213.84	1.16254e-18
6216.45	1.15109e-18
6219.06	1.25631e-18
6221.67	8.23681e-19
6224.28	7.34363e-19
6226.89	9.08746e-19
6229.50	9.10856e-19
6232.11	6.05516e-19
6234.72	9.47521e-19
6237.33	7.35667e-19
6239.94	7.67814e-19
6242.55	6.47417e-19
6245.16	1.45483e-18
6247.77	1.69524e-18
6250.38	1.41646e-18
6252.99	5.093e-19
6255.60	5.26151e-19
6258.21	1.77539e-18
6260.82	2.18959e-18
6263.43	1.16209e-18
6266.04	1.34429e-18
6268.65	1.4913e-18
6271.26	8.16454e-19
6273.87	8.17832e-19
6276.48	7.72948e-19
6279.09	9.46977e-19
6281.70	1.19756e-18
6284.31	6.05984e-19
6286.92	1.12725e-18
6289.53	5.66969e-19
6292.14	8.95735e-19
6294.75	1.12094e-18
6297.36	9.22115e-19
6299.97	3.67377e-19
6302.58	1.04556e-18
6305.19	-3.71312e-19
6307.80	3.2066e-19
6310.41	1.11496e-18
6313.02	1.39509e-18
6315.63	1.37671e-18
6318.24	1.62036e-18
6320.85	1.71462e-18
6323.46	1.17343e-18
6326.07	5.96825e-19
6328.68	5.38349e-19
6331.29	5.2263e-19
6333.90	-3.4109e-19
6336.51	4.59638e-20
6339.12	8.71505e-19
6341.73	1.232e-18
6344.34	1.14997e-18
6346.95	1.02239e-18
6349.56	8.9826e-19
6352.17	7.62669e-19
6354.78	7.59436e-19
6357.39	1.01584e-18
6360.00	3.88891e-19
6362.61	3.94322e-19
6365.22	2.17177e-19
6367.83	4.09425e-19
6370.44	3.0576e-19
6373.05	7.06293e-19
6375.66	4.66003e-19
6378.27	4.50878e-19
6380.88	1.10749e-18
6383.49	-2.31249e-20
6386.10	1.18565e-20
6388.71	7.12829e-19
6391.32	1.3297e-18
6393.93	9.25702e-19
6396.54	1.30218e-18
6399.15	1.1497e-18
6401.76	8.48332e-19
6404.37	9.41704e-19
6406.98	1.57706e-18
6409.59	7.69191e-19
6412.20	4.50865e-19
6414.81	7.46701e-19
6417.42	4.62749e-19
6420.03	5.67228e-19
6422.64	4.37409e-19
6425.25	4.45714e-19
6427.86	1.24452e-18
6430.47	1.11178e-18
6433.08	4.91147e-19
6435.69	7.83901e-19
6438.30	7.21461e-19
6440.91	4.27549e-19
6443.52	8.67181e-19
6446.13	8.86409e-19
6448.74	1.11508e-18
6451.35	1.40673e-18
6453.96	9.24022e-19
6456.57	8.31025e-19
6459.18	1.00935e-18
6461.79	7.19904e-19
6464.40	3.90916e-19
6467.01	1.0049e-18
6469.62	1.67509e-18
6472.23	8.01656e-19
6474.84	3.05181e-19
6477.45	8.07363e-19
6480.06	8.39168e-19
6482.67	6.46836e-19
6485.28	6.77205e-19
6487.89	6.64538e-19
6490.50	2.14697e-19
6493.11	9.73599e-19
6495.72	1.07388e-18
6498.33	1.15898e-18
6500.94	7.88081e-19
6503.55	1.13394e-18
6506.16	1.03546e-18
6508.77	1.19335e-18
6511.38	9.78383e-19
6513.99	1.21636e-18
6516.60	9.03172e-19
6519.21	7.11812e-19
6521.82	1.25198e-18
6524.43	1.3784e-18
6527.04	1.29666e-18
6529.65	7.1508e-19
6532.26	3.94635e-19
6534.87	8.01217e-19
6537.48	5.8727e-19
6540.09	4.79543e-20
6542.70	6.17217e-19
6545.31	1.10184e-18
6547.92	1.18493e-18
6550.53	6.92423e-19
6553.14	4.4164e-19
6555.75	6.59054e-19
6558.36	2.94918e-19
6560.97	3.56793e-19
6563.58	1.19146e-18
6566.19	9.56956e-19
6568.80	6.36164e-19
6571.41	4.92611e-19
6574.02	2.14415e-19
6576.63	8.00046e-19
6579.24	1.12736e-18
6581.85	7.39376e-19
6584.46	3.56657e-19
6587.07	5.16791e-19
6589.68	9.73087e-19
6592.29	8.99556e-19
6594.90	5.45842e-19
6597.51	7.03926e-19
6600.12	4.27869e-19
6602.73	1.14084e-18
6605.34	1.40701e-18
6607.95	1.0857e-18
6610.56	7.83696e-19
6613.17	1.0396e-18
6615.78	9.57847e-19
6618.39	8.1517e-19
6621.00	7.11969e-19
6623.61	7.06377e-19
6626.22	3.32577e-19
6628.83	-9.56382e-20
6631.44	7.60955e-19
6634.05	1.39493e-18
6636.66	4.38098e-19
6639.27	7.0548e-19
6641.88	8.19417e-19
6644.49	1.43284e-18
6647.10	1.5226e-18
6649.71	7.66786e-19
6652.32	8.6866e-19
6654.93	7.80586e-19
6657.54	9.82833e-19
6660.15	1.04664e-18
6662.76	5.1997e-19
6665.37	7.29961e-19
6667.98	1.09585e-18
6670.59	7.94422e-19
6673.20	9.4831e-19
6675.81	1.00114e-18
6678.42	3.23995e-19
6681.03	3.34722e-19
6683.64	1.14963e-18
6686.25	1.21442e-18
6688.86	6.03182e-19
6691.47	3.32056e-19
6694.08	7.31333e-19
6696.69	1.35252e-18
6699.30	1.08811e-18
6701.91	1.00382e-18
6704.52	4.38845e-19
6707.13	5.23355e-19
6709.74	4.52902e-19
6712.35	5.37361e-19
6714.96	8.87412e-19
6717.57	4.08401e-19
6720.18	7.79003e-19
6722.79	8.37262e-19
6725.40	6.95917e-19
6728.01	7.46952e-19
6730.62	9.84791e-19
6733.23	9.77489e-19
6735.84	5.26526e-19
6738.45	8.72496e-19
6741.06	9.9357e-19
6743.67	6.29463e-19
6746.28	3.58902e-19
6748.89	6.07745e-19
6751.50	6.88407e-19
6754.11	1.92106e-19
6756.72	1.97943e-20
6759.33	6.57857e-19
6761.94	8.09161e-19
6764.55	4.51073e-19
6767.16	1.0097e-18
6769.77	9.8776e-19
6772.38	6.99348e-19
6774.99	6.95835e-19
6777.60	4.46031e-19
6780.21	6.20529e-19
6782.82	8.39215e-19
6785.43	2.96625e-19
6788.04	6.72714e-19
6790.65	1.24492e-18
6793.26	7.85971e-19
6795.87	7.37332e-19
6798.48	9.34519e-19
6801.09	7.92682e-19
6803.70	7.42721e-19
6806.31	2.84597e-19
6808.92	5.91697e-19
6811.53	1.80739e-18
6814.14	1.11523e-18
6816.75	1.242e-19
6819.36	5.94057e-19
6821.97	7.04666e-19
6824.58	7.05546e-19
6827.19	4.02483e-19
6829.80	3.61435e-19
6832.41	7.63903e-19
6835.02	1.35307e-18
6837.63	2.06444e-18
6840.24	1.39073e-18
6842.85	5.64487e-19
6845.46	4.87578e-19
6848.07	4.80393e-19
6850.68	8.52045e-19
6853.29	1.12172e-18
6855.90	1.42494e-19
6858.51	5.83294e-19
6861.12	2.1943e-18
6863.73	1.48998e-18
6866.34	6.08261e-19
6868.95	4.06178e-19
6871.56	4.04815e-19
6874.17	1.30014e-18
6876.78	1.16945e-18
6879.39	1.08612e-18
6882.00	1.07585e-18
6884.61	4.95483e-19
6887.22	8.39249e-19
6889.83	1.06977e-18
6892.44	4.41748e-19
6895.05	4.67453e-19
6897.66	1.0797e-18
6900.27	8.07265e-19
6902.88	6.35091e-19
6905.49	8.98211e-19
6908.10	7.64806e-19
6910.71	2.43674e-19
6913.32	2.6513e-19
6915.93	1.06959e-18
6918.54	1.26679e-18
6921.15	5.45727e-19
6923.76	1.03421e-18
6926.37	8.72453e-19
6928.98	3.77674e-19
6931.59	1.01328e-18
6934.20	9.67121e-19
6936.81	5.76123e-19
6939.42	5.12106e-19
6942.03	7.29363e-19
6944.64	6.34512e-19
6947.25	2.80976e-19
6949.86	6.38824e-19
6952.47	8.67445e-19
6955.08	9.22229e-19
6957.69	9.25631e-19
6960.30	5.7411e-19
6962.91	7.16064e-19
6965.52	8.19381e-19
6968.13	1.30871e-18
6970.74	1.08646e-18
6973.35	2.05292e-19
6975.96	2.58432e-19
6978.57	4.43989e-19
6981.18	5.1128e-19
6983.79	4.15531e-19
6986.40	9.75783e-19
6989.01	7.49276e-19
6991.62	4.06919e-19
6994.23	5.68632e-19
6996.84	7.92358e-19
6999.45	6.5901e-19
7002.06	7.31648e-20
7004.67	7.97449e-19
7007.28	1.7093e-18
7009.89	1.00775e-18
7012.50	1.02365e-18
7015.11	9.43142e-19
7017.72	4.60807e-19
7020.33	5.90923e-19
7022.94	6.82315e-19
7025.55	5.0201e-19
7028.16	6.58201e-19
7030.77	1.03824e-18
7033.38	1.30837e-18
7035.99	7.81985e-19
7038.60	5.80196e-19
7041.21	5.59294e-19
7043.82	1.23262e-19
7046.43	6.85447e-19
7049.04	7.40708e-19
7051.65	5.38349e-19
7054.26	8.44446e-19
7056.87	1.2004e-18
7059.48	5.54171e-19
7062.09	1.94289e-19
7064.70	3.93049e-19
7067.31	5.02423e-19
7069.92	9.38384e-19
7072.53	6.22869e-19
7075.14	2.55051e-19
7077.75	4.06455e-19
7080.36	6.08865e-19
7082.97	4.21382e-19
7085.58	9.26607e-19
7088.19	1.19572e-18
7090.80	3.22665e-19
7093.41	2.01689e-19
7096.02	9.67964e-19
7098.63	7.20345e-19
7101.24	3.33144e-19
7103.85	7.74128e-19
7106.46	9.51101e-19
7109.07	1.00729e-18
7111.68	9.81657e-19
7114.29	7.02554e-19
7116.90	5.37018e-19
7119.51	9.27368e-19
7122.12	1.16232e-18
7124.73	2.80505e-19
7127.34	1.40192e-19
7129.95	3.48173e-19
7132.56	4.8072e-19
7135.17	5.30898e-19
7137.78	6.83177e-19
7140.39	1.57174e-18
7143.00	1.11331e-18
7145.61	3.02643e-19
7148.22	5.82907e-19
7150.83	7.50446e-19
7153.44	7.52474e-19
7156.05	4.70366e-19
7158.66	4.56549e-19
7161.27	4.24602e-19
7163.88	7.28814e-19
7166.49	7.67745e-19
7169.10	3.47974e-19
7171.71	4.8432e-19
7174.32	1.14239e-18
7176.93	1.22847e-18
7179.54	5.06429e-19
7182.15	-1.81071e-20
7184.76	3.59413e-19
7187.37	6.20472e-19
7189.98	9.24872e-19
7192.59	6.57799e-19
7195.20	7.84794e-19
7197.81	9.72568e-19
7200.42	1.01895e-18
7203.03	3.17934e-19
7205.64	8.6217e-20
7208.25	5.54351e-19
7210.86	1.53216e-18
7213.47	1.04361e-18
7216.08	3.01294e-19
7218.69	5.70161e-19
7221.30	1.04294e-18
7223.91	9.10895e-19
7226.52	5.37027e-19
7229.13	-2.97865e-19
7231.74	2.26343e-19
7234.35	6.13601e-19
7236.96	-1.08006e-19
7239.57	1.14106e-18
7242.18	1.15437e-18
7244.79	-2.41956e-19
7247.40	-7.952e-19
7250.01	1.09329e-19
7252.62	1.60459e-18
7255.23	1.12932e-18
7257.84	-4.8031e-20
7260.45	1.21903e-19
7263.06	2.9866e-19
7265.67	5.19817e-19
7268.28	7.20707e-19
7270.89	1.38616e-18
7273.50	1.83901e-20
7276.11	-1.44976e-19
7278.72	6.21974e-20
7281.33	1.71383e-19
7283.94	-9.70999e-20
7286.55	1.765e-18
7289.16	1.08856e-18
7291.77	1.98046e-20
7294.38	5.14749e-19
7296.99	1.11931e-18
7299.60	3.15227e-19
7302.21	-2.08223e-20
7304.82	5.98079e-19
7307.43	3.073e-19
7310.04	7.76464e-19
7312.65	1.70445e-18
7315.26	9.84155e-19
7317.87	1.39305e-19
7320.48	4.11672e-19
7323.09	6.21939e-19
7325.70	4.1795e-19
7328.31	1.2274e-18
7330.92	1.88492e-18
7333.53	1.79176e-18
7336.14	1.06274e-18
7338.75	7.8604e-20
7341.36	1.06795e-18
7343.97	1.03506e-18
7346.58	-4.48616e-19
7349.19	1.52888e-18
7351.80	6.76285e-19
7354.41	1.20182e-18
7357.02	1.43989e-18
7359.63	2.95554e-20
7362.24	1.2418e-19
7364.85	8.17237e-19
7367.46	6.61707e-19
7370.07	5.93253e-19
7372.68	-1.91141e-19
7375.29	-5.90724e-19
7377.90	-4.23421e-19
7380.51	6.46641e-19
7383.12	9.18929e-19
7385.73	6.66116e-19
7388.34	2.29699e-20
7390.95	-3.03108e-19
7393.56	3.90037e-20
7396.17	6.01086e-19
7398.78	3.99742e-19
7401.39	1.82836e-19
7404.00	2.31495e-19
7406.61	4.89576e-19
7409.22	2.46072e-19
7411.83	4.12432e-19
7414.44	6.00129e-19
7417.05	-2.21586e-20
7419.66	4.9454e-19
7422.27	7.52408e-19
7424.88	7.8663e-20
7427.49	7.19934e-19
7430.10	6.56359e-19
7432.71	2.313e-19
7435.32	3.41883e-19
7437.93	7.23913e-19
7440.54	2.14386e-19
7443.15	1.47541e-19
7445.76	-5.73645e-19
7448.37	8.40661e-20
7450.98	1.34593e-19
7453.59	1.52367e-19
7456.20	4.60846e-19
7458.81	-1.26378e-19
7461.42	-3.27135e-19
7464.03	6.19728e-19
7466.64	8.73177e-19
7469.25	-1.14537e-19
7471.86	1.87425e-19
7474.47	5.50858e-19
7477.08	8.35985e-19
7479.69	5.4564e-19
7482.30	1.4031e-19
7484.91	2.40331e-20
7487.52	-1.58462e-19
7490.13	6.74093e-19
7492.74	-3.38296e-19
7495.35	-6.24621e-20
7497.96	1.04508e-19
7500.57	2.89434e-19
7503.18	7.67949e-19
7505.79	5.45113e-19
7508.40	5.41468e-19
7511.01	6.84677e-19
7513.62	2.50921e-19
7516.23	6.6034e-19
7518.84	-1.43139e-19
7521.45	2.26679e-19
7524.06	4.0659e-19
7526.67	9.07205e-19
7529.28	7.5696e-19
7531.89	-3.60089e-19
7534.50	4.48284e-19
7537.11	1.23894e-18
7539.72	6.85968e-19
7542.33	8.95495e-19
7544.94	7.68657e-19
7547.55	9.48594e-19
7550.16	1.10534e-18
7552.77	7.34331e-19
7555.38	1.59634e-18
7557.99	7.88807e-19
7560.60	1.3587e-18
7563.21	1.44431e-18
7565.82	1.36983e-18
7568.43	1.50251e-18
7571.04	1.13279e-18
7573.65	1.82306e-18
7576.26	1.42642e-18
7578.87	1.26081e-18
7581.48	1.64949e-18
7584.09	2.05706e-18
7586.70	1.5623e-18
7589.31	1.44983e-18
7591.92	1.49231e-18
7594.53	1.0991e-18
7597.14	1.32663e-18
7599.75	3.98754e-19
7602.36	9.86557e-19
7604.97	9.857e-19
7607.58	4.75853e-19
7610.19	9.25789e-19
7612.80	1.47918e-18
7615.41	2.95954e-18
7618.02	1.67242e-18
7620.63	5.66248e-19
7623.24	1.81794e-18
7625.85	2.36259e-18
7628.46	1.22884e-18
7631.07	9.91007e-19
7633.68	6.99737e-19
7636.29	1.05172e-18
7638.90	1.4566e-18
7641.51	1.99694e-18
7644.12	6.55902e-19
7646.73	1.38247e-18
7649.34	2.37866e-18
7651.95	5.12128e-19
7654.56	2.01216e-18
7657.17	2.40189e-18
7659.78	1.51238e-18
7662.39	1.22971e-18
7665.00	7.28927e-19
7667.61	8.77431e-19
7670.22	1.21164e-18
7672.83	1.0045e-18
7675.44	1.41273e-18
7678.05	1.88767e-18
7680.66	1.77457e-18
7683.27	1.96604e-18
7685.88	1.91224e-18
7688.49	1.05024e-18
7691.10	1.01726e-18
7693.71	1.70192e-18
7696.32	2.03833e-18
7698.93	1.09616e-18
7701.54	1.47221e-18
7704.15	1.80027e-18
7706.76	1.87892e-18
7709.37	2.12539e-18
7711.98	2.57944e-18
7714.59	4.17074e-18
7717.20	1.01077e-18
7719.81	2.00268e-18
7722.42	1.99087e-18
7725.03	7.27746e-19
7727.64	1.79649e-18
7730.25	9.98857e-19
7732.86	6.08283e-19
7735.47	2.03744e-18
7738.08	1.10317e-18
7740.69	1.19403e-18
7743.30	2.47747e-18
7745.91	3.11686e-19
7748.52	4.23191e-19
7751.13	1.33173e-18
7753.74	1.56606e-18
7756.35	1.00727e-18
7758.96	-8.48169e-19
7761.57	2.69609e-19
7764.18	5.93209e-19
7766.79	1.55878e-18
7769.40	1.45305e-18
7772.01	1.2782e-18
7774.62	9.53645e-19
7777.23	1.04262e-18
7779.84	8.30019e-19
7782.45	3.50486e-19
7785.06	1.22027e-18
7787.67	1.20428e-18
7790.28	3.1398e-18
7792.89	4.71423e-19
7795.50	9.15731e-19
7798.11	3.59084e-19
7800.72	1.87289e-18
7803.33	9.02143e-19
7805.94	3.05627e-19
7808.55	1.94684e-18
7811.16	2.12011e-18
7813.77	1.30761e-18
7816.38	1.66755e-18
7818.99	8.70362e-19
7821.60	6.55129e-19
7824.21	1.72557e-18
7826.82	2.07891e-18
7829.43	1.54053e-18
7832.04	1.21849e-18
7834.65	5.45509e-19
7837.26	1.24076e-18
7839.87	1.43873e-18
7842.48	9.60539e-19
7845.09	1.67857e-18
7847.70	1.71494e-19
7850.31	2.48238e-19
7852.92	5.18794e-19
7855.53	-1.98449e-19
7858.14	1.35532e-18
7860.75	1.48583e-18
7863.36	1.63295e-18
7865.97	1.86185e-19
7868.58	-2.76267e-19
7871.19	1.25249e-18
7873.80	1.33913e-18
7876.41	8.34601e-19
7879.02	9.41287e-19
7881.63	1.68783e-18
7884.24	-4.05683e-19
7886.85	-4.67e-19
7889.46	6.79979e-19
7892.07	1.09331e-18
7894.68	1.3911e-18
7897.29	1.61085e-18
7899.90	1.18112e-18
7902.51	5.72443e-19
7905.12	4.38383e-19
7907.73	2.79059e-18
7910.34	2.22033e-18
7912.95	-2.48003e-19
7915.56	8.07691e-19
7918.17	1.34264e-18
7920.78	3.70042e-19
7923.39	8.94339e-19
7926.00	1.03235e-18
7928.61	4.64034e-19
7931.22	4.40825e-20
7933.83	6.6692e-19
7936.44	-1.54655e-19
7939.05	9.82255e-19
7941.66	1.40752e-18
7944.27	-9.55504e-19
7946.88	1.38174e-18
7949.49	-2.73903e-19
7952.10	1.32005e-18
7954.71	1.11376e-18
7957.32	8.0192e-19
7959.93	9.64864e-19
7962.54	1.4016e-19
7965.15	8.8772e-19
7967.76	6.84621e-19
7970.37	3.46996e-19
7972.98	1.4329e-19
7975.59	4.75916e-19
7978.20	2.02746e-19
7980.81	2.06206e-19
7983.42	-4.18623e-19
7986.03	-4.221e-19
7988.64	1.10787e-19
7991.25	5.51648e-19
7993.86	1.7658e-18
7996.47	9.04858e-19
7999.08	-2.52105e-20
8001.69	-7.24009e-19
8004.30	-3.60286e-19
8006.91	2.50937e-19
8009.52	7.20982e-19
8012.13	7.30735e-19
8014.74	-1.42578e-19
8017.35	-2.33242e-19
8019.96	9.8513e-19
8022.57	3.90692e-20
8025.18	3.68909e-19
8027.79	3.82635e-19
8030.40	2.2883e-19
8033.01	4.85324e-19
8035.62	6.38095e-19
8038.23	9.44029e-19
8040.84	1.14848e-18
8043.45	1.09026e-18
8046.06	6.15535e-19
8048.67	1.14661e-19
8051.28	1.10693e-19
8053.89	9.14975e-19
8056.50	1.25509e-18
8059.11	8.50331e-19
8061.72	4.26051e-19
8064.33	-1.24802e-19
8066.94	-5.72919e-19
8069.55	1.19143e-18
8072.16	-2.36499e-19
8074.77	1.0037e-18
8077.38	6.20986e-19
8079.99	5.18254e-19
8082.60	1.18531e-18
8085.21	1.65817e-19
8087.82	-4.78895e-19
8090.43	9.77911e-20
8093.04	1.40928e-19
8095.65	-6.93482e-19
8098.26	5.783e-19
8100.87	1.71626e-19
8103.48	-1.8018e-19
8106.09	-1.29851e-19
8108.70	-3.31088e-19
8111.31	1.71916e-19
8113.92	-1.88118e-19
8116.53	7.66324e-19
8119.14	1.15375e-18
8121.75	9.08394e-19
8124.36	1.0694e-18
8126.97	4.77671e-19
8129.58	7.14478e-19
8132.19	4.29756e-19
8134.80	-1.67495e-19
8137.41	-6.67073e-19
8140.02	3.18008e-19
8142.63	1.38736e-19
8145.24	2.80806e-20
8147.85	1.12982e-18
8150.46	2.21521e-19
8153.07	9.94755e-19
8155.68	6.76972e-19
8158.29	4.79773e-19
8160.90	-3.74494e-19
8163.51	2.24506e-19
8166.12	-6.75085e-20
8168.73	1.49611e-19
8171.34	9.84358e-19
8173.95	1.21724e-18
8176.56	1.07049e-18
8179.17	9.27723e-19
8181.78	4.12681e-19
8184.39	-3.97959e-19
8187.00	-3.05176e-19
8189.61	1.24021e-20
8192.22	6.33961e-19
8194.83	6.31495e-19
8197.44	1.19418e-19
8200.05	6.86153e-19
8202.66	-9.75341e-19
8205.27	-2.6234e-19
8207.88	1.40184e-18
8210.49	6.62368e-19
8213.10	5.86805e-19
8215.71	3.51203e-19
8218.32	4.17052e-19
8220.93	5.86376e-21
8223.54	-5.8367e-20
8226.15	-2.1872e-19
8228.76	3.76379e-19
8231.37	8.46791e-19
8233.98	8.86687e-19
8236.59	7.01097e-19
8239.20	7.94077e-20
8241.81	5.98595e-19
8244.42	4.76479e-19
8247.03	-1.39243e-19
8249.64	2.55997e-19
8252.25	4.35386e-19
8254.86	4.70785e-20
8257.47	1.21278e-20
8260.08	1.48817e-18
8262.69	1.1687e-18
8265.30	2.53639e-19
8267.91	4.70031e-19
8270.52	5.65062e-19
8273.13	1.22707e-18
8275.74	1.22662e-18
8278.35	-3.54749e-19
8280.96	2.37736e-19
8283.57	-2.08058e-18
8286.18	-8.16158e-19
8288.79	-2.8736e-19
8291.40	-6.98406e-19
8294.01	-4.4721e-19
8296.62	2.77187e-18
8299.23	1.53524e-18
8301.84	-9.63443e-20
8304.45	-8.21381e-19
8307.06	5.20615e-19
8309.67	1.09728e-18
8312.28	1.34204e-18
8314.89	-3.64318e-19
8317.50	-6.96822e-19
8320.11	-2.83174e-19
8322.72	3.1571e-19
8325.33	3.8975e-19
8327.94	3.47492e-19
8330.55	5.12364e-19
8333.16	8.36395e-19
8335.77	1.60056e-18
8338.38	8.10715e-19
8340.99	-5.4098e-19
8343.60	6.44175e-19
8346.21	4.01464e-18
8348.82	1.1815e-18
8351.43	2.05226e-19
8354.04	9.39751e-19
8356.65	-1.09496e-18
8359.26	-6.30062e-19
8361.87	6.93171e-19
8364.48	5.57272e-19
8367.09	-4.72518e-20
8369.70	4.01099e-19
8372.31	-5.53323e-20
8374.92	-6.10125e-19
8377.53	-1.30747e-19
8380.14	2.21661e-19
8382.75	6.83297e-19
8385.36	3.96964e-19
8387.97	5.76898e-19
8390.58	1.60441e-18
8393.19	-2.48746e-19
8395.80	-9.23226e-19
8398.41	1.59416e-18
8401.02	1.81764e-18
8403.63	-1.19069e-18
8406.24	-1.84547e-18
8408.85	7.01739e-19
8411.46	1.00653e-18
8414.07	8.77498e-19
8416.68	1.39395e-18
8419.29	9.68939e-19
8421.90	8.4057e-19
8424.51	2.15115e-18
8427.12	8.10654e-19
8429.73	3.14082e-18
8432.34	3.19467e-18
8434.95	3.12996e-18
8437.56	1.2834e-18
8440.17	1.40966e-18
8442.78	1.69015e-18
8445.39	1.70446e-18
8448.00	1.72682e-18
8450.61	2.27382e-19
8453.22	1.61732e-18
8455.83	2.40103e-18
8458.44	-3.01403e-19
8461.05	6.76616e-19
8463.66	9.81511e-19
8466.27	4.4624e-19
8468.88	7.43162e-19
8471.49	2.54286e-19
8474.10	2.74754e-19
8476.71	5.60138e-19
8479.32	7.8232e-19
8481.93	8.11039e-19
8484.54	5.74359e-21
8487.15	5.22802e-19
8489.76	3.41829e-19
8492.37	6.74926e-19
8494.98	1.83391e-19
8497.59	8.00619e-19
8500.20	1.65123e-19
8502.81	1.50748e-19
8505.42	1.0347e-19
8508.03	3.88571e-19
8510.64	9.72651e-19
8513.25	1.19516e-18
8515.86	7.16211e-19
8518.47	-7.17092e-19
8521.08	-1.97236e-20
8523.69	-2.62951e-19
8526.30	2.74842e-20
8528.91	3.76992e-19
8531.52	4.64923e-19
8534.13	2.08228e-19
8536.74	9.77292e-19
8539.35	1.15311e-18
8541.96	-3.86062e-19
8544.57	-1.38915e-18
8547.18	1.48843e-19
8549.79	9.39867e-19
8552.40	6.21678e-20
8555.01	-3.30572e-19
8557.62	-7.79294e-21
8560.23	3.61033e-19
8562.84	4.47661e-19
8565.45	-2.53225e-19
8568.06	-6.92204e-19
8570.67	9.5489e-20
8573.28	-9.58376e-19
8575.89	-1.28702e-19
8578.50	2.05398e-22
8581.11	2.69902e-20
8583.72	-3.68612e-19
8586.33	-1.00585e-18
8588.94	1.60324e-19
8591.55	1.26197e-18
8594.16	1.51035e-18
8596.77	2.27172e-20
8599.38	-6.7967e-20
8601.99	3.16486e-19
8604.60	6.38934e-19
8607.21	5.56343e-19
8609.82	3.18863e-19
8612.43	1.16643e-18
8615.04	8.82831e-19
8617.65	-6.79051e-19
8620.26	-4.03144e-19
8622.87	1.59142e-20
8625.48	5.10664e-19
8628.09	1.69141e-18
8630.70	1.53658e-18
8633.31	1.90814e-18
8635.92	1.62299e-18
8638.53	5.1267e-19
8641.14	1.57862e-18
8643.75	1.49183e-18
8646.36	1.11694e-19
8648.97	5.82839e-19
8651.58	2.13053e-18
8654.19	2.11081e-18
8656.80	1.441e-18
8659.41	1.2156e-18
8662.02	1.74911e-18
8664.63	3.3946e-19
8667.24	-4.09554e-19
8669.85	9.86252e-19
8672.46	6.35794e-19
8675.07	4.91341e-19
8677.68	1.40049e-18
8680.29	1.88741e-20
8682.90	3.47529e-19
8685.51	2.0743e-18
8688.12	1.64493e-18
8690.73	8.79149e-19
8693.34	4.07896e-19
8695.95	-1.85845e-19
8698.56	-1.12777e-18
8701.17	-9.13434e-19
8703.78	7.87715e-19
8706.39	8.07915e-19
8709.00	-2.30922e-19
8711.61	-9.44827e-20
8714.22	3.40203e-19
8716.83	8.45285e-20
8719.44	2.35101e-19
8722.05	1.1178e-18
8724.66	1.03835e-18
8727.27	2.6997e-19
8729.88	5.67687e-19
8732.49	1.0678e-18
8735.10	8.94223e-19
8737.71	1.30508e-18
8740.32	1.00445e-18
8742.93	1.74505e-18
8745.54	2.01474e-18
8748.15	-9.72022e-19
8750.76	-5.1327e-18
8753.37	-4.66213e-18
8755.98	2.96402e-19
8758.59	-1.66023e-19
8761.20	-4.63263e-18
8763.81	-2.05238e-18
8766.42	1.2441e-18
8769.03	-8.87518e-19
8771.64	9.6276e-19
8774.25	2.75457e-18
8776.86	2.09028e-18
8779.47	3.68511e-18
8782.08	3.02918e-18
8784.69	6.10531e-19
8787.30	2.09817e-20
8789.91	2.52061e-19
8792.52	1.01879e-19
8795.13	-5.09751e-20
8797.74	7.5667e-19
8800.35	1.56795e-18
8802.96	5.31821e-19
8805.57	-1.54635e-19
8808.18	7.57061e-19
8810.79	2.23135e-18
8813.40	1.76539e-18
8816.01	-7.65672e-20
8818.62	-2.02617e-18
8821.23	3.40467e-19
8823.84	4.18492e-18
8826.45	2.47479e-18
8829.06	1.68358e-18
8831.67	4.31553e-18
8834.28	2.041e-18
8836.89	-9.10791e-20
8839.50	1.08554e-18
8842.11	9.46804e-19
8844.72	1.2089e-18
8847.33	3.5247e-19
8849.94	-5.67267e-19
8852.55	-1.3016e-18
8855.16	-1.2848e-18
8857.77	8.0839e-19
8860.38	2.36784e-19
