1572.653906	-0.00809307
1574.197582	-0.0098349
1575.741268	0.000573222
1577.284963	-0.00041862
1578.828667	-0.00568152
1580.37238	-0.00571371
1581.916102	-0.00273294
1583.459833	-0.00270734
1585.003574	-0.0052549
1586.547323	-0.00255339
1588.091082	-0.00389043
1589.634849	-0.0031363
1591.178626	-0.00870756
1592.722412	0.000493171
1594.266207	-0.00111431
1595.810011	-0.00916669
1597.353824	-0.0021228
1598.897646	-0.00559345
1600.441478	-0.00432115
1601.985318	-0.00698117
1603.529168	-0.00597445
1605.073027	-0.00768276
1606.616894	-0.00302375
1608.160771	-0.0086917
1609.704657	-0.00531007
1611.248552	-0.00887836
1612.792457	-0.00225948
1614.33637	-0.00479887
1615.880292	-0.000560019
1617.424224	-0.00260979
1618.968165	-0.00287066
1620.512115	-0.00500901
1622.056073	-0.00755297
1623.600041	-0.00179833
1625.144019	-0.00927389
1626.688005	-0.00259574
1628.232	-0.00545964
1629.776004	-0.0074509
1631.320018	-0.0039873
1632.864041	-0.00403083
1634.408072	-0.00198759
1635.952113	-0.00217835
1637.496163	-0.00711237
1639.040222	0.000419395
1640.584291	-0.000975231
1642.128368	-0.000609356
1643.672454	-0.00855098
1645.21655	-0.000138836
1646.760655	-9.3923e-05
1648.304768	-0.00233773
1649.848891	-0.00921322
1651.393023	-0.00582886
1652.937164	0.00266339
1654.481314	-0.00682392
1656.025474	-0.00598873
1657.569642	-0.00304981
1659.11382	-0.00660184
1660.658006	-0.00144817
1662.202202	-0.0016759
1663.746407	-0.00198656
1665.290621	-0.00720996
1666.834844	0.00190516
1668.379076	-0.00765143
1669.923318	-0.00317113
1671.467568	-0.00215045
1673.011828	0.00160435
1674.556096	0.000211658
1676.100374	-0.00769458
1677.644661	-0.00371796
1679.188957	-0.00358514
1680.733262	-0.00100002
1682.277576	-0.00446447
1683.8219	-0.00247035
1685.366232	-0.00523682
1686.910574	-0.00215764
1688.454925	-0.0045914
1689.999284	-0.000648545
1691.543653	-0.00851227
1693.088031	-0.00121576
1694.632419	0.00119861
1696.176815	-0.00118281
1697.72122	0.00186042
1699.265635	-0.00381292
1700.810058	-0.00724155
1702.354491	-0.00368605
1703.898933	-0.00541699
1705.443384	-0.00608468
1706.987844	-0.00378503
1708.532313	0.00400351
1710.076792	-0.00522185
1711.621279	-0.00145191
1713.165776	-0.00291149
1714.710281	-0.00805297
1716.254796	-0.00561385
1717.79932	-0.00945968
1719.343853	-0.00217649
1720.888395	-0.00566448
1722.432947	-0.00278825
1723.977507	-0.00682992
1725.522077	-0.00477366
1727.066655	0.000341479
1728.611243	-0.00259622
1730.15584	-0.00587123
1731.700446	-0.0056771
1733.245061	0.0043677
1734.789685	0.000695023
1736.334319	-0.000464145
1737.878961	-0.00503059
1739.423613	-0.00738027
1740.968273	-0.00651344
1742.512943	-0.00715497
1744.057622	-0.00239576
1745.60231	-0.000624854
1747.147008	-0.00680675
1748.691714	-0.00464324
1750.236429	-0.00933662
1751.781154	-0.00467247
1753.325888	-0.0049802
1754.87063	0.00232464
1756.415382	-0.00587417
1757.960143	-0.000911379
1759.504914	-0.00325903
1761.049693	-0.00224612
1762.594481	-0.00434849
1764.139279	-0.00421194
1765.684086	-0.00484071
1767.228901	-0.00146412
1768.773726	-0.00627133
1770.31856	-0.0036169
1771.863404	-0.00178636
1773.408256	-0.00784943
1774.953117	-0.00736485
1776.497988	-0.00922945
1778.042868	-0.00618754
1779.587756	-0.000174395
1781.132654	-0.00497778
1782.677561	-0.00928359
1784.222477	-0.000518301
1785.767403	0.000761141
1787.312337	-0.00367465
1788.857281	-0.00300499
1790.402233	-0.00336147
1791.947195	-0.00272669
1793.492166	-0.00857281
1795.037146	-0.00936424
1796.582135	-0.00080047
1798.127134	0.00137064
1799.672141	-0.000255993
1801.217158	0.00282693
1802.762183	-0.00513793
1804.307218	-0.00542351
1805.852262	-0.00322084
1807.397315	-0.00250551
1808.942377	-0.00441889
1810.487449	-0.00828586
1812.032529	-0.00430159
1813.577619	8.0126e-05
1815.122718	2.29926e-05
1816.667825	-0.00320179
1818.212942	-0.0062065
1819.758069	-0.00643344
1821.303204	-0.00886148
1822.848348	-0.00381622
1824.393502	-0.00180173
1825.938664	-0.00528064
1827.483836	-0.00551234
1829.029017	-0.000236792
1830.574207	-0.00394339
1832.119406	-0.00975711
1833.664614	-0.00189866
1835.209832	-0.00289537
1836.755058	-0.0047394
1838.300294	-0.00091938
1839.845539	-0.000766332
1841.390793	-0.00934678
1842.936056	-0.00442734
1844.481328	-0.00465996
1846.026609	-0.00686496
1847.5719	-0.00262746
1849.117199	-0.0071092
1850.662508	-0.00316481
1852.207826	0.000574697
1853.753153	-0.00269257
1855.298489	-0.00663362
1856.843834	-0.00333694
1858.389189	-0.00463412
1859.934552	-0.00803916
1861.479925	-0.00197414
1863.025306	-0.0026989
1864.570697	-0.00502052
1866.116097	-0.00443319
1867.661507	-0.00498123
1869.206925	-0.0088149
1870.752352	-0.00140413
1872.297789	-0.000141711
1873.843235	-0.00265033
1875.38869	-0.00282888
1876.934154	-0.00265111
1878.479627	-0.0023633
1880.025109	-0.00614333
1881.5706	-0.00414128
1883.116101	-0.00181263
1884.661611	-0.00397662
1886.207129	-0.00952097
1887.752657	-0.0047834
1889.298194	-0.00103669
1890.843741	-0.00265083
1892.389296	-0.005098
1893.93486	-0.00157867
1895.480434	-0.00293364
1897.026017	-0.00333133
1898.571609	-0.00187022
1900.11721	-0.00260765
1901.66282	-0.00387208
1903.208439	-0.00563675
1904.754068	-0.00226635
1906.299705	-0.00108583
1907.845352	-0.000142972
1909.391008	-0.00481473
1910.936673	-0.00579447
1912.482347	-0.00295934
1914.02803	-0.00228565
1915.573723	-0.00477159
1917.119424	-0.00150833
1918.665135	-0.00680298
1920.210855	0.000545248
1921.756584	-0.00900328
1923.302322	-0.00331378
1924.848069	-0.00164922
1926.393826	-0.00289547
1927.939591	-0.0012881
1929.485366	-0.000224076
1931.03115	-0.00244131
1932.576943	-0.00327805
1934.122745	-0.00219714
1935.668556	-0.00619283
1937.214376	0.000441839
1938.760206	-0.00175013
1940.306045	-0.000762796
1941.851892	-0.0035747
1943.397749	-0.00787612
1944.943616	0.000670102
1946.489491	0.000691694
1948.035375	0.00022298
1949.581269	0.00015676
1951.127171	-0.00257886
1952.673083	-0.00233735
1954.219004	-0.00278011
1955.764934	-0.00273169
1957.310873	-0.00498935
1958.856822	-0.00349133
1960.402779	0.000757791
1961.948746	-0.00151591
1963.494722	-0.00834194
1965.040707	-0.00103265
1966.586701	0.00226611
1968.132704	-0.00297246
1969.678717	-0.0084416
1971.224738	-0.000799042
1972.770769	7.97036e-05
1974.316809	-0.00453463
1975.862858	-0.00482007
1977.408916	-0.00287659
1978.954983	-0.00344975
1980.501059	-0.00336623
1982.047145	-0.00312867
1983.59324	-0.000466475
1985.139344	-0.000824893
1986.685457	-0.00185289
1988.231579	-0.00921707
1989.77771	-0.00908836
1991.32385	-0.00228026
1992.87	-0.00230481
1994.416159	-0.00164192
1995.962327	-0.00444388
1997.508504	-0.00406059
1999.05469	-0.00438436
2000.600885	-0.005637
2002.14709	-0.000556963
2003.693303	-0.00451944
2005.239526	-0.00409083
2006.785758	-0.000413657
2008.331999	-0.00581706
2009.878249	-0.000507479
2011.424509	-0.0031874
2012.970777	0.00384534
2014.517055	-0.00241506
2016.063342	-0.00114705
2017.609638	-0.00633151
2019.155943	-0.000968286
2020.702257	-0.000546112
2022.24858	-0.000822721
2023.794913	-0.00852478
2025.341255	0.000529073
2026.887606	0.00372966
2028.433966	-0.00369782
2029.980335	-0.000766094
2031.526713	-0.00324283
2033.073101	-0.00179735
2034.619497	-0.00909545
2036.165903	-0.00413132
2037.712318	-0.00139435
2039.258742	-0.00254173
2040.805175	0.000188358
2042.351618	-0.00815767
2043.898069	-0.00225763
2045.44453	-0.00564168
2046.991	-0.000712958
2048.537479	-0.00241365
2050.083967	-0.0016771
2051.630464	-0.000470903
2053.176971	-0.000313138
2054.723486	-0.00326346
2056.270011	-0.00209243
2057.816545	-0.00379829
2059.363088	-0.00544041
2060.90964	-0.0093203
2062.456202	-0.00345969
2064.002772	-0.00601651
2065.549352	-0.00522927
2067.095941	-0.00441199
2068.642539	-0.00185119
2070.189146	-0.00146808
2071.735762	-0.005789
2073.282388	-0.00496567
2074.829022	0.00109621
2076.375666	-0.00202891
2077.922319	-0.00575802
2079.468981	-0.00296587
2081.015652	-0.00205394
2082.562333	-0.0051107
2084.109022	-0.00507285
2085.655721	-0.00510082
2087.202429	-0.00356549
2088.749146	-0.00449877
2090.295872	-0.00249714
2091.842607	-0.00158306
2093.389352	-0.0024213
2094.936106	0.000769957
2096.482868	0.00115122
2098.02964	-0.00190842
2099.576422	-0.000220322
2101.123212	0.00278996
2102.670011	-0.00584679
2104.21682	-0.00642053
2105.763638	0.00231258
2107.310465	-0.00379806
2108.857301	-0.00205275
2110.404146	-0.00258511
2111.951	-0.00382012
2113.497864	-0.0036259
2115.044737	-0.0025424
2116.591619	-0.00662266
2118.13851	-0.00717283
2119.68541	-0.00386644
2121.232319	-0.00116485
2122.779238	-0.00606961
2124.326165	-0.00220544
2125.873102	-0.00278802
2127.420048	-0.00498463
2128.967004	-0.00437606
2130.513968	0.00144856
2132.060941	0.00223914
2133.607924	-0.00136892
2135.154916	-0.00287553
2136.701917	-0.00370024
2138.248927	-0.00206764
2139.795946	-0.00819021
2141.342975	0.00175243
2142.890012	-0.000366515
2144.437059	0.00144927
2145.984115	-0.00149177
2147.53118	-0.000823781
2149.078255	-0.000872521
2150.625338	0.00202136
2152.172431	-0.00438946
2153.719533	0.000893351
2155.266644	-0.000429195
2156.813764	-0.00591793
2158.360893	0.00276215
2159.908031	-0.000566454
2161.455179	-0.000545982
2163.002336	-0.00393722
2164.549502	0.00188528
2166.096677	-0.00376396
2167.643861	-0.00306848
2169.191055	-0.00095737
2170.738257	0.00119629
2172.285469	-0.00424904
2173.83269	-0.000974157
2175.37992	-0.00107546
2176.927159	-0.000469823
2178.474408	-0.000790038
2180.021665	-0.00671706
2181.568932	0.00165091
2183.116208	0.00194342
2184.663493	-0.00137872
2186.210787	0.00570649
2187.758091	-0.00387226
2189.305403	-4.65515e-05
2190.852725	-0.00484005
2192.400056	-0.00242883
2193.947396	-0.00124106
2195.494746	-0.0032109
2197.042104	-0.0031133
2198.589472	-0.00173505
2200.136848	-0.000402517
2201.684234	-0.000869933
2203.23163	0.00103264
2204.779034	-0.00154725
2206.326447	-0.00278789
2207.87387	-0.00324522
2209.421302	-0.00244884
2210.968743	-0.00535702
2212.516193	-0.00194095
2214.063652	-0.00222675
2215.611121	-0.00720525
2217.158598	-0.000726924
2218.706085	0.000345072
2220.253581	-0.000132478
2221.801086	-0.00350569
2223.348601	-0.00205119
2224.896124	-0.00477626
2226.443657	-0.00420654
2227.991199	0.000268975
2229.53875	0.000474566
2231.08631	-0.00320831
2232.633879	0.00208315
2234.181458	0.0030979
2235.729046	-0.00494263
2237.276643	-0.000353353
2238.824249	-0.00413426
2240.371864	0.000200869
2241.919488	-0.00178338
2243.467122	-0.00322814
2245.014765	-0.00226441
2246.562417	-0.00523872
2248.110078	-0.00438952
2249.657748	-0.00299486
2251.205427	-0.00350899
2252.753116	-0.00274739
2254.300814	0.00169159
2255.848521	-0.00399832
2257.396237	-0.000297542
2258.943962	-0.000488079
2260.491697	-0.00202153
2262.039441	-0.00490501
2263.587193	0.00232438
2265.134955	-0.000120447
2266.682727	0.000705658
2268.230507	-0.00720016
2269.778297	-0.00402646
2271.326095	-0.00447138
2272.873903	0.00527518
2274.42172	-0.00139609
2275.969547	-0.00273372
2277.517382	0.00218848
2279.065227	-0.007004
2280.613081	-0.00260665
2282.160944	-0.000914864
2283.708816	-0.000480557
2285.256697	0.000148773
2286.804588	0.00168799
2288.352487	-0.000290833
2289.900396	-0.00208466
2291.448314	-0.00780231
2292.996241	0.0010307
2294.544178	0.000494729
2296.092123	-0.00495852
2297.640078	-0.00233672
2299.188042	0.00151706
2300.736015	-0.00469428
2302.283998	-0.00412239
2303.831989	-0.00157408
2305.37999	-0.00505895
2306.928	-0.00326795
2308.476019	-0.00282893
2310.024047	0.00145671
2311.572084	-0.000721043
2313.120131	-0.00314715
2314.668187	-0.000525939
2316.216251	0.00237042
2317.764326	-0.00182358
2319.312409	0.000590278
2320.860501	-0.00109809
2322.408603	-0.00208788
2323.956714	-0.000200011
2325.504834	-0.000304671
2327.052963	-0.00297674
2328.601101	0.00140364
2330.149249	-0.00276694
2331.697406	0.00289615
2333.245572	-0.00516786
2334.793747	-0.000947901
2336.341931	-0.00275016
2337.890125	-0.00356492
2339.438327	0.00216545
2340.986539	0.00147299
2342.53476	-0.00485438
2344.08299	-0.00145945
2345.63123	-0.00218938
2347.179479	-0.0002135
2348.727736	0.00103149
2350.276003	-0.00101465
2351.824279	-0.000540393
2353.372565	-0.000973081
2354.920859	-0.00273421
2356.469163	0.00012601
2358.017476	-0.00504958
2359.565798	-0.00204161
2361.114129	-0.000833957
2362.66247	-0.00543598
2364.210819	-0.00264956
2365.759178	-0.00408851
2367.307546	-0.0036953
2368.855923	0.00282792
2370.40431	-0.00376165
2371.952705	0.00279647
2373.50111	-0.00533216
2375.049524	0.00394213
2376.597947	-0.00186777
2378.146379	-0.00178778
2379.694821	-0.00114315
2381.243272	-0.00496831
2382.791731	-0.00532787
2384.340201	0.00125732
2385.888679	-0.000575369
2387.437166	-0.00348675
2388.985663	-0.00510011
2390.534169	-0.000399536
2392.082684	-0.00169736
2393.631208	0.0029685
2395.179741	-0.00871653
2396.728284	-0.00470076
2398.276836	-0.00256797
2399.825397	-0.00560796
2401.373967	-0.003896
2402.922546	-0.00128012
2404.471135	-0.00416994
2406.019732	0.00329871
2407.568339	-0.00156101
2409.116956	-0.00285251
2410.665581	-0.00225106
2412.214215	-0.00125973
2413.762859	-0.00369338
2415.311512	-0.00109293
2416.860174	-0.00247366
2418.408845	0.000407129
2419.957526	0.00179436
2421.506215	-0.00238316
2423.054914	-0.000915829
2424.603622	-0.00242142
2426.152339	-0.00043414
2427.701066	-0.000474454
2429.249801	0.00235844
2430.798546	-0.00166913
2432.3473	-0.00195542
2433.896063	-0.00403085
2435.444836	-0.00243079
2436.993617	0.000233556
2438.542408	-0.00162751
2440.091208	0.00446026
2441.640017	-0.00177744
2443.188836	-0.000721063
2444.737663	-0.000758101
2446.2865	-0.000709925
2447.835346	-0.00190702
2449.384201	-0.00493101
2450.933065	-0.00446524
2452.481939	-0.00299845
2454.030822	5.3427e-05
2455.579714	-0.0001991
2457.128615	0.000672526
2458.677525	-0.00470276
2460.226444	0.0021744
2461.775373	0.001898
2463.324311	0.0041634
2464.873258	-0.00109842
2466.422214	-0.000989506
2467.97118	0.00251108
2469.520155	0.00402647
2471.069139	-0.00263134
2472.618132	0.00109241
2474.167134	-0.00245399
2475.716145	-0.00476581
2477.265166	0.000656494
2478.814196	0.00158654
2480.363235	0.00361268
2481.912283	0.00145993
2483.461341	-0.00528132
2485.010408	0.00198784
2486.559483	-0.00698925
2488.108568	-0.000241851
2489.657663	-0.00272375
2491.206766	-0.00744244
2492.755879	0.000413852
2494.305001	0.000590411
2495.854132	-0.00121498
2497.403272	-0.00415983
2498.952422	0.00484503
2500.50158	0.00302217
2502.050748	0.00203243
2503.599925	0.00102668
2505.149111	0.00291584
2506.698307	0.00083279
2508.247512	0.00110757
2509.796726	-0.00119477
2511.345949	0.00169584
2512.895181	-0.000187104
2514.444422	0.00319066
2515.993673	-0.0038625
2517.542933	-0.00130468
2519.092202	0.00408633
2520.64148	-0.00228628
2522.190768	-0.00725221
2523.740065	0.0046658
2525.289371	0.00381906
2526.838686	0.000992619
2528.38801	0.00290174
2529.937343	0.000477516
2531.486686	-0.00137887
2533.036038	0.00400279
2534.585399	9.94708e-05
2536.13477	0.000241143
2537.684149	-0.00332711
2539.233538	0.000902301
2540.782936	-0.000340102
2542.332343	-0.0065483
2543.881759	-0.00133472
2545.431185	-0.00295922
2546.98062	-0.000384567
2548.530064	0.00237563
2550.079517	0.00157907
2551.628979	0.000785744
2553.178451	-0.00117952
2554.727932	0.00137687
2556.277422	-0.00130106
2557.826921	-0.000557794
2559.376429	-0.00230423
2560.925947	-0.00149962
2562.475474	0.00156711
2564.02501	0.00864195
2565.574555	0.00245562
2567.12411	-0.00140861
2568.673673	0.00351025
2570.223246	6.17205e-05
2571.772828	-0.00179505
2573.32242	0.00149888
2574.87202	-0.00167774
2576.42163	7.94553e-05
2577.971249	-0.00503534
2579.520877	0.00219508
2581.070514	-0.00514398
2582.620161	-0.00486943
2584.169816	0.00141937
2585.719481	0.00121836
2587.269156	0.000487118
2588.818839	-0.00364557
2590.368532	0.00128139
2591.918233	0.000644594
2593.467944	0.00476752
2595.017665	-0.00133246
2596.567394	-0.000842695
2598.117133	-0.00114256
2599.666881	-0.00169822
2601.216638	-0.00203607
2602.766404	0.00157785
2604.31618	-5.2423e-05
2605.865964	-0.00219762
2607.415758	0.00208628
2608.965561	-0.00348871
2610.515374	0.00295525
2612.065195	0.00378806
2613.615026	0.00304057
2615.164866	0.00264329
2616.714715	0.00342127
2618.264574	0.00211141
2619.814441	0.00832349
2621.364318	0.00225916
2622.914204	0.00302979
2624.464099	-0.00271626
2626.014004	0.00549264
2627.563918	0.00368065
2629.113841	0.00328774
2630.663773	0.00282063
2632.213714	0.010672
2633.763665	-0.00260565
2635.313624	0.00160017
2636.863593	0.0016015
2638.413571	0.00315402
2639.963559	0.00618279
2641.513556	0.0121936
2643.063561	0.00776075
2644.613576	0.00516821
2646.163601	0.00156294
2647.713634	0.00468288
2649.263677	0.0124051
2650.813729	0.00650596
2652.36379	0.00867385
2653.91386	0.00945984
2655.46394	0.00985238
2657.014029	0.00327433
2658.564127	0.00340698
2660.114234	0.00152045
2661.66435	0.0121211
2663.214476	0.0141125
2664.764611	0.0130893
2666.314755	0.0164387
2667.864908	0.0115432
2669.415071	0.00962703
2670.965243	0.0112528
2672.515424	0.00777793
2674.065614	0.0178787
2675.615813	0.0232916
2677.166022	0.0155982
2678.71624	0.0169803
2680.266467	0.0147974
2681.816703	0.00999728
2683.366949	0.0136672
2684.917204	0.0117006
2686.467467	0.0208724
2688.017741	0.0130652
2689.568023	0.0162067
2691.118315	0.024108
2692.668616	0.0219243
2694.218926	0.0124188
2695.769245	0.0245964
2697.319573	0.0217809
2698.869911	0.0148065
2700.420258	0.0199122
2701.970614	0.0265142
2703.52098	0.0240685
2705.071354	0.0290801
2706.621738	0.024397
2708.172131	0.0202866
2709.722533	0.0197173
2711.272945	0.0159114
2712.823366	0.0245376
2714.373796	0.0245416
2715.924235	0.0202711
2717.474683	0.0279714
2719.025141	0.0254239
2720.575608	0.0246302
2722.126084	0.0328347
2723.676569	0.0255689
2725.227064	0.0200233
2726.777567	0.0282307
2728.32808	0.0259812
2729.878603	0.0332498
2731.429134	0.0228044
2732.979675	0.0297636
2734.530224	0.0300548
2736.080784	0.0315122
2737.631352	0.0223833
2739.181929	0.0265597
2740.732516	0.0313212
2742.283112	0.0377945
2743.833717	0.0322231
2745.384332	0.0255283
2746.934956	0.0361036
2748.485589	0.0361789
2750.036231	0.0351552
2751.586882	0.0384479
2753.137543	0.040408
2754.688212	0.0428276
2756.238892	0.0437344
2757.78958	0.0360277
2759.340277	0.0423792
2760.890984	0.0450481
2762.4417	0.0416678
2763.992425	0.0297814
2765.54316	0.0404289
2767.093903	0.0425967
2768.644656	0.0530167
2770.195418	0.0540184
2771.74619	0.040716
2773.29697	0.0429887
2774.84776	0.0408659
2776.398559	0.0397811
2777.949367	0.0452673
2779.500185	0.0397782
2781.051011	0.0481579
2782.601847	0.041657
2784.152693	0.0577222
2785.703547	0.0496168
2787.254411	0.0464128
2788.805284	0.0504578
2790.356166	0.0470225
2791.907057	0.0493032
2793.457958	0.0419874
2795.008867	0.0478966
2796.559786	0.0236121
2798.110715	0.0182183
2799.661652	0.0272115
2801.212599	0.0356695
2802.763555	0.0418488
2804.31452	0.0200262
2805.865495	0.0129552
2807.416478	0.0317989
2808.967471	0.0612054
2810.518473	0.0624188
2812.069485	0.0639352
2813.620505	0.0623517
2815.171535	0.0689424
2816.722574	0.0632237
2818.273622	0.0645664
2819.82468	0.0582577
2821.375747	0.0585062
2822.926823	0.0712428
2824.477908	0.0778411
2826.029002	0.062222
2827.580106	0.0672559
2829.131219	0.0832231
2830.682341	0.0712048
2832.233473	0.0726605
2833.784613	0.0777911
2835.335763	0.0921146
2836.886922	0.0743574
2838.438091	0.0798197
2839.989268	0.0817992
2841.540455	0.0870865
2843.091651	0.0907122
2844.642857	0.0896667
2846.194071	0.0917301
2847.745295	0.0988352
2849.296528	0.0993992
2850.84777	0.0977535
2852.399022	0.0754567
2853.950282	0.0826947
2855.501552	0.0494594
2857.052832	0.0890372
2858.60412	0.113224
2860.155418	0.107285
2861.706725	0.112387
2863.258041	0.113809
2864.809366	0.119999
2866.360701	0.118401
2867.912045	0.134203
2869.463398	0.130349
2871.01476	0.13809
2872.566132	0.140203
2874.117513	0.152421
2875.668903	0.156963
2877.220302	0.150107
2878.771711	0.152728
2880.323129	0.171686
2881.874556	0.160707
2883.425992	0.164781
2884.977438	0.162527
2886.528892	0.177471
2888.080356	0.179527
2889.63183	0.182338
2891.183312	0.174113
2892.734804	0.199944
2894.286305	0.183508
2895.837815	0.20326
2897.389335	0.192473
2898.940863	0.210543
2900.492401	0.218636
2902.043948	0.224666
2903.595505	0.22043
2905.147071	0.197039
2906.698646	0.204091
2908.25023	0.213908
2909.801823	0.228566
2911.353426	0.211381
2912.905038	0.211613
2914.456659	0.231471
2916.008289	0.218011
2917.559929	0.22846
2919.111578	0.216767
2920.663236	0.22377
2922.214903	0.250224
2923.76658	0.213087
2925.318266	0.215339
2926.869961	0.237484
2928.421665	0.208049
2929.973379	0.228373
2931.525102	0.229596
2933.076834	0.207398
2934.628575	0.229519
2936.180326	0.229085
2937.732086	0.238708
2939.283855	0.225909
2940.835633	0.234472
2942.387421	0.222863
2943.939218	0.224249
2945.491024	0.21119
2947.042839	0.217853
2948.594664	0.221445
2950.146498	0.208222
2951.698341	0.236933
2953.250193	0.226289
2954.802055	0.204745
2956.353925	0.189834
2957.905805	0.222731
2959.457695	0.215235
2961.009593	0.200339
2962.561501	0.212391
2964.113418	0.198865
2965.665345	0.208845
2967.21728	0.205569
2968.769225	0.196337
2970.321179	0.203952
2971.873142	0.189791
2973.425115	0.182396
2974.977097	0.199553
2976.529088	0.18625
2978.081088	0.206855
2979.633098	0.208379
2981.185117	0.188805
2982.737145	0.189131
2984.289182	0.19335
2985.841229	0.179965
2987.393285	0.210191
2988.94535	0.184797
2990.497424	0.176784
2992.049508	0.185399
2993.601601	0.190828
2995.153703	0.183709
2996.705814	0.177356
2998.257935	0.184907
2999.810065	0.179882
3001.362204	0.177654
3002.914352	0.192257
3004.46651	0.184044
3006.018677	0.205525
3007.570853	0.167691
3009.123038	0.189025
3010.675233	0.176962
3012.227437	0.181374
3013.77965	0.170564
3015.331872	0.162351
3016.884104	0.171937
3018.436345	0.180194
3019.988595	0.161596
3021.540855	0.181863
3023.093123	0.171743
3024.645401	0.157837
3026.197688	0.159638
3027.749985	0.170065
3029.302291	0.154989
3030.854606	0.168611
3032.40693	0.151116
3033.959263	0.16153
3035.511606	0.148168
3037.063958	0.187645
3038.616319	0.149674
3040.16869	0.157793
3041.72107	0.157691
3043.273459	0.146499
3044.825857	0.16636
3046.378265	0.148437
3047.930681	0.154406
3049.483108	0.14771
3051.035543	0.149817
3052.587988	0.155172
3054.140441	0.152641
3055.692905	0.148311
3057.245377	0.151834
3058.797859	0.148177
3060.350349	0.144902
3061.90285	0.16099
3063.455359	0.168621
3065.007878	0.157423
3066.560406	0.143989
3068.112943	0.163416
3069.665489	0.147477
3071.218045	0.150272
3072.77061	0.149415
3074.323184	0.157255
3075.875768	0.149991
3077.428361	0.157821
3078.980963	0.14662
3080.533574	0.146853
3082.086195	0.168265
3083.638824	0.167705
3085.191463	0.152557
3086.744112	0.135814
3088.296769	0.167393
3089.849436	0.161619
3091.402112	0.161492
3092.954798	0.173025
3094.507493	0.174937
3096.060196	0.156688
3097.61291	0.169798
3099.165632	0.160905
3100.718364	0.177603
3102.271105	0.179604
3103.823855	0.176979
3105.376615	0.169168
3106.929383	0.183232
3108.482161	0.178053
3110.034949	0.17203
3111.587745	0.175404
3113.140551	0.186742
3114.693366	0.187116
3116.246191	0.199545
3117.799024	0.181978
3119.351867	0.175754
3120.904719	0.191399
3122.457581	0.190732
3124.010452	0.181163
3125.563332	0.193021
3127.116221	0.181214
3128.669119	0.186092
3130.222027	0.187255
3131.774944	0.207067
3133.327871	0.196667
3134.880806	0.189131
3136.433751	0.197576
3137.986705	0.190805
3139.539669	0.190758
3141.092641	0.203209
3142.645623	0.204179
3144.198614	0.203452
3145.751615	0.209896
3147.304625	0.20951
3148.857644	0.185884
3150.410672	0.139988
3151.963709	0.134266
3153.516756	0.248627
3155.069812	0.40047
3156.622878	0.00143927
