1571.64351	-0.00468171
1573.187042	-0.00182738
1574.730583	-0.00364423
1576.274134	-0.00139386
1577.817693	-0.00332801
1579.361261	-0.00424541
1580.904838	-0.000933563
1582.448425	-0.00415222
1583.99202	-0.0121982
1585.535624	0.000284964
1587.079237	0.00323028
1588.622859	-0.0103729
1590.166491	-0.0027001
1591.710131	-0.00335923
1593.25378	0.00179789
1594.797438	-0.00631011
1596.341106	-0.00167807
1597.884782	-0.00628786
1599.428467	-0.00474792
1600.972161	-0.00251213
1602.515865	-0.00446365
1604.059577	0.00213817
1605.603298	-0.0081945
1607.147028	-0.00228064
1608.690768	-0.00458858
1610.234516	-0.00840701
1611.778273	-0.00246588
1613.32204	-0.00325882
1614.865815	-0.00561008
1616.409599	-0.00626977
1617.953392	-0.00506212
1619.497195	-0.00307488
1621.041006	-0.00308912
1622.584826	-0.00166637
1624.128656	-0.00535252
1625.672494	-0.00755206
1627.216341	-0.00352093
1628.760198	-0.00934465
1630.304063	-0.00689559
1631.847937	-0.0023392
1633.391821	-0.00166121
1634.935713	-0.00327757
1636.479614	-0.00172411
1638.023525	-0.00631365
1639.567444	-0.00411849
1641.111373	-0.00133993
1642.65531	-0.00505393
1644.199256	-0.00637633
1645.743212	-0.00588112
1647.287176	-0.00509662
1648.83115	-0.000136754
1650.375132	-0.00729171
1651.919124	-0.00522501
1653.463124	0.00289836
1655.007134	-0.00300295
1656.551152	-0.00664824
1658.095179	-0.00356314
1659.639216	0.00174604
1661.183261	-0.00222878
1662.727316	-0.00855285
1664.271379	-0.00905602
1665.815452	-0.00846101
1667.359534	-0.00109407
1668.903624	-0.00303841
1670.447724	-0.00387188
1671.991832	-0.000558021
1673.53595	-0.00355599
1675.080076	-0.00138997
1676.624212	-0.00444277
1678.168357	6.08757e-05
1679.71251	0.000835666
1681.256673	-0.0055669
1682.800844	-0.0073179
1684.345025	-0.00933405
1685.889215	-0.000765667
1687.433413	-0.00491328
1688.977621	-0.00534655
1690.521838	-0.0076061
1692.066064	-0.00336627
1693.610298	-0.000782645
1695.154542	-0.00365364
1696.698795	0.00246734
1698.243057	-0.00286602
1699.787327	0.00173155
1701.331607	-0.00375849
1702.875896	-0.000886114
1704.420194	-0.00906309
1705.964501	-0.00701752
1707.508816	-0.00306949
1709.053141	0.00318186
1710.597475	-0.00342815
1712.141818	-0.00135173
1713.68617	-0.00253989
1715.230531	-0.0062941
1716.774901	-0.00817186
1718.31928	-0.00688924
1719.863668	-0.00325156
1721.408065	-0.00373497
1722.952471	-0.00563818
1724.496886	-0.00654157
1726.04131	-0.00221717
1727.585743	-0.004473
1729.130185	-0.00521976
1730.674636	-0.00537675
1732.219096	-0.00417764
1733.763565	-0.00662751
1735.308043	-0.00794308
1736.852531	-0.00795574
1738.397027	-0.0077312
1739.941532	-0.00270119
1741.486046	0.00120559
1743.030569	-0.0095213
1744.575101	-0.00398828
1746.119643	-8.47765e-06
1747.664193	-0.00207535
1749.208752	-0.00435023
1750.753321	-0.00621228
1752.297898	-0.00503293
1753.842484	-0.00157805
1755.38708	-0.00417756
1756.931684	-0.00255969
1758.476297	-0.00137486
1760.02092	-0.00347308
1761.565551	-0.00786326
1763.110192	-0.000306313
1764.654841	-0.000443164
1766.1995	-0.00130922
1767.744167	0.00130555
1769.288844	0.00372635
1770.833529	-0.000708491
1772.378224	-0.00356834
1773.922928	-0.00122923
1775.46764	-0.00332143
1777.012362	-0.00373945
1778.557092	-0.0051634
1780.101832	-0.00153106
1781.646581	-0.00311146
1783.191339	-0.00329631
1784.736105	0.00129161
1786.280881	-0.00301011
1787.825666	-0.00151781
1789.37046	-0.00108414
1790.915263	-0.0113569
1792.460074	-0.00214747
1794.004895	0.00127306
1795.549725	-0.00355396
1797.094564	-0.00309874
1798.639412	0.0022108
1800.184269	-0.00255411
1801.729135	-0.00866592
1803.27401	-0.0080444
1804.818894	-0.00883841
1806.363787	-0.00302511
1807.908689	-0.00163083
1809.4536	-0.000560278
1810.998521	0.00237441
1812.54345	-0.00493842
1814.088388	-0.000308754
1815.633335	-0.00185671
1817.178291	-0.00321428
1818.723257	-0.00393606
1820.268231	-0.00586097
1821.813214	-0.00555503
1823.358207	0.00301031
1824.903208	-0.00322066
1826.448218	-0.00273611
1827.993238	0.00335396
1829.538266	0.000309259
1831.083304	0.00177508
1832.62835	-0.00169404
1834.173406	-0.00241936
1835.71847	-0.0047094
1837.263544	-0.00732248
1838.808627	-0.00429108
1840.353718	-0.00795565
1841.898819	-0.000166902
1843.443929	-0.00527695
1844.989047	-0.00491886
1846.534175	-0.00209224
1848.079312	-0.00764004
1849.624458	-0.00193465
1851.169613	-0.00259759
1852.714776	0.00434124
1854.259949	-0.003388
1855.805131	-0.00254072
1857.350322	-0.00284562
1858.895522	-0.00527295
1860.440731	-0.00586311
1861.985949	-0.0044914
1863.531176	-0.00444101
1865.076412	0.00582642
1866.621658	-0.00203224
1868.166912	-0.00435766
1869.712175	-0.00240093
1871.257447	-0.00733712
1872.802728	-0.00395928
1874.348019	-0.00330706
1875.893318	-0.000645704
1877.438626	-0.000315079
1878.983944	-0.000744543
1880.52927	-0.00825927
1882.074606	-0.0015974
1883.61995	-0.00340497
1885.165304	-0.0037252
1886.710666	-0.00507564
1888.256038	0.00179595
1889.801418	-0.000388397
1891.346808	-0.00742085
1892.892207	-0.00823439
1894.437614	-0.0068181
1895.983031	-0.000156336
1897.528457	-0.00295768
1899.073892	-0.00371789
1900.619336	-0.00447919
1902.164788	-0.00299916
1903.71025	-0.001887
1905.255721	-0.00392235
1906.801201	0.00412853
1908.34669	-0.00204559
1909.892188	-0.0075579
1911.437695	0.000999653
1912.983212	-0.00600509
1914.528737	-0.00073857
1916.074271	-0.00599629
1917.619814	0.000589128
1919.165366	-0.00348708
1920.710928	-0.00122445
1922.256498	-0.00383503
1923.802077	0.00310354
1925.347666	-0.00450087
1926.893263	-0.00597674
1928.43887	-0.00693073
1929.984485	-0.000572208
1931.53011	0.00125633
1933.075743	0.00203953
1934.621386	-0.00373257
1936.167038	-0.000503694
1937.712698	-0.00585228
1939.258368	-0.00691036
1940.804047	-0.000682662
1942.349735	-0.00716959
1943.895432	0.00102797
1945.441137	-0.00659169
1946.986852	-0.0056239
1948.532576	-0.00261062
1950.078309	0.000812204
1951.624051	-0.00597686
1953.169803	-0.000195398
1954.715563	0.000162554
1956.261332	-0.0017474
1957.80711	-0.00468115
1959.352897	-0.00717995
1960.898694	-0.00420106
1962.444499	-0.00272831
1963.990313	-0.00413301
1965.536137	-0.00557509
1967.081969	-0.00544391
1968.627811	0.00120601
1970.173661	-0.00693946
1971.719521	-0.00112636
1973.265389	-0.00714747
1974.811267	-0.00386459
1976.357154	-0.00429239
1977.903049	0.00187262
1979.448954	-0.00226943
1980.994868	-0.00460188
1982.540791	0.00258492
1984.086723	-0.00436777
1985.632664	0.00406502
1987.178614	-0.00496115
1988.724573	-0.00387903
1990.270541	-0.00608292
1991.816518	-0.0014296
1993.362504	-0.00225801
1994.908499	-0.00498808
1996.454503	-0.000467396
1998.000517	-0.00260168
1999.546539	-0.00264922
2001.09257	0.00011035
2002.638611	-0.00212414
2004.18466	-0.00139797
2005.730719	-0.00241135
2007.276786	-0.00465895
2008.822863	-0.00511544
2010.368949	-0.000162383
2011.915043	-0.00171123
2013.461147	-0.00623629
2015.00726	0.00112819
2016.553382	-0.000384166
2018.099513	-0.00947874
2019.645653	-8.05884e-05
2021.191801	-0.00383599
2022.737959	-0.000305102
2024.284127	-0.00102885
2025.830303	-0.00641965
2027.376488	-0.00693241
2028.922682	-0.00520135
2030.468885	-0.00582735
2032.015098	0.00108377
2033.561319	-0.000723734
2035.107549	-0.0015403
2036.653789	-0.00587895
2038.200037	-0.00644865
2039.746295	0.00120119
2041.292561	0.00227267
2042.838837	0.000298112
2044.385122	-0.00289654
2045.931415	0.00522979
2047.477718	-0.0032758
2049.02403	-0.00482322
2050.570351	-0.00858172
2052.116681	0.000378508
2053.66302	-0.0037165
2055.209368	0.00690335
2056.755725	-0.00379708
2058.302091	-0.00256704
2059.848466	-0.00126572
2061.39485	-0.00352482
2062.941244	-0.00776829
2064.487646	-0.00633282
2066.034057	-5.56066e-05
2067.580478	-0.00169632
2069.126907	-0.00638364
2070.673346	0.000150674
2072.219793	-0.00281102
2073.76625	-0.0011909
2075.312716	0.000710396
2076.85919	-0.00128068
2078.405674	-0.00537124
2079.952167	-0.00245513
2081.498669	-0.00446578
2083.04518	-0.00401935
2084.5917	-0.00406119
2086.138229	0.00574067
2087.684767	0.00230943
2089.231314	0.000647251
2090.77787	-0.00196627
2092.324436	-0.000445361
2093.87101	0.00525967
2095.417593	-0.000801019
2096.964186	-0.00615404
2098.510787	-0.00159551
2100.057398	-0.000228014
2101.604017	-0.00462099
2103.150646	-0.00205884
2104.697284	0.000947048
2106.24393	0.00440488
2107.790586	-0.00135814
2109.337251	0.00237251
2110.883925	0.000114045
2112.430608	0.00437972
2113.9773	-0.00660432
2115.524001	0.00552182
2117.070711	0.00207661
2118.61743	-0.00740898
2120.164159	0.000912299
2121.710896	-0.00447643
2123.257642	0.00690254
2124.804398	-0.00030545
2126.351162	0.000142255
2127.897936	-0.00433028
2129.444718	-0.00102863
2130.99151	-0.000964511
2132.538311	7.36332e-05
2134.08512	0.00278878
2135.631939	3.23942e-05
2137.178767	-0.00492958
2138.725604	-0.00577913
2140.27245	-0.00561038
2141.819305	-0.00039969
2143.366169	0.0022236
2144.913042	0.00433263
2146.459925	-0.00617311
2148.006816	-0.00133201
2149.553716	0.00258927
2151.100626	-0.00132956
2152.647544	-0.000332093
2154.194472	0.00138076
2155.741408	-0.00471682
2157.288354	-0.00443719
2158.835309	-0.00783586
2160.382272	-0.000654716
2161.929245	-0.00288093
2163.476227	7.43772e-05
2165.023218	-0.0014041
2166.570218	-0.00285294
2168.117227	-0.00151975
2169.664245	0.00409727
2171.211272	-0.000443092
2172.758309	0.000372808
2174.305354	0.00152804
2175.852408	-0.00057966
2177.399472	-0.00478176
2178.946544	-0.00682133
2180.493626	-0.002208
2182.040716	-0.00531606
2183.587816	-0.000813782
2185.134925	0.00314691
2186.682043	-0.0038593
2188.22917	-0.00570295
2189.776306	-0.00457289
2191.323451	-0.00417293
2192.870605	-0.00306659
2194.417768	-0.00250509
2195.96494	-0.00237595
2197.512121	-0.00294017
2199.059312	-0.00202508
2200.606511	-0.00290659
2202.153719	0.00245048
2203.700937	-0.00139285
2205.248164	0.00257765
2206.795399	-0.00139328
2208.342644	0.0017982
2209.889898	-0.00270939
2211.437161	-0.00570043
2212.984433	-0.000686255
2214.531714	0.00269659
2216.079004	-0.00490944
2217.626303	-0.000996274
2219.173611	0.00280797
2220.720928	9.27048e-05
2222.268254	-0.00895008
2223.81559	-0.00315279
2225.362934	-6.25645e-05
2226.910288	-0.00282333
2228.45765	-0.00282964
2230.005022	-0.00734246
2231.552403	0.000223588
2233.099793	3.12155e-05
2234.647191	0.00121097
2236.194599	-0.00226824
2237.742016	-0.00912569
2239.289442	0.000140075
2240.836877	-0.00123659
2242.384322	-0.00483289
2243.931775	0.000763955
2245.479237	-0.00143624
2247.026709	-0.00100751
2248.574189	-0.00155629
2250.121679	0.00167012
2251.669177	0.00013153
2253.216685	-0.00256714
2254.764202	-0.00746652
2256.311728	-0.00111697
2257.859263	-0.00433053
2259.406807	-0.00250742
2260.95436	-0.00967774
2262.501922	0.0001023
2264.049493	0.00358406
2265.597073	-0.00369036
2267.144662	-0.00466029
2268.692261	-0.0011993
2270.239868	-0.00127415
2271.787485	0.000278135
2273.33511	-0.000797331
2274.882745	-0.00342668
2276.430389	-0.00899918
2277.978042	-0.0045464
2279.525704	-0.000416773
2281.073375	-0.00170587
2282.621055	-0.00303605
2284.168744	-0.000591334
2285.716442	-0.00219211
2287.264149	0.00123808
2288.811866	-0.00793209
2290.359591	0.00111384
2291.907325	0.000227925
2293.455069	0.0031577
2295.002822	0.00443257
2296.550583	-0.00740174
2298.098354	-0.000330964
2299.646134	-7.9938e-05
2301.193923	-0.000583001
2302.741721	-0.00317675
2304.289528	-0.00277528
2305.837344	-0.00200868
2307.385169	0.00306899
2308.933004	-0.000581061
2310.480847	-0.00178155
2312.0287	-0.00546538
2313.576561	-0.00160183
2315.124432	0.000164341
2316.672311	-0.00471701
2318.2202	0.00203911
2319.768098	-0.00269057
2321.316005	-0.00455373
2322.863921	-0.00162747
2324.411846	-0.00506367
2325.95978	-0.00322692
2327.507723	-0.00352476
2329.055676	-0.00508316
2330.603637	0.00475011
2332.151608	0.00039612
2333.699587	0.00137803
2335.247576	-0.00431859
2336.795574	-0.00409969
2338.34358	-0.00339408
2339.891596	0.00546522
2341.439621	-0.00258653
2342.987655	0.00207554
2344.535698	0.000814559
2346.08375	-0.00721267
2347.631812	-0.00548295
2349.179882	0.00625088
2350.727961	-0.00367768
2352.27605	0.00538256
2353.824147	0.000773442
2355.372254	-0.0018528
2356.92037	0.000479859
2358.468495	-0.00206898
2360.016629	0.00172118
2361.564772	0.00489952
2363.112924	-0.00650893
2364.661085	0.00263803
2366.209255	0.000356809
2367.757434	-0.00465969
2369.305623	0.000507497
2370.85382	-0.00604115
2372.402027	-0.00129813
2373.950242	-0.00106612
2375.498467	7.13801e-05
2377.046701	0.00025561
2378.594944	-0.00495881
2380.143196	0.000733197
2381.691457	-0.00314791
2383.239727	-0.00600638
2384.788006	0.00320289
2386.336295	-0.00423273
2387.884592	0.000152376
2389.432898	0.003251
2390.981214	-0.00185497
2392.529539	-0.000892684
2394.077872	-0.00649129
2395.626215	-0.00646652
2397.174567	-0.00342985
2398.722928	0.000340534
2400.271298	-0.00486952
2401.819677	-0.00283022
2403.368065	-0.00928218
2404.916463	-0.000775617
2406.464869	-0.0036037
2408.013285	-0.00633407
2409.561709	-7.95769e-05
2411.110143	0.00197264
2412.658586	-0.0063366
2414.207037	-0.00153876
2415.755498	0.00704878
2417.303968	-0.00245429
2418.852448	-0.00309992
2420.400936	0.00423065
2421.949433	0.00508633
2423.497939	-0.00334291
2425.046455	0.00243952
2426.594979	0.00122439
2428.143513	0.00131579
2429.692056	-0.00108125
2431.240607	-0.000908381
2432.789168	-0.00297608
2434.337738	0.00152482
2435.886317	0.00585913
2437.434906	-0.0026025
2438.983503	-0.00518967
2440.532109	-0.00535904
2442.080725	-0.00528246
2443.629349	-0.00196391
2445.177983	-0.00486375
2446.726625	-0.00422163
2448.275277	-0.000127302
2449.823938	0.00689576
2451.372608	0.000490211
2452.921287	0.00378452
2454.469975	-0.00120518
2456.018672	-0.00227657
2457.567379	0.00269841
2459.116094	-0.00404783
2460.664819	0.00292274
2462.213552	0.00115424
2463.762295	0.00290437
2465.311047	0.000561326
2466.859808	-0.0031632
2468.408578	-0.00206481
2469.957357	0.00293936
2471.506145	-0.000883383
2473.054942	0.00300816
2474.603748	-0.00224385
2476.152564	0.00122855
2477.701388	0.00291631
2479.250222	-0.00167634
2480.799065	-0.000352857
2482.347917	-0.00162453
2483.896777	-0.00567695
2485.445647	-0.00341279
2486.994527	0.00613291
2488.543415	0.000437108
2490.092312	-0.0020492
2491.641218	0.000846468
2493.190134	-0.00221408
2494.739058	-0.00533593
2496.287992	0.000268004
2497.836935	0.0052788
2499.385887	-1.24413e-05
2500.934848	0.0019973
2502.483818	0.000934535
2504.032797	-0.0021364
2505.581785	-0.0051648
2507.130782	-0.00148678
2508.679789	0.00257285
2510.228804	-0.000877826
2511.777829	0.00328478
2513.326863	-0.00393752
2514.875905	0.000231826
2516.424957	0.00509999
2517.974018	0.00280457
2519.523088	0.00299236
2521.072168	0.00504477
2522.621256	-0.002084
2524.170353	0.0102764
2525.71946	-0.00319483
2527.268575	-0.00245707
2528.8177	-0.000337724
2530.366834	-0.00588553
2531.915977	0.00392706
2533.465129	-0.000438241
2535.01429	-0.00271277
2536.56346	0.00744389
2538.112639	0.00351717
2539.661828	0.00364409
2541.211025	5.22871e-05
2542.760232	0.00164148
2544.309448	0.00162972
2545.858672	0.000941407
2547.407906	0.000971609
2548.957149	-0.00190748
2550.506401	0.00405502
2552.055662	-0.00159615
2553.604933	0.00480706
2555.154212	0.00200767
2556.703501	0.000586121
2558.252798	-0.000512942
2559.802105	0.00590786
2561.351421	-0.00234735
2562.900746	0.00662576
2564.45008	0.00124343
2565.999423	-9.91563e-05
2567.548775	0.00682268
2569.098136	-0.00220602
2570.647507	5.07338e-05
2572.196886	0.00526744
2573.746275	0.00159486
2575.295673	-0.00233577
2576.845079	-0.000112743
2578.394495	-0.000456578
2579.94392	-0.00411825
2581.493354	-0.00183642
2583.042798	-0.00216822
2584.59225	0.0025044
2586.141711	-0.00288281
2587.691182	0.00253326
2589.240662	0.000997433
2590.79015	-0.00229314
2592.339648	-0.00626833
2593.889155	0.00180324
2595.438671	-0.00604789
2596.988197	0.00398079
2598.537731	0.00311663
2600.087274	-0.00251375
2601.636827	-0.00557594
2603.186388	-0.00132373
2604.735959	-0.00344323
2606.285539	-0.00054071
2607.835128	-0.00713315
2609.384726	0.00377766
2610.934333	0.00672054
2612.483949	-0.0039509
2614.033575	0.00288557
2615.583209	0.000687921
2617.132853	-0.00319189
2618.682505	0.00115772
2620.232167	0.00316143
2621.781838	-0.000724117
2623.331518	0.00605582
2624.881207	-0.00205634
2626.430905	-0.000691654
2627.980613	-0.000542613
2629.530329	-0.00475826
2631.080055	0.00296884
2632.629789	0.00758487
2634.179533	0.00379188
2635.729286	-0.00214172
2637.279048	0.00318252
2638.828819	0.00761592
2640.378599	-0.00360008
2641.928388	0.0046499
2643.478187	-0.000103328
2645.027994	0.0109489
2646.577811	-0.000151869
2648.127637	-0.00197098
2649.677472	0.0019544
2651.227316	0.00395342
2652.777169	0.00180678
2654.327031	0.0105247
2655.876902	0.00107167
2657.426783	0.0107131
2658.976672	0.00825885
2660.526571	0.00747561
2662.076479	0.0079593
2663.626396	0.00909763
2665.176322	0.0104544
2666.726257	0.00275196
2668.276201	0.00997525
2669.826154	0.0104156
2671.376117	0.0142478
2672.926088	0.014416
2674.476069	0.00580374
2676.026059	0.0104024
2677.576057	0.0158799
2679.126066	0.00118979
2680.676083	0.00894634
2682.226109	0.0132019
2683.776144	0.0207835
2685.326189	0.00698306
2686.876242	0.00617014
2688.426305	0.0147854
2689.976377	0.0108064
2691.526458	0.00509727
2693.076548	0.0181596
2694.626647	0.0130398
2696.176755	0.0124446
2697.726873	0.0198821
2699.276999	0.0105394
2700.827135	0.0113973
2702.377279	0.00717212
2703.927433	0.0151413
2705.477596	0.0180784
2707.027768	0.0208369
2708.57795	0.0123068
2710.12814	0.0175006
2711.678339	0.0126803
2713.228548	0.0144719
2714.778766	0.0157198
2716.328992	0.0154575
2717.879228	0.0144186
2719.429473	0.0210461
2720.979727	0.0223888
2722.529991	0.0165194
2724.080263	0.0195303
2725.630545	0.0156762
2727.180835	0.0229167
2728.731135	0.0226645
2730.281444	0.0340003
2731.831762	0.0216723
2733.382089	0.0212274
2734.932425	0.0137631
2736.48277	0.0202647
2738.033125	0.0225839
2739.583488	0.026747
2741.133861	0.0190433
2742.684243	0.025823
2744.234634	0.0315197
2745.785034	0.0324606
2747.335443	0.019956
2748.885861	0.0194771
2750.436289	0.0344488
2751.986725	0.0252616
2753.537171	0.0389042
2755.087626	0.0226755
2756.63809	0.0250972
2758.188563	0.0211456
2759.739045	0.0287033
2761.289536	0.0276091
2762.840037	0.0364612
2764.390546	0.0225178
2765.941065	0.0337191
2767.491593	0.0354033
2769.042129	0.0210319
2770.592676	0.0235094
2772.143231	0.0270606
2773.693795	0.0360331
2775.244368	0.0378476
2776.794951	0.039304
2778.345542	0.0330659
2779.896143	0.0345756
2781.446753	0.0389209
2782.997372	0.034398
2784.548	0.0445809
2786.098638	0.035372
2787.649284	0.0354818
2789.199939	0.0333889
2790.750604	0.0471415
2792.301278	0.040941
2793.851961	0.0265426
2795.402653	0.0200509
2796.953354	0.0192943
2798.504064	0.0214059
2800.054784	0.0242032
2801.605512	0.0205158
2803.15625	0.0211354
2804.706997	0.0204011
2806.257752	0.0233619
2807.808517	0.0306316
2809.359292	0.0307846
2810.910075	0.0379277
2812.460867	0.0362168
2814.011669	0.0492563
2815.56248	0.0318593
2817.113299	0.0412515
2818.664128	0.042364
2820.214966	0.0455764
2821.765814	0.0489424
2823.31667	0.056866
2824.867535	0.0427255
2826.41841	0.042529
2827.969294	0.0563844
2829.520186	0.0473658
2831.071088	0.0605224
2832.621999	0.0508694
2834.17292	0.0510538
2835.723849	0.0371742
2837.274787	0.0437936
2838.825735	0.0374466
2840.376692	0.0538839
2841.927658	0.0554315
2843.478633	0.0620637
2845.029617	0.0634787
2846.58061	0.0624573
2848.131613	0.05801
2849.682624	0.0662746
2851.233645	0.0591424
2852.784675	0.0309708
2854.335713	0.0458082
2855.886762	0.052162
2857.437819	0.0545254
2858.988885	0.0785219
2860.53996	0.0688225
2862.091045	0.0781173
2863.642139	0.0868732
2865.193242	0.0864005
2866.744354	0.0807296
2868.295475	0.0853769
2869.846605	0.093021
2871.397744	0.0886225
2872.948893	0.104432
2874.500051	0.0748668
2876.051217	0.0875544
2877.602393	0.0951203
2879.153578	0.084996
2880.704773	0.105552
2882.255976	0.110947
2883.807188	0.109977
2885.35841	0.112297
2886.909641	0.110752
2888.460881	0.117814
2890.01213	0.106578
2891.563388	0.121977
2893.114655	0.106235
2894.665932	0.11714
2896.217217	0.134734
2897.768512	0.1216
2899.319816	0.122324
2900.871129	0.129855
2902.422451	0.119524
2903.973782	0.135869
2905.525122	0.138397
2907.076472	0.132487
2908.627831	0.138798
2910.179198	0.12756
2911.730575	0.130298
2913.281961	0.113689
2914.833357	0.128161
2916.384761	0.142244
2917.936174	0.138295
2919.487597	0.148152
2921.039029	0.130395
2922.59047	0.141682
2924.14192	0.135395
2925.693379	0.138701
2927.244847	0.138033
2928.796325	0.11553
2930.347811	0.11649
2931.899307	0.132096
2933.450812	0.132537
2935.002326	0.132266
2936.553849	0.122177
2938.105381	0.137742
2939.656923	0.143942
2941.208474	0.132874
2942.760033	0.153015
2944.311602	0.154665
2945.86318	0.139658
2947.414767	0.146082
2948.966364	0.123827
2950.517969	0.141259
2952.069584	0.140183
2953.621207	0.145662
2955.17284	0.122338
2956.724482	0.147576
2958.276133	0.121739
2959.827794	0.114317
2961.379463	0.132296
2962.931142	0.138099
2964.482829	0.120374
2966.034526	0.122649
2967.586232	0.134393
2969.137948	0.119372
2970.689672	0.11577
2972.241405	0.127985
2973.793148	0.127084
2975.3449	0.107675
2976.896661	0.118884
2978.448431	0.129071
2980.00021	0.113255
2981.551998	0.0908179
2983.103796	0.115177
2984.655602	0.112461
2986.207418	0.118863
2987.759243	0.103969
2989.311077	0.108089
2990.86292	0.103644
2992.414772	0.112655
2993.966634	0.115995
2995.518504	0.101815
2997.070384	0.0942068
2998.622273	0.103503
3000.174171	0.116286
3001.726079	0.115527
3003.277995	0.0923873
3004.82992	0.0891381
3006.381855	0.119325
3007.933799	0.0982492
3009.485752	0.104087
3011.037714	0.0902636
3012.589685	0.104352
3014.141666	0.0987339
3015.693655	0.116132
3017.245654	0.110157
3018.797662	0.108249
3020.349679	0.0930996
3021.901705	0.103523
3023.45374	0.103126
3025.005785	0.0989214
3026.557838	0.0972103
3028.109901	0.0997877
3029.661973	0.119813
3031.214054	0.0980857
3032.766144	0.0986413
3034.318244	0.10457
3035.870352	0.0900832
3037.42247	0.101277
3038.974597	0.109794
3040.526733	0.0963863
3042.078878	0.0958796
3043.631032	0.107117
3045.183195	0.090999
3046.735368	0.116938
3048.28755	0.101189
3049.839741	0.0977067
3051.391941	0.0748974
3052.94415	0.0812223
3054.496368	0.0990205
3056.048596	0.0884331
3057.600832	0.0911341
3059.153078	0.0806806
3060.705333	0.0918098
3062.257597	0.0825796
3063.809871	0.0770637
3065.362153	0.0950227
3066.914445	0.0968918
3068.466745	0.0831706
3070.019055	0.0994023
3071.571374	0.0853821
3073.123702	0.0919497
3074.67604	0.0985919
3076.228386	0.0874065
3077.780742	0.0705312
3079.333107	0.103911
3080.885481	0.0994492
3082.437864	0.0963455
3083.990256	0.0878152
3085.542657	0.101024
3087.095068	0.0813784
3088.647488	0.0802414
3090.199917	0.0924672
3091.752355	0.0906762
3093.304802	0.0854828
3094.857258	0.0938641
3096.409724	0.0899985
3097.962199	0.107792
3099.514682	0.0808326
3101.067175	0.0898402
3102.619678	0.0936795
3104.172189	0.10257
3105.724709	0.109449
3107.277239	0.098491
3108.829778	0.106836
3110.382326	0.113272
3111.934883	0.102467
3113.487449	0.0952836
3115.040025	0.106229
3116.592609	0.0857671
3118.145203	0.106302
3119.697806	0.0901294
3121.250418	0.0922293
3122.803039	0.105401
3124.35567	0.0967753
3125.908309	0.101336
3127.460958	0.108907
3129.013616	0.11843
3130.566283	0.109473
3132.118959	0.105106
3133.671644	0.0923916
3135.224339	0.0979753
3136.777043	0.122544
3138.329756	0.0979524
3139.882478	0.0935978
3141.435209	0.110511
3142.987949	0.098018
3144.540699	0.123591
3146.093457	0.114272
3147.646225	0.120535
3149.199002	0.103366
3150.751788	0.0778271
3152.304583	0.133986
3153.857388	0.220851
3155.410202	0.0013892
