1571.763593	-0.00619251
1573.307129	-5.57833e-05
1574.850674	0.000296452
1576.394229	-0.00154803
1577.937792	-0.00870193
1579.481364	-0.0027116
1581.024945	-0.00221684
1582.568535	-0.0111838
1584.112134	-0.00507657
1585.655742	-0.00510278
1587.19936	0.00197172
1588.742986	-0.00022929
1590.286621	-0.00462936
1591.830265	0.00194085
1593.373918	0.00114999
1594.917581	-0.00839467
1596.461252	-0.00669745
1598.004932	-0.00163924
1599.548621	-0.00580971
1601.092319	-0.00280748
1602.636027	-0.003567
1604.179743	-0.00142152
1605.723468	-0.00222596
1607.267202	0.00608637
1608.810946	-0.00118787
1610.354698	-0.00510759
1611.898459	-0.00430408
1613.44223	-0.00314787
1614.986009	-0.000864392
1616.529797	0.000782747
1618.073594	-0.00012449
1619.617401	-0.00166686
1621.161216	-0.00667139
1622.70504	-0.00477015
1624.248874	-0.00386855
1625.792716	-0.00458857
1627.336568	-0.0035641
1628.880428	0.00254178
1630.424297	-0.000561651
1631.968176	0.000859935
1633.512063	-0.00362727
1635.05596	-0.00420682
1636.599865	-0.000538217
1638.14378	-0.00189494
1639.687703	0.00401029
1641.231636	-0.00475276
1642.775577	-0.00619711
1644.319528	-0.00808301
1645.863487	-0.00558844
1647.407456	-0.000739404
1648.951433	-0.00422846
1650.49542	-0.00214124
1652.039415	-0.00490243
1653.58342	-0.00659563
1655.127434	-0.00125758
1656.671456	-0.00596048
1658.215488	-0.00661378
1659.759528	0.00502534
1661.303578	-0.00833304
1662.847637	-0.00759408
1664.391704	0.00272054
1665.935781	-0.00161693
1667.479867	-0.00521101
1669.023962	0.00447217
1670.568065	-0.0049349
1672.112178	0.00208653
1673.6563	-0.00547109
1675.200431	-0.00391211
1676.74457	-0.00132657
1678.288719	-0.00254384
1679.832877	-0.00322789
1681.377044	-0.00424207
1682.92122	-0.00221209
1684.465405	0.00162583
1686.009599	-0.00289629
1687.553802	-0.00728797
1689.098014	-0.00324309
1690.642234	-0.00289507
1692.186464	0.00452198
1693.730703	-0.00354022
1695.274951	-0.000604752
1696.819208	-0.00797065
1698.363475	-0.000182803
1699.90775	-0.00946147
1701.452034	-0.0018349
1702.996327	-0.00144681
1704.540629	-0.00544156
1706.08494	-0.0044634
1707.62926	-0.00163973
1709.173589	0.00156409
1710.717928	-0.00544943
1712.262275	-0.00714919
1713.806631	0.00124288
1715.350996	0.00449011
1716.89537	-0.00367061
1718.439754	-0.00243527
1719.984146	-0.00229662
1721.528547	-0.000579021
1723.072958	-0.00324593
1724.617377	-0.0103249
1726.161806	-0.000649303
1727.706243	-0.00243796
1729.250689	-0.000284251
1730.795145	-0.0125405
1732.339609	-0.00413916
1733.884083	-0.00466064
1735.428565	0.00141227
1736.973057	-0.00426165
1738.517557	-0.0048182
1740.062067	-0.00519887
1741.606586	0.00146758
1743.151113	-0.000601184
1744.69565	-0.00795767
1746.240196	0.000751127
1747.78475	-0.00663418
1749.329314	-0.00411225
1750.873887	-0.00707229
1752.418468	-0.0088393
1753.963059	0.0033593
1755.507659	-0.00208365
1757.052268	-0.00344741
1758.596886	0.00190794
1760.141513	0.000889508
1761.686149	-0.00578019
1763.230794	-0.006371
1764.775447	-0.00256615
1766.32011	-0.00569928
1767.864782	0.000582835
1769.409464	-0.00281452
1770.954154	-0.0071097
1772.498853	-0.00147106
1774.043561	-0.0037118
1775.588278	-0.000227514
1777.133004	-0.0028367
1778.677739	-0.00140098
1780.222483	-0.00301428
1781.767237	-0.0062305
1783.311999	-0.00180048
1784.85677	-0.000449639
1786.401551	-0.00360073
1787.94634	-0.00679668
1789.491138	-0.00396632
1791.035946	0.0006334
1792.580762	0.00189615
1794.125588	-0.00628452
1795.670422	-0.00364358
1797.215266	-0.00512747
1798.760118	-0.00391932
1800.30498	0.000831437
1801.84985	0.00151097
1803.39473	-0.00532361
1804.939619	-0.00517059
1806.484516	-0.00840148
1808.029423	-0.00520057
1809.574339	-0.00404975
1811.119264	-0.00179267
1812.664197	0.000302808
1814.20914	-0.0045469
1815.754092	-0.00267365
1817.299053	-0.00226487
1818.844023	-0.00241499
1820.389002	-0.00722414
1821.93399	0.00493092
1823.478987	-0.00242932
1825.023993	-0.00575086
1826.569008	-0.00387837
1828.114032	0.00272747
1829.659065	0.000520864
1831.204107	0.000945762
1832.749159	-0.00202982
1834.294219	0.00502524
1835.839288	-0.00473778
1837.384366	-0.000658119
1838.929454	0.00136702
1840.47455	0.000281627
1842.019655	-0.00143319
1843.56477	-0.0065025
1845.109893	-0.000834294
1846.655026	0.00136871
1848.200167	-0.00117383
1849.745318	-0.00125946
1851.290477	0.00021816
1852.835646	-0.00832767
1854.380824	-0.00385974
1855.92601	0.00377479
1857.471206	-0.00412433
1859.016411	-0.00501303
1860.561625	-0.00294761
1862.106848	-0.00227921
1863.652079	-0.00343585
1865.19732	-0.00704215
1866.74257	-0.0015996
1868.287829	-0.00525925
1869.833097	-0.00626557
1871.378374	0.00641039
1872.92366	-0.00259943
1874.468955	0.000996916
1876.01426	-0.00456298
1877.559573	0.000607179
1879.104895	0.00252195
1880.650226	-0.00177684
1882.195567	-0.00826063
1883.740916	-0.00294028
1885.286274	-0.00221659
1886.831642	-0.0026884
1888.377018	0.000355765
1889.922404	-0.00199163
1891.467798	-8.9765e-06
1893.013202	-0.00394154
1894.558614	-0.000675623
1896.104036	0.0012923
1897.649467	0.00721459
1899.194906	-0.00582682
1900.740355	0.0001328
1902.285813	0.000260576
1903.83128	-0.00118845
1905.376755	0.00681208
1906.92224	-0.00427948
1908.467734	0.00496435
1910.013237	-0.00247298
1911.558749	-0.00640697
1913.10427	0.000754411
1914.649801	-5.20293e-05
1916.19534	0.0048735
1917.740888	0.000689041
1919.286445	-0.0069233
1920.832011	-0.00192953
1922.377587	-0.00503388
1923.923171	-0.00262785
1925.468764	-0.00373198
1927.014367	-0.00314287
1928.559978	-0.00436898
1930.105599	0.00594208
1931.651228	0.00170987
1933.196867	-0.00338497
1934.742515	-0.00205496
1936.288171	-0.000961473
1937.833837	-0.00634521
1939.379512	-0.00234176
1940.925196	-0.00369499
1942.470888	-6.17834e-05
1944.01659	-0.00213733
1945.562301	-0.00450937
1947.108021	-0.00365486
1948.65375	-0.00329942
1950.199488	0.00231757
1951.745235	-0.00573666
1953.290992	-0.00223727
1954.836757	-0.0030244
1956.382531	-0.00533695
1957.928314	-0.00169223
1959.474107	0.00747772
1961.019908	0.00460205
1962.565718	-0.00285917
1964.111538	-0.00116543
1965.657366	-0.00549793
1967.203204	-0.00331191
1968.749051	0.00059655
1970.294906	-0.000660795
1971.840771	-0.00217185
1973.386645	0.00234002
1974.932527	-0.00749179
1976.478419	-0.00207398
1978.02432	-0.000366557
1979.57023	0.00262432
1981.116149	0.00106372
1982.662077	0.00284497
1984.208014	-3.77652e-05
1985.75396	0.0103618
1987.299915	0.00159962
1988.84588	-0.00354626
1990.391853	-0.000536166
1991.937835	-0.00353148
1993.483827	-0.00403823
1995.029827	0.00563022
1996.575836	0.000396851
1998.121855	-0.000706806
1999.667882	-0.0012857
2001.213919	0.0055127
2002.759965	-0.000104103
2004.306019	-0.00475542
2005.852083	-0.00232553
2007.398156	-0.00321985
2008.944238	0.00052949
2010.490329	-0.00128678
2012.036429	0.00235007
2013.582538	-0.00367495
2015.128656	0.00139765
2016.674783	0.00200344
2018.220919	-0.00137697
2019.767064	-0.00569671
2021.313218	-0.00383173
2022.859382	0.000630991
2024.405554	-0.000881296
2025.951735	-0.00481539
2027.497926	0.000113814
2029.044125	0.00171111
2030.590334	-0.00576809
2032.136551	-0.00429417
2033.682778	0.00316201
2035.229014	0.00137231
2036.775259	-0.00562387
2038.321512	-0.0045888
2039.867775	-3.1918e-05
2041.414047	-0.00280164
2042.960328	-0.00164644
2044.506618	-0.00161586
2046.052917	-0.00530775
2047.599225	-0.00578319
2049.145543	0.00130411
2050.691869	-0.00107787
2052.238204	-0.00113882
2053.784548	-0.00111964
2055.330902	0.00216574
2056.877264	-0.00935535
2058.423636	0.000305906
2059.970016	-0.00355543
2061.516406	-0.00539433
2063.062805	-0.00488076
2064.609213	0.00132595
2066.155629	-0.00260803
2067.702055	0.00279903
2069.24849	-0.00231108
2070.794934	-0.00398878
2072.341387	-0.0051678
2073.887849	-0.000993857
2075.43432	-0.00345175
2076.9808	0.000346513
2078.52729	-0.00501732
2080.073788	-0.00202278
2081.620295	-0.0022815
2083.166812	-0.00414953
2084.713337	-0.00306985
2086.259872	-0.00520752
2087.806415	-0.00323385
2089.352968	-0.00720367
2090.89953	0.00323972
2092.4461	-0.00452178
2093.99268	-0.00145658
2095.539269	-0.000435972
2097.085867	-0.00526273
2098.632474	-0.000359538
2100.17909	-0.00416076
2101.725715	0.000911164
2103.272349	0.00331195
2104.818993	-0.000299929
2106.365645	0.00218493
2107.912306	-0.00363892
2109.458977	-0.00077112
2111.005656	-0.00227813
2112.552345	-0.00323465
2114.099042	-0.00268625
2115.645749	-0.00556014
2117.192465	0.0024803
2118.739189	-0.00258622
2120.285923	-0.00413221
2121.832666	0.00404722
2123.379418	0.000995562
2124.926179	0.000685542
2126.472949	-0.00126909
2128.019728	0.00068949
2129.566517	0.00379807
2131.113314	0.00110535
2132.66012	-0.00514138
2134.206936	0.00142996
2135.75376	0.0012328
2137.300594	-0.00504004
2138.847436	0.00338737
2140.394288	0.00472688
2141.941149	-0.000258001
2143.488018	0.00178349
2145.034897	0.00348249
2146.581785	-0.00193208
2148.128682	-0.00103426
2149.675588	0.00192382
2151.222503	0.00371831
2152.769427	-0.00347625
2154.316361	0.00111002
2155.863303	0.00239053
2157.410254	0.00486922
2158.957215	0.000676921
2160.504184	-0.00624271
2162.051163	0.00035018
2163.59815	-0.00331343
2165.145147	-0.00574877
2166.692153	-0.00311872
2168.239167	-0.00536143
2169.786191	-0.0036658
2171.333224	-0.00617291
2172.880266	-0.00916275
2174.427317	0.00233377
2175.974378	-0.00998449
2177.521447	0.00165
2179.068525	-0.00130301
2180.615612	-0.00127239
2182.162709	0.000372697
2183.709814	-0.00535898
2185.256929	-0.00426212
2186.804052	-0.0015219
2188.351185	-0.00381126
2189.898327	0.00099165
2191.445478	0.00247392
2192.992638	-0.00678849
2194.539807	-0.00296752
2196.086985	-0.00548927
2197.634172	-0.00302982
2199.181368	0.000531679
2200.728573	-0.00342704
2202.275787	0.00011584
2203.823011	0.000618076
2205.370243	-0.00530216
2206.917485	0.00343671
2208.464735	0.000552506
2210.011995	-0.000961418
2211.559264	0.00195487
2213.106542	0.00206362
2214.653828	0.000270168
2216.201124	-0.00026311
2217.748429	-0.00186483
2219.295743	0.000350727
2220.843067	-0.00179957
2222.390399	-0.00337686
2223.93774	0.000221305
2225.48509	-0.00760786
2227.03245	-0.000739461
2228.579818	0.00191542
2230.127196	-0.00205013
2231.674583	-0.00181503
2233.221978	-0.00247239
2234.769383	-0.00217071
2236.316797	0.00049632
2237.86422	-0.00462105
2239.411652	-0.00378485
2240.959093	8.35061e-05
2242.506543	-0.00167465
2244.054003	-0.00601151
2245.601471	-0.0010931
2247.148948	-0.000791804
2248.696435	-0.00639569
2250.24393	-0.00160601
2251.791435	0.00109024
2253.338949	0.00170087
2254.886471	0.00615527
2256.434003	-0.00166964
2257.981544	-0.00179115
2259.529094	0.00101663
2261.076653	-0.00457257
2262.624221	0.00207238
2264.171799	-0.0054205
2265.719385	-0.00400675
2267.26698	-0.000323749
2268.814585	0.00388712
2270.362198	-0.00120321
2271.909821	-2.86043e-05
2273.457453	-0.00153008
2275.005093	-0.00255142
2276.552743	-0.00320851
2278.100402	-0.00112301
2279.64807	-0.00523388
2281.195747	0.000243769
2282.743433	-0.00161098
2284.291128	-0.0033469
2285.838833	-0.00151979
2287.386546	-0.000554525
2288.934269	-0.00219495
2290.482	-0.000901404
2292.029741	0.00227289
2293.57749	-0.00409444
2295.125249	0.00858756
2296.673017	0.000320504
2298.220794	-0.00564179
2299.76858	-0.0033789
2301.316375	-0.00297458
2302.864179	-0.00762183
2304.411993	-0.00248387
2305.959815	-0.00329966
2307.507646	0.00286469
2309.055487	-0.0028923
2310.603336	-0.00122318
2312.151195	-0.00180729
2313.699063	-0.000544727
2315.24694	-0.00469125
2316.794825	0.000238323
2318.34272	0.00150213
2319.890625	0.00207313
2321.438538	-0.00108972
2322.98646	-0.0039901
2324.534391	0.00293493
2326.082332	0.000161436
2327.630281	-0.000393122
2329.17824	2.78266e-05
2330.726207	-0.00201511
2332.274184	-0.00160743
2333.82217	0.00353168
2335.370165	-0.00269167
2336.918169	-0.00333984
2338.466182	-0.00179927
2340.014204	0.00179605
2341.562235	-0.00379545
2343.110275	-0.0026804
2344.658325	0.00509439
2346.206383	-0.00319654
2347.754451	0.00323392
2349.302527	-0.000689272
2350.850613	0.00361199
2352.398708	-0.00301307
2353.946812	-0.00173445
2355.494925	0.00235756
2357.043047	-0.0023191
2358.591178	-0.0027799
2360.139318	-0.00673711
2361.687468	-0.00459515
2363.235626	-0.00469694
2364.783794	-0.00210742
2366.33197	0.00250297
2367.880156	-0.00534786
2369.428351	-0.00820127
2370.976555	0.00486362
2372.524767	-9.08444e-05
2374.072989	0.00407639
2375.621221	0.00280126
2377.169461	0.000881729
2378.71771	-0.001286
2380.265968	0.00167938
2381.814236	0.000663914
2383.362512	-0.00485649
2384.910798	-0.00695036
2386.459093	-0.00137948
2388.007397	0.00177445
2389.55571	-0.00191931
2391.104032	0.0043874
2392.652363	-0.00217231
2394.200703	-0.00462513
2395.749052	-0.00369038
2397.29741	-0.00373254
2398.845778	-0.00241005
2400.394154	-0.00309402
2401.94254	-0.00478874
2403.490935	0.000982538
2405.039339	0.00319589
2406.587751	-0.00477531
2408.136173	-0.00123788
2409.684604	-0.00429041
2411.233045	0.00489932
2412.781494	-0.00384193
2414.329952	0.00107697
2415.87842	0.00311685
2417.426896	0.00601796
2418.975382	0.00172224
2420.523877	-0.00237591
2422.07238	0.000479967
2423.620893	-0.000349913
2425.169415	-0.00418946
2426.717946	-0.00102195
2428.266487	-0.00498992
2429.815036	0.00130547
2431.363594	-0.000151646
2432.912162	0.000915428
2434.460738	-0.00331167
2436.009324	-0.00170821
2437.557919	0.000288238
2439.106522	-0.00498639
2440.655135	-0.0025636
2442.203757	-0.00197912
2443.752389	0.00281201
2445.301029	-0.00138692
2446.849678	-0.000788844
2448.398336	-0.00322932
2449.947004	0.00778062
2451.495681	0.00309267
2453.044366	-0.000265455
2454.593061	-0.000741433
2456.141765	-0.00177847
2457.690478	0.00123782
2459.2392	0.00538368
2460.787931	-0.00390013
2462.336671	-0.000834818
2463.885421	-0.0035318
2465.434179	-0.00548672
2466.982947	0.00294587
2468.531723	0.00352518
2470.080509	-0.00182149
2471.629304	-0.00128552
2473.178108	-0.00115932
2474.726921	-0.00152775
2476.275743	-0.0042102
2477.824574	0.00120178
2479.373415	0.00192751
2480.922264	-0.0055218
2482.471123	0.00275047
2484.01999	0.00437219
2485.568867	0.00340972
2487.117753	0.00147574
2488.666648	0.00145671
2490.215552	-0.000390183
2491.764465	0.0012986
2493.313387	0.00353397
2494.862319	-0.00756121
2496.411259	0.00279844
2497.960209	-0.00221015
2499.509167	0.00210015
2501.058135	0.0012708
2502.607112	-0.00140523
2504.156098	0.00342868
2505.705093	-0.0010667
2507.254097	0.00336759
2508.80311	0.00686916
2510.352132	0.00122763
2511.901164	-0.00349852
2513.450204	-0.00609605
2514.999254	-0.000333373
2516.548313	0.00669493
2518.097381	0.00409395
2519.646458	-0.00440266
2521.195544	0.00666877
2522.744639	0.000420588
2524.293743	0.0021089
2525.842856	-0.00287545
2527.391979	0.00353541
2528.94111	0.000406552
2530.490251	-0.00294872
2532.039401	0.00707776
2533.58856	0.0011744
2535.137728	-0.00226383
2536.686905	-0.00293099
2538.236091	0.00102753
2539.785286	-0.00163481
2541.334491	0.000609266
2542.883704	0.00501681
2544.432927	0.000632328
2545.982158	0.00113086
2547.531399	0.00395384
2549.080649	-0.00209945
2550.629908	0.00852557
2552.179176	0.00253943
2553.728454	0.000649222
2555.27774	0.00361593
2556.827035	-0.00225707
2558.37634	0.00216876
2559.925654	0.00325132
2561.474976	0.00232405
2563.024308	0.00328846
2564.573649	-0.00403519
2566.122999	-0.00290068
2567.672359	0.00504942
2569.221727	0.000840079
2570.771104	0.00177607
2572.320491	-0.000794852
2573.869886	0.000893423
2575.419291	-0.000999949
2576.968705	-0.00265293
2578.518128	-0.00419537
2580.06756	-0.00628827
2581.617001	0.00133179
2583.166452	-0.00614759
2584.715911	0.00392803
2586.265379	0.00164888
2587.814857	-0.0016059
2589.364344	-7.71788e-05
2590.91384	-0.00124175
2592.463345	0.00314113
2594.012859	-0.000552238
2595.562382	0.000107734
2597.111914	-0.00054459
2598.661455	0.00224385
2600.211006	7.14016e-05
2601.760565	0.0071234
2603.310134	-0.00114668
2604.859712	0.00199484
2606.409299	0.00102166
2607.958895	0.000319946
2609.5085	-0.00418181
2611.058114	0.00235037
2612.607738	0.00179381
2614.15737	0.00844213
2615.707012	-0.000683002
2617.256663	-0.000298008
2618.806323	-0.000782274
2620.355991	-0.0038271
2621.90567	0.00204427
2623.455357	0.000192291
2625.005053	0.00711008
2626.554758	0.00461177
2628.104473	0.00494368
2629.654197	0.00268777
2631.203929	-0.0031075
2632.753671	-8.39504e-05
2634.303422	-0.000893332
2635.853182	0.00708155
2637.402951	0.00188
2638.95273	0.00473451
2640.502517	0.00665879
2642.052314	0.00349104
2643.602119	-0.00176512
2645.151934	0.000247781
2646.701758	0.00166874
2648.251591	0.00062742
2649.801433	-0.00204334
2651.351284	0.00604799
2652.901145	0.00149518
2654.451014	0.00355095
2656.000893	0.00730317
2657.55078	0.00537157
2659.100677	0.00289372
2660.650583	0.00776377
2662.200498	0.00599378
2663.750422	0.00787719
2665.300356	0.0108324
2666.850298	0.00647812
2668.40025	0.00519297
2669.95021	0.00778783
2671.50018	0.00308176
2673.050159	0.00873321
2674.600147	0.00507751
2676.150144	0.00603427
2677.70015	0.00850433
2679.250166	0.0151249
2680.80019	0.0123218
2682.350224	0.00768628
2683.900266	0.0106759
2685.450318	0.00635651
2687.000379	0.00983714
2688.550449	0.0101526
2690.100528	0.0078248
2691.650617	0.0156067
2693.200714	0.0128735
2694.750821	0.00940007
2696.300936	0.0144387
2697.851061	0.00941428
2699.401195	0.0097654
2700.951338	0.00792779
2702.50149	0.0215817
2704.051652	0.0074653
2705.601822	0.0153247
2707.152002	0.0139466
2708.70219	0.0128582
2710.252388	0.0161777
2711.802595	0.017598
2713.352811	0.0212972
2714.903036	0.0175988
2716.45327	0.0071871
2718.003514	0.0147066
2719.553766	0.0222342
2721.104028	0.0227642
2722.654298	0.0234979
2724.204578	0.0108523
2725.754867	0.0172763
2727.305165	0.0175336
2728.855473	0.018644
2730.405789	0.0242261
2731.956115	0.013745
2733.506449	0.0185251
2735.056793	0.021534
2736.607146	0.0197389
2738.157508	0.0175875
2739.707879	0.0219505
2741.258259	0.0212177
2742.808649	0.0162797
2744.359047	0.020428
2745.909455	0.0274591
2747.459871	0.0283944
2749.010297	0.0268766
2750.560732	0.0189299
2752.111176	0.0205114
2753.66163	0.0286054
2755.212092	0.030358
2756.762564	0.0248303
2758.313044	0.0195918
2759.863534	0.0224865
2761.414033	0.0283218
2762.964541	0.0313489
2764.515058	0.0302439
2766.065584	0.02136
2767.61612	0.0217188
2769.166664	0.0189497
2770.717218	0.0265091
2772.267781	0.0363003
2773.818353	0.0168578
2775.368934	0.0292328
2776.919524	0.0335316
2778.470123	0.0258806
2780.020731	0.0273245
2781.571349	0.0264056
2783.121976	0.0276809
2784.672612	0.0206126
2786.223256	0.0281468
2787.773911	0.0322463
2789.324574	0.0353083
2790.875246	0.0299125
2792.425928	0.0249128
2793.976618	0.0222623
2795.527318	0.0189391
2797.078027	0.0129581
2798.628745	0.00928299
2800.179472	0.0123353
2801.730208	0.0119912
2803.280954	0.0166677
2804.831708	0.0186436
2806.382472	0.0167357
2807.933245	0.0286566
2809.484026	0.0376641
2811.034818	0.0311234
2812.585618	0.0273802
2814.136427	0.0415629
2815.687245	0.0388797
2817.238073	0.0237244
2818.78891	0.0467573
2820.339756	0.035938
2821.890611	0.0282933
2823.441475	0.0302843
2824.992348	0.0323283
2826.54323	0.0415423
2828.094122	0.0348147
2829.645023	0.0255338
2831.195932	0.0287202
2832.746851	0.0400935
2834.297779	0.0391299
2835.848717	0.0441147
2837.399663	0.0557304
2838.950618	0.0384509
2840.501583	0.0389173
2842.052557	0.0450417
2843.60354	0.0381219
2845.154532	0.0499075
2846.705533	0.0400376
2848.256543	0.0384976
2849.807562	0.0436099
2851.358591	0.0450512
2852.909629	0.0329387
2854.460675	0.0453131
2856.011731	0.0327516
2857.562797	0.0460171
2859.113871	0.0568245
2860.664954	0.0572987
2862.216047	0.0530848
2863.767148	0.0585068
2865.318259	0.0579793
2866.869379	0.0688082
2868.420508	0.0568997
2869.971646	0.0683826
2871.522794	0.0697669
2873.07395	0.0623422
2874.625116	0.0675943
2876.176291	0.0730431
2877.727475	0.0721316
2879.278668	0.0722211
2880.82987	0.0845235
2882.381081	0.0811377
2883.932302	0.0857021
2885.483531	0.0915349
2887.03477	0.0852837
2888.586018	0.0962562
2890.137275	0.0843145
2891.688541	0.0846714
2893.239816	0.101164
2894.791101	0.0855687
2896.342394	0.0890068
2897.893697	0.0923957
2899.445009	0.0823156
2900.99633	0.095045
2902.54766	0.0840499
2904.098999	0.101106
2905.650348	0.0995165
2907.201706	0.0931796
2908.753072	0.110324
2910.304448	0.105092
2911.855833	0.083615
2913.407227	0.109512
2914.958631	0.0990103
2916.510043	0.0894494
2918.061465	0.0897776
2919.612895	0.097885
2921.164335	0.0994886
2922.715784	0.0972869
2924.267242	0.116484
2925.81871	0.109671
2927.370186	0.10414
2928.921672	0.109889
2930.473167	0.102727
2932.024671	0.104394
2933.576184	0.0907195
2935.127706	0.119024
2936.679237	0.0981916
2938.230778	0.103302
2939.782327	0.0923222
2941.333886	0.106763
2942.885454	0.0942134
2944.437031	0.100483
2945.988617	0.101885
2947.540213	0.105934
2949.091817	0.0978033
2950.643431	0.0927346
2952.195053	0.117267
2953.746685	0.0998332
2955.298326	0.101111
2956.849977	0.0807918
2958.401636	0.0997508
2959.953305	0.105097
2961.504982	0.0923873
2963.056669	0.0960348
2964.608365	0.10375
2966.16007	0.0856086
2967.711785	0.100444
2969.263508	0.0966702
2970.815241	0.101598
2972.366982	0.0895578
2973.918733	0.100222
2975.470493	0.0875223
2977.022262	0.0891434
2978.574041	0.0843545
2980.125828	0.0830512
2981.677625	0.0772329
2983.229431	0.0856955
2984.781246	0.0706056
2986.33307	0.0920799
2987.884903	0.0878978
2989.436745	0.0777334
2990.988597	0.0832053
2992.540457	0.101341
2994.092327	0.0756114
2995.644206	0.083297
2997.196094	0.09846
2998.747992	0.100636
3000.299898	0.0911698
3001.851814	0.0714068
3003.403739	0.0813783
3004.955672	0.0933064
3006.507615	0.0831
3008.059568	0.0747488
3009.611529	0.0776442
3011.1635	0.0915272
3012.715479	0.0947263
3014.267468	0.0826121
3015.819466	0.0778829
3017.371473	0.0964949
3018.923489	0.0701326
3020.475515	0.0743046
3022.027549	0.0568631
3023.579593	0.073487
3025.131646	0.0791758
3026.683708	0.0595153
3028.235779	0.0624589
3029.78786	0.079441
3031.339949	0.0932817
3032.892048	0.0797404
3034.444156	0.075098
3035.996273	0.0586454
3037.548399	0.0731904
3039.100534	0.0790126
3040.652679	0.0827841
3042.204832	0.0746854
3043.756995	0.074047
3045.309167	0.0688734
3046.861348	0.0567369
3048.413538	0.0673156
3049.965738	0.0699262
3051.517946	0.0668882
3053.070164	0.0657365
3054.622391	0.0632002
3056.174627	0.0691902
3057.726872	0.0722403
3059.279127	0.0653617
3060.83139	0.0603254
3062.383663	0.0764988
3063.935945	0.0671973
3065.488236	0.0711917
3067.040536	0.0618371
3068.592845	0.0752687
3070.145164	0.0548988
3071.697491	0.0639367
3073.249828	0.0689634
3074.802174	0.0701355
3076.354529	0.0628893
3077.906893	0.0680053
3079.459267	0.0575351
3081.011649	0.0733086
3082.564041	0.05821
3084.116442	0.0679192
3085.668852	0.0610208
3087.221271	0.0757289
3088.7737	0.0622521
3090.326137	0.0735988
3091.878584	0.0802291
3093.43104	0.0612759
3094.983505	0.0706441
3096.535979	0.0656361
3098.088462	0.0651482
3099.640955	0.0777007
3101.193457	0.071465
3102.745968	0.0709197
3104.298488	0.0627171
3105.851017	0.0672996
3107.403555	0.0793245
3108.956103	0.0768986
3110.508659	0.0640952
3112.061225	0.0744537
3113.6138	0.0759364
3115.166384	0.0728164
3116.718978	0.0775032
3118.27158	0.0693884
3119.824192	0.0665697
3121.376813	0.0704648
3122.929443	0.0559261
3124.482082	0.0751199
3126.03473	0.0672042
3127.587388	0.0667384
3129.140054	0.0712164
3130.69273	0.0884145
3132.245415	0.0866745
3133.798109	0.0730452
3135.350813	0.079159
3136.903525	0.0895823
3138.456247	0.0813287
3140.008978	0.0898541
3141.561718	0.0707776
3143.114467	0.0697056
3144.667225	0.0806193
3146.219992	0.0874781
3147.772769	0.0901221
3149.325555	0.0641451
3150.87835	0.0605036
3152.431154	0.0900869
3153.983967	0.16899
3155.53679	0.00026929
