1573.033712	-0.010922
1574.577354	-0.0110756
1576.121005	-0.00248004
1577.664664	0.00205531
1579.208333	-0.0026901
1580.752011	-0.00695849
1582.295698	-0.00538118
1583.839394	-0.000171046
1585.383099	-0.00104459
1586.926814	-0.000299394
1588.470537	-0.00320398
1590.014269	-0.00295947
1591.558011	-0.00344142
1593.101762	-0.00135707
1594.645522	-0.00347514
1596.189291	0.000833484
1597.733069	-0.00567355
1599.276856	-2.03835e-05
1600.820652	-0.00995795
1602.364457	0.000230965
1603.908272	0.000536663
1605.452095	-0.0043381
1606.995928	-0.0011254
1608.539769	-0.00147493
1610.08362	-0.00524034
1611.62748	-0.00207765
1613.171349	0.00303119
1614.715227	-3.64207e-05
1616.259115	0.00104882
1617.803011	-0.00210572
1619.346916	-0.00159788
1620.890831	-0.00693001
1622.434755	-0.00134931
1623.978687	-0.000129196
1625.522629	-0.00727741
1627.06658	-0.00349131
1628.61054	0.00229353
1630.154509	-0.00145633
1631.698488	-0.00472085
1633.242475	-0.00175577
1634.786471	-0.00439087
1636.330477	-0.00479467
1637.874492	-0.00349552
1639.418516	-0.00484492
1640.962548	-0.000537612
1642.50659	0.00490627
1644.050642	-0.00250554
1645.594702	-0.0036941
1647.138771	-0.00441781
1648.68285	0.00129486
1650.226937	0.000763325
1651.771034	-0.0032753
1653.315139	-0.00291654
1654.859254	-0.00476987
1656.403378	-0.000319274
1657.947511	-0.00181264
1659.491654	0.00207954
1661.035805	-0.00281722
1662.579965	-0.00172358
1664.124135	0.0033798
1665.668313	0.00236991
1667.212501	0.000435736
1668.756698	-0.00259528
1670.300904	-0.00175557
1671.845119	-0.00309262
1673.389343	5.64946e-05
1674.933576	-0.00194752
1676.477819	-0.00250709
1678.02207	0.00123478
1679.566331	-0.00532922
1681.1106	-0.000370558
1682.654879	-0.0045573
1684.199167	-0.00567524
1685.743464	0.000206593
1687.28777	0.000227763
1688.832085	-0.00661704
1690.37641	-0.00232912
1691.920743	-0.000154187
1693.465086	0.00216665
1695.009438	0.000298766
1696.553798	-0.00131702
1698.098168	0.00211384
1699.642547	0.000613906
1701.186935	-0.000435016
1702.731333	-0.00383126
1704.275739	-0.000896406
1705.820154	-0.00095352
1707.364579	-0.000906087
1708.909013	-0.00329185
1710.453456	-0.000349111
1711.997907	-0.00584235
1713.542368	-0.000987719
1715.086839	0.00149096
1716.631318	-0.00112809
1718.175806	-0.00129339
1719.720304	-0.0033245
1721.26481	-0.0044372
1722.809326	-0.00160388
1724.353851	-0.00141461
1725.898385	-0.000906727
1727.442928	-0.00505304
1728.98748	-0.000426935
1730.532041	0.00368868
1732.076612	-0.0033144
1733.621191	-0.000815287
1735.16578	-0.00126665
1736.710378	0.0013296
1738.254984	-0.00257323
1739.7996	-0.0030613
1741.344226	-0.00255775
1742.88886	-0.00309914
1744.433503	-0.00247222
1745.978156	1.93835e-07
1747.522817	-0.00188262
1749.067488	-0.0011943
1750.612168	0.00276403
1752.156856	0.000625616
1753.701554	-0.0014172
1755.246262	-0.000145776
1756.790978	-0.00209116
1758.335703	0.000495164
1759.880438	-0.00142585
1761.425181	-0.00350015
1762.969934	-0.00526326
1764.514696	0.000864657
1766.059467	0.000419637
1767.604247	-0.00200356
1769.149036	-0.00215182
1770.693834	0.00308783
1772.238642	0.00191276
1773.783458	-0.0013915
1775.328284	0.00212015
1776.873119	-0.000594193
1778.417963	-0.000374224
1779.962816	-0.00100221
1781.507678	0.00175195
1783.052549	-0.00539687
1784.59743	-0.000999382
1786.142319	6.5753e-06
1787.687218	-0.00548207
1789.232126	-0.00427645
1790.777043	-0.000495925
1792.321969	-0.00101885
1793.866904	-0.00737246
1795.411848	0.00204156
1796.956801	-0.00317095
1798.501764	0.0024422
1800.046735	-0.000886831
1801.591716	0.00102888
1803.136706	0.00238861
1804.681705	0.000585232
1806.226713	-0.00678764
1807.77173	0.000654866
1809.316757	-0.000888218
1810.861792	-0.000969435
1812.406837	-0.00489868
1813.95189	-0.000976887
1815.496953	-0.00149579
1817.042025	-0.00185175
1818.587106	-0.00015497
1820.132197	-0.00418108
1821.677296	-0.00113842
1823.222404	0.000404317
1824.767522	-0.00150514
1826.312649	0.000219889
1827.857784	-0.00293855
1829.402929	-0.00254094
1830.948083	-0.00249804
1832.493247	-0.000589708
1834.038419	0.00220495
1835.583601	-0.000756394
1837.128791	0.000737813
1838.673991	-0.00624944
1840.2192	0.000164465
1841.764418	-0.00583314
1843.309645	-0.00605549
1844.854881	-0.000149113
1846.400126	0.00100974
1847.945381	0.00179337
1849.490644	0.00128112
1851.035917	-0.00127005
1852.581199	-0.00160388
1854.12649	-0.00701318
1855.67179	-0.000574884
1857.217099	-0.000810716
1858.762418	-0.00151141
1860.307745	-0.000713599
1861.853082	-0.00250088
1863.398427	0.00375324
1864.943782	-0.00443151
1866.489146	-0.00258759
1868.034519	-0.00271756
1869.579902	-0.000955711
1871.125293	-0.000285093
1872.670694	-0.00557977
1874.216103	-0.00197589
1875.761522	0.000489881
1877.30695	0.000820961
1878.852387	-0.00129228
1880.397833	-0.002337
1881.943289	0.00235971
1883.488753	-0.00206994
1885.034227	-0.00408795
1886.579709	-0.000614052
1888.125201	-0.00254913
1889.670702	-0.00239677
1891.216212	-0.00325568
1892.761731	0.000164103
1894.30726	0.00106592
1895.852797	-0.00107294
1897.398344	-0.00571638
1898.9439	-8.37994e-05
1900.489464	-0.00573946
1902.035038	-0.00390412
1903.580622	-0.00104435
1905.126214	0.00058064
1906.671815	0.00121224
1908.217426	-0.00401617
1909.763046	-0.000352296
1911.308674	0.000274124
1912.854312	-0.00347473
1914.399959	-0.00374341
1915.945616	-3.54899e-05
1917.491281	0.00169936
1919.036955	-0.00106072
1920.582639	0.000253278
1922.128332	0.00154174
1923.674034	-0.00328838
1925.219745	0.0020161
1926.765465	-0.00210205
1928.311194	-0.00332242
1929.856933	-3.29882e-05
1931.40268	-0.00268427
1932.948437	-0.000824192
1934.494203	5.17924e-05
1936.039978	0.00286508
1937.585762	-0.00463182
1939.131555	0.000775704
1940.677357	-0.00227346
1942.223169	-0.00296839
1943.76899	0.00154143
1945.314819	-0.00472362
1946.860658	-0.00441577
1948.406506	-0.000413814
1949.952364	0.000991336
1951.49823	-0.00253684
1953.044105	-0.00199746
1954.58999	-0.00366952
1956.135884	0.00177202
1957.681787	0.000327456
1959.227699	-0.00666365
1960.77362	-0.00320831
1962.31955	-0.0042908
1963.86549	-0.0033091
1965.411438	0.000103175
1966.957396	-0.000168766
1968.503363	-0.000836061
1970.049339	-0.00179836
1971.595324	-0.00324454
1973.141318	0.00138906
1974.687322	-0.00130267
1976.233334	0.000932297
1977.779356	-0.000971215
1979.325387	-0.00183841
1980.871427	-0.00134889
1982.417476	0.00118651
1983.963534	-0.00151488
1985.509602	0.00516749
1987.055678	-0.00226949
1988.601764	-0.0045503
1990.147859	-0.00327721
1991.693963	-0.0012387
1993.240076	-0.00412355
1994.786198	-0.00250226
1996.33233	-0.00245008
1997.87847	-0.000579924
1999.42462	-0.00246269
2000.970779	-0.00600111
2002.516947	-0.00219802
2004.063124	0.000743814
2005.60931	-0.00307115
2007.155506	-0.00118645
2008.70171	-0.00122393
2010.247924	-0.00365505
2011.794147	-0.00282248
2013.340379	0.000770189
2014.88662	-0.000805604
2016.43287	-0.00219644
2017.97913	-0.00157538
2019.525398	0.00171577
2021.071676	-0.00189401
2022.617963	0.0070172
2024.164259	-0.00183422
2025.710564	0.00120033
2027.256878	-0.00016512
2028.803202	-0.00227574
2030.349534	-0.0045375
2031.895876	0.00100022
2033.442227	0.000950624
2034.988587	0.00043391
2036.534956	-0.00108852
2038.081334	0.00182673
2039.627722	0.000950817
2041.174118	0.000376104
2042.720524	-0.0012614
2044.266939	-0.000527568
2045.813363	-0.00119915
2047.359796	-0.00130232
2048.906239	0.001756
2050.45269	-0.000825127
2051.999151	-0.000550841
2053.545621	0.000235289
2055.0921	0.00349814
2056.638588	-0.00308909
2058.185085	-0.00221209
2059.731591	-0.000527629
2061.278107	-0.000357022
2062.824632	-0.00489251
2064.371165	0.00119191
2065.917708	8.76375e-05
2067.464261	0.000917227
2069.010822	-0.00272541
2070.557392	-0.00159169
2072.103972	-0.00138664
2073.650561	-0.00222124
2075.197159	-0.00246276
2076.743766	0.00130773
2078.290382	-0.00276182
2079.837007	0.00205513
2081.383642	-0.00799069
2082.930285	5.67998e-05
2084.476938	-0.00223427
2086.0236	0.00439841
2087.570271	-2.04019e-05
2089.116951	-0.00786306
2090.663641	-0.000532534
2092.210339	0.00176335
2093.757047	0.0010224
2095.303764	-0.00300901
2096.85049	-0.00170186
2098.397225	-0.00389944
2099.94397	-0.00110893
2101.490723	-0.00403697
2103.037486	0.00318651
2104.584257	-0.00571399
2106.131038	-0.00142334
2107.677828	-0.00514859
2109.224628	-0.00435102
2110.771436	-0.000227055
2112.318254	-0.000846368
2113.86508	-8.97405e-05
2115.411916	0.000834288
2116.958761	-0.0030662
2118.505616	0.0003657
2120.052479	0.00228561
2121.599351	0.000480648
2123.146233	-0.00141185
2124.693124	-0.00191074
2126.240024	-0.00227447
2127.786933	-0.00235479
2129.333851	0.000713095
2130.880779	-0.000489889
2132.427715	0.00175168
2133.974661	-0.00111004
2135.521616	3.94597e-06
2137.06858	0.00108518
2138.615553	-0.00311926
2140.162535	-0.00611315
2141.709527	0.00378792
2143.256528	-0.00300535
2144.803538	-0.000487363
2146.350557	0.00137568
2147.897585	-0.00243982
2149.444622	0.00119404
2150.991669	0.0010265
2152.538724	0.000737332
2154.085789	0.00187679
2155.632863	-0.00272783
2157.179946	-0.0055261
2158.727038	0.00197582
2160.27414	-0.00269215
2161.82125	0.000559138
2163.36837	0.000116199
2164.915499	0.00261226
2166.462637	-0.00184554
2168.009784	0.00123467
2169.556941	-0.00120633
2171.104106	0.00165866
2172.651281	0.00601333
2174.198465	0.000988554
2175.745658	0.00194602
2177.29286	0.00391374
2178.840072	-0.000477227
2180.387292	-0.000918706
2181.934522	-0.00108365
2183.481761	-0.00031776
2185.029009	-0.000519631
2186.576266	-0.00273631
2188.123532	-0.000599256
2189.670808	0.00279702
2191.218092	0.00294042
2192.765386	-0.00358666
2194.312689	-0.00204217
2195.860001	-0.000732858
2197.407323	-7.07316e-05
2198.954653	-0.00080395
2200.501993	0.000186624
2202.049342	0.00286067
2203.5967	-0.000789461
2205.144067	-0.00231629
2206.691443	0.000671796
2208.238829	-0.00155947
2209.786223	-0.00353196
2211.333627	0.00102986
2212.88104	-0.00186441
2214.428462	0.00199902
2215.975893	0.00164862
2217.523334	-0.00416327
2219.070783	0.0036947
2220.618242	0.00410012
2222.16571	-0.0015919
2223.713187	0.00202019
2225.260674	-0.00139333
2226.808169	-0.00489476
2228.355674	-0.00181183
2229.903187	-0.00143497
2231.45071	0.00364627
2232.998243	-0.00294272
2234.545784	0.00287394
2236.093334	0.00648036
2237.640894	0.00402764
2239.188463	0.000180756
2240.736041	-0.00217925
2242.283628	-0.003891
2243.831224	-0.000651047
2245.37883	0.000123994
2246.926444	0.00225094
2248.474068	0.00368523
2250.021701	3.41867e-05
2251.569343	0.00105284
2253.116995	0.000144111
2254.664655	-0.00141822
2256.212325	0.00120103
2257.760004	-0.00266333
2259.307692	-0.00361947
2260.855389	-0.000924762
2262.403095	0.000263426
2263.950811	-0.000293192
2265.498535	0.00112405
2267.046269	-0.00302187
2268.594012	0.00142737
2270.141764	-0.0034063
2271.689526	-0.0013993
2273.237296	-0.000887439
2274.785076	0.00451438
2276.332865	-0.00309765
2277.880663	0.00137345
2279.42847	-0.00197038
2280.976286	-0.000710745
2282.524112	-0.00193218
2284.071947	0.0029795
2285.619791	3.91373e-05
2287.167644	-0.0021272
2288.715506	0.00174776
2290.263378	0.0016778
2291.811258	-0.00016542
2293.359148	0.00372504
2294.907047	0.00232948
2296.454955	-0.00158186
2298.002872	-0.00317309
2299.550799	-0.000443767
2301.098734	-0.00102681
2302.646679	-0.00423524
2304.194633	0.000641328
2305.742596	-0.0033139
2307.290569	0.000522354
2308.83855	-0.00171367
2310.386541	0.00176254
2311.934541	0.00187686
2313.48255	0.00277254
2315.030568	0.00201947
2316.578596	-0.00227731
2318.126632	1.97219e-05
2319.674678	-0.0014752
2321.222733	-0.00473122
2322.770797	-0.000611952
2324.31887	-0.00188731
2325.866953	-0.00654734
2327.415044	-0.00348199
2328.963145	-0.00142758
2330.511255	0.000154661
2332.059374	-0.000564001
2333.607503	0.0025198
2335.15564	-0.00288705
2336.703787	0.000702758
2338.251943	0.000399657
2339.800108	-0.00345602
2341.348282	0.00138485
2342.896466	-0.00200383
2344.444658	0.00076257
2345.99286	0.00399299
2347.541071	-0.000576687
2349.089291	-0.00186754
2350.637521	0.00379787
2352.185759	-0.00114445
2353.734007	-0.000734403
2355.282264	0.000529455
2356.83053	0.000448835
2358.378805	-0.00335698
2359.927089	0.00546019
2361.475383	0.00210458
2363.023686	-0.00054776
2364.571998	-0.000826569
2366.120319	-0.00415566
2367.668649	0.00170198
2369.216989	-0.00256882
2370.765337	-0.000399724
2372.313695	-0.00145163
2373.862062	-0.00373489
2375.410438	-0.000448995
2376.958824	-0.000656226
2378.507218	-0.0015114
2380.055622	0.00087131
2381.604035	-0.00472056
2383.152457	-0.00202123
2384.700889	-0.000148298
2386.249329	-0.00108699
2387.797779	-0.00074416
2389.346238	0.000744897
2390.894706	-0.00268696
2392.443183	0.00569574
2393.991669	0.00073629
2395.540165	-0.00190657
2397.08867	0.000123176
2398.637184	7.81441e-05
2400.185707	0.00331783
2401.734239	0.00307759
2403.282781	0.0021653
2404.831331	0.000792877
2406.379891	0.000864587
2407.92846	2.36454e-05
2409.477039	0.00202469
2411.025626	0.00331796
2412.574223	-0.00262111
2414.122829	0.000570721
2415.671444	0.00354985
2417.220068	-0.0041045
2418.768701	0.000104794
2420.317344	-0.0044357
2421.865996	-0.00136624
2423.414657	-0.00129463
2424.963327	0.00189667
2426.512006	0.00250422
2428.060695	-0.00153181
2429.609392	-0.000302087
2431.158099	0.000119023
2432.706815	-0.00280033
2434.255541	0.00159927
2435.804275	0.00135603
2437.353019	-0.0022239
2438.901772	-0.0028596
2440.450534	0.000204148
2441.999305	0.00144602
2443.548085	-0.00159167
2445.096875	0.000999648
2446.645674	0.00137404
2448.194482	0.00411372
2449.743299	0.00158109
2451.292125	-0.00180752
2452.840961	0.000537207
2454.389805	-0.00151953
2455.938659	-0.000181389
2457.487523	-0.00114043
2459.036395	-0.00395912
2460.585276	0.000387247
2462.134167	-0.00276235
2463.683067	-0.00194774
2465.231976	-0.00119797
2466.780894	-0.00212705
2468.329822	0.000330189
2469.878758	-0.000287778
2471.427704	-0.00247732
2472.976659	-0.00173415
2474.525624	0.00055706
2476.074597	-0.00567057
2477.62358	-0.00265189
2479.172571	0.000615462
2480.721572	3.54791e-05
2482.270583	-0.00255684
2483.819602	-0.00232325
2485.368631	-0.000358763
2486.917668	-0.00114714
2488.466715	-0.000595167
2490.015772	-0.00122392
2491.564837	-0.00528093
2493.113912	0.00317384
2494.662995	0.00140427
2496.212088	-0.00193968
2497.76119	0.00173929
2499.310302	-0.00104019
2500.859422	-0.0013137
2502.408552	-0.00160407
2503.957691	0.00455331
2505.506839	0.00139828
2507.055996	-0.000614658
2508.605163	-0.00424334
2510.154339	-0.00390058
2511.703524	0.000837149
2513.252718	0.00284554
2514.801921	0.00486842
2516.351133	0.00264254
2517.900355	-0.00285405
2519.449586	8.77696e-05
2520.998826	0.0023963
2522.548075	-0.00221194
2524.097334	0.00462762
2525.646602	-0.00157432
2527.195879	0.00273513
2528.745165	0.000702973
2530.29446	0.000724391
2531.843764	0.00178331
2533.393078	-0.00312935
2534.942401	0.00158291
2536.491733	0.00173091
2538.041074	0.00143927
2539.590425	0.000899775
2541.139785	-0.00159991
2542.689153	-0.0047768
2544.238532	0.00112998
2545.787919	0.00482174
2547.337315	0.00257086
2548.886721	-0.000903615
2550.436136	-0.000811262
2551.98556	-0.00560552
2553.534993	-0.00276338
2555.084436	0.00216361
2556.633887	0.00386805
2558.183348	0.00838585
2559.732818	0.00106467
2561.282298	0.00139931
2562.831786	0.00225835
2564.381284	-0.000791355
2565.930791	0.00345553
2567.480307	-0.00078239
2569.029832	0.00206875
2570.579367	-0.000269579
2572.12891	0.00216209
2573.678463	-0.00354197
2575.228026	-0.00116968
2576.777597	0.00174926
2578.327177	0.000902482
2579.876767	0.00110098
2581.426366	0.00183566
2582.975974	0.00231585
2584.525592	0.000437697
2586.075218	-0.000778282
2587.624854	0.00315404
2589.174499	0.000250643
2590.724153	-0.00029382
2592.273816	-0.00140108
2593.823489	0.0010662
2595.373171	0.00206885
2596.922862	0.0017398
2598.472562	0.000533045
2600.022271	-0.00114801
2601.57199	-0.000375941
2603.121718	0.00245342
2604.671455	-0.00228126
2606.221201	-0.0036088
2607.770956	0.00154459
2609.320721	-0.00430583
2610.870495	-0.00141407
2612.420278	0.000974373
2613.97007	0.00232378
2615.519872	0.00110522
2617.069682	-0.00141363
2618.619502	-0.00205448
2620.169331	0.00124958
2621.71917	0.00143499
2623.269017	0.00140976
2624.818874	-0.00150874
2626.36874	0.000207244
2627.918615	0.00163748
2629.468499	0.00192385
2631.018393	-0.00228316
2632.568296	0.000844886
2634.118208	0.00444593
2635.668129	-0.000801146
2637.218059	0.00342629
2638.767999	-0.000451726
2640.317948	0.00109505
2641.867906	-0.00117497
2643.417873	0.000634892
2644.967849	-0.00260921
2646.517835	0.00182409
2648.06783	0.00096018
2649.617834	0.00462637
2651.167847	-4.82648e-05
2652.71787	-0.000360891
2654.267901	-0.00199036
2655.817942	-0.00180409
2657.367993	0.00359152
2658.918052	0.000956701
2660.468121	-0.00432282
2662.018198	0.00407252
2663.568285	0.00186905
2665.118381	0.00157214
2666.668487	0.0027711
2668.218602	0.00537743
2669.768725	-0.00235579
2671.318858	0.00383577
2672.869001	0.0006009
2674.419152	0.000624995
2675.969313	-0.0020114
2677.519483	-1.29736e-06
2679.069662	0.00115243
2680.61985	0.00524254
2682.170048	0.000900762
2683.720255	0.00228823
2685.270471	0.00585249
2686.820696	0.000916249
2688.37093	0.00473356
2689.921174	0.00227864
2691.471427	0.00540547
2693.021689	-0.00386678
2694.57196	0.00222541
2696.122241	0.00673997
2697.67253	0.000316709
2699.222829	0.00215257
2700.773137	0.00658594
2702.323455	0.00794464
2703.873781	0.00424409
2705.424117	0.000578105
2706.974462	0.00287583
2708.524816	0.000996014
2710.07518	0.00217478
2711.625553	0.00569229
2713.175934	0.00237479
2714.726326	0.010868
2716.276726	0.00708959
2717.827135	0.00172533
2719.377554	0.00345263
2720.927982	0.00510997
2722.478419	0.00393495
2724.028866	0.0024959
2725.579321	0.0043143
2727.129786	0.00442491
2728.68026	0.00128875
2730.230744	0.002927
2731.781236	0.00321565
2733.331738	-0.000130056
2734.882249	0.00929862
2736.432769	0.00101266
2737.983299	-0.00108936
2739.533837	0.00412523
2741.084385	0.00471801
2742.634942	0.00124694
2744.185508	0.00298029
2745.736084	0.000396512
2747.286669	0.00576821
2748.837263	0.00679717
2750.387866	0.00856928
2751.938478	0.00336364
2753.4891	-0.000755955
2755.039731	0.00470458
2756.590371	0.00209164
2758.14102	0.00508064
2759.691678	0.00764993
2761.242346	0.00686126
2762.793023	0.00194453
2764.343709	0.00876495
2765.894405	0.00552158
2767.445109	0.00453074
2768.995823	0.00103146
2770.546546	0.0045463
2772.097279	-0.000552901
2773.64802	0.00589528
2775.198771	0.0109177
2776.749531	0.00572279
2778.3003	0.0100267
2779.851078	0.00104654
2781.401866	0.00633612
2782.952663	0.00769724
2784.503469	0.00178888
2786.054284	0.00943327
2787.605109	0.00924462
2789.155943	0.0099599
2790.706786	0.00484667
2792.257638	0.00763368
2793.808499	0.00288225
2795.35937	0.00352224
2796.91025	0.00492558
2798.461139	0.000322444
2800.012038	0.00465334
2801.562945	0.00621052
2803.113862	0.00582299
2804.664788	0.00608033
2806.215723	0.00154577
2807.766668	0.00524777
2809.317622	0.00384905
2810.868585	0.00394585
2812.419557	0.00964936
2813.970538	0.00146929
2815.521529	0.00822516
2817.072529	0.00911556
2818.623538	0.00852126
2820.174556	0.00540805
2821.725584	0.00699272
2823.276621	0.00513031
2824.827667	0.00993939
2826.378722	0.00665942
2827.929786	0.00663023
2829.48086	0.0119418
2831.031943	0.00616664
2832.583035	0.00495188
2834.134137	0.00625303
2835.685247	0.00947202
2837.236367	0.00899458
2838.787496	0.00992274
2840.338635	0.0070801
2841.889782	0.00908506
2843.440939	0.0036017
2844.992105	0.0065558
2846.54328	0.011642
2848.094465	0.0110748
2849.645658	0.00567742
2851.196861	0.00581053
2852.748074	0.00908119
2854.299295	0.00198189
2855.850526	0.00232302
2857.401766	0.00712568
2858.953015	0.00575799
2860.504273	0.0074266
2862.055541	0.0173571
2863.606817	0.00864303
2865.158104	0.0104005
2866.709399	0.00702138
2868.260703	0.0106184
2869.812017	0.0117492
2871.36334	0.00694883
2872.914672	0.0124973
2874.466014	0.0115301
2876.017365	0.0101763
2877.568725	0.0107119
2879.120094	0.00561729
2880.671472	0.0147523
2882.22286	0.0123627
2883.774257	0.0139423
2885.325663	0.0102567
2886.877078	0.0156461
2888.428503	0.0136193
2889.979937	0.010083
2891.53138	0.0113727
2893.082832	0.0117148
2894.634294	0.0111525
2896.185764	0.0162842
2897.737244	0.0187106
2899.288734	0.0162581
2900.840232	0.0147745
2902.39174	0.0171264
2903.943257	0.00955574
2905.494783	0.00904357
2907.046318	0.0206353
2908.597863	0.013628
2910.149417	0.0159786
2911.70098	0.0127373
2913.252553	0.0134337
2914.804134	0.016147
2916.355725	0.0185291
2917.907325	0.0119635
2919.458935	0.0181752
2921.010553	0.0119588
2922.562181	0.0134376
2924.113818	0.016645
2925.665465	0.0188224
2927.21712	0.00896336
2928.768785	0.0160677
2930.320459	0.0200137
2931.872142	0.0174998
2933.423835	0.0129231
2934.975537	0.0173936
2936.527248	0.0219929
2938.078968	0.0232459
2939.630697	0.0170472
2941.182436	0.0129816
2942.734184	0.0128154
2944.285941	0.0162182
2945.837708	0.0157107
2947.389484	0.0163424
2948.941269	0.0151594
2950.493063	0.0199683
2952.044866	0.0198798
2953.596679	0.0137984
2955.148501	0.0123035
2956.700332	0.0226888
2958.252172	0.00981707
2959.804022	0.0110774
2961.355881	0.0116606
2962.907749	0.0210284
2964.459627	0.0138343
2966.011513	0.0107208
2967.563409	0.00949458
2969.115314	0.0107765
2970.667229	0.0143948
2972.219152	0.0176917
2973.771085	0.0158336
2975.323027	0.0189935
2976.874979	0.0119117
2978.426939	0.0139584
2979.978909	0.0136631
2981.530888	0.0136531
2983.082876	0.0187024
2984.634874	0.00993059
2986.186881	0.014751
2987.738897	0.0109043
2989.290922	0.0125346
2990.842957	0.00834648
2992.395001	0.0117294
2993.947054	0.0112806
2995.499116	0.0172411
2997.051188	0.0110265
2998.603269	0.00870196
3000.155359	0.0191653
3001.707458	0.0133606
3003.259567	0.0134396
3004.811684	0.010797
3006.363811	0.0122237
3007.915948	0.0154337
3009.468093	0.0112401
3011.020248	0.0116628
3012.572412	0.00965463
3014.124586	0.0137774
3015.676768	0.00873158
3017.22896	0.00736368
3018.781161	0.0147085
3020.333371	0.0130433
3021.885591	0.0169191
3023.43782	0.0122715
3024.990058	0.0142671
3026.542305	0.0133369
3028.094562	0.00670468
3029.646828	0.0125702
3031.199103	0.00650499
3032.751387	0.00669735
3034.303681	0.0113927
3035.855983	0.014061
3037.408296	0.0100979
3038.960617	0.0148759
3040.512947	0.0114997
3042.065287	0.0109239
3043.617636	0.0101995
3045.169995	0.00868829
3046.722362	0.0106623
3048.274739	0.0112033
3049.827125	0.00928429
3051.379521	0.0136469
3052.931925	0.0136397
3054.484339	0.0102211
3056.036762	0.00818929
3057.589195	0.011901
3059.141636	0.0155067
3060.694087	0.0103938
3062.246547	0.00954898
3063.799017	0.00967303
3065.351496	0.00698673
3066.903983	0.0125208
3068.456481	0.00933384
3070.008987	0.00204726
3071.561503	0.0102693
3073.114028	0.00850394
3074.666562	0.014188
3076.219105	0.00942414
3077.771658	0.0215134
3079.32422	0.00683438
3080.876791	0.0106194
3082.429372	0.0145171
3083.981962	0.0118942
3085.534561	0.0090511
3087.087169	0.0078538
3088.639786	0.00707582
3090.192413	0.00674262
3091.745049	0.0114546
3093.297694	0.0128125
3094.850349	0.0114065
3096.403013	0.0124435
3097.955686	0.00825574
3099.508368	0.00810013
3101.06106	0.0136688
3102.613761	0.00791613
3104.166471	0.00917177
3105.71919	0.0184868
3107.271919	0.0122724
3108.824657	0.0155639
3110.377404	0.00832908
3111.93016	0.013364
3113.482926	0.00671542
3115.035701	0.00784324
3116.588485	0.0118761
3118.141279	0.0115834
3119.694081	0.00834885
3121.246893	0.00969329
3122.799714	0.0106684
3124.352545	0.00792432
3125.905385	0.0031274
3127.458234	0.0123008
3129.011092	0.0105579
3130.56396	0.00959044
3132.116836	0.0105176
3133.669722	0.0102353
3135.222618	0.00974486
3136.775522	0.0136608
3138.328436	0.0105921
3139.881359	0.0109197
3141.434292	0.00688875
3142.987233	0.011122
3144.540184	0.0097544
3146.093145	0.00734706
3147.646114	0.0107278
3149.199093	0.0135362
3150.752081	0.00840871
3152.305078	0.0036569
3153.858084	0.0147802
3155.4111	0.0152511
3156.964125	-0.000311812
