1578.371648	-0.00374401
1579.915202	-0.00336166
1581.458764	-0.00472302
1583.002336	-0.00518331
1584.545916	-0.00798566
1586.089506	-0.00799901
1587.633105	-0.00448993
1589.176712	-0.00581467
1590.720329	-0.00349128
1592.263954	-0.00355882
1593.807589	-0.00341432
1595.351232	-0.0092907
1596.894884	0.000324768
1598.438546	-0.00125771
1599.982216	0.00130083
1601.525895	0.00279178
1603.069584	-0.00579041
1604.613281	-0.000700219
1606.156987	-0.0104014
1607.700703	-0.00141446
1609.244427	-0.00340316
1610.78816	-0.00354996
1612.331902	-0.00487229
1613.875653	-0.00231848
1615.419414	-0.00534753
1616.963183	0.00219048
1618.506961	-0.00513319
1620.050748	-0.00429985
1621.594544	-0.00155587
1623.138349	-0.0024502
1624.682163	-0.00053871
1626.225986	-0.00609282
1627.769818	-0.00417067
1629.313659	-0.00293528
1630.857509	-0.00807539
1632.401368	-0.00439202
1633.945236	-0.00679494
1635.489112	-0.0039453
1637.032998	-0.00594671
1638.576893	0.00151236
1640.120797	-0.00198429
1641.66471	-0.00148903
1643.208632	0.000776558
1644.752562	-0.00136426
1646.296502	-0.00560918
1647.840451	-0.00372066
1649.384409	0.00108106
1650.928375	-0.0019131
1652.472351	0.00219335
1654.016336	-0.000204302
1655.560329	-0.00637227
1657.104332	-0.00073228
1658.648344	-0.00344066
1660.192364	-0.00658587
1661.736394	0.00270765
1663.280432	-0.00145138
1664.82448	-0.0106857
1666.368536	-0.00571077
1667.912602	0.000248586
1669.456676	-0.00553979
1671.00076	-0.0114358
1672.544852	-0.00755276
1674.088954	-0.00217176
1675.633064	-0.00356676
1677.177184	-0.00694041
1678.721312	0.00038874
1680.265449	-0.00695121
1681.809596	-0.00701392
1683.353751	-0.00117537
1684.897916	-0.00633178
1686.442089	-0.0122802
1687.986271	0.00296403
1689.530463	0.00401166
1691.074663	-0.00663525
1692.618872	-0.00187413
1694.16309	-0.000600725
1695.707318	-0.00616873
1697.251554	0.000963693
1698.795799	-0.00268565
1700.340053	-0.00450692
1701.884317	-0.00502557
1703.428589	-0.00263228
1704.97287	0.000706783
1706.51716	0.00252486
1708.061459	-0.00339319
1709.605767	-0.00536019
1711.150085	-0.00216542
1712.694411	-0.00213989
1714.238746	-0.00247743
1715.78309	0.000596331
1717.327443	-0.00775889
1718.871805	-0.00421948
1720.416176	-0.00192387
1721.960556	-0.00249311
1723.504945	-0.00384333
1725.049343	-0.00341175
1726.59375	-0.000289998
1728.138166	-0.00439641
1729.682591	-0.00127034
1731.227025	-0.00399803
1732.771468	-0.00582206
1734.31592	-0.00163541
1735.860381	-0.00444109
1737.404851	-0.00327667
1738.94933	-0.000830536
1740.493818	-0.00127736
1742.038315	-0.0028392
1743.582821	-0.00197221
1745.127336	-0.00458117
1746.67186	-0.00601057
1748.216393	-0.00553954
1749.760935	-0.00087683
1751.305486	-0.00691199
1752.850045	-0.00441545
1754.394614	-0.00226361
1755.939192	-0.00809992
1757.483779	-0.00445201
1759.028375	-0.00466609
1760.57298	-0.00699148
1762.117594	-0.00410305
1763.662217	-0.00281403
1765.206848	-0.0046753
1766.751489	-2.25859e-05
1768.296139	0.00101315
1769.840798	-0.00205919
1771.385466	0.00097514
1772.930142	-0.000482541
1774.474828	-0.00580428
1776.019523	-0.00784455
1777.564227	-0.00709901
1779.10894	-0.00761876
1780.653661	-0.00684341
1782.198392	-0.00193344
1783.743132	0.00476127
1785.287881	0.00300452
1786.832639	0.0034658
1788.377405	-0.00734026
1789.922181	-0.00480698
1791.466966	0.00217928
1793.01176	-0.00876883
1794.556562	-0.00562572
1796.101374	-0.00327728
1797.646195	-0.00270806
1799.191025	-0.00301577
1800.735863	-0.00446028
1802.280711	-0.00625942
1803.825568	-0.0012624
1805.370434	-0.00501166
1806.915308	0.000877871
1808.460192	-0.00128348
1810.005085	-0.00302236
1811.549986	-0.000835023
1813.094897	-0.00755712
1814.639817	-0.00831926
1816.184746	-0.00443489
1817.729683	-0.00110538
1819.27463	1.25121e-05
1820.819586	-0.0022991
1822.364551	-0.0012494
1823.909524	-0.00731418
1825.454507	-0.00180949
1826.999499	-0.00389206
1828.5445	-0.00922205
1830.089509	0.00343969
1831.634528	-0.00497858
1833.179556	0.000505669
1834.724592	-0.00163707
1836.269638	-0.000544487
1837.814693	-0.00233349
1839.359757	0.00262222
1840.904829	-0.00593591
1842.449911	-0.00353998
1843.995002	-0.00230093
1845.540102	-0.00129429
1847.08521	-0.00587116
1848.630328	0.00279979
1850.175455	0.00183244
1851.720591	-0.00105611
1853.265735	-0.00185471
1854.810889	-0.00131388
1856.356052	-0.00460941
1857.901224	-0.0023519
1859.446404	-0.00277895
1860.991594	-0.00136982
1862.536793	-0.00358723
1864.082001	-0.00272967
1865.627218	-0.00272763
1867.172443	0.0051894
1868.717678	-0.000383578
1870.262922	-0.00242876
1871.808175	-0.00205032
1873.353437	-0.0038651
1874.898707	-0.00579776
1876.443987	0.00022506
1877.989276	0.00247931
1879.534574	0.000881003
1881.079881	-0.00300406
1882.625197	-0.00540256
1884.170521	-0.00148128
1885.715855	-0.00915279
1887.261198	0.00246038
1888.80655	-0.000248189
1890.351911	-0.00321715
1891.897281	2.11981e-05
1893.44266	0.00216019
1894.988048	-0.00254035
1896.533445	-0.00105321
1898.07885	-0.000729836
1899.624265	-0.00476295
1901.169689	-0.00381823
1902.715122	-0.00300187
1904.260564	-0.00164015
1905.806015	-0.00249326
1907.351475	-0.00390653
1908.896944	-0.005771
1910.442422	-0.00120749
1911.987909	0.000151782
1913.533405	-0.00506746
1915.07891	-0.000412498
1916.624424	-0.000189234
1918.169947	-0.0045165
1919.715479	-0.0050289
1921.26102	-0.00222428
1922.80657	-0.00436907
1924.352129	3.79659e-05
1925.897697	-0.00336614
1927.443274	-0.00695153
1928.988861	-0.00540464
1930.534456	-0.00263949
1932.08006	-0.00216728
1933.625673	0.00025394
1935.171295	-0.00555181
1936.716926	-0.00479554
1938.262566	-0.00482421
1939.808216	-0.0012574
1941.353874	0.000274302
1942.899541	-0.00187846
1944.445217	-0.0014299
1945.990902	0.00376718
1947.536597	-0.00410298
1949.0823	-0.00853249
1950.628012	-0.00811272
1952.173734	-0.00644621
1953.719464	-0.00165589
1955.265203	0.00498857
1956.810951	-0.00648845
1958.356709	-0.00160165
1959.902475	6.61394e-06
1961.44825	-0.00057556
1962.994035	-0.00533669
1964.539828	-0.00224435
1966.085631	0.00112734
1967.631442	-0.00275438
1969.177263	-0.00363773
1970.723092	-0.00264696
1972.26893	-0.00194976
1973.814778	-0.000733533
1975.360634	-0.00545754
1976.9065	-0.00205609
1978.452374	-0.000554467
1979.998258	-0.00504573
1981.544151	-0.00226236
1983.090052	-0.000517042
1984.635963	-0.001007
1986.181882	-0.00465953
1987.727811	-0.00146799
1989.273749	-0.00422003
1990.819695	0.00148522
1992.365651	-0.00630052
1993.911616	-0.0031845
1995.457589	-0.00675661
1997.003572	-0.00485819
1998.549564	0.000813171
2000.095565	-0.00117284
2001.641574	-0.00159031
2003.187593	0.000738243
2004.733621	0.00414258
2006.279658	0.00145978
2007.825704	-0.00292313
2009.371759	0.00154892
2010.917823	-0.00705462
2012.463895	-0.00395819
2014.009977	0.00224738
2015.556068	0.000484046
2017.102168	0.00217742
2018.648277	-0.00278835
2020.194395	-0.00529549
2021.740522	-0.000805173
2023.286658	0.00208805
2024.832803	0.00315768
2026.378958	0.00295262
2027.925121	-0.00183805
2029.471293	-0.00123237
2031.017474	0.00133987
2032.563664	0.000315669
2034.109863	0.00123396
2035.656072	-0.00199763
2037.202289	-0.00497587
2038.748515	-0.00210815
2040.29475	0.00574513
2041.840995	-8.58938e-06
2043.387248	-0.00388079
2044.93351	0.000154974
2046.479782	-0.000400993
2048.026062	-0.00278408
2049.572352	-0.00315959
2051.11865	-0.00266172
2052.664958	0.00270457
2054.211274	-0.00277673
2055.7576	0.00482409
2057.303934	-0.000727055
2058.850278	-0.00215117
2060.39663	0.00273069
2061.942992	-0.0017666
2063.489363	-0.00516071
2065.035742	-0.00404839
2066.582131	-0.000615584
2068.128529	-0.00147496
2069.674935	-0.00384625
2071.221351	-0.00297914
2072.767776	-0.00575143
2074.31421	-0.003854
2075.860653	-0.00221067
2077.407104	0.00104795
2078.953565	-0.00320681
2080.500035	-0.00390138
2082.046514	-0.00375102
2083.593002	0.000723782
2085.139499	-0.0049025
2086.686005	-0.00642133
2088.23252	0.00508033
2089.779044	0.00122718
2091.325577	-0.00504972
2092.87212	0.00543516
2094.418671	0.00054273
2095.965231	-0.00753808
2097.5118	-0.00458021
2099.058378	-0.000124433
2100.604966	0.00346679
2102.151562	0.00246459
2103.698167	-0.00378335
2105.244782	0.000397106
2106.791405	-0.00273189
2108.338038	-0.00539006
2109.884679	-7.92708e-05
2111.431329	0.00600511
2112.977989	0.000893475
2114.524658	-0.00669493
2116.071335	-8.49684e-05
2117.618022	0.00491757
2119.164717	-0.00320245
2120.711422	0.00219659
2122.258136	0.000422975
2123.804858	0.00204157
2125.35159	-0.00914669
2126.898331	0.00500206
2128.445081	0.00295192
2129.99184	-0.00724143
2131.538607	-0.00589567
2133.085384	0.00217873
2134.63217	-0.00375017
2136.178965	0.0015799
2137.725769	-0.00625053
2139.272582	-0.00299486
2140.819404	-0.00837544
2142.366235	-0.00415126
2143.913076	-0.00220966
2145.459925	0.00481168
2147.006783	-0.00763819
2148.55365	-0.00128408
2150.100526	0.000334289
2151.647412	-0.00864426
2153.194306	0.000521983
2154.741209	-0.00260127
2156.288122	3.90248e-05
2157.835043	-0.00373073
2159.381974	-0.00182995
2160.928913	-0.00453481
2162.475862	-7.54368e-05
2164.022819	-0.00457981
2165.569786	0.000642863
2167.116762	-0.00315697
2168.663746	-0.000770243
2170.21074	-0.00554431
2171.757743	0.0020033
2173.304755	-0.000996367
2174.851775	-0.000585516
2176.398805	-0.00026704
2177.945844	0.000906473
2179.492892	-0.00415492
2181.039949	-0.00328503
2182.587015	-0.00359062
2184.13409	0.00233508
2185.681174	0.000405227
2187.228267	-0.00680799
2188.775369	-0.00441892
2190.322481	-0.000382209
2191.869601	0.000910944
2193.41673	-0.00317734
2194.963868	0.00294671
2196.511016	0.000586369
2198.058172	-0.00544308
2199.605338	-0.00377487
2201.152512	0.00262858
2202.699696	-0.000291041
2204.246888	0.000891736
2205.79409	-9.22059e-05
2207.3413	-0.00562433
2208.88852	0.00383244
2210.435749	-0.00316595
2211.982986	-0.00198765
2213.530233	0.000550369
2215.077489	0.0032291
2216.624754	0.00298706
2218.172028	0.000262804
2219.719311	-0.00368316
2221.266603	-0.00398513
2222.813904	0.0015113
2224.361214	-0.00243574
2225.908533	-0.00169557
2227.455861	0.0040617
2229.003198	0.00247751
2230.550544	0.00312357
2232.097899	-0.00577503
2233.645264	-0.00271048
2235.192637	-0.00024026
2236.74002	-0.000460183
2238.287411	-0.00109148
2239.834811	-0.00315168
2241.382221	0.000624064
2242.929639	-0.0036652
2244.477067	-0.00391822
2246.024504	0.00160147
2247.571949	-0.00480035
2249.119404	0.00159795
2250.666868	-0.00220266
2252.214341	-0.00335101
2253.761823	0.0072352
2255.309313	0.00170703
2256.856813	-0.000468836
2258.404322	-0.00160037
2259.95184	-0.0026858
2261.499368	-0.00339561
2263.046904	-4.2263e-05
2264.594449	-0.0034884
2266.142003	-0.00196742
2267.689566	-0.00454817
2269.237139	-0.00144831
2270.78472	-0.00845983
2272.33231	0.00210073
2273.87991	0.00419909
2275.427518	-0.00468568
2276.975136	0.000988098
2278.522762	0.00110868
2280.070398	-0.0014482
2281.618043	-0.00496146
2283.165697	-0.00170757
2284.713359	-0.00581209
2286.261031	-0.00430717
2287.808712	0.000256734
2289.356402	-0.00299784
2290.904101	0.00289
2292.451809	-0.000872657
2293.999526	0.000107451
2295.547252	0.00174744
2297.094987	-0.00829203
2298.642731	0.00205365
2300.190485	-0.00281957
2301.738247	-0.00139606
2303.286018	-0.00441648
2304.833799	0.00567205
2306.381588	-0.00511836
2307.929387	-0.00418322
2309.477194	-0.00145171
2311.025011	-0.00291086
2312.572836	-0.000736492
2314.120671	-0.00792907
2315.668515	-8.51345e-05
2317.216368	0.00119476
2318.76423	5.13333e-05
2320.3121	5.11303e-05
2321.85998	-0.00245856
2323.407869	0.000504312
2324.955767	-0.0017695
2326.503675	-0.0032689
2328.051591	0.00275129
2329.599516	0.0030282
2331.14745	0.000525685
2332.695394	-0.00164958
2334.243346	0.00120482
2335.791307	-0.000727957
2337.339278	0.00408131
2338.887257	0.000826637
2340.435246	-0.00042746
2341.983244	-0.0042201
2343.53125	1.03709e-05
2345.079266	-0.0037974
2346.627291	9.4202e-05
2348.175325	-0.000114514
2349.723367	1.07849e-05
2351.271419	0.000770543
2352.81948	-1.85174e-07
2354.36755	-0.00376829
2355.91563	-0.00289431
2357.463718	-0.00575739
2359.011815	0.00263332
2360.559921	-0.00134183
2362.108037	0.00707444
2363.656161	-0.00160681
2365.204294	-0.00183011
2366.752437	-0.00432678
2368.300588	-0.00235729
2369.848749	-0.00159389
2371.396919	-0.00081793
2372.945097	-0.000409637
2374.493285	-0.000746484
2376.041482	0.00278568
2377.589688	0.00013222
2379.137903	0.00391871
2380.686127	-0.00668586
2382.23436	0.00352067
2383.782602	-0.00042963
2385.330853	-0.00675391
2386.879114	-0.00188516
2388.427383	-0.00105983
2389.975661	-0.00449362
2391.523949	0.000406836
2393.072245	-0.0030903
2394.620551	0.0019473
2396.168865	-0.000298423
2397.717189	-0.00900244
2399.265522	0.000812225
2400.813863	-0.000556238
2402.362214	-0.00403826
2403.910574	0.00217339
2405.458943	0.00127708
2407.007321	-0.00182151
2408.555708	0.0066029
2410.104104	-0.00503128
2411.652509	-0.00691818
2413.200924	0.0067646
2414.749347	-0.00290848
2416.297779	-0.00359351
2417.846221	-0.00267017
2419.394671	-0.00139706
2420.943131	-0.0034433
2422.491599	-0.000459654
2424.040077	0.0026113
2425.588564	0.00517547
2427.137059	0.00650331
2428.685564	0.00240051
2430.234078	-0.00218013
2431.782601	0.000140768
2433.331133	-0.00313346
2434.879674	-0.00800093
2436.428224	-0.0042586
2437.976784	-0.00620192
2439.525352	0.000979921
2441.073929	-5.39485e-05
2442.622516	-0.00178979
2444.171111	-0.00112509
2445.719716	-0.00368128
2447.268329	-0.00112966
2448.816952	-0.00393102
2450.365584	-0.00448211
2451.914225	-0.00360718
2453.462874	0.000983113
2455.011533	0.00145587
2456.560201	-0.00241269
2458.108878	-0.00731961
2459.657565	-0.0017239
2461.20626	0.00448251
2462.754964	0.000798673
2464.303677	-0.00194673
2465.8524	-0.00283579
2467.401131	-0.000548631
2468.949872	-0.000183596
2470.498621	-0.00607336
2472.04738	-0.00501885
2473.596148	-0.00142732
2475.144924	-0.00495556
2476.69371	0.000716483
2478.242505	0.00191844
2479.791309	0.00207043
2481.340122	-0.00111214
2482.888944	1.50205e-05
2484.437775	0.000372145
2485.986616	0.00187487
2487.535465	0.000443928
2489.084323	0.00222055
2490.633191	-0.0010582
2492.182067	-0.00145283
2493.730953	0.00667114
2495.279848	-0.00305748
2496.828751	0.00135783
2498.377664	-0.00588088
2499.926586	-0.000837246
2501.475517	0.000929997
2503.024457	0.00162606
2504.573406	-0.000483148
2506.122364	-0.00272915
2507.671332	-0.00238548
2509.220308	-0.00406646
2510.769293	-0.00423345
2512.318288	0.00206439
2513.867291	-0.00618604
2515.416304	-0.00396019
2516.965325	0.00381826
2518.514356	-0.0005241
2520.063396	-0.000253406
2521.612445	0.00117765
2523.161503	-0.00230314
2524.71057	-0.00193442
2526.259646	0.0038084
2527.808731	-0.00175698
2529.357825	-0.00344086
2530.906928	0.000954036
2532.456041	0.000880201
2534.005162	-0.00325474
2535.554293	0.00298857
2537.103432	-0.0033084
2538.652581	0.00574862
2540.201739	0.000354522
2541.750905	0.00263121
2543.300081	0.00103859
2544.849266	-0.002633
2546.39846	0.000904818
2547.947663	-0.00425028
2549.496876	0.00132009
2551.046097	-0.00144756
2552.595327	-0.00269515
2554.144566	0.00492285
2555.693815	0.000474716
2557.243072	-0.000288145
2558.792339	0.000382172
2560.341615	0.00444158
2561.8909	-0.00561024
2563.440193	-0.000363032
2564.989496	0.004156
2566.538808	-0.00187379
2568.088129	0.00321952
2569.63746	-0.00290559
2571.186799	-0.000283611
2572.736147	-0.0058861
2574.285504	0.00209772
2575.834871	-0.00042412
2577.384246	-0.00521052
2578.933631	-0.00218414
2580.483025	0.00247207
2582.032428	-0.00495982
2583.581839	-0.00722696
2585.13126	0.000436703
2586.68069	0.000383717
2588.230129	-0.00473458
2589.779578	0.00204482
2591.329035	0.00315833
2592.878501	0.00168734
2594.427977	0.000955695
2595.977461	-0.00112651
2597.526955	-0.00558456
2599.076457	0.00481969
2600.625969	0.00329007
2602.17549	0.00532684
2603.72502	0.00155982
2605.274559	-0.000566646
2606.824107	0.00460649
2608.373664	0.00499201
2609.92323	0.0068467
2611.472805	-0.00240694
2613.022389	0.00798409
2614.571983	0.00210174
2616.121585	0.00809621
2617.671197	-6.14092e-05
2619.220818	0.0122283
2620.770448	0.00259526
2622.320086	0.00551372
2623.869734	0.0007891
2625.419391	0.00323836
2626.969057	0.00479658
2628.518733	0.0142689
2630.068417	0.0068739
2631.61811	-0.00167274
2633.167813	0.00685804
2634.717524	-0.00207693
2636.267245	0.00543743
2637.816974	0.00655503
2639.366713	0.00337739
2640.916461	0.00475794
2642.466218	0.0150155
2644.015984	0.010037
2645.565759	0.0115842
2647.115543	0.00455388
2648.665336	0.00703329
2650.215139	0.00851681
2651.76495	0.00991663
2653.314771	0.0154097
2654.8646	0.00871068
2656.414439	0.00876815
2657.964287	0.0068989
2659.514144	0.0084223
2661.06401	0.00763424
2662.613885	0.0162702
2664.163769	0.0114613
2665.713662	0.0124733
2667.263564	0.00811616
2668.813476	0.0186509
2670.363396	0.0103619
2671.913326	0.00979119
2673.463264	0.0100195
2675.013212	0.0209321
2676.563169	0.0169953
2678.113135	0.0135202
2679.66311	0.022628
2681.213094	0.0184968
2682.763087	0.0201246
2684.313089	0.0192843
2685.8631	0.0243649
2687.413121	0.0140548
2688.96315	0.0134192
2690.513189	0.0177526
2692.063237	0.0179045
2693.613293	0.0264376
2695.163359	0.0229639
2696.713434	0.0293638
2698.263518	0.0224025
2699.813611	0.0158317
2701.363714	0.0195269
2702.913825	0.0229495
2704.463945	0.0293532
2706.014075	0.03346
2707.564214	0.0257369
2709.114361	0.0325959
2710.664518	0.023561
2712.214684	0.0165083
2713.764859	0.0196397
2715.315043	0.0238258
2716.865236	0.0258741
2718.415438	0.0389373
2719.96565	0.0331596
2721.51587	0.0377801
2723.066099	0.0337543
2724.616338	0.0276623
2726.166586	0.0332235
2727.716843	0.0320014
2729.267108	0.0298956
2730.817383	0.0346802
2732.367667	0.0336835
2733.917961	0.0317907
2735.468263	0.0268529
2737.018574	0.035686
2738.568895	0.0223356
2740.119224	0.0224976
2741.669563	0.0363077
2743.21991	0.0399597
2744.770267	0.0382748
2746.320633	0.0384899
2747.871008	0.0318192
2749.421392	0.0361005
2750.971786	0.0381825
2752.522188	0.0406515
2754.072599	0.0404696
2755.62302	0.0352996
2757.173449	0.0462175
2758.723888	0.0407175
2760.274336	0.03681
2761.824793	0.0406993
2763.375259	0.0374623
2764.925734	0.0376389
2766.476218	0.0416823
2768.026711	0.0399751
2769.577213	0.0527892
2771.127725	0.0474489
2772.678245	0.046487
2774.228775	0.0527466
2775.779314	0.0603593
2777.329862	0.0593489
2778.880418	0.0557034
2780.430984	0.0612095
2781.98156	0.049671
2783.532144	0.0703653
2785.082737	0.0683512
2786.63334	0.0620697
2788.183951	0.0488764
2789.734572	0.0640373
2791.285201	0.0554459
2792.83584	0.0547961
2794.386488	0.0604047
2795.937145	0.0353695
2797.487811	0.0283898
2799.038487	0.0250671
2800.589171	0.0385405
2802.139864	0.0418295
2803.690567	0.0432834
2805.241278	0.0302393
2806.791999	0.0298363
2808.342729	0.0626138
2809.893468	0.077261
2811.444216	0.0771364
2812.994973	0.0812161
2814.545739	0.0836321
2816.096515	0.103003
2817.647299	0.0844232
2819.198093	0.101609
2820.748895	0.0982259
2822.299707	0.0989063
2823.850528	0.0894049
2825.401358	0.112579
2826.952197	0.118517
2828.503045	0.118615
2830.053902	0.115855
2831.604769	0.120101
2833.155644	0.117693
2834.706529	0.118523
2836.257422	0.124914
2837.808325	0.138077
2839.359237	0.132663
2840.910158	0.15402
2842.461088	0.135516
2844.012027	0.143341
2845.562976	0.144303
2847.113933	0.164662
2848.664899	0.142289
2850.215875	0.147779
2851.76686	0.154267
2853.317854	0.120033
2854.868857	0.10841
2856.419869	0.120335
2857.97089	0.164859
2859.52192	0.170104
2861.072959	0.191178
2862.624008	0.203594
2864.175065	0.191895
2865.726132	0.202785
2867.277208	0.20225
2868.828293	0.214215
2870.379387	0.206381
2871.93049	0.210721
2873.481602	0.221745
2875.032723	0.231033
2876.583854	0.227751
2878.134993	0.221607
2879.686142	0.259741
2881.2373	0.227675
2882.788467	0.269356
2884.339643	0.253578
2885.890828	0.280621
2887.442022	0.277013
2888.993225	0.294355
2890.544438	0.281859
2892.095659	0.26697
2893.64689	0.279326
2895.198129	0.288183
2896.749378	0.258753
2898.300636	0.27063
2899.851903	0.286848
2901.40318	0.274801
2902.954465	0.302165
2904.505759	0.291688
2906.057063	0.285808
2907.608375	0.273726
2909.159697	0.304111
2910.711028	0.320727
2912.262368	0.30386
2913.813717	0.275619
2915.365075	0.303871
2916.916442	0.30408
2918.467819	0.27232
2920.019204	0.297152
2921.570599	0.32029
2923.122003	0.304372
2924.673416	0.270571
2926.224838	0.288478
2927.776269	0.281678
2929.327709	0.274614
2930.879158	0.270563
2932.430617	0.266739
2933.982084	0.261173
2935.533561	0.282033
2937.085047	0.301652
2938.636541	0.299675
2940.188045	0.288331
2941.739559	0.275276
2943.291081	0.279705
2944.842612	0.28677
2946.394153	0.262209
2947.945702	0.309322
2949.497261	0.276151
2951.048829	0.289392
2952.600406	0.292742
2954.151992	0.280349
2955.703587	0.284402
2957.255191	0.28357
2958.806804	0.284352
2960.358427	0.296783
2961.910059	0.3038
2963.461699	0.306328
2965.013349	0.294752
2966.565008	0.328903
2968.116676	0.298266
2969.668353	0.291829
2971.22004	0.286682
2972.771735	0.2862
2974.32344	0.286965
2975.875153	0.276493
2977.426876	0.286327
2978.978608	0.292798
2980.530349	0.282394
2982.082099	0.282993
2983.633859	0.291719
2985.185627	0.28014
2986.737405	0.277136
2988.289191	0.284793
2989.840987	0.277292
2991.392792	0.287459
2992.944606	0.267438
2994.496429	0.256919
2996.048261	0.251956
2997.600103	0.275313
2999.151953	0.26964
3000.703813	0.262127
3002.255681	0.260657
3003.807559	0.249894
3005.359446	0.265088
3006.911342	0.271257
3008.463247	0.253378
3010.015162	0.259985
3011.567085	0.288001
3013.119018	0.272785
3014.670959	0.256427
3016.22291	0.241481
3017.77487	0.255173
3019.326839	0.248405
3020.878817	0.237227
3022.430805	0.270022
3023.982801	0.265162
3025.534807	0.267602
3027.086821	0.273123
3028.638845	0.266847
3030.190878	0.277817
3031.74292	0.272777
3033.294971	0.234936
3034.847032	0.25863
3036.399101	0.256071
3037.95118	0.259972
3039.503267	0.292157
3041.055364	0.255335
3042.60747	0.262284
3044.159585	0.239287
3045.711709	0.260474
3047.263843	0.250702
3048.815985	0.259294
3050.368136	0.259505
3051.920297	0.26334
3053.472467	0.264981
3055.024646	0.275608
3056.576834	0.279412
3058.129031	0.274835
3059.681237	0.29274
3061.233453	0.28272
3062.785677	0.26599
3064.337911	0.291872
3065.890154	0.263527
3067.442406	0.274217
3068.994667	0.284047
3070.546937	0.286062
3072.099217	0.285877
3073.651505	0.272411
3075.203803	0.289213
3076.756109	0.290412
3078.308425	0.284113
3079.86075	0.294986
3081.413084	0.28084
3082.965427	0.311063
3084.51778	0.34388
3086.070141	0.330534
3087.622512	0.322503
3089.174892	0.310252
3090.727281	0.320486
3092.279679	0.315543
3093.832086	0.291568
3095.384502	0.333246
3096.936927	0.330237
3098.489362	0.297342
3100.041806	0.322738
3101.594258	0.318324
3103.14672	0.330193
3104.699191	0.329076
3106.251672	0.331941
3107.804161	0.340407
3109.356659	0.344038
3110.909167	0.352258
3112.461684	0.347636
3114.01421	0.345142
3115.566745	0.331418
3117.119289	0.348201
3118.671842	0.344915
3120.224404	0.335011
3121.776976	0.341362
3123.329557	0.33074
3124.882146	0.351512
3126.434745	0.325266
3127.987353	0.345122
3129.539971	0.325818
3131.092597	0.332664
3132.645232	0.308802
3134.197877	0.351107
3135.750531	0.317648
3137.303194	0.314768
3138.855866	0.312437
3140.408547	0.297251
3141.961237	0.306049
3143.513936	0.31106
3145.066645	0.30097
3146.619363	0.302163
3148.172089	0.302804
3149.724825	0.291011
3151.27757	0.27795
3152.830325	0.291975
3154.383088	0.27363
3155.935861	0.214069
3157.488642	0.190359
3159.041433	0.310737
3160.594233	0.525077
3162.147042	0.00312443
