1571.286644	-0.00997361
1572.830165	-0.0169338
1574.373696	-0.0022397
1575.917235	-0.0055912
1577.460783	-0.00922681
1579.004341	-0.00968159
1580.547907	-0.00399157
1582.091483	-0.0110775
1583.635067	-0.0111052
1585.17866	0.00496644
1586.722263	-0.00325229
1588.265874	-0.00606618
1589.809495	-0.00068242
1591.353124	-0.00939514
1592.896762	-0.00146612
1594.44041	-0.00855637
1595.984066	-0.00272999
1597.527732	-0.00761141
1599.071406	-0.00668576
1600.61509	-0.00928941
1602.158782	-0.00472628
1603.702484	-0.000765459
1605.246194	-0.00781247
1606.789914	-0.00728259
1608.333642	-0.00546804
1609.87738	-0.00595353
1611.421126	-0.00564185
1612.964882	-0.0041757
1614.508646	-0.00791299
1616.05242	-0.0111395
1617.596202	-0.00439801
1619.139994	-0.010838
1620.683794	-0.00303663
1622.227604	-0.00513679
1623.771422	-0.0084202
1625.31525	-0.00252506
1626.859086	0.000528486
1628.402932	-0.00204345
1629.946787	-0.00436761
1631.49065	-0.00376455
1633.034523	-0.00419423
1634.578404	-0.00768013
1636.122295	0.00132191
1637.666195	-0.00747913
1639.210103	-0.00352472
1640.754021	-0.0021795
1642.297948	-0.00438953
1643.841883	-0.00822078
1645.385828	-0.00800496
1646.929782	-0.000564792
1648.473744	-0.00716884
1650.017716	-0.00735533
1651.561697	-0.00486527
1653.105687	0.00040012
1654.649685	-0.000749802
1656.193693	-0.00473692
1657.73771	-0.00839393
1659.281736	-0.0148981
1660.82577	0.000993496
1662.369814	-0.00595539
1663.913867	-0.00192786
1665.457929	-0.00951888
1667.002	0.000425066
1668.54608	-0.00336408
1670.090168	-0.00364385
1671.634266	-0.00412667
1673.178373	-0.00378734
1674.722489	-0.00385201
1676.266614	-0.00679021
1677.810748	-0.00571791
1679.354891	-0.00305531
1680.899043	-0.00877426
1682.443204	-0.00885606
1683.987374	-0.00895446
1685.531553	-0.00802336
1687.075741	-0.00521899
1688.619938	-0.00453625
1690.164144	-0.00924138
1691.708359	-0.00369497
1693.252583	-0.00890905
1694.796816	-0.00803711
1696.341058	-0.0136852
1697.885309	-0.00462314
1699.429569	-0.00203783
1700.973839	-0.00995373
1702.518117	-0.00716077
1704.062404	0.000527822
1705.6067	0.00133385
1707.151005	-0.00574998
1708.69532	-0.00186459
1710.239643	-0.00549866
1711.783975	-0.00444917
1713.328316	-0.00771828
1714.872667	-0.00236736
1716.417026	-0.00280812
1717.961394	-0.00813381
1719.505772	-0.00233244
1721.050158	-0.00360124
1722.594553	-0.00514279
1724.138958	-0.00575155
1725.683371	-0.00665428
1727.227794	-0.000775481
1728.772225	-0.00237228
1730.316666	-0.00259239
1731.861115	-0.00355525
1733.405574	-0.00896985
1734.950041	0.00116882
1736.494518	-0.00592022
1738.039003	-0.00452147
1739.583498	-0.00231412
1741.128001	-0.00135272
1742.672514	-0.00022401
1744.217036	-0.00214003
1745.761566	-0.00546328
1747.306106	-0.00528629
1748.850655	-0.000780982
1750.395213	-0.00774448
1751.939779	-0.00444974
1753.484355	-0.00430663
1755.02894	-0.00160048
1756.573534	-0.00099333
1758.118137	-0.00956566
1759.662748	-0.00344717
1761.207369	-0.0076109
1762.751999	-0.00240527
1764.296638	0.007483
1765.841286	-0.00714881
1767.385943	-0.0050026
1768.930609	0.00272236
1770.475284	-0.00440508
1772.019968	-0.00692639
1773.564661	-0.00434091
1775.109363	-0.00237079
1776.654074	-0.00619294
1778.198795	-0.0065074
1779.743524	-0.00387794
1781.288262	-0.00958379
1782.833009	-0.00468704
1784.377765	-0.00502581
1785.922531	-0.00268488
1787.467305	-0.0017415
1789.012088	0.00150895
1790.55688	-0.00418086
1792.101682	0.00115038
1793.646492	2.7277e-05
1795.191312	0.000593071
1796.73614	0.00417602
1798.280977	-0.00406925
1799.825824	0.000262107
1801.370679	-0.00319142
1802.915544	-0.000601302
1804.460418	0.00232891
1806.0053	0.00610962
1807.550192	-0.005049
1809.095092	-0.00282735
1810.640002	-0.0113804
1812.184921	-0.00314501
1813.729848	-0.00586602
1815.274785	-0.00563094
1816.819731	-0.0106954
1818.364686	-0.00356344
1819.90965	0.00102554
1821.454623	-0.00665411
1822.999604	-0.00272445
1824.544595	0.000265499
1826.089595	-0.00208495
1827.634604	-0.00691382
1829.179622	-0.00424846
1830.724649	-0.00344448
1832.269685	0.00279718
1833.81473	-0.00110627
1835.359785	-0.00684759
1836.904848	0.00102729
1838.44992	0.00292662
1839.995001	-0.00633213
1841.540091	0.00113979
1843.085191	-0.00184112
1844.630299	-0.00590234
1846.175416	-0.000106487
1847.720543	0.00466281
1849.265678	-0.00730157
1850.810822	-0.0096746
1852.355976	-0.0101943
1853.901138	-0.00257059
1855.44631	0.000234922
1856.99149	-0.00840932
1858.53668	-0.00779153
1860.081879	-0.00382172
1861.627086	-0.00232982
1863.172303	-0.00445559
1864.717529	-0.00156381
1866.262763	-0.00390759
1867.808007	0.000710081
1869.35326	0.00388345
1870.898522	-0.00716113
1872.443793	0.00175414
1873.989073	-0.00420853
1875.534361	0.000217441
1877.079659	-0.00984343
1878.624966	-0.00323675
1880.170282	-0.00458141
1881.715608	-0.00204293
1883.260942	-0.00479312
1884.806285	0.00041975
1886.351637	-0.0065669
1887.896998	-0.00666279
1889.442368	-0.00301467
1890.987748	-0.0011729
1892.533136	-0.00627414
1894.078533	-0.00470387
1895.62394	0.00451302
1897.169355	0.000145509
1898.71478	-0.00805523
1900.260213	-0.00386584
1901.805656	0.00094535
1903.351107	-0.00316892
1904.896568	-0.0026938
1906.442038	0.00226016
1907.987516	-0.0063941
1909.533004	-0.00739877
1911.078501	-0.00448229
1912.624007	-0.00618551
1914.169521	-0.00940319
1915.715045	-0.000238136
1917.260578	-0.00533016
1918.80612	0.00221705
1920.351671	-0.00678961
1921.897231	-0.000666616
1923.4428	0.000496252
1924.988378	-0.00779627
1926.533965	-0.00617949
1928.079562	-0.00422601
1929.625167	-0.00572663
1931.170781	-0.00360193
1932.716404	-0.00316392
1934.262037	-0.00292859
1935.807678	0.00139377
1937.353328	-0.00611368
1938.898988	0.00428364
1940.444656	-0.00829353
1941.990334	-0.000994145
1943.53602	-0.00193993
1945.081716	0.00313534
1946.627421	0.00061974
1948.173134	0.00486358
1949.718857	0.00483284
1951.264589	-0.00447204
1952.81033	-0.00761202
1954.35608	-0.00463393
1955.901839	0.000330756
1957.447606	-0.00604034
1958.993383	-0.00259348
1960.53917	-0.00856521
1962.084965	-0.00619002
1963.630769	-0.00117928
1965.176582	0.00254837
1966.722404	-0.00596011
1968.268235	-0.00340973
1969.814076	-0.00194988
1971.359925	-0.00706724
1972.905783	-0.00193027
1974.451651	-0.000726207
1975.997527	-0.00402222
1977.543413	-0.00372455
1979.089307	-0.00971909
1980.635211	-0.00494452
1982.181123	-0.00163484
1983.727045	-0.00677598
1985.272976	-0.00375008
1986.818916	-0.00373715
1988.364864	-0.00500105
1989.910822	-0.00436842
1991.456789	-0.00933804
1993.002765	-0.000146662
1994.54875	-0.00495699
1996.094744	-0.00490337
1997.640747	-0.00331276
1999.186759	-0.00368379
2000.732781	-0.00756067
2002.278811	-0.00121269
2003.82485	-0.00927606
2005.370898	-0.0049632
2006.916956	-0.000796331
2008.463022	0.000827094
2010.009098	-0.0014982
2011.555182	-0.00305091
2013.101276	-0.00283607
2014.647378	-0.00412222
2016.19349	-0.00995242
2017.739611	0.00373324
2019.285741	-0.000525178
2020.831879	-0.00965881
2022.378027	-0.00206537
2023.924184	-0.00335368
2025.47035	-0.00801005
2027.016525	0.00288424
2028.562709	-0.00470296
2030.108902	-0.00478452
2031.655104	-0.00281777
2033.201316	-0.000160974
2034.747536	-0.00134822
2036.293765	-0.00545968
2037.840003	-0.00302461
2039.386251	0.00410794
2040.932507	-0.00624928
2042.478773	-0.00880623
2044.025047	-0.00240518
2045.571331	-0.000532948
2047.117624	0.00119962
2048.663925	-0.00187537
2050.210236	-0.00456952
2051.756556	-0.00417193
2053.302885	0.00236165
2054.849223	-0.000953094
2056.39557	-0.00358983
2057.941926	-0.000471262
2059.488291	-0.00662612
2061.034665	0.00238976
2062.581048	-0.0038322
2064.12744	-8.60388e-05
2065.673841	0.00112767
2067.220252	-0.00258239
2068.766671	0.00263256
2070.3131	-0.00258542
2071.859537	-0.00453344
2073.405984	0.00104595
2074.952439	0.00176327
2076.498904	0.00254408
2078.045378	0.00147265
2079.59186	-0.00593985
2081.138352	-0.0104514
2082.684853	0.0010633
2084.231363	-0.00240749
2085.777882	-0.00517517
2087.32441	-0.00440139
2088.870947	-0.00616603
2090.417493	-0.00227313
2091.964048	-0.00274197
2093.510613	-0.00313867
2095.057186	-0.00472734
2096.603768	-0.00750558
2098.15036	-0.00603979
2099.69696	-0.00790225
2101.24357	-0.00672571
2102.790188	-0.000662885
2104.336816	-0.00284099
2105.883453	-0.00321576
2107.430099	-0.00330692
2108.976753	0.00271298
2110.523417	-0.00430428
2112.07009	4.15957e-06
2113.616772	-0.00260183
2115.163463	-0.00584513
2116.710163	-0.00727285
2118.256873	-0.00312161
2119.803591	-0.00696599
2121.350318	-0.00965181
2122.897055	-0.00121521
2124.4438	-0.00148609
2125.990554	-0.00097008
2127.537318	0.00137727
2129.084091	-0.0110225
2130.630872	0.00283395
2132.177663	0.000834534
2133.724463	-0.00451553
2135.271271	0.00740924
2136.818089	-0.00404786
2138.364916	-0.00238146
2139.911752	-0.000578787
2141.458597	-0.00194509
2143.005452	-0.00449842
2144.552315	-0.00762098
2146.099187	-0.00867468
2147.646068	0.0010445
2149.192959	-0.00125743
2150.739858	0.00057088
2152.286767	-0.00694884
2153.833684	-0.00484642
2155.380611	-0.00483555
2156.927547	-0.00163599
2158.474491	-0.00334503
2160.021445	0.00129186
2161.568408	-0.0012967
2163.11538	-0.000271172
2164.662361	0.00601311
2166.209351	-0.00648636
2167.75635	-0.00873061
2169.303358	0.000101704
2170.850376	0.00241251
2172.397402	9.53796e-05
2173.944437	0.00066592
2175.491482	-0.00755509
2177.038535	0.000444638
2178.585598	-0.0018426
2180.132669	0.00101186
2181.67975	-0.00574522
2183.22684	-0.0052817
2184.773939	-0.00142401
2186.321047	-0.00572955
2187.868164	-0.00542576
2189.41529	-0.0072993
2190.962425	-0.00271008
2192.509569	0.000301385
2194.056722	-0.00382023
2195.603885	0.00124243
2197.151056	-0.00152808
2198.698236	-0.00496128
2200.245426	-0.00188447
2201.792624	-0.00278613
2203.339832	-0.00471895
2204.887049	-0.00681946
2206.434275	-0.00390215
2207.981509	-0.0035124
2209.528753	-0.00511152
2211.076006	-0.000742496
2212.623268	0.00053887
2214.170539	-0.00410683
2215.71782	-0.00717025
2217.265109	-0.000340172
2218.812407	0.00339627
2220.359715	-0.00634907
2221.907031	0.000505957
2223.454357	-0.00106134
2225.001691	-0.00607882
2226.549035	-0.00234343
2228.096388	0.00206097
2229.643749	-0.00532406
2231.19112	-0.000718754
2232.7385	-0.00404403
2234.285889	-0.000819418
2235.833287	-0.004207
2237.380695	-0.000920211
2238.928111	-0.0028917
2240.475536	-0.000103357
2242.02297	-0.00268906
2243.570414	-0.00426156
2245.117866	-0.0041192
2246.665328	1.56542e-05
2248.212799	-0.00324061
2249.760278	-0.00239269
2251.307767	-0.00215665
2252.855265	-0.00203475
2254.402772	0.000782792
2255.950288	-0.00476306
2257.497813	-0.00833865
2259.045347	0.00579676
2260.592891	0.00090933
2262.140443	-0.00201928
2263.688004	-0.00218977
2265.235575	-0.00104768
2266.783154	-0.0016316
2268.330743	-0.00551261
2269.878341	-0.000423116
2271.425947	-0.000797542
2272.973563	0.00196607
2274.521188	-0.00191675
2276.068822	-0.00576952
2277.616465	-0.00865279
2279.164117	-0.00252312
2280.711778	-0.00100685
2282.259449	-0.00667009
2283.807128	-0.00774295
2285.354816	0.00168813
2286.902514	-0.00695367
2288.450221	0.0022742
2289.997936	-0.00651046
2291.545661	0.00247561
2293.093395	-0.00133129
2294.641138	-0.00984947
2296.18889	0.0055328
2297.736651	-0.000717462
2299.284421	-0.00263819
2300.8322	-0.00170994
2302.379988	-0.00149839
2303.927786	-0.00276735
2305.475592	-0.00397967
2307.023408	0.00316068
2308.571232	-0.00122639
2310.119066	-0.00228237
2311.666909	-0.00105257
2313.21476	-0.00557272
2314.762621	0.000814869
2316.310491	-0.00294426
2317.85837	-0.00434216
2319.406258	0.000571713
2320.954156	0.00220904
2322.502062	-0.00496847
2324.049977	-0.000280808
2325.597902	-0.00573131
2327.145835	0.00217493
2328.693778	-0.00496485
2330.24173	-0.00752173
2331.78969	-0.00174641
2333.33766	0.000302611
2334.885639	-0.00650537
2336.433627	0.00362141
2337.981624	0.00220845
2339.529631	-0.00525635
2341.077646	0.00662794
2342.62567	0.00143071
2344.173704	-0.00233056
2345.721746	-0.000370541
2347.269798	-0.000869265
2348.817858	-0.00122102
2350.365928	-0.00292038
2351.914007	-0.00285066
2353.462095	-0.000823642
2355.010192	-0.000578136
2356.558298	-0.00559579
2358.106413	-0.00758467
2359.654537	0.000328698
2361.202671	0.000149076
2362.750813	-0.00247423
2364.298965	0.0027487
2365.847125	-0.00172644
2367.395295	-0.00762091
2368.943474	-0.00409718
2370.491662	-0.00627094
2372.039858	-0.00747061
2373.588064	-0.00110222
2375.13628	-0.00189327
2376.684504	-0.00106026
2378.232737	0.00267365
2379.780979	-0.00151725
2381.329231	-0.000631233
2382.877491	0.00199878
2384.425761	-0.00476117
2385.97404	-0.00014581
2387.522327	-0.00404003
2389.070624	-0.000778601
2390.61893	-0.00674706
2392.167245	0.00109482
2393.715569	-0.00311223
2395.263903	-0.00527771
2396.812245	-0.00480297
2398.360596	0.00936518
2399.908957	-0.00165571
2401.457326	0.00197405
2403.005705	0.00177951
2404.554093	0.000457272
2406.10249	-0.00350326
2407.650896	-0.00231886
2409.199311	-0.000512713
2410.747735	-0.00286302
2412.296168	-0.00213074
2413.84461	-0.00020878
2415.393061	-0.00459453
2416.941522	0.000199864
2418.489991	0.00306302
2420.03847	-0.00322515
2421.586958	-0.00638363
2423.135455	-0.00139076
2424.68396	0.00113934
2426.232475	-0.00334962
2427.781	0.00140095
2429.329533	-0.00122598
2430.878075	-0.00111142
2432.426626	-0.00263848
2433.975187	-0.00260319
2435.523756	0.00054466
2437.072335	-0.00576466
2438.620923	-0.000108769
2440.16952	0.00249417
2441.718125	-0.00154651
2443.26674	-0.00238383
2444.815364	-0.00549421
2446.363998	0.00189944
2447.91264	-0.00257204
2449.461291	0.00114443
2451.009952	-0.000268936
2452.558621	0.00200993
2454.1073	0.00162297
2455.655988	-0.00515218
2457.204685	-0.00219186
2458.75339	-0.000381108
2460.302105	-0.0080041
2461.85083	-0.00323731
2463.399563	0.0029935
2464.948305	-0.00869848
2466.497056	-0.00164541
2468.045817	0.000812838
2469.594587	0.0018941
2471.143365	-0.0075423
2472.692153	-0.00913341
2474.24095	3.41664e-05
2475.789756	-0.00201384
2477.338571	-0.00363898
2478.887395	-0.00260469
2480.436228	-0.00475209
2481.985071	0.00257253
2483.533922	0.00206009
2485.082783	-0.00375262
2486.631652	-0.00827046
2488.180531	-0.000191438
2489.729419	-0.00432379
2491.278316	-0.002552
2492.827222	-0.00523495
2494.376137	-0.00223617
2495.925061	-0.00401554
2497.473994	-0.00142743
2499.022937	-0.00222065
2500.571888	0.00151932
2502.120849	0.00242101
2503.669819	-0.0035397
2505.218797	0.0010314
2506.767785	0.00415762
2508.316782	-0.00363308
2509.865788	-0.00730543
2511.414804	0.000401805
2512.963828	-0.000298828
2514.512861	0.000376916
2516.061904	-0.00161557
2517.610955	-0.00739729
2519.160016	-0.00362394
2520.709086	-0.0059049
2522.258165	-0.000639533
2523.807253	-0.00731824
2525.35635	0.0036572
2526.905456	0.00800742
2528.454571	-0.000722909
2530.003696	-8.24505e-05
2531.552829	-0.00375911
2533.101972	0.00160043
2534.651124	-0.00481758
2536.200285	4.94227e-05
2537.749454	-0.00604122
2539.298633	0.00391406
2540.847822	0.000616189
2542.397019	0.00619583
2543.946225	-0.000953493
2545.495441	-3.54321e-05
2547.044665	0.00261468
2548.593899	0.000564459
2550.143141	-0.00135847
2551.692393	-0.00207088
2553.241654	1.17509e-07
2554.790924	-0.00103666
2556.340203	-0.00436426
2557.889492	-0.00303773
2559.438789	-0.00288957
2560.988095	0.00156402
2562.537411	-0.00441454
2564.086736	0.00491344
2565.636069	0.0064948
2567.185412	-0.00205398
2568.734764	-0.000409225
2570.284125	-0.00918758
2571.833496	0.00107595
2573.382875	-0.00611504
2574.932263	-0.000193208
2576.481661	-0.00284116
2578.031067	-0.000531299
2579.580483	0.00522893
2581.129908	-0.00567969
2582.679342	-0.000947448
2584.228785	-0.00357726
2585.778237	-0.00498627
2587.327698	0.000682262
2588.877169	-0.0056092
2590.426648	0.00794887
2591.976137	-0.00153639
2593.525634	0.000737152
2595.075141	0.00434524
2596.624657	-0.00159166
2598.174182	0.00355021
2599.723716	-0.00789616
2601.273259	0.000785552
2602.822812	-0.00416033
2604.372373	-0.00178564
2605.921944	-0.00428881
2607.471523	0.00112302
2609.021112	-0.00454404
2610.57071	-0.00518541
2612.120317	0.00214092
2613.669933	-0.00257652
2615.219558	0.00479113
2616.769193	-0.00638178
2618.318836	-0.00572897
2619.868489	-0.0030899
2621.41815	0.000408494
2622.967821	-0.00485597
2624.517501	-0.00236355
2626.06719	0.000838505
2627.616888	-0.00198203
2629.166595	0.00610525
2630.716311	-1.40076e-05
2632.266037	-0.00475306
2633.815771	-0.00841519
2635.365515	-0.000470668
2636.915268	-0.00617642
2638.46503	-0.00722992
2640.014801	-0.00215648
2641.564581	-0.000187349
2643.11437	-0.00417008
2644.664168	-0.00295502
2646.213976	-0.00190443
2647.763792	0.00208238
2649.313618	0.00105009
2650.863453	-0.00126634
2652.413297	-0.0012848
2653.96315	0.00695865
2655.513012	-0.00600702
2657.062883	0.00103717
2658.612763	-0.00459985
2660.162653	0.00503501
2661.712551	-0.0028757
2663.262459	0.00252867
2664.812376	-1.69896e-05
2666.362302	-0.00029687
2667.912237	0.0055972
2669.462181	0.00263579
2671.012134	0.00670453
2672.562097	-4.52195e-05
2674.112068	0.0118425
2675.662049	0.0039759
2677.212038	0.00157428
2678.762037	0.00361652
2680.312045	0.00396803
2681.862062	0.00765602
2683.412089	0.00113553
2684.962124	0.00633129
2686.512168	0.00655286
2688.062222	0.00679034
2689.612284	-0.00059974
2691.162356	0.0021987
2692.712437	0.00581925
2694.262527	0.00252325
2695.812626	0.00358242
2697.362735	0.0032252
2698.912852	0.000843047
2700.462978	0.00747947
2702.013114	0.00513538
2703.563259	0.00584312
2705.113413	0.00712322
2706.663576	0.0043965
2708.213748	0.00332917
2709.763929	0.0033589
2711.314119	0.0064475
2712.864319	0.00902694
2714.414527	0.00534393
2715.964745	-0.000392241
2717.514972	0.0111024
2719.065208	0.00718783
2720.615453	0.00793868
2722.165707	0.00644349
2723.71597	0.00340993
2725.266243	0.00732132
2726.816524	0.00582648
2728.366815	0.0105267
2729.917115	0.000211494
2731.467424	0.0100789
2733.017742	0.000416456
2734.568069	0.00200819
2736.118405	0.00945948
2737.66875	0.00395605
2739.219105	0.0068811
2740.769468	0.00149948
2742.319841	0.00331334
2743.870223	0.0143631
2745.420614	0.00113603
2746.971014	0.0105756
2748.521423	0.00430059
2750.071842	0.0176965
2751.622269	0.0141087
2753.172706	0.0157468
2754.723152	0.00915471
2756.273607	0.0189712
2757.824071	0.010256
2759.374544	0.0150523
2760.925026	0.00534507
2762.475517	0.0137967
2764.026018	0.00915595
2765.576527	0.00880304
2767.127046	0.0115561
2768.677574	0.00478854
2770.228111	0.0137735
2771.778657	0.00755392
2773.329212	0.0080667
2774.879777	0.014119
2776.43035	0.0105914
2777.980933	0.00638933
2779.531525	0.0191528
2781.082126	0.0114313
2782.632736	0.0177272
2784.183355	0.0114754
2785.733983	0.0109416
2787.28462	0.0191199
2788.835267	0.0110006
2790.385923	0.00831457
2791.936587	0.00235624
2793.487261	0.0142914
2795.037944	0.018045
2796.588637	0.00967725
2798.139338	0.00604202
2799.690048	0.00794908
2801.240768	0.00493089
2802.791496	0.00902153
2804.342234	0.00250066
2805.892981	0.00762671
2807.443737	0.00794336
2808.994502	0.0124207
2810.545277	0.0130276
2812.09606	0.0171867
2813.646853	0.0114468
2815.197655	0.0157501
2816.748465	0.0193304
2818.299285	0.0209102
2819.850115	0.0130451
2821.400953	0.0201745
2822.9518	0.0146702
2824.502657	0.0114461
2826.053522	0.00747609
2827.604397	0.0147622
2829.155281	0.0133122
2830.706174	0.0155717
2832.257076	0.0285235
2833.807987	0.0146792
2835.358908	0.015918
2836.909837	0.0185423
2838.460776	0.016683
2840.011724	0.0267136
2841.562681	0.0226828
2843.113647	0.0188003
2844.664622	0.0148076
2846.215607	0.0208249
2847.7666	0.0191285
2849.317603	0.00891376
2850.868615	0.0180345
2852.419636	0.0218598
2853.970666	0.0192584
2855.521705	0.0107429
2857.072753	0.0204951
2858.62381	0.0178232
2860.174877	0.0206385
2861.725953	0.0205988
2863.277038	0.0182762
2864.828132	0.0253144
2866.379235	0.0233339
2867.930347	0.0238096
2869.481468	0.0222191
2871.032599	0.0281213
2872.583739	0.0274541
2874.134887	0.0378805
2875.686045	0.0300403
2877.237212	0.0316577
2878.788389	0.0513469
2880.339574	0.0386529
2881.890768	0.0313006
2883.441972	0.0282779
2884.993185	0.0418591
2886.544407	0.0378007
2888.095638	0.030565
2889.646878	0.0316674
2891.198127	0.0409086
2892.749386	0.0274809
2894.300653	0.0355105
2895.85193	0.0361077
2897.403216	0.0330351
2898.954511	0.0471025
2900.505815	0.0426147
2902.057128	0.0354817
2903.608451	0.041228
2905.159782	0.0455093
2906.711123	0.0361248
2908.262473	0.039095
2909.813832	0.0411431
2911.3652	0.0492802
2912.916577	0.0348452
2914.467964	0.0325155
2916.019359	0.0337466
2917.570764	0.0385774
2919.122178	0.0407204
2920.673601	0.0425691
2922.225033	0.0396098
2923.776474	0.0411824
2925.327925	0.0452489
2926.879384	0.043401
2928.430853	0.0561977
2929.982331	0.0501989
2931.533818	0.04862
2933.085314	0.049924
2934.636819	0.0405626
2936.188334	0.0521304
2937.739857	0.0418837
2939.29139	0.0515949
2940.842932	0.0441523
2942.394483	0.0441587
2943.946043	0.0493199
2945.497612	0.0515604
2947.04919	0.0479898
2948.600778	0.0314081
2950.152375	0.0413745
2951.70398	0.0507595
2953.255595	0.0422625
2954.80722	0.0340194
2956.358853	0.0444284
2957.910495	0.0430859
2959.462147	0.0540904
2961.013808	0.0389057
2962.565477	0.0477346
2964.117156	0.0392535
2965.668845	0.0332423
2967.220542	0.0420546
2968.772248	0.0349492
2970.323964	0.0303089
2971.875689	0.0472602
2973.427423	0.0391426
2974.979166	0.0330919
2976.530918	0.0340862
2978.082679	0.036354
2979.63445	0.0471003
2981.186229	0.0386947
2982.738018	0.0333247
2984.289816	0.0466344
2985.841623	0.0361151
2987.393439	0.0376816
2988.945265	0.0360005
2990.497099	0.028873
2992.048943	0.0475001
2993.600796	0.0398261
2995.152658	0.0342461
2996.704529	0.0295985
2998.256409	0.036273
2999.808298	0.0338836
3001.360197	0.0197405
3002.912105	0.0305651
3004.464022	0.0303135
3006.015948	0.0334412
3007.567883	0.0470985
3009.119827	0.0362264
3010.67178	0.0384323
3012.223743	0.0405419
3013.775715	0.0315445
3015.327696	0.0366616
3016.879686	0.0339925
3018.431685	0.0264668
3019.983693	0.0347935
3021.535711	0.0408103
3023.087738	0.0366151
3024.639774	0.020423
3026.191819	0.0289239
3027.743873	0.0257306
3029.295936	0.0208735
3030.848008	0.0347788
3032.40009	0.0401348
3033.952181	0.0428768
3035.504281	0.0304414
3037.05639	0.0209993
3038.608508	0.0264706
3040.160635	0.0253782
3041.712772	0.0318846
3043.264917	0.0322701
3044.817072	0.0194776
3046.369236	0.0318734
3047.921409	0.0214956
3049.473592	0.0263644
3051.025783	0.0287834
3052.577984	0.0295381
3054.130194	0.0249365
3055.682412	0.0384694
3057.234641	0.0233283
3058.786878	0.0208852
3060.339124	0.0326066
3061.89138	0.0218287
3063.443644	0.0301481
3064.995918	0.031331
3066.548201	0.0311745
3068.100493	0.0428198
3069.652795	0.0281361
3071.205105	0.0317438
3072.757425	0.0203564
3074.309754	0.0241514
3075.862092	0.0296563
3077.414439	0.0338327
3078.966795	0.0273552
3080.51916	0.0274074
3082.071535	0.0295725
3083.623919	0.019792
3085.176312	0.0189687
3086.728714	0.0216612
3088.281125	0.0230207
3089.833545	0.0351863
3091.385975	0.0271004
3092.938414	0.0341689
3094.490861	0.0339757
3096.043318	0.0317504
3097.595785	0.0305308
3099.14826	0.036699
3100.700744	0.0260077
3102.253238	0.0235905
3103.805741	0.023353
3105.358253	0.0247527
3106.910774	0.0326024
3108.463304	0.0333667
3110.015844	0.026393
3111.568392	0.030904
3113.12095	0.0301575
3114.673517	0.0229777
3116.226093	0.0189015
3117.778679	0.0347619
3119.331273	0.0224924
3120.883877	0.020357
3122.436489	0.0347813
3123.989111	0.0292468
3125.541742	0.0310881
3127.094383	0.0274143
3128.647032	0.0265867
3130.199691	0.0232991
3131.752358	0.0295815
3133.305035	0.0332323
3134.857721	0.0162765
3136.410417	0.0354461
3137.963121	0.0343481
3139.515835	0.0325371
3141.068557	0.0188904
3142.621289	0.0313802
3144.17403	0.0353916
3145.72678	0.03078
3147.27954	0.0230003
3148.832308	0.0314212
3150.385086	0.0155056
3151.937873	0.0449268
3153.490669	0.0619082
3155.043474	-0.000407232
