1578.389555	0.000752868
1579.933121	0.00377624
1581.476696	-0.00208776
1583.02028	-0.00340028
1584.563873	0.00443243
1586.107475	-0.00225813
1587.651086	-0.00422468
1589.194706	0.0052388
1590.738335	0.00412865
1592.281972	-0.00125492
1593.825619	-0.00073632
1595.369275	-0.00175889
1596.91294	0.000658953
1598.456614	-0.00385403
1600.000297	-0.00013997
1601.543988	-0.00127305
1603.087689	0.00306488
1604.631399	-0.00194534
1606.175118	0.00316057
1607.718846	-0.00433362
1609.262582	0.0020189
1610.806328	0.0018875
1612.350083	-9.86416e-06
1613.893846	-0.00545664
1615.437619	0.00644711
1616.981401	0.00162118
1618.525191	0.00229264
1620.068991	0.00354126
1621.6128	0.00174645
1623.156617	0.0044922
1624.700444	0.00199366
1626.244279	7.81752e-05
1627.788124	0.00477898
1629.331978	0.00698916
1630.87584	-0.00189771
1632.419712	0.00129445
1633.963592	0.00223268
1635.507482	-0.00370622
1637.05138	0.00314018
1638.595288	-0.000799185
1640.139204	-0.000733715
1641.68313	-0.000784974
1643.227064	0.0042918
1644.771008	-0.00420841
1646.31496	0.00106094
1647.858921	0.00215154
1649.402892	-0.00317029
1650.946871	0.00313348
1652.49086	-0.00395945
1654.034857	-0.000740334
1655.578863	-0.00483243
1657.122879	0.00275395
1658.666903	0.00190659
1660.210937	0.00878461
1661.754979	0.00771823
1663.29903	-0.000222065
1664.843091	-0.00636245
1666.38716	0.00570183
1667.931238	0.00268019
1669.475325	0.000500429
1671.019422	0.00149532
1672.563527	0.00109537
1674.107641	-0.0014026
1675.651765	-0.00349846
1677.195897	-0.00278314
1678.740038	0.00333558
1680.284188	-0.000759737
1681.828348	0.00876235
1683.372516	0.00635834
1684.916693	-0.00349482
1686.460879	0.00169104
1688.005075	-0.000285198
1689.549279	-0.00169418
1691.093492	-0.00232964
1692.637714	-0.000788611
1694.181945	0.00530568
1695.726186	0.00028476
1697.270435	0.00236333
1698.814693	-0.0044809
1700.35896	-0.000990499
1701.903236	0.00299258
1703.447522	-0.00237084
1704.991816	-0.00247302
1706.536119	0.00726974
1708.080431	-0.00164363
1709.624752	0.000821247
1711.169082	0.00254971
1712.713422	-0.00135584
1714.25777	0.00216536
1715.802127	-0.00102473
1717.346493	0.00200772
1718.890868	-0.000236731
1720.435252	0.000334674
1721.979645	-1.0379e-05
1723.524048	0.00532686
1725.068459	0.00232144
1726.612879	0.000332883
1728.157308	0.00523498
1729.701746	-0.00328011
1731.246193	0.00387061
1732.790649	0.00287972
1734.335114	-0.00110955
1735.879589	-6.39838e-05
1737.424072	-0.00149254
1738.968564	-0.00213365
1740.513065	0.00397671
1742.057575	0.0025698
1743.602094	0.00961292
1745.146622	-0.00275056
1746.691159	-0.005866
1748.235705	0.00185055
1749.780261	0.000706643
1751.324825	-0.0018647
1752.869398	-0.00342108
1754.41398	0.000484078
1755.958571	0.00154595
1757.503171	0.000494564
1759.04778	0.00322364
1760.592398	-0.000135821
1762.137025	-0.00189404
1763.681662	-0.000410714
1765.226307	-0.00252579
1766.770961	-0.00326401
1768.315624	0.00489046
1769.860296	0.000645906
1771.404977	-0.00237674
1772.949667	0.00243414
1774.494367	0.0066579
1776.039075	0.00278288
1777.583792	-0.00118297
1779.128518	-0.00222838
1780.673253	0.00117294
1782.217997	0.00689215
1783.76275	0.00137364
1785.307513	0.0033032
1786.852284	0.00251371
1788.397064	0.00061273
1789.941853	0.00284936
1791.486651	-0.00321479
1793.031459	0.00234882
1794.576275	0.00332128
1796.1211	0.000776567
1797.665934	-0.00105824
1799.210777	-0.00122221
1800.75563	0.00298408
1802.300491	0.00390172
1803.845361	0.00627633
1805.39024	-0.0052463
1806.935128	-0.000304752
1808.480026	0.00500727
1810.024932	-0.00162987
1811.569847	0.0016843
1813.114771	-0.00155352
1814.659705	0.00476303
1816.204647	0.00538194
1817.749598	-0.00156947
1819.294559	0.00304955
1820.839528	-0.000176206
1822.384506	0.00291923
1823.929494	0.00235581
1825.47449	-0.00107091
1827.019495	0.000888181
1828.56451	-0.00529672
1830.109533	0.00107057
1831.654565	-0.00310451
1833.199607	-0.000310639
1834.744657	4.05076e-05
1836.289716	0.000783981
1837.834785	0.0052853
1839.379862	0.000402845
1840.924949	0.000266945
1842.470044	0.00148314
1844.015148	0.0012334
1845.560262	0.00120545
1847.105384	-0.00457921
1848.650516	-6.40158e-05
1850.195656	-0.00395452
1851.740806	-0.00161065
1853.285964	0.00203816
1854.831132	0.00133019
1856.376308	-0.00594331
1857.921494	0.00471355
1859.466688	0.00569593
1861.011892	0.00230461
1862.557104	0.00516296
1864.102326	-0.00204731
1865.647557	0.00230649
1867.192796	0.00414227
1868.738045	0.00330208
1870.283302	-0.00254042
1871.828569	0.00180607
1873.373845	0.00311516
1874.919129	-0.00125592
1876.464423	0.00322349
1878.009726	-0.000587706
1879.555037	0.00271978
1881.100358	0.000917971
1882.645688	-0.00133215
1884.191027	-0.000417173
1885.736374	0.00370954
1887.281731	-0.0049311
1888.827097	0.00510699
1890.372472	-0.00261845
1891.917856	0.00180583
1893.463248	0.000414399
1895.00865	0.00201886
1896.554061	0.00222223
1898.099481	-0.000631013
1899.64491	-0.000568233
1901.190348	-0.00215315
1902.735795	0.00601619
1904.281251	-0.00253731
1905.826716	-0.00153864
1907.37219	0.00101335
1908.917673	0.00139268
1910.463165	0.0034049
1912.008666	0.00175776
1913.554176	-0.00190826
1915.099695	0.00141637
1916.645223	0.00585327
1918.19076	0.00712772
1919.736306	0.00203354
1921.281861	0.00540751
1922.827425	0.00178069
1924.372998	0.00394719
1925.918581	-0.000469544
1927.464172	0.000855219
1929.009772	0.000614562
1930.555381	0.00402458
1932.101	0.00125595
1933.646627	-0.00161439
1935.192263	-0.00179204
1936.737908	0.00539809
1938.283563	-0.00113372
1939.829226	0.000767927
1941.374899	-0.00501614
1942.92058	0.000467508
1944.46627	0.00209623
1946.01197	0.00410609
1947.557678	0.00166615
1949.103396	0.00228254
1950.649122	0.00153775
1952.194858	0.00060912
1953.740602	0.0051196
1955.286356	-0.000514162
1956.832118	-0.000561031
1958.37789	-0.00262107
1959.923671	0.0068118
1961.46946	0.0032025
1963.015259	0.0050046
1964.561067	0.00125762
1966.106883	0.00121322
1967.652709	-5.95883e-05
1969.198544	0.00166368
1970.744388	0.00439032
1972.29024	0.00147068
1973.836102	-0.00199335
1975.381973	0.000429421
1976.927853	1.1218e-05
1978.473742	-0.00268404
1980.01964	0.00416419
1981.565547	0.000158339
1983.111463	0.0033891
1984.657388	-0.00117914
1986.203322	0.0015452
1987.749265	0.00116701
1989.295217	0.00430532
1990.841178	0.00209589
1992.387148	0.00540754
1993.933127	0.00202401
1995.479115	0.00237099
1997.025113	0.00337501
1998.571119	-0.00375011
2000.117134	0.00426432
2001.663158	0.00566893
2003.209192	0.00219186
2004.755234	-0.00137713
2006.301285	0.00402681
2007.847346	0.00190703
2009.393415	0.00202641
2010.939493	-0.00142713
2012.485581	0.00574138
2014.031677	-3.22965e-05
2015.577783	0.00254519
2017.123897	0.0027516
2018.670021	-0.00199026
2020.216154	-0.00286821
2021.762295	0.000106084
2023.308446	0.00201793
2024.854606	-0.00137586
2026.400774	0.000596896
2027.946952	0.00291504
2029.493139	-0.000223809
2031.039335	0.00426252
2032.585539	0.0104513
2034.131753	0.000888247
2035.677976	-0.000357196
2037.224208	-0.00519868
2038.770449	0.008017
2040.316699	0.00284675
2041.862958	0.00302433
2043.409226	6.13528e-05
2044.955503	0.00457295
2046.501789	-0.00234708
2048.048084	0.00242693
2049.594389	0.00178694
2051.140702	0.00639687
2052.687024	-0.00273941
2054.233355	0.0010077
2055.779695	0.00353775
2057.326045	0.00101417
2058.872403	0.000237981
2060.41877	0.000533859
2061.965147	0.00141859
2063.511532	0.00287037
2065.057927	-0.00126465
2066.60433	0.00110014
2068.150743	-0.00229561
2069.697164	0.00119669
2071.243595	0.00340186
2072.790035	0.0032166
2074.336483	0.00207643
2075.882941	0.000858894
2077.429408	0.00100871
2078.975884	-0.00162261
2080.522368	0.00270723
2082.068862	0.00781308
2083.615365	0.000459988
2085.161877	0.00252852
2086.708398	0.00503767
2088.254928	0.00559537
2089.801467	0.00201129
2091.348015	-4.80702e-05
2092.894572	0.00208634
2094.441138	0.00843877
2095.987713	0.00641437
2097.534298	0.00541983
2099.080891	0.000645422
2100.627493	0.00451507
2102.174104	0.00105456
2103.720725	0.00609267
2105.267354	0.00302856
2106.813993	0.0081377
2108.36064	-0.0010048
2109.907296	0.00142602
2111.453962	0.00208165
2113.000637	0.00361695
2114.54732	-0.00399298
2116.094013	-0.00186433
2117.640714	0.00829805
2119.187425	0.00160577
2120.734145	0.00146169
2122.280874	-0.0069608
2123.827612	0.00694098
2125.374358	0.00228725
2126.921114	0.00179661
2128.467879	-0.000587197
2130.014653	-0.00555898
2131.561436	0.00580803
2133.108228	0.00159803
2134.655029	-0.00450525
2136.20184	-0.00326873
2137.748659	0.00442141
2139.295487	0.00322148
2140.842324	-0.00380995
2142.389171	-0.00325912
2143.936026	0.000167752
2145.48289	0.00198543
2147.029764	-0.00484526
2148.576646	0.00163577
2150.123538	0.0067245
2151.670438	-0.00112835
2153.217348	-0.00105488
2154.764266	0.00202395
2156.311194	-0.00422622
2157.858131	-0.00112068
2159.405077	-0.000526278
2160.952031	0.000326448
2162.498995	0.00177946
2164.045968	0.00319607
2165.59295	0.000459769
2167.139941	0.000730708
2168.686941	0.00557731
2170.23395	0.00342358
2171.780968	0.00443281
2173.327995	0.00778799
2174.875031	0.00347222
2176.422077	-0.00825727
2177.969131	-0.00533271
2179.516194	0.000658809
2181.063267	0.00402549
2182.610348	0.00401299
2184.157439	0.00467421
2185.704538	-0.00024786
2187.251647	0.00347609
2188.798764	0.00474561
2190.345891	0.000909747
2191.893026	-0.00335029
2193.440171	0.00439738
2194.987325	0.0051437
2196.534488	0.00430483
2198.08166	0.000484052
2199.628841	0.000626192
2201.176031	0.00802897
2202.72323	-0.000742871
2204.270438	0.00780481
2205.817655	0.00511796
2207.364881	0.00250044
2208.912116	0.00372718
2210.45936	-0.00534469
2212.006614	0.000422441
2213.553876	0.00586937
2215.101147	-0.00181956
2216.648428	0.00163615
2218.195717	0.00604546
2219.743016	-0.00258042
2221.290323	0.00142567
2222.83764	0.000466842
2224.384966	0.00548382
2225.9323	0.00922794
2227.479644	0.0038212
2229.026997	-0.00332181
2230.574359	0.00365681
2232.12173	-0.000933896
2233.66911	-0.00127883
2235.216499	0.0064938
2236.763897	-5.42288e-05
2238.311304	0.00719252
2239.85872	1.36603e-05
2241.406145	0.00131743
2242.953579	0.000668587
2244.501023	0.00532077
2246.048475	0.00442731
2247.595937	-0.00320854
2249.143407	0.00444391
2250.690887	0.000727266
2252.238375	0.00538384
2253.785873	0.00304934
2255.333379	0.00454053
2256.880895	0.00615647
2258.42842	-0.000841767
2259.975954	-0.00171744
2261.523497	-0.00288599
2263.071049	-0.00153875
2264.61861	0.00710285
2266.16618	0.00396039
2267.713759	0.00125315
2269.261347	0.00255854
2270.808944	0.00104135
2272.35655	0.0044823
2273.904166	-0.000768869
2275.45179	0.0048121
2276.999424	0.00110756
2278.547066	0.00916701
2280.094718	0.00306764
2281.642378	0.00743347
2283.190048	0.00220539
2284.737727	0.00117951
2286.285414	0.00173005
2287.833111	0.00670635
2289.380817	-0.000304535
2290.928532	-0.00253408
2292.476256	-0.000569956
2294.023989	-7.90243e-05
2295.571731	-0.00186233
2297.119482	0.00130985
2298.667242	0.00642923
2300.215012	-0.000875309
2301.76279	-0.00222325
2303.310577	-9.29628e-06
2304.858374	0.00590167
2306.406179	0.00286203
2307.953994	-0.000311162
2309.501817	-0.00355114
2311.04965	0.00311334
2312.597492	-0.00158931
2314.145342	0.00160894
2315.693202	0.00358285
2317.241071	-0.00342543
2318.788949	0.00128828
2320.336836	0.00247825
2321.884732	0.00323952
2323.432637	-0.000119136
2324.980552	0.00486415
2326.528475	0.00648941
2328.076407	0.00579507
2329.624348	0.00129197
2331.172299	-0.00181354
2332.720258	-0.00601611
2334.268227	0.000402371
2335.816205	0.00240667
2337.364191	-0.000152335
2338.912187	0.00134647
2340.460192	0.00507894
2342.008206	-0.00149163
2343.556228	0.00190637
2345.10426	0.000225219
2346.652301	0.00534433
2348.200352	0.00493904
2349.748411	-0.00247489
2351.296479	0.00163218
2352.844556	0.00211632
2354.392643	0.001205
2355.940738	0.00125319
2357.488842	-0.000941696
2359.036956	-0.000461201
2360.585079	-0.000650296
2362.13321	0.0006002
2363.681351	-0.00184535
2365.229501	0.000338192
2366.77766	8.63586e-05
2368.325827	-0.000987832
2369.874004	0.00418664
2371.42219	0.00312102
2372.970386	-0.0013444
2374.51859	-0.000987893
2376.066803	0.0043394
2377.615025	0.00130197
2379.163257	0.0107656
2380.711497	-0.00358013
2382.259747	0.0109184
2383.808005	0.000877305
2385.356273	-0.00128582
2386.904549	0.000393441
2388.452835	0.0070417
2390.00113	0.00573465
2391.549434	0.00173788
2393.097747	0.00252332
2394.646069	-0.00279432
2396.1944	0.0109768
2397.74274	0.00245161
2399.291089	0.00542569
2400.839447	0.00507873
2402.387815	-3.18125e-05
2403.936191	0.00486509
2405.484577	0.00577349
2407.032971	0.00689291
2408.581375	0.00449604
2410.129788	0.0028793
2411.678209	0.00143156
2413.22664	0.00725345
2414.77508	0.00391841
2416.323529	0.000292974
2417.871987	-0.00451812
2419.420454	-0.0031231
2420.96893	-0.0004986
2422.517416	0.001941
2424.06591	0.000603866
2425.614413	-0.00129039
2427.162926	0.00436907
2428.711447	0.00316858
2430.259978	0.00437011
2431.808517	-0.000235881
2433.357066	0.00803604
2434.905624	2.65089e-05
2436.454191	0.00532255
2438.002767	0.003392
2439.551352	0.00465205
2441.099946	0.00622485
2442.648549	0.00486523
2444.197161	0.00232538
2445.745782	0.00348275
2447.294413	-0.00126316
2448.843052	-0.00248294
2450.391701	0.000858471
2451.940358	0.00602984
2453.489025	-0.000254557
2455.037701	0.0024386
2456.586386	0.00487046
2458.135079	-0.00208014
2459.683782	0.00247924
2461.232494	0.00353927
2462.781215	0.00432593
2464.329946	0.00116724
2465.878685	0.000266759
2467.427433	-0.0025467
2468.976191	0.00512129
2470.524957	0.00412356
2472.073733	-0.000597518
2473.622517	0.00599629
2475.171311	0.000741123
2476.720114	0.00598984
2478.268925	-0.00135244
2479.817746	-0.0024083
2481.366576	0.00330628
2482.915415	0.00133442
2484.464263	0.00136564
2486.013121	0.00740887
2487.561987	0.00491335
2489.110862	0.0024623
2490.659747	0.00204374
2492.20864	0.00623603
2493.757543	0.0067342
2495.306455	0.00132589
2496.855375	0.00210522
2498.404305	0.000362003
2499.953244	0.00433743
2501.502192	0.00201221
2503.051149	0.00131441
2504.600115	-8.83238e-05
2506.14909	0.00435008
2507.698075	0.00256777
2509.247068	0.00182164
2510.79607	0.000652298
2512.345082	0.000911682
2513.894103	0.00956035
2515.443132	0.00252967
2516.992171	-0.00206172
2518.541219	0.00288526
2520.090276	0.00370695
2521.639342	0.00648996
2523.188417	0.00541684
2524.737501	0.00551674
2526.286594	0.00153303
2527.835697	0.00489694
2529.384808	0.00235616
2530.933928	0.00402499
2532.483058	0.00139108
2534.032197	0.00476636
2535.581344	0.002156
2537.130501	-0.00117132
2538.679667	0.00405373
2540.228842	0.00474007
2541.778026	-0.000977432
2543.327219	0.00109038
2544.876421	-0.00126259
2546.425633	-0.0038112
2547.974853	-0.000384014
2549.524082	0.00836545
2551.073321	0.00416504
2552.622569	0.00346323
2554.171825	-0.00223278
2555.721091	0.00614539
2557.270366	-0.00325979
2558.81965	0.00136568
2560.368943	-0.00348183
2561.918245	0.00425571
2563.467556	-8.01085e-05
2565.016876	0.00214951
2566.566206	-0.00243861
2568.115544	0.00346299
2569.664892	-0.00176274
2571.214248	0.00895854
2572.763614	0.00113896
2574.312989	0.00520916
2575.862373	0.00686553
2577.411766	0.00656675
2578.961168	0.0058367
2580.510579	0.00194175
2582.059999	-0.00194559
2583.609428	0.0039522
2585.158867	0.00731278
2586.708314	0.00936791
2588.257771	0.000480754
2589.807237	0.00326806
2591.356711	-0.000381526
2592.906195	0.00266122
2594.455688	0.00518563
2596.00519	0.0105552
2597.554701	-0.00011597
2599.104221	0.00691317
2600.65375	0.00576942
2602.203289	0.00984537
2603.752836	0.00508607
2605.302393	0.00611007
2606.851958	0.00912568
2608.401533	0.00800395
2609.951117	0.00063181
2611.50071	0.00451018
2613.050312	0.00167498
2614.599923	0.00897002
2616.149543	0.00893789
2617.699172	0.00835674
2619.24881	0.00502552
2620.798458	0.00101596
2622.348114	0.0101869
2623.89778	0.00427212
2625.447455	0.000894135
2626.997138	0.0104525
2628.546831	0.0066754
2630.096533	0.00865922
2631.646244	0.00716785
2633.195964	0.0115098
2634.745694	0.00983906
2636.295432	0.00969734
2637.845179	0.00797575
2639.394936	0.00918385
2640.944701	0.0104165
2642.494476	0.00608423
2644.04426	0.0100325
2645.594053	0.00673138
2647.143855	0.00810014
2648.693666	0.0129538
2650.243486	-0.000646647
2651.793315	0.0105193
2653.343153	0.0187385
2654.893001	0.0204305
2656.442857	0.000418515
2657.992723	0.0102017
2659.542598	0.00572369
2661.092481	0.0170421
2662.642374	0.0181698
2664.192276	0.0122929
2665.742187	0.0140695
2667.292108	0.00893816
2668.842037	0.0185887
2670.391975	0.0154351
2671.941923	0.00956675
2673.491879	0.0212181
2675.041845	0.0223472
2676.59182	0.0194725
2678.141803	0.0220864
2679.691796	0.0115646
2681.241798	0.0204745
2682.791809	0.0116913
2684.34183	0.019999
2685.891859	0.0230324
2687.441897	0.0127747
2688.991945	0.0145387
2690.542002	0.016124
2692.092067	0.0208697
2693.642142	0.0174482
2695.192226	0.0184693
2696.742319	0.0258925
2698.292421	0.0221703
2699.842532	0.0160182
2701.392653	0.018388
2702.942782	0.021735
2704.49292	0.0243034
2706.043068	0.0216706
2707.593225	0.0214121
2709.14339	0.023686
2710.693565	0.0154406
2712.243749	0.0216413
2713.793942	0.0211296
2715.344145	0.0286735
2716.894356	0.0246304
2718.444576	0.0253439
2719.994806	0.0245411
2721.545044	0.031824
2723.095292	0.0225406
2724.645549	0.0261097
2726.195815	0.035542
2727.74609	0.0269328
2729.296374	0.0328737
2730.846667	0.0318543
2732.396969	0.0254837
2733.94728	0.02744
2735.497601	0.0273478
2737.047931	0.0260588
2738.598269	0.0356455
2740.148617	0.024729
2741.698974	0.0277426
2743.24934	0.0298729
2744.799715	0.0283594
2746.350099	0.0337341
2747.900493	0.0335465
2749.450895	0.0305963
2751.001306	0.0246568
2752.551727	0.0384878
2754.102157	0.0320536
2755.652596	0.0353256
2757.203043	0.0284149
2758.753501	0.0283737
2760.303967	0.0292556
2761.854442	0.043163
2763.404926	0.0490698
2764.95542	0.0394883
2766.505922	0.0404063
2768.056434	0.038701
2769.606955	0.0410281
2771.157484	0.0406628
2772.708023	0.0534208
2774.258572	0.0631548
2775.809129	0.0428001
2777.359695	0.0694755
2778.91027	0.0627543
2780.460855	0.0475595
2782.011448	0.0450473
2783.562051	0.0574053
2785.112663	0.0650813
2786.663284	0.0744445
2788.213914	0.0621429
2789.764553	0.0544043
2791.315201	0.0686767
2792.865859	0.0639862
2794.416525	0.0501749
2795.967201	0.0561637
2797.517885	0.0304108
2799.068579	0.0284552
2800.619282	0.0426744
2802.169994	0.0628536
2803.720715	0.0456155
2805.271445	0.0328312
2806.822185	0.0317176
2808.372933	0.061848
2809.923691	0.0893838
2811.474457	0.082091
2813.025233	0.0738985
2814.576018	0.0978357
2816.126812	0.107685
2817.677615	0.0901178
2819.228427	0.10892
2820.779249	0.110158
2822.330079	0.109042
2823.880919	0.12664
2825.431767	0.107044
2826.982625	0.125244
2828.533492	0.126372
2830.084368	0.134344
2831.635253	0.120965
2833.186147	0.133757
2834.73705	0.151216
2836.287963	0.134051
2837.838884	0.148003
2839.389815	0.145672
2840.940755	0.146719
2842.491704	0.139967
2844.042662	0.148241
2845.593629	0.169712
2847.144605	0.149264
2848.69559	0.159966
2850.246585	0.185848
2851.797588	0.153884
2853.348601	0.150867
2854.899623	0.119702
2856.450654	0.122206
2858.001694	0.162835
2859.552743	0.191996
2861.103801	0.179632
2862.654868	0.212208
2864.205945	0.214013
2865.75703	0.22804
2867.308125	0.223023
2868.859229	0.220066
2870.410342	0.208453
2871.961464	0.199847
2873.512595	0.209314
2875.063735	0.240693
2876.614885	0.247194
2878.166043	0.23255
2879.717211	0.240562
2881.268387	0.220318
2882.819573	0.242683
2884.370768	0.257342
2885.921972	0.256584
2887.473186	0.234135
2889.024408	0.263239
2890.575639	0.266774
2892.12688	0.258059
2893.67813	0.231498
2895.229388	0.261112
2896.780656	0.231594
2898.331933	0.264409
2899.88322	0.254488
2901.434515	0.259796
2902.985819	0.256096
2904.537133	0.257957
2906.088455	0.246722
2907.639787	0.247581
2909.191128	0.250208
2910.742478	0.253709
2912.293837	0.24522
2913.845205	0.243374
2915.396583	0.253027
2916.947969	0.270471
2918.499365	0.264305
2920.050769	0.245001
2921.602183	0.233849
2923.153606	0.251933
2924.705038	0.238022
2926.256479	0.244671
2927.80793	0.259021
2929.359389	0.235217
2930.910858	0.263022
2932.462335	0.241834
2934.013822	0.262419
2935.565318	0.249071
2937.116823	0.259322
2938.668337	0.26066
2940.219861	0.269699
2941.771393	0.23092
2943.322934	0.259068
2944.874485	0.275408
2946.426045	0.24646
2947.977614	0.262235
2949.529192	0.264098
2951.080779	0.260333
2952.632375	0.257491
2954.183981	0.264812
2955.735595	0.295864
2957.287219	0.28249
2958.838852	0.286304
2960.390494	0.279788
2961.942145	0.279314
2963.493805	0.286537
2965.045474	0.276014
2966.597152	0.29961
2968.14884	0.278434
2969.700537	0.260235
2971.252242	0.286805
2972.803957	0.255813
2974.355681	0.250329
2975.907414	0.265336
2977.459157	0.27181
2979.010908	0.279905
2980.562669	0.243456
2982.114438	0.272025
2983.666217	0.235966
2985.218005	0.250105
2986.769802	0.266019
2988.321608	0.27906
2989.873423	0.237918
2991.425248	0.251239
2992.977081	0.287541
2994.528924	0.272408
2996.080776	0.250776
2997.632637	0.239187
2999.184507	0.242033
3000.736386	0.233383
3002.288274	0.253993
3003.840172	0.255622
3005.392079	0.239749
3006.943994	0.261032
3008.495919	0.257023
3010.047853	0.257623
3011.599796	0.256937
3013.151748	0.224598
3014.70371	0.236024
3016.25568	0.247938
3017.80766	0.273198
3019.359649	0.258445
3020.911647	0.260659
3022.463654	0.259504
3024.01567	0.245762
3025.567695	0.237054
3027.119729	0.24814
3028.671773	0.249311
3030.223826	0.263805
3031.775887	0.25788
3033.327958	0.282574
3034.880038	0.271592
3036.432128	0.274254
3037.984226	0.247475
3039.536333	0.263513
3041.08845	0.275018
3042.640576	0.28617
3044.192711	0.293857
3045.744855	0.315663
3047.297008	0.295844
3048.84917	0.286925
3050.401342	0.316782
3051.953522	0.311085
3053.505712	0.275176
3055.057911	0.286622
3056.610119	0.299344
3058.162336	0.28265
3059.714562	0.281038
3061.266797	0.295866
3062.819042	0.298559
3064.371295	0.285545
3065.923558	0.323976
3067.47583	0.282179
3069.028111	0.318419
3070.580401	0.310519
3072.1327	0.319887
3073.685009	0.299251
3075.237326	0.295095
3076.789653	0.290368
3078.341989	0.309701
3079.894334	0.305539
3081.446688	0.308699
3082.999051	0.361709
3084.551424	0.345201
3086.103805	0.334732
3087.656196	0.362574
3089.208596	0.323725
3090.761005	0.308548
3092.313423	0.378069
3093.86585	0.353317
3095.418286	0.365151
3096.970732	0.356407
3098.523187	0.364286
3100.07565	0.358999
3101.628123	0.344789
3103.180605	0.341974
3104.733097	0.379331
3106.285597	0.348939
3107.838106	0.355837
3109.390625	0.341902
3110.943153	0.337961
3112.49569	0.360484
3114.048236	0.328101
3115.600791	0.366552
3117.153355	0.382009
3118.705929	0.339296
3120.258511	0.3553
3121.811103	0.345759
3123.363704	0.361422
3124.916314	0.340725
3126.468933	0.337495
3128.021562	0.326466
3129.574199	0.319505
3131.126846	0.319599
3132.679501	0.324925
3134.232166	0.312319
3135.78484	0.299189
3137.337523	0.29763
3138.890216	0.292156
3140.442917	0.279422
3141.995628	0.280708
3143.548348	0.278243
3145.101077	0.279671
3146.653815	0.258693
3148.206562	0.29811
3149.759318	0.246279
3151.312084	0.254526
3152.864858	0.248716
3154.417642	0.276343
3155.970435	0.191981
3157.523237	0.187351
3159.076048	0.300393
3160.628868	0.485383
3162.181698	0.00372127
