4165.00	4.95922e-18
4167.42	5.04617e-18
4169.84	5.96483e-18
4172.26	8.64981e-18
4174.68	1.07944e-17
4177.10	1.04201e-17
4179.52	1.1285e-17
4181.94	9.67145e-18
4184.36	8.27935e-18
4186.78	1.18364e-17
4189.20	1.07308e-17
4191.62	7.84244e-18
4194.04	1.09979e-17
4196.46	1.66499e-17
4198.88	2.08081e-17
4201.30	2.32153e-17
4203.72	1.45154e-17
4206.14	1.59981e-17
4208.56	1.72505e-17
4210.98	1.82106e-17
4213.40	2.41108e-17
4215.81	2.80336e-17
4218.23	2.27041e-17
4220.65	2.18835e-17
4223.07	2.1463e-17
4225.49	1.42006e-17
4227.91	4.38419e-18
4230.33	3.35869e-18
4232.75	6.88012e-18
4235.17	5.61238e-18
4237.59	8.01333e-18
4240.01	1.64861e-17
4242.43	1.13715e-17
4244.85	3.80831e-18
4247.27	1.12833e-17
4249.69	2.1881e-17
4252.11	1.55809e-17
4254.53	9.06722e-18
4256.95	9.99209e-18
4259.37	8.51436e-18
4261.79	4.90653e-18
4264.21	4.83808e-18
4266.63	4.76963e-18
4269.05	4.70119e-18
4271.47	4.63274e-18
4273.89	4.56429e-18
4276.31	4.49584e-18
4278.73	4.4274e-18
4281.15	4.35895e-18
4283.57	4.2905e-18
4285.99	4.2905e-18
4288.41	7.48403e-18
4290.83	1.04651e-17
4293.25	5.64831e-18
4295.67	3.81908e-18
4298.09	5.91534e-18
4300.51	1.70697e-17
4302.93	1.70142e-17
4305.35	1.54661e-17
4307.77	1.89792e-17
4310.19	2.02615e-17
4312.61	2.33203e-17
4315.03	2.34881e-17
4317.45	1.95825e-17
4319.87	1.66298e-17
4322.29	1.84578e-17
4324.70	1.78134e-17
4327.12	1.45744e-17
4329.54	1.74664e-17
4331.96	2.12846e-17
4334.38	2.04373e-17
4336.80	1.61614e-17
4339.22	1.56375e-17
4341.64	1.29192e-17
4344.06	7.92198e-18
4346.48	1.13029e-17
4348.90	1.29427e-17
4351.32	7.71081e-18
4353.74	7.28757e-18
4356.16	1.30184e-17
4358.58	1.17213e-17
4361.00	9.29063e-18
4363.42	1.31553e-17
4365.84	1.60421e-17
4368.26	1.76812e-17
4370.68	1.42729e-17
4373.10	1.11033e-17
4375.52	9.66004e-18
4377.94	1.1635e-17
4380.36	1.27474e-17
4382.78	9.58919e-18
4385.20	1.049e-17
4387.62	1.42346e-17
4390.04	1.44867e-17
4392.46	1.34194e-17
4394.88	1.21899e-17
4397.30	1.2222e-17
4399.72	1.22412e-17
4402.14	7.71072e-18
4404.56	6.94233e-18
4406.98	9.00389e-18
4409.40	8.78513e-18
4411.82	7.89012e-18
4414.24	7.56214e-18
4416.66	8.91366e-18
4419.08	7.69151e-18
4421.50	5.49406e-18
4423.92	6.02348e-18
4426.33	8.60529e-18
4428.75	9.15337e-18
4431.17	9.39697e-18
4433.59	9.7031e-18
4436.01	9.44797e-18
4438.43	9.58971e-18
4440.85	1.04409e-17
4443.27	8.07416e-18
4445.69	7.52278e-18
4448.11	7.31923e-18
4450.53	7.68289e-18
4452.95	7.83406e-18
4455.37	8.38027e-18
4457.79	9.7664e-18
4460.21	7.37032e-18
4462.63	7.38742e-18
4465.05	7.48888e-18
4467.47	6.5477e-18
4469.89	7.34468e-18
4472.31	8.85974e-18
4474.73	8.14998e-18
4477.15	5.90319e-18
4479.57	5.78217e-18
4481.99	6.90439e-18
4484.41	7.61604e-18
4486.83	9.07957e-18
4489.25	8.42879e-18
4491.67	8.49461e-18
4494.09	8.72621e-18
4496.51	7.8913e-18
4498.93	7.55491e-18
4501.35	7.23921e-18
4503.77	8.03309e-18
4506.19	7.91433e-18
4508.61	7.99266e-18
4511.03	5.90339e-18
4513.45	6.85072e-18
4515.87	8.07024e-18
4518.29	7.42127e-18
4520.71	8.82063e-18
4523.13	1.01696e-17
4525.55	1.08534e-17
4527.97	9.95908e-18
4530.39	7.39701e-18
4532.80	6.72367e-18
4535.22	9.3805e-18
4537.64	9.29107e-18
4540.06	7.67638e-18
4542.48	9.23987e-18
4544.90	8.61029e-18
4547.32	9.05309e-18
4549.74	1.09808e-17
4552.16	1.1553e-17
4554.58	1.32639e-17
4557.00	1.27377e-17
4559.42	1.29282e-17
4561.84	1.60892e-17
4564.26	1.86241e-17
4566.68	1.75336e-17
4569.10	1.57575e-17
4571.52	1.70644e-17
4573.94	1.5529e-17
4576.36	1.37302e-17
4578.78	1.41795e-17
4581.20	1.30616e-17
4583.62	1.24217e-17
4586.04	1.40022e-17
4588.46	1.29882e-17
4590.88	1.09529e-17
4593.30	1.12673e-17
4595.72	1.10896e-17
4598.14	1.02332e-17
4600.56	9.16901e-18
4602.98	8.3166e-18
4605.40	7.27535e-18
4607.82	8.25132e-18
4610.24	1.01725e-17
4612.66	8.65382e-18
4615.08	7.31314e-18
4617.50	9.36222e-18
4619.92	1.06224e-17
4622.34	1.23254e-17
4624.76	1.20349e-17
4627.18	8.73233e-18
4629.60	6.91496e-18
4632.02	7.70347e-18
4634.44	1.00839e-17
4636.85	9.76718e-18
4639.27	8.78818e-18
4641.69	8.43541e-18
4644.11	6.84899e-18
4646.53	7.04338e-18
4648.95	9.09721e-18
4651.37	9.78145e-18
4653.79	1.05881e-17
4656.21	8.9267e-18
4658.63	6.4593e-18
4661.05	6.92712e-18
4663.47	8.5541e-18
4665.89	7.74971e-18
4668.31	6.47004e-18
4670.73	6.593e-18
4673.15	6.76505e-18
4675.57	7.8882e-18
4677.99	8.62392e-18
4680.41	7.81042e-18
4682.83	7.92329e-18
4685.25	9.74366e-18
4687.67	1.02687e-17
4690.09	7.60326e-18
4692.51	6.81937e-18
4694.93	7.90258e-18
4697.35	8.69898e-18
4699.77	8.5656e-18
4702.19	7.18826e-18
4704.61	7.70842e-18
4707.03	9.24171e-18
4709.45	9.94155e-18
4711.87	9.54685e-18
4714.29	8.45269e-18
4716.71	8.24112e-18
4719.13	8.76583e-18
4721.55	7.72886e-18
4723.97	7.71181e-18
4726.39	8.66014e-18
4728.81	7.82958e-18
4731.23	6.98702e-18
4733.65	8.55483e-18
4736.07	1.0541e-17
4738.49	9.8102e-18
4740.90	9.72565e-18
4743.32	1.0968e-17
4745.74	9.29334e-18
4748.16	5.894e-18
4750.58	6.59306e-18
4753.00	1.02459e-17
4755.42	1.05019e-17
4757.84	8.8533e-18
4760.26	8.36087e-18
4762.68	7.89236e-18
4765.10	7.70016e-18
4767.52	7.8814e-18
4769.94	7.56208e-18
4772.36	8.89601e-18
4774.78	8.62159e-18
4777.20	7.72847e-18
4779.62	9.01131e-18
4782.04	9.4221e-18
4784.46	9.73246e-18
4786.88	8.96097e-18
4789.30	7.73703e-18
4791.72	8.74218e-18
4794.14	9.03471e-18
4796.56	7.10879e-18
4798.98	6.01164e-18
4801.40	6.68633e-18
4803.82	7.25856e-18
4806.24	6.43227e-18
4808.66	7.20161e-18
4811.08	1.01972e-17
4813.50	1.05332e-17
4815.92	9.92198e-18
4818.34	1.00472e-17
4820.76	8.84467e-18
4823.18	9.09919e-18
4825.60	9.70558e-18
4828.02	7.7177e-18
4830.44	6.95991e-18
4832.86	7.46825e-18
4835.28	6.72286e-18
4837.70	6.13842e-18
4840.12	6.84405e-18
4842.54	7.33211e-18
4844.96	7.19672e-18
4847.38	7.32395e-18
4849.79	7.06962e-18
4852.21	7.46988e-18
4854.63	7.99083e-18
4857.05	8.14537e-18
4859.47	8.99287e-18
4861.89	9.36248e-18
4864.31	8.99025e-18
4866.73	8.13075e-18
4869.15	7.54646e-18
4871.57	7.70651e-18
4873.99	7.11149e-18
4876.41	7.18476e-18
4878.83	8.55408e-18
4881.25	8.49914e-18
4883.67	7.7371e-18
4886.09	7.16452e-18
4888.51	7.18109e-18
4890.93	7.89044e-18
4893.35	6.89395e-18
4895.77	7.71749e-18
4898.19	8.97957e-18
4900.61	7.50448e-18
4903.03	6.74244e-18
4905.45	7.0346e-18
4907.87	8.1651e-18
4910.29	8.59394e-18
4912.71	7.36098e-18
4915.13	7.74845e-18
4917.55	9.06638e-18
4919.97	8.10539e-18
4922.39	7.03042e-18
4924.81	5.73857e-18
4927.23	5.16379e-18
4929.65	4.90589e-18
4932.07	6.50799e-18
4934.49	9.61476e-18
4936.91	9.58764e-18
4939.33	6.64973e-18
4941.75	4.77029e-18
4944.17	5.75134e-18
4946.59	6.98127e-18
4949.00	8.071e-18
4951.42	8.30759e-18
4953.84	7.25951e-18
4956.26	7.33437e-18
4958.68	7.6194e-18
4961.10	7.7427e-18
4963.52	7.23692e-18
4965.94	6.64123e-18
4968.36	6.85971e-18
4970.78	6.93033e-18
4973.20	7.84597e-18
4975.62	8.80228e-18
4978.04	7.38805e-18
4980.46	5.87525e-18
4982.88	6.41349e-18
4985.30	7.50777e-18
4987.72	7.12546e-18
4990.14	6.41537e-18
4992.56	6.53466e-18
4994.98	7.28964e-18
4997.40	7.24367e-18
4999.82	6.62681e-18
5002.24	7.06232e-18
5004.66	6.51292e-18
5007.08	5.93604e-18
5009.50	6.44472e-18
5011.92	7.62076e-18
5014.34	7.29906e-18
5016.76	7.37957e-18
5019.18	7.8775e-18
5021.60	6.67756e-18
5024.02	6.67901e-18
5026.44	7.62498e-18
5028.86	8.12002e-18
5031.28	7.35047e-18
5033.70	5.81931e-18
5036.12	6.85477e-18
5038.54	9.02079e-18
5040.96	8.80134e-18
5043.38	7.17847e-18
5045.80	6.90226e-18
5048.22	7.31114e-18
5050.64	6.87292e-18
5053.06	7.15064e-18
5055.48	8.83266e-18
5057.89	8.61422e-18
5060.31	7.98187e-18
5062.73	8.0717e-18
5065.15	7.41971e-18
5067.57	7.41785e-18
5069.99	8.81496e-18
5072.41	8.70844e-18
5074.83	7.05502e-18
5077.25	6.63074e-18
5079.67	6.7574e-18
5082.09	7.04555e-18
5084.51	7.09899e-18
5086.93	7.15485e-18
5089.35	8.3534e-18
5091.77	1.02761e-17
5094.19	1.02898e-17
5096.61	1.03367e-17
5099.03	1.31429e-17
5101.45	1.67035e-17
5103.87	1.756e-17
5106.29	1.89028e-17
5108.71	2.08537e-17
5111.13	2.16579e-17
5113.55	2.18749e-17
5115.97	2.19827e-17
5118.39	2.05636e-17
5120.81	1.96307e-17
5123.23	1.74098e-17
5125.65	1.42589e-17
5128.07	1.24987e-17
5130.49	1.23538e-17
5132.91	1.35988e-17
5135.33	1.34927e-17
5137.75	1.16336e-17
5140.17	1.05574e-17
5142.59	1.01392e-17
5145.01	9.6125e-18
5147.43	1.02944e-17
5149.85	1.08857e-17
5152.27	9.81614e-18
5154.69	9.68294e-18
5157.11	9.80373e-18
5159.52	8.65561e-18
5161.94	7.93177e-18
5164.36	8.47938e-18
5166.78	9.70063e-18
5169.20	1.00119e-17
5171.62	9.48929e-18
5174.04	8.61728e-18
5176.46	7.64183e-18
5178.88	8.20067e-18
5181.30	8.76197e-18
5183.72	8.23737e-18
5186.14	8.82879e-18
5188.56	9.01535e-18
5190.98	8.26776e-18
5193.40	8.63673e-18
5195.82	8.03186e-18
5198.24	5.79679e-18
5200.66	6.28148e-18
5203.08	6.15235e-18
5205.50	5.99708e-18
5207.92	5.8418e-18
5210.34	5.68653e-18
5212.76	5.53125e-18
5215.18	5.37598e-18
5217.60	5.37598e-18
5220.02	5.43254e-18
5222.44	5.11019e-18
5224.86	5.89855e-18
5227.28	7.20728e-18
5229.70	7.50816e-18
5232.12	6.86635e-18
5234.54	7.0723e-18
5236.96	7.81327e-18
5239.38	7.68157e-18
5241.80	8.0931e-18
5244.22	8.55171e-18
5246.64	8.19685e-18
5249.06	7.6709e-18
5251.48	7.47443e-18
5253.90	8.07655e-18
5256.32	8.30464e-18
5258.74	8.83118e-18
5261.16	9.21037e-18
5263.58	8.16034e-18
5266.00	7.03243e-18
5268.41	6.89491e-18
5270.83	7.74401e-18
5273.25	8.2457e-18
5275.67	8.74433e-18
5278.09	8.96928e-18
5280.51	8.23858e-18
5282.93	7.62103e-18
5285.35	6.9424e-18
5287.77	6.61578e-18
5290.19	6.65028e-18
5292.61	7.11115e-18
5295.03	7.97046e-18
5297.45	7.13641e-18
5299.87	6.21117e-18
5302.29	6.51517e-18
5304.71	6.27221e-18
5307.13	6.64016e-18
5309.55	7.86064e-18
5311.97	8.15819e-18
5314.39	6.68397e-18
5316.81	5.93416e-18
5319.23	6.21661e-18
5321.65	6.60396e-18
5324.07	6.9489e-18
5326.49	7.18754e-18
5328.91	7.28924e-18
5331.33	7.12571e-18
5333.75	6.3002e-18
5336.17	5.61829e-18
5338.59	7.06511e-18
5341.01	8.00254e-18
5343.43	7.59495e-18
5345.85	7.43642e-18
5348.27	7.67307e-18
5350.69	7.00811e-18
5353.11	6.37094e-18
5355.53	6.44991e-18
5357.95	6.73916e-18
5360.37	6.99751e-18
5362.79	7.08999e-18
5365.21	5.9565e-18
5367.62	5.91942e-18
5370.04	5.39851e-18
5372.46	5.46782e-18
5374.88	6.29597e-18
5377.30	6.3426e-18
5379.72	6.95676e-18
5382.14	7.48708e-18
5384.56	7.24838e-18
5386.98	6.33735e-18
5389.40	5.9991e-18
5391.82	5.52068e-18
5394.24	5.90632e-18
5396.66	6.97616e-18
5399.08	7.02506e-18
5401.50	6.22833e-18
5403.92	5.68285e-18
5406.34	6.15191e-18
5408.76	5.80177e-18
5411.18	5.90529e-18
5413.60	7.37299e-18
5416.02	7.82105e-18
5418.44	7.81387e-18
5420.86	6.84062e-18
5423.28	7.21784e-18
5425.70	7.46468e-18
5428.12	7.23199e-18
5430.54	7.1276e-18
5432.96	7.09723e-18
5435.38	7.09604e-18
5437.80	6.58636e-18
5440.22	6.55493e-18
5442.64	7.14446e-18
5445.06	6.06316e-18
5447.48	6.00861e-18
5449.90	6.63098e-18
5452.32	6.44252e-18
5454.74	7.37158e-18
5457.16	8.0116e-18
5459.58	6.68781e-18
5462.00	6.41831e-18
5464.42	6.63149e-18
5466.84	6.85739e-18
5469.26	6.14395e-18
5471.68	6.20747e-18
5474.10	6.19607e-18
5476.51	6.56632e-18
5478.93	6.56337e-18
5481.35	6.82775e-18
5483.77	6.75126e-18
5486.19	6.72865e-18
5488.61	7.08306e-18
5491.03	6.62486e-18
5493.45	6.36453e-18
5495.87	6.77011e-18
5498.29	7.27403e-18
5500.71	6.7819e-18
5503.13	5.81143e-18
5505.55	6.32212e-18
5507.97	7.32231e-18
5510.39	6.72761e-18
5512.81	6.20647e-18
5515.23	6.73273e-18
5517.65	7.28187e-18
5520.07	7.45048e-18
5522.49	6.48697e-18
5524.91	6.01671e-18
5527.33	6.92103e-18
5529.75	7.50821e-18
5532.17	8.31133e-18
5534.59	8.32754e-18
5537.01	7.20298e-18
5539.43	6.8066e-18
5541.85	6.7457e-18
5544.27	7.4422e-18
5546.69	7.58976e-18
5549.11	6.8186e-18
5551.53	6.38954e-18
5553.95	6.962e-18
5556.37	6.64501e-18
5558.79	5.35605e-18
5561.21	5.77065e-18
5563.63	6.33754e-18
5566.05	6.00618e-18
5568.47	5.97037e-18
5570.89	6.09277e-18
5573.31	7.37399e-18
5575.73	7.4796e-18
5578.15	1.04658e-17
5580.56	8.32326e-18
5582.98	6.96101e-18
5585.40	7.52164e-18
5587.82	7.76126e-18
5590.24	7.27595e-18
5592.66	7.01864e-18
5595.08	8.0046e-18
5597.50	6.60648e-18
5599.92	5.86397e-18
5602.34	5.86009e-18
5604.76	5.83606e-18
5607.18	5.54865e-18
5609.60	5.85167e-18
5612.02	6.01684e-18
5614.44	6.97488e-18
5616.86	6.5426e-18
5619.28	5.56321e-18
5621.70	6.07928e-18
5624.12	6.51613e-18
5626.54	6.15301e-18
5628.96	5.76667e-18
5631.38	6.68397e-18
5633.80	6.46261e-18
5636.22	5.09779e-18
5638.64	5.32374e-18
5641.06	6.24622e-18
5643.48	5.92272e-18
5645.90	4.92614e-18
5648.32	5.2885e-18
5650.74	6.20415e-18
5653.16	6.12224e-18
5655.58	5.92625e-18
5658.00	6.47176e-18
5660.42	6.56435e-18
5662.84	6.02082e-18
5665.26	6.56457e-18
5667.68	6.64621e-18
5670.10	5.9879e-18
5672.52	6.5298e-18
5674.94	7.31827e-18
5677.36	6.66889e-18
5679.78	6.20635e-18
5682.20	6.84877e-18
5684.61	5.93246e-18
5687.03	5.69841e-18
5689.45	6.73539e-18
5691.87	6.30952e-18
5694.29	5.26491e-18
5696.71	5.84537e-18
5699.13	5.87054e-18
5701.55	5.43076e-18
5703.97	6.00389e-18
5706.39	6.63917e-18
5708.81	5.75657e-18
5711.23	4.98847e-18
5713.65	6.37497e-18
5716.07	6.64163e-18
5718.49	6.12183e-18
5720.91	6.06237e-18
5723.33	6.93481e-18
5725.75	6.94454e-18
5728.17	6.92356e-18
5730.59	6.37988e-18
5733.01	5.65944e-18
5735.43	5.60042e-18
5737.85	6.2386e-18
5740.27	6.64335e-18
5742.69	5.82373e-18
5745.11	5.39262e-18
5747.53	5.87215e-18
5749.95	6.69221e-18
5752.37	6.5278e-18
5754.79	5.70576e-18
5757.21	5.45346e-18
5759.63	5.9439e-18
5762.05	5.28125e-18
5764.47	5.59901e-18
5766.89	5.72243e-18
5769.31	5.96611e-18
5771.73	6.3787e-18
5774.15	6.07519e-18
5776.57	6.1807e-18
5778.99	6.93799e-18
5781.41	6.17337e-18
5783.83	5.11086e-18
5786.25	4.76139e-18
5788.67	5.57108e-18
5791.08	6.01467e-18
5793.50	6.53247e-18
5795.92	6.95271e-18
5798.34	6.0951e-18
5800.76	5.922e-18
5803.18	6.68316e-18
5805.60	6.63674e-18
5808.02	7.29645e-18
5810.44	6.92746e-18
5812.86	6.81838e-18
5815.28	6.2147e-18
5817.70	4.66562e-18
5820.12	5.62826e-18
5822.54	6.49114e-18
5824.96	5.75221e-18
5827.38	5.87259e-18
5829.80	5.7644e-18
5832.22	5.23519e-18
5834.64	5.33037e-18
5837.06	5.64747e-18
5839.48	5.82606e-18
5841.90	5.22105e-18
5844.32	6.022e-18
5846.74	6.89811e-18
5849.16	7.23636e-18
5851.58	6.59545e-18
5854.00	6.02538e-18
5856.42	6.57839e-18
5858.84	6.66002e-18
5861.26	6.35508e-18
5863.68	6.63195e-18
5866.10	6.11002e-18
5868.52	5.78771e-18
5870.94	6.06722e-18
5873.36	5.80284e-18
5875.78	6.51179e-18
5878.20	7.10909e-18
5880.62	6.37535e-18
5883.04	5.51945e-18
5885.46	6.24652e-18
5887.88	7.2386e-18
5890.30	7.13262e-18
5892.71	6.47414e-18
5895.13	5.67259e-18
5897.55	5.18097e-18
5899.97	5.31242e-18
5902.39	6.14896e-18
5904.81	6.73039e-18
5907.23	5.89976e-18
5909.65	4.86858e-18
5912.07	4.46431e-18
5914.49	4.80652e-18
5916.91	5.62011e-18
5919.33	5.7388e-18
5921.75	6.00195e-18
5924.17	5.90609e-18
5926.59	6.07787e-18
5929.01	6.87534e-18
5931.43	6.24686e-18
5933.85	5.19915e-18
5936.27	5.68727e-18
5938.69	6.20926e-18
5941.11	6.28221e-18
5943.53	6.59252e-18
5945.95	6.03918e-18
5948.37	5.73806e-18
5950.79	5.02688e-18
5953.21	5.24014e-18
5955.63	6.12001e-18
5958.05	6.32912e-18
5960.47	5.69869e-18
5962.89	5.175e-18
5965.31	5.522e-18
5967.73	5.82726e-18
5970.15	6.04864e-18
5972.57	6.13561e-18
5974.99	5.95594e-18
5977.41	5.71286e-18
5979.83	5.60453e-18
5982.25	5.97733e-18
5984.67	6.26327e-18
5987.09	5.94949e-18
5989.51	5.65598e-18
5991.93	5.54597e-18
5994.35	4.96516e-18
5996.77	4.84535e-18
5999.19	5.31731e-18
6001.60	5.51376e-18
6004.02	5.20116e-18
6006.44	5.93821e-18
6008.86	6.17136e-18
6011.28	6.07633e-18
6013.70	5.55917e-18
6016.12	5.34463e-18
6018.54	5.09464e-18
6020.96	4.97471e-18
6023.38	5.66607e-18
6025.80	5.33854e-18
6028.22	4.79733e-18
6030.64	5.53948e-18
6033.06	5.86014e-18
6035.48	5.78043e-18
6037.90	5.71091e-18
6040.32	5.62471e-18
6042.74	5.78864e-18
6045.16	5.67989e-18
6047.58	5.55731e-18
6050.00	4.98159e-18
6052.42	5.61126e-18
6054.84	5.37601e-18
6057.26	5.41536e-18
6059.68	6.00191e-18
6062.10	5.77002e-18
6064.52	5.59992e-18
6066.94	4.621e-18
6069.36	5.10781e-18
6071.78	5.11755e-18
6074.20	4.94838e-18
6076.62	5.71952e-18
6079.04	5.81769e-18
6081.46	6.14992e-18
6083.88	6.13498e-18
6086.30	5.47361e-18
6088.72	5.2158e-18
6091.14	5.38902e-18
6093.56	6.45413e-18
6095.98	6.37275e-18
6098.40	4.99969e-18
6100.82	4.65923e-18
6103.23	5.5986e-18
6105.65	6.7739e-18
6108.07	6.1927e-18
6110.49	6.0138e-18
6112.91	5.56979e-18
6115.33	5.37459e-18
6117.75	5.23066e-18
6120.17	5.95169e-18
6122.59	6.60159e-18
6125.01	6.00884e-18
6127.43	6.19131e-18
6129.85	6.25472e-18
6132.27	5.54018e-18
6134.69	5.15916e-18
6137.11	5.09263e-18
6139.53	5.09621e-18
6141.95	4.39516e-18
6144.37	4.72381e-18
6146.79	5.73378e-18
6149.21	5.85057e-18
6151.63	6.24088e-18
6154.05	5.34465e-18
6156.47	5.11297e-18
6158.89	5.24022e-18
6161.31	6.35017e-18
6163.73	5.92557e-18
6166.15	6.46552e-18
6168.57	6.20248e-18
6170.99	6.17647e-18
6173.41	5.92619e-18
6175.83	5.75314e-18
6178.25	7.00984e-18
6180.67	7.3627e-18
6183.09	6.81366e-18
6185.51	6.33016e-18
6187.93	6.48128e-18
6190.35	6.05692e-18
6192.77	5.93251e-18
6195.19	6.08223e-18
6197.61	6.53453e-18
6200.03	7.08864e-18
6202.45	6.74604e-18
6204.87	6.61043e-18
6207.29	5.69068e-18
6209.70	5.92469e-18
6212.12	7.56356e-18
6214.54	6.60749e-18
6216.96	6.69226e-18
6219.38	6.34475e-18
6221.80	5.66591e-18
6224.22	5.95448e-18
6226.64	6.38935e-18
6229.06	6.53606e-18
6231.48	6.30035e-18
6233.90	5.94547e-18
6236.32	5.74274e-18
6238.74	6.78634e-18
6241.16	6.71163e-18
6243.58	6.35579e-18
6246.00	6.48937e-18
6248.42	5.88431e-18
6250.84	5.52744e-18
6253.26	5.48932e-18
6255.68	4.93709e-18
6258.10	5.06393e-18
6260.52	5.75919e-18
6262.94	5.10109e-18
6265.36	5.17688e-18
6267.78	6.11491e-18
6270.20	6.50485e-18
6272.62	6.36907e-18
6275.04	5.17819e-18
6277.46	4.68053e-18
6279.88	5.02612e-18
6282.30	5.44177e-18
6284.72	4.75183e-18
6287.14	5.15604e-18
6289.56	6.12691e-18
6291.98	5.43706e-18
6294.40	5.75781e-18
6296.82	7.86836e-18
6299.24	8.10069e-18
6301.66	5.15503e-18
6304.08	3.94968e-18
6306.50	5.58271e-18
6308.92	6.03497e-18
6311.33	6.78213e-18
6313.75	6.43029e-18
6316.17	5.97746e-18
6318.59	6.07383e-18
6321.01	5.26409e-18
6323.43	5.14266e-18
6325.85	5.25967e-18
6328.27	5.00672e-18
6330.69	4.60953e-18
6333.11	4.98929e-18
6335.53	5.66502e-18
6337.95	6.5871e-18
6340.37	6.06922e-18
6342.79	5.1371e-18
6345.21	6.0685e-18
6347.63	6.58858e-18
6350.05	5.83676e-18
6352.47	5.54561e-18
6354.89	5.10882e-18
6357.31	5.14863e-18
6359.73	5.80074e-18
6362.15	5.16505e-18
6364.57	5.6947e-18
6366.99	6.41875e-18
6369.41	5.71044e-18
6371.83	5.62819e-18
6374.25	5.10418e-18
6376.67	5.73283e-18
6379.09	6.97419e-18
6381.51	6.85058e-18
6383.93	5.82793e-18
6386.35	5.19965e-18
6388.77	5.57016e-18
6391.19	5.7578e-18
6393.61	5.71074e-18
6396.03	6.12467e-18
6398.45	7.64567e-18
6400.87	7.84437e-18
6403.29	4.6029e-18
6405.71	3.05956e-18
6408.13	4.34192e-18
6410.55	5.08275e-18
6412.97	5.97678e-18
6415.39	5.98528e-18
6417.80	5.7361e-18
6420.22	5.93717e-18
6422.64	6.69554e-18
6425.06	6.25139e-18
6427.48	5.9251e-18
6429.90	5.44015e-18
6432.32	4.67068e-18
6434.74	5.06244e-18
6437.16	5.46117e-18
6439.58	5.12661e-18
6442.00	5.14702e-18
6444.42	5.17886e-18
6446.84	4.94708e-18
6449.26	5.54131e-18
6451.68	6.28914e-18
6454.10	5.77799e-18
6456.52	5.29734e-18
6458.94	5.39777e-18
6461.36	5.30366e-18
6463.78	6.34216e-18
6466.20	6.46568e-18
6468.62	5.91868e-18
6471.04	5.18887e-18
6473.46	5.62064e-18
6475.88	6.05846e-18
6478.30	5.66347e-18
6480.72	5.55558e-18
6483.14	4.78263e-18
6485.56	5.05503e-18
6487.98	5.80626e-18
6490.40	6.23396e-18
6492.82	6.33817e-18
6495.24	5.48955e-18
6497.66	6.113e-18
6500.08	5.72501e-18
6502.50	5.18455e-18
6504.92	5.88483e-18
6507.34	5.75277e-18
6509.76	4.3153e-18
6512.18	5.03998e-18
6514.60	5.40717e-18
6517.02	5.41696e-18
6519.44	5.86319e-18
6521.85	5.51673e-18
6524.27	5.15414e-18
6526.69	5.21351e-18
6529.11	4.93468e-18
6531.53	4.43078e-18
6533.95	4.43102e-18
6536.37	5.32625e-18
6538.79	5.86798e-18
6541.21	5.45164e-18
6543.63	5.53049e-18
6546.05	5.41657e-18
6548.47	5.38069e-18
6550.89	6.05805e-18
6553.31	5.81361e-18
6555.73	5.32488e-18
6558.15	4.97026e-18
6560.57	5.16203e-18
6562.99	5.60293e-18
6565.41	6.24587e-18
6567.83	5.95309e-18
6570.25	5.358e-18
6572.67	5.42533e-18
6575.09	5.73092e-18
6577.51	6.237e-18
6579.93	6.38222e-18
6582.35	5.82173e-18
6584.77	5.48349e-18
6587.19	5.45706e-18
6589.61	5.4872e-18
6592.03	5.02062e-18
6594.45	4.89321e-18
6596.87	5.89469e-18
6599.29	6.23409e-18
6601.71	5.48987e-18
6604.13	4.75968e-18
6606.55	5.49335e-18
6608.97	5.60085e-18
6611.39	5.57983e-18
6613.81	6.36446e-18
6616.23	5.20526e-18
6618.65	4.74734e-18
6621.07	5.45688e-18
6623.49	4.37777e-18
6625.90	3.74729e-18
6628.32	4.20249e-18
6630.74	5.00728e-18
6633.16	5.01826e-18
6635.58	5.03642e-18
6638.00	5.06973e-18
6640.42	1.22958e-20
6642.84	-3.57495e-21
6645.26	0E-21
6647.68	0E-21
6650.10	0E-21
6652.52	0E-21
6654.94	0E-21
6657.36	0E-21
6659.78	0E-21
6662.20	0E-21
6664.62	0E-21
6667.04	0E-21
6669.46	0E-21
6671.88	0E-21
6674.30	0E-21
6676.72	0E-21
6679.14	0E-21
6681.56	0E-21
6683.98	0E-21
6686.40	0E-21
6688.82	0E-21
6691.24	0E-21
6693.66	0E-21
6696.08	0E-21
6698.50	0E-21
6700.92	0E-21
6703.34	0E-21
6705.76	0E-21
6708.18	3.34225e-21
6710.60	5.51807e-18
6713.02	5.53017e-18
6715.44	5.7057e-18
6717.86	5.93125e-18
6720.28	5.69413e-18
6722.70	5.46619e-18
6725.12	5.87948e-18
6727.54	6.27796e-18
6729.96	6.15339e-18
6732.38	5.95196e-18
6734.79	5.65165e-18
6737.21	5.33858e-18
6739.63	5.56263e-18
6742.05	5.42091e-18
6744.47	4.78468e-18
6746.89	4.61327e-18
6749.31	4.98022e-18
6751.73	5.8774e-18
6754.15	6.36885e-18
6756.57	5.92358e-18
6758.99	6.01218e-18
6761.41	6.47897e-18
6763.83	6.74405e-18
6766.25	6.46652e-18
6768.67	5.88183e-18
6771.09	6.12629e-18
6773.51	6.54169e-18
6775.93	5.82207e-18
6778.35	5.53199e-18
6780.77	6.63245e-18
6783.19	7.06347e-18
6785.61	6.15675e-18
6788.03	6.22305e-18
6790.45	7.44777e-18
6792.87	7.19199e-18
6795.29	6.15531e-18
6797.71	6.56685e-18
6800.13	7.29606e-18
6802.55	6.63032e-18
6804.97	6.23142e-18
6807.39	6.57123e-18
6809.81	6.11862e-18
6812.23	5.22946e-18
6814.65	5.10139e-18
6817.07	5.41488e-18
6819.49	5.94554e-18
6821.91	6.07274e-18
6824.33	5.59778e-18
6826.75	6.5206e-18
6829.17	7.27173e-18
6831.59	8.65646e-18
6834.01	1.10831e-17
6836.42	9.45056e-18
6838.84	6.12174e-18
6841.26	5.87321e-18
6843.68	6.39537e-18
6846.10	6.61826e-18
6848.52	7.02719e-18
6850.94	7.65302e-18
6853.36	7.7527e-18
6855.78	7.93029e-18
6858.20	8.336e-18
6860.62	7.89344e-18
6863.04	7.06647e-18
6865.46	7.47319e-18
6867.88	9.23404e-18
6870.30	1.06991e-17
6872.72	1.13693e-17
6875.14	1.19861e-17
6877.56	1.24324e-17
6879.98	1.4048e-17
6882.40	1.65769e-17
6884.82	1.73785e-17
6887.24	1.74795e-17
6889.66	1.96252e-17
6892.08	2.12691e-17
6894.50	2.12407e-17
6896.92	2.25744e-17
6899.34	2.60212e-17
6901.76	2.96844e-17
6904.18	3.22665e-17
6906.60	3.22905e-17
6909.02	3.08762e-17
6911.44	2.93924e-17
6913.86	2.63917e-17
6916.28	2.24611e-17
6918.70	1.99908e-17
6921.12	1.79797e-17
6923.54	1.53824e-17
6925.96	1.4065e-17
6928.38	1.43613e-17
6930.80	1.42471e-17
6933.22	1.32629e-17
6935.64	1.19863e-17
6938.06	1.10027e-17
6940.48	1.02888e-17
6942.90	9.69434e-18
6945.31	9.5982e-18
6947.73	1.00084e-17
6950.15	1.00444e-17
6952.57	9.63291e-18
6954.99	9.64096e-18
6957.41	9.86081e-18
6959.83	9.78394e-18
6962.25	9.59467e-18
6964.67	8.56453e-18
6967.09	7.24919e-18
6969.51	7.49443e-18
6971.93	8.6106e-18
6974.35	8.60284e-18
6976.77	8.53024e-18
6979.19	8.06671e-18
6981.61	7.31392e-18
6984.03	7.2615e-18
6986.45	7.27661e-18
6988.87	6.75254e-18
6991.29	6.46906e-18
6993.71	6.60082e-18
6996.13	7.07808e-18
6998.55	7.02633e-18
7000.97	6.68591e-18
7003.39	6.57394e-18
7005.81	6.48891e-18
7008.23	6.27678e-18
7010.65	6.28458e-18
7013.07	6.65735e-18
7015.49	6.49975e-18
7017.91	5.64182e-18
7020.33	5.49198e-18
7022.75	6.13894e-18
7025.17	6.66138e-18
7027.59	6.52737e-18
7030.01	6.0485e-18
7032.43	6.37873e-18
7034.85	7.18969e-18
7037.27	7.16387e-18
7039.69	6.02406e-18
7042.11	5.03943e-18
7044.52	5.28862e-18
7046.94	6.24569e-18
7049.36	6.69355e-18
7051.78	6.33313e-18
7054.20	5.76412e-18
7056.62	5.28681e-18
7059.04	5.0815e-18
7061.46	5.40663e-18
7063.88	5.31513e-18
7066.30	4.63163e-18
7068.72	4.72644e-18
7071.14	5.31236e-18
7073.56	5.45227e-18
7075.98	5.49166e-18
7078.40	5.41703e-18
7080.82	5.29942e-18
7083.24	5.35386e-18
7085.66	5.07086e-18
7088.08	4.90162e-18
7090.50	5.37699e-18
7092.92	5.10428e-18
7095.34	4.75345e-18
7097.76	5.01529e-18
7100.18	5.15331e-18
7102.60	5.26869e-18
7105.02	5.5027e-18
7107.44	5.1042e-18
7109.86	4.767e-18
7112.28	4.86802e-18
7114.70	4.40926e-18
7117.12	4.3638e-18
7119.54	5.1277e-18
7121.96	6.45913e-18
7124.38	6.59481e-18
7126.80	5.83521e-18
7129.22	5.18065e-18
7131.64	4.54099e-18
7134.06	4.59046e-18
7136.48	5.32051e-18
7138.90	5.12429e-18
7141.32	4.78805e-18
7143.74	4.74603e-18
7146.16	5.18041e-18
7148.58	5.45995e-18
7151.00	5.27011e-18
7153.41	5.15562e-18
7155.83	5.38186e-18
7158.25	5.678e-18
7160.67	5.79372e-18
7163.09	5.31321e-18
7165.51	4.63208e-18
7167.93	4.89202e-18
7170.35	4.83644e-18
7172.77	4.89491e-18
7175.19	4.0992e-18
7177.61	1.45051e-18
7180.03	2.71453e-18
7182.45	5.46844e-18
7184.87	6.12391e-18
7187.29	5.72488e-18
7189.71	5.06707e-18
7192.13	4.70381e-18
7194.55	5.18111e-18
7196.97	5.26184e-18
7199.39	4.8753e-18
7201.81	4.91713e-18
7204.23	5.08979e-18
7206.65	4.56085e-18
7209.07	4.67125e-18
7211.49	5.3193e-18
7213.91	5.59069e-18
7216.33	5.63257e-18
7218.75	5.63451e-18
7221.17	5.60898e-18
7223.59	5.86533e-18
7226.01	5.93548e-18
7228.43	5.35578e-18
7230.85	5.15863e-18
7233.27	5.174e-18
7235.69	5.21513e-18
7238.11	5.6674e-18
7240.53	5.48661e-18
7242.95	4.69857e-18
7245.37	4.43869e-18
7247.79	4.51379e-18
7250.21	4.1829e-18
7252.62	3.88696e-18
7255.04	3.97947e-18
7257.46	3.91257e-18
7259.88	4.33965e-18
7262.30	4.58265e-18
7264.72	3.96097e-18
7267.14	4.55481e-18
7269.56	5.66404e-18
7271.98	5.92306e-18
7274.40	5.50409e-18
7276.82	5.17078e-18
7279.24	5.05978e-18
7281.66	4.68307e-18
7284.08	4.80755e-18
7286.50	5.41937e-18
7288.92	5.20758e-18
7291.34	4.69157e-18
7293.76	4.50551e-18
7296.18	4.36685e-18
7298.60	4.69753e-18
7301.02	4.62813e-18
7303.44	4.47044e-18
7305.86	5.14685e-18
7308.28	5.29596e-18
7310.70	4.72679e-18
7313.12	4.4983e-18
7315.54	3.27712e-18
7317.96	3.10991e-18
7320.38	4.55083e-18
7322.80	5.02802e-18
7325.22	5.62474e-18
7327.64	5.89354e-18
7330.06	6.10869e-18
7332.48	6.06347e-18
7334.90	4.962e-18
7337.32	4.42199e-18
7339.74	5.08127e-18
7342.16	5.51498e-18
7344.58	5.82553e-18
7347.00	5.75062e-18
7349.42	5.09598e-18
7351.84	5.62844e-18
7354.26	5.77539e-18
7356.68	4.38099e-18
7359.10	4.11451e-18
7361.51	4.73924e-18
7363.93	4.55619e-18
7366.35	4.02333e-18
7368.77	3.43158e-18
7371.19	4.16047e-18
7373.61	4.8238e-18
7376.03	5.01503e-18
7378.45	4.80878e-18
7380.87	4.87637e-18
7383.29	5.19998e-18
7385.71	4.90088e-18
7388.13	4.42284e-18
7390.55	4.45285e-18
7392.97	4.76362e-18
7395.39	5.20864e-18
7397.81	5.56346e-18
7400.23	5.31052e-18
7402.65	4.84835e-18
7405.07	5.09773e-18
7407.49	5.46808e-18
7409.91	4.92154e-18
7412.33	4.78447e-18
7414.75	4.74649e-18
7417.17	4.62796e-18
7419.59	4.74493e-18
7422.01	4.9416e-18
7424.43	4.7999e-18
7426.85	4.1129e-18
7429.27	4.1476e-18
7431.69	4.8e-18
7434.11	4.88331e-18
7436.53	4.94283e-18
7438.95	4.82353e-18
7441.37	5.13083e-18
7443.79	5.37011e-18
7446.21	5.17696e-18
7448.63	4.33325e-18
7451.05	3.50284e-18
7453.47	3.8735e-18
7455.89	4.37607e-18
7458.31	4.0942e-18
7460.73	4.24676e-18
7463.15	4.99481e-18
7465.56	4.74394e-18
7467.98	3.96041e-18
7470.40	4.63293e-18
7472.82	4.5343e-18
7475.24	3.16167e-18
7477.66	3.03632e-18
7480.08	4.18208e-18
7482.50	4.49573e-18
7484.92	3.77712e-18
7487.34	3.56858e-18
7489.76	4.18387e-18
7492.18	4.54326e-18
7494.60	3.82425e-18
7497.02	3.89334e-18
7499.44	4.0912e-18
7501.86	4.31362e-18
7504.28	4.69806e-18
7506.70	4.57346e-18
7509.12	4.56113e-18
7511.54	4.85034e-18
7513.96	4.30276e-18
7516.38	4.21649e-18
7518.80	4.71592e-18
7521.22	4.91578e-18
7523.64	4.92213e-18
7526.06	5.36339e-18
7528.48	5.28184e-18
7530.90	4.1408e-18
7533.32	4.16283e-18
7535.74	4.55289e-18
7538.16	4.12583e-18
7540.58	4.41525e-18
7543.00	4.3653e-18
7545.42	4.05394e-18
7547.84	4.87244e-18
7550.26	4.95128e-18
7552.68	4.89412e-18
7555.10	3.87342e-18
7557.52	3.39786e-18
7559.94	4.22654e-18
7562.36	4.88677e-18
7564.78	4.65548e-18
7567.20	3.73918e-18
7569.61	2.88827e-18
7572.03	3.37713e-18
7574.45	4.42174e-18
7576.87	4.72974e-18
7579.29	4.67621e-18
7581.71	5.00048e-18
7584.13	5.25035e-18
7586.55	5.32997e-18
7588.97	5.01118e-18
7591.39	3.88139e-18
7593.81	3.84873e-18
7596.23	4.54321e-18
7598.65	3.38049e-18
7601.07	2.15849e-18
7603.49	2.0004e-18
7605.91	2.05703e-18
7608.33	2.15238e-18
7610.75	4.19121e-18
7613.17	4.44469e-18
7615.59	3.98245e-18
7618.01	4.65115e-18
7620.43	4.48729e-18
7622.85	3.86821e-18
7625.27	4.06801e-18
7627.69	4.06032e-18
7630.11	4.00831e-18
7632.53	3.43813e-18
7634.95	2.68438e-18
7637.37	3.26907e-18
7639.79	4.23832e-18
7642.21	3.73939e-18
7644.63	3.64732e-18
7647.05	4.36888e-18
7649.47	5.57829e-18
7651.89	5.51763e-18
7654.31	4.43192e-18
7656.73	4.33833e-18
7659.15	3.64897e-18
7661.57	3.29024e-18
7663.99	4.08862e-18
7666.41	4.41978e-18
7668.83	4.00402e-18
7671.25	4.34676e-18
7673.67	4.52083e-18
7676.08	4.2258e-18
7678.50	3.99024e-18
7680.92	3.61131e-18
7683.34	3.44811e-18
7685.76	4.09017e-18
7688.18	4.40357e-18
7690.60	3.96608e-18
7693.02	4.37264e-18
7695.44	4.31344e-18
7697.86	3.84224e-18
7700.28	3.99544e-18
7702.70	4.43118e-18
7705.12	4.72526e-18
7707.54	4.4943e-18
7709.96	3.30572e-18
7712.38	2.50783e-18
7714.80	3.92778e-18
7717.22	5.3448e-18
7719.64	4.23234e-18
7722.06	4.42637e-18
7724.48	5.01328e-18
7726.90	4.87275e-18
7729.32	4.12963e-18
7731.74	3.38518e-18
7734.16	3.55158e-18
7736.58	3.98218e-18
7739.00	3.79253e-18
7741.42	3.83514e-18
7743.84	4.21497e-18
7746.26	4.00711e-18
7748.68	4.01333e-18
7751.10	3.38012e-18
7753.52	2.66348e-18
7755.94	3.61788e-18
7758.36	4.23445e-18
7760.78	4.44895e-18
7763.20	3.88981e-18
7765.62	3.60562e-18
7768.04	4.21698e-18
7770.46	4.05098e-18
7772.88	3.47461e-18
7775.30	4.34381e-18
7777.72	5.13535e-18
7780.13	4.4986e-18
7782.55	4.75887e-18
7784.97	5.06364e-18
7787.39	4.78223e-18
7789.81	3.7174e-18
7792.23	2.83715e-18
7794.65	3.73678e-18
7797.07	4.80934e-18
7799.49	4.74296e-18
7801.91	4.8803e-18
7804.33	4.54672e-18
7806.75	3.73162e-18
7809.17	3.85102e-18
7811.59	4.37546e-18
7814.01	4.64502e-18
7816.43	4.5712e-18
7818.85	4.96041e-18
7821.27	5.35419e-18
7823.69	4.83274e-18
7826.11	4.54507e-18
7828.53	4.6613e-18
7830.95	3.98015e-18
7833.37	3.731e-18
7835.79	4.23589e-18
7838.21	4.42224e-18
7840.63	3.60554e-18
7843.05	2.71647e-18
7845.47	4.23369e-18
7847.89	5.10235e-18
7850.31	3.77056e-18
7852.73	3.86498e-18
7855.15	5.71751e-18
7857.57	5.58367e-18
7859.99	3.91401e-18
7862.41	3.39253e-18
7864.83	2.63649e-18
7867.25	2.29064e-18
7869.67	4.08682e-18
7872.09	5.16879e-18
7874.51	3.58309e-18
7876.93	2.74048e-18
7879.35	3.79716e-18
7881.77	3.22837e-18
7884.19	3.74517e-20
7886.60	-9.95508e-20
7889.02	3.34312e-18
7891.44	3.41263e-18
7893.86	2.9522e-18
7896.28	3.43497e-18
7898.70	4.42417e-18
7901.12	4.66528e-18
7903.54	4.16014e-18
7905.96	3.89058e-18
7908.38	4.21171e-18
7910.80	4.79209e-18
7913.22	4.80892e-18
7915.64	3.9443e-18
7918.06	3.21726e-18
7920.48	3.78001e-18
7922.90	5.16944e-18
7925.32	5.1051e-18
7927.74	3.74457e-18
7930.16	3.40677e-18
7932.58	3.46619e-18
7935.00	3.49999e-18
7937.42	4.01682e-18
7939.84	4.32422e-18
7942.26	4.23801e-18
7944.68	4.05315e-18
7947.10	3.15978e-18
7949.52	2.40578e-18
7951.94	3.20762e-18
7954.36	3.93017e-18
7956.78	3.82804e-18
7959.20	4.05994e-18
7961.62	4.43139e-18
7964.04	4.80463e-18
7966.46	5.27535e-18
7968.88	4.52788e-18
7971.30	3.59392e-18
7973.72	4.08965e-18
7976.14	4.57413e-18
7978.56	4.33007e-18
7980.98	3.79839e-18
7983.40	3.95171e-18
7985.82	4.10227e-18
7988.23	3.48787e-18
7990.65	2.92677e-18
7993.07	2.7646e-18
7995.49	3.36433e-18
7997.91	4.08651e-18
8000.33	4.13299e-18
8002.75	4.09201e-18
8005.17	4.01766e-18
8007.59	3.26344e-18
8010.01	2.95738e-18
8012.43	3.51597e-18
8014.85	4.82891e-18
8017.27	4.7939e-18
8019.69	3.51469e-18
8022.11	3.33802e-18
8024.53	3.87474e-18
8026.95	3.54975e-18
8029.37	3.09457e-18
8031.79	2.97384e-18
8034.21	2.97443e-18
8036.63	4.05388e-18
8039.05	4.59776e-18
8041.47	3.68187e-18
8043.89	3.2098e-18
8046.31	3.44111e-18
8048.73	3.58892e-18
8051.15	3.22864e-18
8053.57	2.9328e-18
8055.99	2.94521e-18
8058.41	3.35393e-18
8060.83	3.92206e-18
8063.25	3.60011e-18
8065.67	2.84542e-18
8068.09	3.40079e-18
8070.51	4.06267e-18
8072.93	3.76538e-18
8075.35	3.57732e-18
8077.77	3.53198e-18
8080.19	3.59645e-18
8082.61	3.7754e-18
8085.03	3.84894e-18
8087.45	3.7494e-18
8089.87	3.8702e-18
8092.29	3.9199e-18
8094.70	3.25443e-18
8097.12	3.1991e-18
8099.54	3.60748e-18
8101.96	2.91883e-18
8104.38	2.63995e-18
8106.80	3.32995e-18
8109.22	3.7737e-18
8111.64	3.89984e-18
8114.06	4.12129e-18
8116.48	3.9394e-18
8118.90	3.34075e-18
8121.32	3.10238e-18
8123.74	3.25239e-18
8126.16	3.70498e-18
8128.58	4.25057e-18
8131.00	3.64277e-18
8133.42	3.02343e-18
8135.84	3.45758e-18
8138.26	3.7966e-18
8140.68	3.55444e-18
8143.10	3.52229e-18
8145.52	3.82701e-18
8147.94	3.94677e-18
8150.36	3.80795e-18
8152.78	3.53116e-18
8155.20	3.3216e-18
8157.62	3.62839e-18
8160.04	3.65791e-18
8162.46	2.77963e-18
8164.88	2.04641e-18
8167.30	2.30904e-18
8169.72	3.00769e-18
8172.14	3.70281e-18
8174.56	3.866e-18
8176.98	3.55679e-18
8179.40	3.59727e-18
8181.82	3.37323e-18
8184.24	2.64787e-18
8186.66	2.78091e-18
8189.08	3.97524e-18
8191.50	4.14695e-18
8193.92	3.53589e-18
8196.33	3.62494e-18
8198.75	3.98778e-18
8201.17	3.54198e-18
8203.59	3.37367e-18
8206.01	4.15928e-18
8208.43	4.23808e-18
8210.85	3.46649e-18
8213.27	3.26727e-18
8215.69	3.69224e-18
8218.11	3.93495e-18
8220.53	3.39321e-18
8222.95	2.80394e-18
8225.37	3.2439e-18
8227.79	3.35201e-18
8230.21	2.66771e-18
8232.63	2.38811e-18
8235.05	3.05407e-18
8237.47	4.16026e-18
8239.89	4.70822e-18
8242.31	4.53494e-18
8244.73	4.02075e-18
8247.15	4.0016e-18
8249.57	4.14754e-18
8251.99	3.74699e-18
8254.41	3.75531e-18
8256.83	4.00213e-18
8259.25	3.81161e-18
8261.67	3.67782e-18
8264.09	4.09525e-18
8266.51	4.60034e-18
8268.93	4.51909e-18
8271.35	3.73826e-18
8273.77	2.8846e-18
8276.19	3.04499e-18
8278.61	4.04072e-18
8281.03	4.56185e-18
8283.45	4.18985e-18
8285.87	3.48926e-18
8288.29	3.3735e-18
8290.71	4.00915e-18
8293.13	3.81568e-18
8295.55	2.87462e-18
8297.97	3.48208e-18
8300.38	3.67063e-18
8302.80	2.91094e-18
8305.22	3.72747e-18
8307.64	4.01139e-18
8310.06	3.10557e-18
8312.48	2.99144e-18
8314.90	3.48055e-18
8317.32	3.69108e-18
8319.74	4.16417e-18
8322.16	4.6949e-18
8324.58	4.03028e-18
8327.00	2.92504e-18
8329.42	3.3051e-18
8331.84	4.03606e-18
8334.26	4.12063e-18
8336.68	4.38192e-18
8339.10	3.77362e-18
8341.52	4.15082e-18
8343.94	4.93222e-18
8346.36	3.91702e-18
8348.78	3.1206e-18
8351.20	3.84836e-18
8353.62	4.07823e-18
8356.04	4.3676e-18
8358.46	4.66944e-18
8360.88	4.23712e-18
8363.30	3.90501e-18
8365.72	3.65723e-18
8368.14	3.31731e-18
8370.56	2.94567e-18
8372.98	3.44132e-18
8375.40	4.16597e-18
8377.82	4.24645e-18
8380.24	3.83865e-18
8382.66	3.40896e-18
8385.08	3.55166e-18
8387.50	3.49023e-18
8389.92	3.9397e-18
8392.34	3.61433e-18
8394.76	3.51197e-18
8397.18	3.69395e-18
8399.60	4.75236e-18
8402.02	4.86865e-18
8404.44	4.60657e-18
8406.86	4.56202e-18
8409.27	4.18352e-18
8411.69	4.73089e-18
8414.11	4.11369e-18
8416.53	1.12474e-18
8418.95	1.33628e-18
8421.37	2.84146e-18
8423.79	4.08983e-18
8426.21	4.20447e-18
8428.63	2.96681e-18
8431.05	2.68652e-18
8433.47	3.15195e-18
8435.89	3.48709e-18
8438.31	3.99405e-18
8440.73	3.76457e-18
8443.15	2.98644e-18
8445.57	2.50079e-18
8447.99	3.09502e-18
8450.41	3.03559e-18
8452.83	1.91099e-18
8455.25	2.50489e-18
8457.67	2.9793e-18
8460.09	3.20442e-18
8462.51	3.69294e-18
8464.93	3.46371e-18
8467.35	3.67984e-18
8469.77	4.05271e-18
8472.19	2.97194e-18
8474.61	4.46061e-18
8477.03	5.28957e-18
8479.45	4.98867e-18
8481.87	4.39985e-18
8484.29	4.65149e-18
8486.71	4.39206e-18
8489.13	3.86063e-18
8491.55	3.9304e-18
8493.97	4.4279e-18
8496.39	4.40344e-18
8498.81	3.36059e-18
8501.23	2.94769e-18
8503.65	4.28496e-18
8506.07	6.34759e-18
8508.49	4.8171e-18
8510.91	4.17746e-18
8513.33	3.7397e-18
8515.74	3.65326e-18
8518.16	3.31092e-18
8520.58	2.77148e-18
8523.00	2.80853e-18
8525.42	3.37247e-18
8527.84	4.01279e-18
8530.26	3.61851e-18
8532.68	3.60202e-18
8535.10	4.26476e-18
8537.52	3.90086e-18
8539.94	3.29287e-18
8542.36	3.30568e-18
8544.78	4.06425e-18
8547.20	4.14459e-18
8549.62	3.88593e-18
8552.04	4.0103e-18
8554.46	4.02865e-18
8556.88	3.28657e-18
8559.30	2.35401e-18
8561.72	3.72335e-18
8564.14	2.82627e-18
8566.56	2.97724e-18
8568.98	4.22638e-18
8571.40	4.51858e-18
8573.82	3.51512e-18
8576.24	3.26539e-18
8578.66	3.33543e-18
8581.08	3.28194e-18
8583.50	4.10696e-18
8585.92	4.4338e-18
8588.34	3.94013e-18
8590.76	4.61018e-18
8593.18	4.88754e-18
8595.60	4.24827e-18
8598.02	3.58588e-18
8600.44	2.49567e-18
8602.86	2.64045e-18
8605.28	3.50921e-18
8607.70	3.3491e-18
8610.12	2.70674e-18
8612.54	2.9088e-18
8614.96	3.28218e-18
8617.38	2.28703e-18
8619.79	1.41097e-18
8622.21	2.61249e-18
8624.63	3.05643e-18
8627.05	3.36388e-18
8629.47	3.88963e-18
8631.89	2.56512e-18
8634.31	1.3097e-18
8636.73	2.11186e-18
8639.15	3.33362e-18
8641.57	3.83318e-18
8643.99	3.95119e-18
8646.41	3.72387e-18
8648.83	4.11408e-18
8651.25	4.9511e-18
8653.67	4.65085e-18
8656.09	4.54185e-18
8658.51	4.98734e-18
8660.93	3.30035e-18
8663.35	2.08573e-18
8665.77	3.45169e-18
8668.19	3.76422e-18
8670.61	3.01112e-18
8673.03	4.04747e-18
8675.45	3.73186e-18
8677.87	2.34853e-18
8680.29	2.4975e-18
8682.71	2.49763e-18
8685.13	3.1392e-18
8687.55	3.58215e-18
8689.97	3.21575e-18
8692.39	3.39968e-18
8694.81	3.29784e-18
8697.23	2.81093e-18
8699.65	3.35948e-18
8702.07	3.96997e-18
8704.49	4.54689e-18
8706.91	5.59975e-18
8709.33	5.39425e-18
8711.75	3.89053e-18
8714.17	1.89622e-18
8716.58	2.13025e-18
8719.00	3.18192e-18
8721.42	4.08538e-18
8723.84	4.8014e-18
8726.26	4.48377e-18
8728.68	3.62083e-18
8731.10	3.6026e-18
8733.52	4.21123e-18
8735.94	4.29715e-18
8738.36	3.52456e-18
8740.78	3.22677e-18
8743.20	2.85979e-18
8745.62	3.37445e-18
8748.04	3.06875e-18
8750.46	3.15307e-18
8752.88	4.48096e-18
8755.30	4.75963e-18
8757.72	3.9616e-18
8760.14	3.46292e-18
8762.56	2.84687e-18
8764.98	3.1467e-18
8767.40	3.66425e-18
8769.82	4.41278e-18
8772.24	5.24783e-18
8774.66	4.60314e-18
8777.08	3.31604e-18
8779.50	3.99649e-18
8781.92	4.92545e-18
8784.34	3.82728e-18
8786.76	2.49158e-18
8789.18	2.28335e-18
8791.60	2.85421e-18
8794.02	3.69459e-18
8796.44	2.82661e-18
8798.86	3.37545e-18
8801.28	3.59933e-18
8803.70	3.617e-18
8806.12	3.16353e-18
8808.54	2.70961e-18
8810.96	2.98262e-18
8813.38	3.1759e-18
8815.80	3.18277e-18
8818.22	3.27334e-18
8820.64	2.22479e-18
8823.06	1.29036e-18
8825.47	2.32724e-18
8827.89	4.95699e-18
8830.31	4.53715e-18
8832.73	4.28789e-18
8835.15	6.29907e-18
8837.57	6.15598e-18
8839.99	3.49105e-18
8842.41	2.44608e-18
8844.83	3.467e-18
8847.25	3.894e-18
8849.67	3.06668e-18
8852.09	2.49994e-18
8854.51	1.68189e-18
8856.93	1.73398e-18
8859.35	2.84471e-18
8861.77	3.59353e-18
8864.19	3.65661e-18
8866.61	3.74745e-18
8869.03	3.12537e-18
8871.45	2.41049e-18
8873.87	3.8395e-18
8876.29	3.8799e-18
8878.71	3.9203e-18
8881.13	3.9607e-18
8883.55	4.0011e-18
8885.97	4.0415e-18
8888.39	4.0819e-18
8890.81	4.1223e-18
8893.23	4.1627e-18
8895.65	4.1627e-18
8898.07	4.08156e-18
8900.49	3.79877e-18
8902.91	3.28466e-18
8905.33	3.76485e-18
8907.75	3.55672e-18
8910.17	2.47155e-18
8912.59	2.70971e-18
8915.01	3.31801e-18
8917.43	3.59454e-18
8919.85	3.56093e-18
8922.27	2.43545e-18
8924.69	1.85117e-18
8927.11	3.93787e-18
8929.53	5.82307e-18
8931.95	4.53972e-18
8934.36	2.42363e-18
8936.78	1.81915e-18
8939.20	3.42033e-18
8941.62	4.18231e-18
8944.04	2.5452e-18
8946.46	2.60474e-18
8948.88	3.84412e-18
8951.30	3.0229e-18
8953.72	3.48808e-18
8956.14	5.72617e-18
8958.56	6.0823e-18
8960.98	4.92735e-18
8963.40	3.97255e-18
8965.82	3.6828e-18
8968.24	4.07478e-18
8970.66	3.04345e-18
8973.08	2.83346e-18
8975.50	2.98298e-18
8977.92	3.04957e-18
8980.34	3.11616e-18
8982.76	3.18275e-18
8985.18	3.24934e-18
8987.60	3.31593e-18
8990.02	3.38252e-18
8992.44	3.38252e-18
8994.86	3.65169e-18
8997.28	3.70385e-18
8999.70	4.5601e-18
9002.12	4.9268e-18
9004.54	3.74718e-18
9006.96	3.18393e-18
9009.38	2.18115e-18
9011.80	1.56888e-18
9014.22	2.12587e-18
9016.64	2.72817e-18
9019.06	2.77818e-18
9021.48	2.33879e-18
9023.90	2.6946e-18
9026.32	3.83505e-18
9028.74	4.49731e-18
9031.16	3.24044e-18
9033.58	2.26761e-18
9036.00	2.58564e-18
9038.42	2.59173e-18
9040.83	2.25492e-18
9043.25	2.54813e-18
9045.67	2.75149e-18
9048.09	3.41798e-18
9050.51	5.21989e-18
9052.93	4.83999e-18
9055.35	3.34507e-18
9057.77	3.40993e-18
9060.19	3.28487e-18
9062.61	2.93143e-18
9065.03	2.91943e-18
9067.45	3.31078e-18
9069.87	3.4146e-18
9072.29	3.21639e-18
9074.71	3.22548e-18
9077.13	3.11622e-18
9079.55	2.9787e-18
9081.97	3.25352e-18
9084.39	2.65729e-18
9086.81	2.47115e-18
9089.23	3.18367e-18
9091.65	2.46733e-18
9094.07	1.22874e-18
9096.49	1.40576e-18
9098.91	2.6353e-18
9101.33	3.6184e-18
9103.75	3.70881e-18
9106.17	3.0668e-18
9108.59	2.33454e-18
9111.01	1.89578e-18
9113.43	2.02229e-18
9115.85	2.78786e-18
9118.27	3.17907e-18
9120.69	2.28254e-18
9123.11	2.06852e-18
9125.53	2.82917e-18
9127.95	2.86997e-18
9130.37	2.9601e-18
9132.79	3.65453e-18
9135.21	3.48557e-18
9137.62	2.46065e-18
9140.04	1.49278e-18
9142.46	1.69831e-18
9144.88	2.63266e-18
9147.30	2.43259e-18
9149.72	2.27009e-18
9152.14	3.22158e-18
9154.56	3.8697e-18
9156.98	4.00672e-18
9159.40	3.91228e-18
9161.82	3.47447e-18
9164.24	3.30307e-18
9166.66	3.487e-18
9169.08	3.38476e-18
9171.50	3.14294e-18
9173.92	2.73666e-18
9176.34	2.0216e-18
9178.76	2.56838e-18
9181.18	3.24335e-18
9183.60	2.93468e-18
9186.02	2.37332e-18
9188.44	2.38318e-18
9190.86	3.04812e-18
9193.28	3.73481e-18
9195.70	4.51649e-18
9198.12	5.62203e-18
9200.54	4.43545e-18
9202.96	3.35183e-18
9205.38	3.68423e-18
9207.80	2.93645e-18
9210.22	1.78139e-18
9212.64	8.42394e-19
9215.06	6.67045e-19
9217.48	1.36327e-18
9219.90	2.97402e-18
9222.32	4.58714e-18
9224.74	4.67616e-18
9227.16	4.76917e-18
9229.58	4.41228e-18
9232.00	2.4747e-18
9234.42	1.38191e-18
9236.84	2.49093e-18
9239.26	4.1868e-18
9241.68	4.4636e-18
9244.09	3.1103e-18
9246.51	1.67072e-18
9248.93	1.47387e-18
9251.35	2.31288e-18
9253.77	2.91482e-18
9256.19	2.23424e-18
9258.61	1.60665e-18
9261.03	3.24651e-18
9263.45	5.60936e-18
9265.87	5.52843e-18
9268.29	3.95405e-18
9270.71	3.47229e-18
9273.13	2.91149e-18
9275.55	3.16381e-18
9277.97	4.2657e-18
9280.39	3.34093e-18
9282.81	1.96415e-18
9285.23	2.3794e-18
9287.65	4.07427e-18
9290.07	5.37418e-18
9292.49	6.22378e-18
9294.91	6.05801e-18
9297.33	6.21743e-18
9299.75	8.53662e-18
9302.17	7.16266e-18
9304.59	1.93534e-18
9307.01	7.80622e-20
9309.43	-1.64139e-18
9311.85	-7.27387e-18
9314.27	-7.03804e-18
9316.69	-1.93975e-18
9319.11	3.64563e-18
9321.53	1.35548e-17
9323.95	1.08894e-17
9326.37	8.82364e-20
9328.79	-1.32686e-18
9331.21	1.56445e-18
9333.63	8.23039e-19
9336.05	2.495e-18
9338.47	8.82355e-18
9340.89	8.58774e-18
9343.31	-2.6099e-18
9345.73	-1.97988e-18
9348.15	-1.34986e-18
9350.56	-7.19838e-19
9352.98	-8.98177e-20
9355.40	-8.98177e-20
9357.82	5.0971e-18
9360.24	8.41238e-18
9362.66	4.99809e-18
9365.08	3.00946e-18
9367.50	3.4854e-18
9369.92	2.50354e-18
9372.34	6.50647e-18
9374.76	1.9129e-17
9377.18	1.63662e-17
9379.60	4.6443e-18
9382.02	-1.69628e-18
9384.44	1.65866e-18
9386.86	2.18375e-18
9389.28	1.46006e-18
9391.70	1.09659e-18
9394.12	-1.08835e-18
9396.54	-1.59806e-18
9398.96	-1.38401e-18
9401.38	4.50636e-19
9403.80	3.18242e-19
