5320.00	1.82603e-17
5321.00	1.44912e-17
5322.00	1.29384e-17
5323.00	1.2934e-17
5324.00	1.27776e-17
5325.00	1.14741e-17
5326.00	1.0111e-17
5327.00	1.46637e-17
5328.00	1.98581e-17
5329.00	2.35813e-17
5330.00	2.45319e-17
5331.00	2.56676e-17
5332.00	2.21978e-17
5333.00	1.64672e-17
5334.00	1.23232e-17
5335.00	1.31395e-17
5336.00	1.31313e-17
5337.00	1.22879e-17
5338.00	1.39189e-17
5339.00	1.96287e-17
5340.00	2.32796e-17
5341.00	2.21786e-17
5342.00	1.7551e-17
5343.00	1.63913e-17
5344.00	1.675e-17
5345.00	1.65774e-17
5346.00	1.41778e-17
5347.00	1.26997e-17
5348.00	1.22278e-17
5349.00	1.22203e-17
5350.00	1.4236e-17
5351.00	1.63957e-17
5352.00	1.79338e-17
5353.00	1.84193e-17
5354.00	1.93995e-17
5355.00	1.79095e-17
5356.00	1.41552e-17
5357.00	1.47391e-17
5358.00	1.59557e-17
5359.00	1.59801e-17
5360.00	1.41185e-17
5361.00	1.71463e-17
5362.00	1.90617e-17
5363.00	1.82594e-17
5364.00	1.38697e-17
5365.00	1.68036e-17
5366.00	1.98791e-17
5367.00	2.02527e-17
5368.00	1.55345e-17
5369.00	1.49815e-17
5370.00	1.75634e-17
5371.00	2.12117e-17
5372.00	1.84827e-17
5373.00	1.65837e-17
5374.00	1.68297e-17
5375.00	1.97161e-17
5376.00	2.25714e-17
5377.00	2.15863e-17
5378.00	1.78009e-17
5379.00	1.3692e-17
5380.00	1.3443e-17
5381.00	1.56368e-17
5382.00	1.88305e-17
5383.00	2.10104e-17
5384.00	1.90655e-17
5385.00	1.64481e-17
5386.00	1.50355e-17
5387.00	1.42372e-17
5388.00	1.59517e-17
5389.00	1.86501e-17
5390.00	2.04834e-17
5391.00	1.78551e-17
5392.00	1.67561e-17
5393.00	1.67108e-17
5394.00	1.53547e-17
5395.00	1.71583e-17
5396.00	1.74547e-17
5397.00	1.67397e-17
5398.00	2.05209e-17
5399.00	2.09364e-17
5400.00	2.04618e-17
5401.00	2.04714e-17
5402.00	2.16404e-17
5403.00	2.12172e-17
5404.00	1.93603e-17
5405.00	1.66881e-17
5406.00	1.64974e-17
5407.00	1.44578e-17
5408.00	1.1402e-17
5409.00	9.69846e-18
5410.00	1.23671e-17
5411.00	1.03154e-17
5412.00	1.03174e-17
5413.00	1.03174e-17
5414.00	1.53931e-17
5415.00	1.85157e-17
5416.00	1.88446e-17
5417.00	1.93543e-17
5418.00	2.0156e-17
5419.00	2.10904e-17
5420.00	2.18562e-17
5421.00	2.13712e-17
5422.00	1.95987e-17
5423.00	1.76197e-17
5424.00	1.7117e-17
5425.00	1.73086e-17
5426.00	1.7818e-17
5427.00	1.82256e-17
5428.00	1.80255e-17
5429.00	1.65905e-17
5430.00	1.63293e-17
5431.00	1.82188e-17
5432.00	2.02734e-17
5433.00	1.70927e-17
5434.00	1.33859e-17
5435.00	1.40618e-17
5436.00	1.52607e-17
5437.00	1.32537e-17
5438.00	1.05792e-17
5439.00	1.28521e-17
5440.00	1.58203e-17
5441.00	1.73199e-17
5442.00	1.73092e-17
5443.00	1.83713e-17
5444.00	2.17296e-17
5445.00	2.16933e-17
5446.00	1.63986e-17
5447.00	1.51367e-17
5448.00	1.54418e-17
5449.00	1.60609e-17
5450.00	1.58705e-17
5451.00	1.57043e-17
5452.00	1.45715e-17
5453.00	1.33861e-17
5454.00	1.3956e-17
5455.00	1.63683e-17
5456.00	1.80412e-17
5457.00	1.77589e-17
5458.00	1.48218e-17
5459.00	1.43815e-17
5460.00	1.45386e-17
5461.00	1.38758e-17
5462.00	1.1116e-17
5463.00	1.02899e-17
5464.00	1.22765e-17
5465.00	1.71612e-17
5466.00	1.90529e-17
5467.00	1.71022e-17
5468.00	1.37911e-17
5469.00	1.38192e-17
5470.00	1.77267e-17
5471.00	2.04921e-17
5472.00	1.97935e-17
5473.00	1.48059e-17
5474.00	1.20733e-17
5475.00	1.25694e-17
5476.00	1.59576e-17
5477.00	1.61564e-17
5478.00	1.78491e-17
5479.00	1.91988e-17
5480.00	1.77965e-17
5481.00	1.52579e-17
5482.00	1.49754e-17
5483.00	1.58524e-17
5484.00	1.40007e-17
5485.00	1.47935e-17
5486.00	1.60082e-17
5487.00	1.66839e-17
5488.00	1.63381e-17
5489.00	1.62052e-17
5490.00	1.51879e-17
5491.00	1.28517e-17
5492.00	1.12076e-17
5493.00	1.00297e-17
5494.00	9.7369e-18
5495.00	1.07726e-17
5496.00	1.30087e-17
5497.00	1.45886e-17
5498.00	1.52642e-17
5499.00	1.5516e-17
5500.00	1.61104e-17
5501.00	1.58176e-17
5502.00	1.46273e-17
5503.00	1.40984e-17
5504.00	1.4354e-17
5505.00	1.49674e-17
5506.00	1.57544e-17
5507.00	1.80263e-17
5508.00	1.80923e-17
5509.00	1.67575e-17
5510.00	1.55486e-17
5511.00	1.43438e-17
5512.00	1.4535e-17
5513.00	1.59217e-17
5514.00	1.75432e-17
5515.00	1.76583e-17
5516.00	1.68203e-17
5517.00	1.56266e-17
5518.00	1.54506e-17
5519.00	1.49065e-17
5520.00	1.41435e-17
5521.00	1.33769e-17
5522.00	1.32018e-17
5523.00	1.28924e-17
5524.00	1.23464e-17
5525.00	1.16413e-17
5526.00	1.46232e-17
5527.00	1.67956e-17
5528.00	1.66868e-17
5529.00	1.3251e-17
5530.00	1.39293e-17
5531.00	1.58075e-17
5532.00	1.71176e-17
5533.00	1.53514e-17
5534.00	1.59482e-17
5535.00	1.71754e-17
5536.00	1.74959e-17
5537.00	1.66629e-17
5538.00	1.56322e-17
5539.00	1.38708e-17
5540.00	1.06118e-17
5541.00	9.98153e-18
5542.00	1.10476e-17
5543.00	1.26762e-17
5544.00	1.2748e-17
5545.00	1.3791e-17
5546.00	1.56538e-17
5547.00	1.76939e-17
5548.00	1.75631e-17
5549.00	1.68674e-17
5550.00	1.63412e-17
5551.00	1.63268e-17
5552.00	1.49743e-17
5553.00	1.33741e-17
5554.00	1.29454e-17
5555.00	1.52581e-17
5556.00	1.64109e-17
5557.00	1.56997e-17
5558.00	1.38911e-17
5559.00	1.32333e-17
5560.00	1.40417e-17
5561.00	1.52982e-17
5562.00	1.61741e-17
5563.00	1.54409e-17
5564.00	1.59858e-17
5565.00	1.59325e-17
5566.00	1.41845e-17
5567.00	1.60065e-17
5568.00	1.62189e-17
5569.00	1.48205e-17
5570.00	1.28995e-17
5571.00	1.31974e-17
5572.00	1.51005e-17
5573.00	1.77423e-17
5574.00	1.9803e-17
5575.00	1.89844e-17
5576.00	1.78814e-17
5577.00	1.73239e-17
5578.00	1.48178e-17
5579.00	1.43766e-17
5580.00	1.4445e-17
5581.00	1.36068e-17
5582.00	1.29363e-17
5583.00	1.22629e-17
5584.00	1.37155e-17
5585.00	2.02957e-17
5586.00	1.8638e-17
5587.00	1.49456e-17
5588.00	1.28596e-17
5589.00	1.70457e-17
5590.00	2.06444e-17
5591.00	2.30463e-17
5592.00	2.34803e-17
5593.00	2.13282e-17
5594.00	1.77058e-17
5595.00	1.59334e-17
5596.00	1.82528e-17
5597.00	1.80711e-17
5598.00	1.62253e-17
5599.00	1.45646e-17
5600.00	1.56856e-17
5601.00	1.73569e-17
5602.00	1.69932e-17
5603.00	1.494e-17
5604.00	1.42756e-17
5605.00	1.54295e-17
5606.00	1.68156e-17
5607.00	1.74816e-17
5608.00	1.72246e-17
5609.00	1.81687e-17
5610.00	1.93924e-17
5611.00	1.98054e-17
5612.00	1.85168e-17
5613.00	1.62723e-17
5614.00	1.49877e-17
5615.00	1.73253e-17
5616.00	1.85354e-17
5617.00	1.81527e-17
5618.00	1.65985e-17
5619.00	1.55669e-17
5620.00	1.62544e-17
5621.00	1.79745e-17
5622.00	1.96797e-17
5623.00	1.82656e-17
5624.00	1.7962e-17
5625.00	1.8858e-17
5626.00	2.03659e-17
5627.00	1.7819e-17
5628.00	1.62957e-17
5629.00	1.70152e-17
5630.00	2.0582e-17
5631.00	1.74154e-17
5632.00	1.27286e-17
5633.00	1.03806e-17
5634.00	1.6545e-17
5635.00	1.99422e-17
5636.00	2.07071e-17
5637.00	1.9234e-17
5638.00	1.79752e-17
5639.00	1.81905e-17
5640.00	1.84537e-17
5641.00	1.72976e-17
5642.00	1.5653e-17
5643.00	1.5729e-17
5644.00	1.72229e-17
5645.00	1.88302e-17
5646.00	2.07253e-17
5647.00	2.17525e-17
5648.00	2.17749e-17
5649.00	2.1755e-17
5650.00	2.08455e-17
5651.00	2.06168e-17
5652.00	2.14262e-17
5653.00	1.94509e-17
5654.00	2.08739e-17
5655.00	2.31523e-17
5656.00	2.31737e-17
5657.00	2.20462e-17
5658.00	1.97907e-17
5659.00	1.81264e-17
5660.00	1.98736e-17
5661.00	2.1856e-17
5662.00	2.11381e-17
5663.00	1.83041e-17
5664.00	1.85685e-17
5665.00	2.14303e-17
5666.00	2.27874e-17
5667.00	2.09123e-17
5668.00	2.15454e-17
5669.00	2.19892e-17
5670.00	2.18827e-17
5671.00	2.1194e-17
5672.00	2.22614e-17
5673.00	2.18679e-17
5674.00	1.98592e-17
5675.00	1.70996e-17
5676.00	1.55194e-17
5677.00	1.65011e-17
5678.00	1.94872e-17
5679.00	2.11853e-17
5680.00	2.08019e-17
5681.00	1.95186e-17
5682.00	1.8546e-17
5683.00	1.96665e-17
5684.00	2.2879e-17
5685.00	2.60589e-17
5686.00	2.67599e-17
5687.00	2.22524e-17
5688.00	1.96007e-17
5689.00	2.01989e-17
5690.00	2.37516e-17
5691.00	2.28769e-17
5692.00	2.17176e-17
5693.00	2.17503e-17
5694.00	2.31293e-17
5695.00	2.13638e-17
5696.00	1.90104e-17
5697.00	1.79854e-17
5698.00	1.83984e-17
5699.00	2.04512e-17
5700.00	2.30017e-17
5701.00	2.47198e-17
5702.00	2.54798e-17
5703.00	2.44756e-17
5704.00	2.25405e-17
5705.00	2.16439e-17
5706.00	1.98301e-17
5707.00	1.94775e-17
5708.00	2.03381e-17
5709.00	1.79751e-17
5710.00	1.83186e-17
5711.00	2.02227e-17
5712.00	2.25572e-17
5713.00	2.42338e-17
5714.00	2.35544e-17
5715.00	2.15188e-17
5716.00	1.9688e-17
5717.00	2.13032e-17
5718.00	2.23178e-17
5719.00	2.19903e-17
5720.00	2.07565e-17
5721.00	2.12552e-17
5722.00	2.06715e-17
5723.00	1.87819e-17
5724.00	1.88687e-17
5725.00	1.95732e-17
5726.00	2.04547e-17
5727.00	2.09929e-17
5728.00	1.97348e-17
5729.00	2.01833e-17
5730.00	2.1222e-17
5731.00	2.09515e-17
5732.00	1.9934e-17
5733.00	1.83313e-17
5734.00	1.70178e-17
5735.00	1.77343e-17
5736.00	1.76024e-17
5737.00	1.76644e-17
5738.00	1.7743e-17
5739.00	1.54665e-17
5740.00	1.62978e-17
5741.00	1.79003e-17
5742.00	1.82884e-17
5743.00	1.7117e-17
5744.00	1.73342e-17
5745.00	1.81912e-17
5746.00	1.82283e-17
5747.00	1.85716e-17
5748.00	1.90188e-17
5749.00	1.96751e-17
5750.00	2.10218e-17
5751.00	2.08021e-17
5752.00	2.03284e-17
5753.00	1.99815e-17
5754.00	1.90187e-17
5755.00	1.76514e-17
5756.00	1.73167e-17
5757.00	1.86576e-17
5758.00	1.75693e-17
5759.00	1.69246e-17
5760.00	1.73045e-17
5761.00	1.89046e-17
5762.00	1.89584e-17
5763.00	1.86386e-17
5764.00	1.77078e-17
5765.00	1.46777e-17
5766.00	1.39958e-17
5767.00	1.43581e-17
5768.00	1.52453e-17
5769.00	1.68004e-17
5770.00	1.79558e-17
5771.00	1.78993e-17
5772.00	1.62475e-17
5773.00	1.49006e-17
5774.00	1.43741e-17
5775.00	1.5195e-17
5776.00	1.78558e-17
5777.00	1.93204e-17
5778.00	1.95326e-17
5779.00	1.90041e-17
5780.00	1.92933e-17
5781.00	1.80422e-17
5782.00	1.67056e-17
5783.00	1.62702e-17
5784.00	1.80034e-17
5785.00	1.81021e-17
5786.00	1.6898e-17
5787.00	1.51408e-17
5788.00	1.55191e-17
5789.00	1.50082e-17
5790.00	1.43316e-17
5791.00	1.51428e-17
5792.00	1.7182e-17
5793.00	1.76232e-17
5794.00	1.60103e-17
5795.00	1.31655e-17
5796.00	1.29047e-17
5797.00	1.46048e-17
5798.00	1.75386e-17
5799.00	2.02061e-17
5800.00	1.95407e-17
5801.00	1.71019e-17
5802.00	1.47324e-17
5803.00	1.4572e-17
5804.00	1.53128e-17
5805.00	1.64147e-17
5806.00	1.74418e-17
5807.00	1.69656e-17
5808.00	1.56506e-17
5809.00	1.45544e-17
5810.00	1.57267e-17
5811.00	1.75239e-17
5812.00	1.85854e-17
5813.00	1.85245e-17
5814.00	1.95509e-17
5815.00	1.95153e-17
5816.00	1.87487e-17
5817.00	1.78703e-17
5818.00	1.90877e-17
5819.00	1.88067e-17
5820.00	1.7792e-17
5821.00	1.82089e-17
5822.00	1.70109e-17
5823.00	1.63721e-17
5824.00	1.64735e-17
5825.00	1.57447e-17
5826.00	1.74598e-17
5827.00	1.82571e-17
5828.00	1.6899e-17
5829.00	1.65131e-17
5830.00	1.75581e-17
5831.00	1.91024e-17
5832.00	2.00611e-17
5833.00	1.89986e-17
5834.00	1.80271e-17
5835.00	1.69023e-17
5836.00	1.45951e-17
5837.00	1.16915e-17
5838.00	1.14952e-17
5839.00	1.40529e-17
5840.00	1.64982e-17
5841.00	1.63939e-17
5842.00	1.65935e-17
5843.00	1.83005e-17
5844.00	1.90623e-17
5845.00	1.90379e-17
5846.00	1.80388e-17
5847.00	1.62322e-17
5848.00	1.80032e-17
5849.00	1.94627e-17
5850.00	1.85297e-17
5851.00	1.26878e-17
5852.00	1.66861e-17
5853.00	2.01662e-17
5854.00	1.97379e-17
5855.00	1.56671e-17
5856.00	1.34893e-17
5857.00	1.36038e-17
5858.00	1.51945e-17
5859.00	1.1854e-17
5860.00	1.22187e-17
5861.00	1.48907e-17
5862.00	1.74934e-17
5863.00	1.76075e-17
5864.00	1.67761e-17
5865.00	1.58588e-17
5866.00	1.57183e-17
5867.00	1.65414e-17
5868.00	1.64798e-17
5869.00	1.58098e-17
5870.00	1.77742e-17
5871.00	1.73783e-17
5872.00	1.5759e-17
5873.00	1.41238e-17
5874.00	1.49996e-17
5875.00	1.66222e-17
5876.00	1.72914e-17
5877.00	1.55309e-17
5878.00	1.31141e-17
5879.00	1.33642e-17
5880.00	1.5207e-17
5881.00	1.54213e-17
5882.00	1.41694e-17
5883.00	1.37799e-17
5884.00	1.47687e-17
5885.00	1.58502e-17
5886.00	1.59606e-17
5887.00	1.57533e-17
5888.00	1.58294e-17
5889.00	1.7102e-17
5890.00	1.83052e-17
5891.00	1.73285e-17
5892.00	1.716e-17
5893.00	1.69914e-17
5894.00	1.68229e-17
5895.00	1.66543e-17
5896.00	1.64858e-17
5897.00	1.63172e-17
5898.00	1.61487e-17
5899.00	1.59801e-17
5900.00	1.58116e-17
5901.00	1.5643e-17
5902.00	1.5643e-17
5903.00	1.72523e-17
5904.00	1.67956e-17
5905.00	1.56174e-17
5906.00	1.46165e-17
5907.00	1.45599e-17
5908.00	1.35055e-17
5909.00	1.28351e-17
5910.00	1.29613e-17
5911.00	1.41687e-17
5912.00	1.45958e-17
5913.00	1.4079e-17
5914.00	1.31097e-17
5915.00	1.38282e-17
5916.00	1.365e-17
5917.00	1.35407e-17
5918.00	1.40283e-17
5919.00	1.40453e-17
5920.00	1.30765e-17
5921.00	1.22978e-17
5922.00	1.31029e-17
5923.00	1.41275e-17
5924.00	1.55782e-17
5925.00	1.65224e-17
5926.00	1.52428e-17
5927.00	1.21385e-17
5928.00	9.84014e-18
5929.00	9.86595e-18
5930.00	1.32173e-17
5931.00	1.50297e-17
5932.00	1.60131e-17
5933.00	1.68346e-17
5934.00	1.83726e-17
5935.00	1.71944e-17
5936.00	1.52976e-17
5937.00	1.56177e-17
5938.00	1.91596e-17
5939.00	2.01984e-17
5940.00	1.84873e-17
5941.00	1.65906e-17
5942.00	1.60581e-17
5943.00	1.61185e-17
5944.00	1.63425e-17
5945.00	1.64173e-17
5946.00	1.55199e-17
5947.00	1.49279e-17
5948.00	1.54745e-17
5949.00	1.57886e-17
5950.00	1.64641e-17
5951.00	1.65095e-17
5952.00	1.4726e-17
5953.00	1.5226e-17
5954.00	1.66786e-17
5955.00	1.74975e-17
5956.00	1.47765e-17
5957.00	1.30483e-17
5958.00	1.24654e-17
5959.00	1.33224e-17
5960.00	1.61231e-17
5961.00	1.57876e-17
5962.00	1.42041e-17
5963.00	1.32556e-17
5964.00	1.45639e-17
5965.00	1.5428e-17
5966.00	1.52931e-17
5967.00	1.40236e-17
5968.00	1.49422e-17
5969.00	1.54368e-17
5970.00	1.50647e-17
5971.00	1.45034e-17
5972.00	1.28421e-17
5973.00	1.17002e-17
5974.00	1.20099e-17
5975.00	1.44243e-17
5976.00	1.48714e-17
5977.00	1.52269e-17
5978.00	1.67844e-17
5979.00	1.64285e-17
5980.00	1.40026e-17
5981.00	1.25866e-17
5982.00	1.62338e-17
5983.00	1.6645e-17
5984.00	1.52886e-17
5985.00	1.35193e-17
5986.00	1.37725e-17
5987.00	1.49896e-17
5988.00	1.56217e-17
5989.00	1.51318e-17
5990.00	1.49097e-17
5991.00	1.4849e-17
5992.00	1.42398e-17
5993.00	1.28462e-17
5994.00	1.38104e-17
5995.00	1.61205e-17
5996.00	1.79041e-17
5997.00	1.68286e-17
5998.00	1.52286e-17
5999.00	1.46998e-17
6000.00	1.57558e-17
6001.00	1.86407e-17
6002.00	1.779e-17
6003.00	1.52675e-17
6004.00	1.31137e-17
6005.00	1.59105e-17
6006.00	1.65597e-17
6007.00	1.56923e-17
6008.00	1.4389e-17
6009.00	1.43638e-17
6010.00	1.40291e-17
6011.00	1.37639e-17
6012.00	1.44523e-17
6013.00	1.63524e-17
6014.00	1.69911e-17
6015.00	1.5925e-17
6016.00	1.38522e-17
6017.00	1.39462e-17
6018.00	1.53304e-17
6019.00	1.70233e-17
6020.00	1.66025e-17
6021.00	1.67033e-17
6022.00	1.62538e-17
6023.00	1.45258e-17
6024.00	1.53167e-17
6025.00	1.78383e-17
6026.00	1.9829e-17
6027.00	1.8136e-17
6028.00	1.593e-17
6029.00	1.50298e-17
6030.00	1.53872e-17
6031.00	1.48042e-17
6032.00	1.54956e-17
6033.00	1.52855e-17
6034.00	1.34413e-17
6035.00	1.20387e-17
6036.00	1.26169e-17
6037.00	1.39687e-17
6038.00	1.48291e-17
6039.00	1.55818e-17
6040.00	1.55602e-17
6041.00	1.50688e-17
6042.00	1.46902e-17
6043.00	1.67107e-17
6044.00	1.85795e-17
6045.00	1.88178e-17
6046.00	1.56583e-17
6047.00	1.40356e-17
6048.00	1.36723e-17
6049.00	1.41583e-17
6050.00	1.38011e-17
6051.00	1.36534e-17
6052.00	1.39953e-17
6053.00	1.49397e-17
6054.00	1.54559e-17
6055.00	1.53021e-17
6056.00	1.50748e-17
6057.00	1.58071e-17
6058.00	1.72319e-17
6059.00	1.85136e-17
6060.00	1.92414e-17
6061.00	1.93679e-17
6062.00	1.81404e-17
6063.00	1.75373e-17
6064.00	1.8426e-17
6065.00	1.91396e-17
6066.00	1.73172e-17
6067.00	1.52922e-17
6068.00	1.55794e-17
6069.00	1.72558e-17
6070.00	1.76269e-17
6071.00	1.65906e-17
6072.00	1.49473e-17
6073.00	1.49316e-17
6074.00	1.5174e-17
6075.00	1.50346e-17
6076.00	1.37879e-17
6077.00	1.45825e-17
6078.00	1.66512e-17
6079.00	1.88796e-17
6080.00	1.79736e-17
6081.00	1.73547e-17
6082.00	1.65232e-17
6083.00	1.47495e-17
6084.00	1.32309e-17
6085.00	1.48358e-17
6086.00	1.76559e-17
6087.00	1.73018e-17
6088.00	1.58637e-17
6089.00	1.49671e-17
6090.00	1.51106e-17
6091.00	1.54422e-17
6092.00	1.62945e-17
6093.00	1.66438e-17
6094.00	1.59807e-17
6095.00	1.51857e-17
6096.00	1.56521e-17
6097.00	1.66869e-17
6098.00	1.73079e-17
6099.00	1.65395e-17
6100.00	1.56566e-17
6101.00	1.52217e-17
6102.00	1.58171e-17
6103.00	1.47157e-17
6104.00	1.34639e-17
6105.00	1.31545e-17
6106.00	1.5701e-17
6107.00	1.57083e-17
6108.00	1.46393e-17
6109.00	1.38483e-17
6110.00	1.53584e-17
6111.00	1.58845e-17
6112.00	1.57383e-17
6113.00	1.56694e-17
6114.00	1.5531e-17
6115.00	1.50707e-17
6116.00	1.45109e-17
6117.00	1.43887e-17
6118.00	1.41708e-17
6119.00	1.37563e-17
6120.00	1.3314e-17
6121.00	1.36685e-17
6122.00	1.33776e-17
6123.00	1.29314e-17
6124.00	1.29634e-17
6125.00	1.53794e-17
6126.00	1.62027e-17
6127.00	1.62331e-17
6128.00	1.69064e-17
6129.00	1.71745e-17
6130.00	1.61864e-17
6131.00	1.4785e-17
6132.00	1.51869e-17
6133.00	1.40338e-17
6134.00	1.33813e-17
6135.00	1.39245e-17
6136.00	1.53943e-17
6137.00	1.56465e-17
6138.00	1.51844e-17
6139.00	1.44917e-17
6140.00	1.39066e-17
6141.00	1.42056e-17
6142.00	1.49915e-17
6143.00	1.56466e-17
6144.00	1.59608e-17
6145.00	1.56415e-17
6146.00	1.51626e-17
6147.00	1.56441e-17
6148.00	1.60294e-17
6149.00	1.70175e-17
6150.00	1.8383e-17
6151.00	1.84242e-17
6152.00	1.80513e-17
6153.00	1.75055e-17
6154.00	1.68455e-17
6155.00	1.49418e-17
6156.00	1.45515e-17
6157.00	1.47394e-17
6158.00	1.39478e-17
6159.00	1.52166e-17
6160.00	1.63571e-17
6161.00	1.66845e-17
6162.00	1.57633e-17
6163.00	1.65585e-17
6164.00	1.72478e-17
6165.00	1.6999e-17
6166.00	1.56491e-17
6167.00	1.40076e-17
6168.00	1.40382e-17
6169.00	1.65323e-17
6170.00	1.5742e-17
6171.00	1.5519e-17
6172.00	1.55603e-17
6173.00	1.48547e-17
6174.00	1.33716e-17
6175.00	1.40733e-17
6176.00	1.63557e-17
6177.00	1.70293e-17
6178.00	1.74974e-17
6179.00	1.76504e-17
6180.00	1.73351e-17
6181.00	1.59852e-17
6182.00	1.43367e-17
6183.00	1.33696e-17
6184.00	1.37403e-17
6185.00	1.44902e-17
6186.00	1.4503e-17
6187.00	1.40904e-17
6188.00	1.39347e-17
6189.00	1.46143e-17
6190.00	1.57128e-17
6191.00	1.64306e-17
6192.00	1.51025e-17
6193.00	1.48588e-17
6194.00	1.49846e-17
6195.00	1.51293e-17
6196.00	1.49765e-17
6197.00	1.47449e-17
6198.00	1.45531e-17
6199.00	1.4521e-17
6200.00	1.49222e-17
6201.00	1.48508e-17
6202.00	1.47222e-17
6203.00	1.53024e-17
6204.00	1.54733e-17
6205.00	1.55716e-17
6206.00	1.56019e-17
6207.00	1.53768e-17
6208.00	1.50616e-17
6209.00	1.56988e-17
6210.00	1.70606e-17
6211.00	1.5756e-17
6212.00	1.50316e-17
6213.00	1.51154e-17
6214.00	1.59195e-17
6215.00	1.61345e-17
6216.00	1.58599e-17
6217.00	1.5378e-17
6218.00	1.50865e-17
6219.00	1.53651e-17
6220.00	1.5865e-17
6221.00	1.6256e-17
6222.00	1.601e-17
6223.00	1.57692e-17
6224.00	1.57465e-17
6225.00	1.60055e-17
6226.00	1.63068e-17
6227.00	1.58289e-17
6228.00	1.51061e-17
6229.00	1.47578e-17
6230.00	1.57021e-17
6231.00	1.59018e-17
6232.00	1.53136e-17
6233.00	1.44002e-17
6234.00	1.52827e-17
6235.00	1.56779e-17
6236.00	1.50292e-17
6237.00	1.35957e-17
6238.00	1.41037e-17
6239.00	1.45352e-17
6240.00	1.39619e-17
6241.00	1.31596e-17
6242.00	1.34409e-17
6243.00	1.42072e-17
6244.00	1.47802e-17
6245.00	1.51392e-17
6246.00	1.48362e-17
6247.00	1.43982e-17
6248.00	1.47455e-17
6249.00	1.54282e-17
6250.00	1.5749e-17
6251.00	1.55825e-17
6252.00	1.52228e-17
6253.00	1.56806e-17
6254.00	1.62045e-17
6255.00	1.63146e-17
6256.00	1.58232e-17
6257.00	1.5372e-17
6258.00	1.54777e-17
6259.00	1.63976e-17
6260.00	1.60879e-17
6261.00	1.36482e-17
6262.00	1.11562e-17
6263.00	1.21838e-17
6264.00	1.44548e-17
6265.00	1.47416e-17
6266.00	1.31937e-17
6267.00	1.3866e-17
6268.00	1.40481e-17
6269.00	1.4591e-17
6270.00	1.56749e-17
6271.00	1.57332e-17
6272.00	1.63534e-17
6273.00	1.67071e-17
6274.00	1.58911e-17
6275.00	1.4527e-17
6276.00	1.32658e-17
6277.00	1.23561e-17
6278.00	1.18637e-17
6279.00	1.2674e-17
6280.00	1.37455e-17
6281.00	1.43891e-17
6282.00	1.3795e-17
6283.00	1.33049e-17
6284.00	1.29688e-17
6285.00	1.28322e-17
6286.00	1.26841e-17
6287.00	1.36392e-17
6288.00	1.45733e-17
6289.00	1.43866e-17
6290.00	1.57874e-17
6291.00	1.73555e-17
6292.00	1.82711e-17
6293.00	1.75834e-17
6294.00	1.73288e-17
6295.00	1.7168e-17
6296.00	1.69254e-17
6297.00	1.61523e-17
6298.00	1.63036e-17
6299.00	1.61065e-17
6300.00	1.46486e-17
6301.00	1.10375e-17
6302.00	1.13256e-17
6303.00	1.33724e-17
6304.00	1.41344e-17
6305.00	1.24827e-17
6306.00	1.17714e-17
6307.00	1.27637e-17
6308.00	1.55015e-17
6309.00	1.72593e-17
6310.00	1.70641e-17
6311.00	1.53484e-17
6312.00	1.48743e-17
6313.00	1.52033e-17
6314.00	1.55438e-17
6315.00	1.5348e-17
6316.00	1.47171e-17
6317.00	1.41851e-17
6318.00	1.40481e-17
6319.00	1.45089e-17
6320.00	1.46901e-17
6321.00	1.44307e-17
6322.00	1.40044e-17
6323.00	1.40824e-17
6324.00	1.33938e-17
6325.00	1.27904e-17
6326.00	1.26756e-17
6327.00	1.31927e-17
6328.00	1.43891e-17
6329.00	1.52788e-17
6330.00	1.5246e-17
6331.00	1.48212e-17
6332.00	1.51286e-17
6333.00	1.60136e-17
6334.00	1.70905e-17
6335.00	1.76702e-17
6336.00	1.78946e-17
6337.00	1.76125e-17
6338.00	1.65152e-17
6339.00	1.46394e-17
6340.00	1.38156e-17
6341.00	1.45426e-17
6342.00	1.57199e-17
6343.00	1.65581e-17
6344.00	1.65815e-17
6345.00	1.55275e-17
6346.00	1.36585e-17
6347.00	1.33876e-17
6348.00	1.40391e-17
6349.00	1.43956e-17
6350.00	1.37468e-17
6351.00	1.30635e-17
6352.00	1.32384e-17
6353.00	1.56217e-17
6354.00	1.79652e-17
6355.00	1.83288e-17
6356.00	1.64053e-17
6357.00	1.45336e-17
6358.00	1.31992e-17
6359.00	1.3043e-17
6360.00	1.4094e-17
6361.00	1.32104e-17
6362.00	1.30456e-17
6363.00	1.35021e-17
6364.00	1.40353e-17
6365.00	1.39126e-17
6366.00	1.37791e-17
6367.00	1.3908e-17
6368.00	1.46542e-17
6369.00	1.41482e-17
6370.00	1.3578e-17
6371.00	1.37541e-17
6372.00	1.59599e-17
6373.00	1.63781e-17
6374.00	1.58544e-17
6375.00	1.5188e-17
6376.00	1.46048e-17
6377.00	1.40718e-17
6378.00	1.35658e-17
6379.00	1.30629e-17
6380.00	1.32339e-17
6381.00	1.35457e-17
6382.00	1.40408e-17
6383.00	1.5244e-17
6384.00	1.56438e-17
6385.00	1.58136e-17
6386.00	1.58588e-17
6387.00	1.53963e-17
6388.00	1.39632e-17
6389.00	1.2776e-17
6390.00	1.27468e-17
6391.00	1.30093e-17
6392.00	1.32061e-17
6393.00	1.36887e-17
6394.00	1.49941e-17
6395.00	1.56582e-17
6396.00	1.53143e-17
6397.00	1.45206e-17
6398.00	1.48526e-17
6399.00	1.51813e-17
6400.00	1.53036e-17
6401.00	1.5231e-17
6402.00	1.57094e-17
6403.00	1.53398e-17
6404.00	1.46113e-17
6405.00	1.41575e-17
6406.00	1.54044e-17
6407.00	1.64918e-17
6408.00	1.68213e-17
6409.00	1.6019e-17
6410.00	1.49629e-17
6411.00	1.43435e-17
6412.00	1.43293e-17
6413.00	1.4743e-17
6414.00	1.49875e-17
6415.00	1.50017e-17
6416.00	1.47549e-17
6417.00	1.42923e-17
6418.00	1.42986e-17
6419.00	1.4444e-17
6420.00	1.44579e-17
6421.00	1.4787e-17
6422.00	1.56023e-17
6423.00	1.61111e-17
6424.00	1.51631e-17
6425.00	1.54808e-17
6426.00	1.54454e-17
6427.00	1.48757e-17
6428.00	1.42464e-17
6429.00	1.5494e-17
6430.00	1.6447e-17
6431.00	1.60908e-17
6432.00	1.51269e-17
6433.00	1.44526e-17
6434.00	1.41582e-17
6435.00	1.42173e-17
6436.00	1.41002e-17
6437.00	1.42487e-17
6438.00	1.46382e-17
6439.00	1.51474e-17
6440.00	1.47113e-17
6441.00	1.46312e-17
6442.00	1.48892e-17
6443.00	1.44604e-17
6444.00	1.30445e-17
6445.00	1.23374e-17
6446.00	1.30094e-17
6447.00	1.3658e-17
6448.00	1.38845e-17
6449.00	1.42797e-17
6450.00	1.52344e-17
6451.00	1.44853e-17
6452.00	1.42169e-17
6453.00	1.45772e-17
6454.00	1.51987e-17
6455.00	1.53195e-17
6456.00	1.54018e-17
6457.00	1.54807e-17
6458.00	1.52325e-17
6459.00	1.5335e-17
6460.00	1.53031e-17
6461.00	1.50804e-17
6462.00	1.57251e-17
6463.00	1.63944e-17
6464.00	1.62406e-17
6465.00	1.46856e-17
6466.00	1.37306e-17
6467.00	1.3326e-17
6468.00	1.3393e-17
6469.00	1.37745e-17
6470.00	1.36063e-17
6471.00	1.38793e-17
6472.00	1.44862e-17
6473.00	1.41585e-17
6474.00	1.42212e-17
6475.00	1.48821e-17
6476.00	1.5933e-17
6477.00	1.57051e-17
6478.00	1.48135e-17
6479.00	1.40181e-17
6480.00	1.39731e-17
6481.00	1.37524e-17
6482.00	1.38182e-17
6483.00	1.3904e-17
6484.00	1.34601e-17
6485.00	1.28199e-17
6486.00	1.22293e-17
6487.00	1.21491e-17
6488.00	1.36849e-17
6489.00	1.42699e-17
6490.00	1.42028e-17
6491.00	1.37036e-17
6492.00	1.29274e-17
6493.00	1.31522e-17
6494.00	1.41476e-17
6495.00	1.54273e-17
6496.00	1.55127e-17
6497.00	1.46944e-17
6498.00	1.29806e-17
6499.00	1.01186e-17
6500.00	1.04368e-17
6501.00	1.12376e-17
6502.00	1.15392e-17
6503.00	1.11507e-17
6504.00	1.2308e-17
6505.00	1.37787e-17
6506.00	1.45225e-17
6507.00	1.30381e-17
6508.00	1.37635e-17
6509.00	1.52533e-17
6510.00	1.55198e-17
6511.00	1.51596e-17
6512.00	1.4264e-17
6513.00	1.32145e-17
6514.00	1.2507e-17
6515.00	1.31865e-17
6516.00	1.37782e-17
6517.00	1.38891e-17
6518.00	1.42076e-17
6519.00	1.41832e-17
6520.00	1.38696e-17
6521.00	1.34742e-17
6522.00	1.3917e-17
6523.00	1.47184e-17
6524.00	1.49859e-17
6525.00	1.39141e-17
6526.00	1.36897e-17
6527.00	1.40821e-17
6528.00	1.44636e-17
6529.00	1.36542e-17
6530.00	1.34097e-17
6531.00	1.34848e-17
6532.00	1.37281e-17
6533.00	1.37009e-17
6534.00	1.44881e-17
6535.00	1.56373e-17
6536.00	1.65051e-17
6537.00	1.51864e-17
6538.00	1.40896e-17
6539.00	1.3582e-17
6540.00	1.37262e-17
6541.00	1.37031e-17
6542.00	1.42526e-17
6543.00	1.49925e-17
6544.00	1.49393e-17
6545.00	1.41896e-17
6546.00	1.35456e-17
6547.00	1.33301e-17
6548.00	1.33271e-17
6549.00	1.35015e-17
6550.00	1.37721e-17
6551.00	1.40909e-17
6552.00	1.4653e-17
6553.00	1.46226e-17
6554.00	1.42352e-17
6555.00	1.3895e-17
6556.00	1.37295e-17
6557.00	1.25455e-17
6558.00	1.11338e-17
6559.00	1.16516e-17
6560.00	1.27288e-17
6561.00	1.31123e-17
6562.00	1.26238e-17
6563.00	1.29023e-17
6564.00	1.324e-17
6565.00	1.31953e-17
6566.00	1.2596e-17
6567.00	1.24843e-17
6568.00	1.26451e-17
6569.00	1.29421e-17
6570.00	1.3234e-17
6571.00	1.38932e-17
6572.00	1.4404e-17
6573.00	1.43618e-17
6574.00	1.31386e-17
6575.00	1.23694e-17
6576.00	1.22055e-17
6577.00	1.26402e-17
6578.00	1.31033e-17
6579.00	1.39143e-17
6580.00	1.46101e-17
6581.00	1.48541e-17
6582.00	1.4944e-17
6583.00	1.48492e-17
6584.00	1.44805e-17
6585.00	1.37521e-17
6586.00	1.40472e-17
6587.00	1.49598e-17
6588.00	1.5605e-17
6589.00	1.4236e-17
6590.00	1.30887e-17
6591.00	1.25113e-17
6592.00	1.2546e-17
6593.00	1.23392e-17
6594.00	1.20445e-17
6595.00	1.18032e-17
6596.00	1.18084e-17
6597.00	1.27298e-17
6598.00	1.32534e-17
6599.00	1.3411e-17
6600.00	1.35141e-17
6601.00	1.40632e-17
6602.00	1.43865e-17
6603.00	1.44207e-17
6604.00	1.45045e-17
6605.00	1.40258e-17
6606.00	1.37847e-17
6607.00	1.40457e-17
6608.00	1.42994e-17
6609.00	1.43177e-17
6610.00	1.43561e-17
6611.00	1.46047e-17
6612.00	1.478e-17
6613.00	1.47884e-17
6614.00	1.46743e-17
6615.00	1.45263e-17
6616.00	1.37951e-17
6617.00	1.32479e-17
6618.00	1.3221e-17
6619.00	1.3973e-17
6620.00	1.47027e-17
6621.00	1.49568e-17
6622.00	1.45243e-17
6623.00	1.35514e-17
6624.00	1.35777e-17
6625.00	1.37918e-17
6626.00	1.35163e-17
6627.00	1.3667e-17
6628.00	1.40686e-17
6629.00	1.42311e-17
6630.00	1.35039e-17
6631.00	1.3745e-17
6632.00	1.44916e-17
6633.00	1.50443e-17
6634.00	1.38244e-17
6635.00	1.39896e-17
6636.00	1.43568e-17
6637.00	1.42989e-17
6638.00	1.34891e-17
6639.00	1.3409e-17
6640.00	1.35931e-17
6641.00	1.35118e-17
6642.00	1.28424e-17
6643.00	1.22635e-17
6644.00	1.19097e-17
6645.00	1.17903e-17
6646.00	1.17092e-17
6647.00	1.17096e-17
6648.00	1.18157e-17
6649.00	1.21044e-17
6650.00	1.21744e-17
6651.00	1.23078e-17
6652.00	1.25665e-17
6653.00	1.25521e-17
6654.00	1.24469e-17
6655.00	1.27002e-17
6656.00	1.35503e-17
6657.00	1.33072e-17
6658.00	1.23354e-17
6659.00	1.17514e-17
6660.00	1.31775e-17
6661.00	1.31923e-17
6662.00	1.22177e-17
6663.00	1.10898e-17
6664.00	1.18167e-17
6665.00	1.26625e-17
6666.00	1.31173e-17
6667.00	1.28191e-17
6668.00	1.16694e-17
6669.00	1.09598e-17
6670.00	1.12724e-17
6671.00	1.28043e-17
6672.00	1.30529e-17
6673.00	0E-21
6674.00	0E-21
6675.00	0E-21
6676.00	0E-21
6677.00	0E-21
6678.00	0E-21
6679.00	0E-21
6680.00	0E-21
6681.00	0E-21
6682.00	0E-21
6683.00	0E-21
6684.00	0E-21
6685.00	0E-21
6686.00	0E-21
6687.00	0E-21
6688.00	0E-21
6689.00	0E-21
6690.00	0E-21
6691.00	0E-21
6692.00	0E-21
6693.00	0E-21
6694.00	0E-21
6695.00	0E-21
6696.00	0E-21
6697.00	0E-21
6698.00	0E-21
6699.00	0E-21
6700.00	0E-21
6701.00	0E-21
6702.00	0E-21
6703.00	1.24014e-17
6704.00	9.99692e-18
6705.00	8.9016e-18
6706.00	1.01037e-17
6707.00	1.15851e-17
6708.00	1.25683e-17
6709.00	1.32564e-17
6710.00	1.23008e-17
6711.00	1.18959e-17
6712.00	1.25986e-17
6713.00	9.06447e-18
6714.00	9.09134e-18
6715.00	1.03588e-17
6716.00	9.84766e-18
6717.00	1.14739e-17
6718.00	1.15881e-17
6719.00	1.07639e-17
6720.00	1.13907e-17
6721.00	1.17729e-17
6722.00	1.11483e-17
6723.00	9.88984e-18
6724.00	1.03422e-17
6725.00	9.61566e-18
6726.00	9.55007e-18
6727.00	1.06925e-17
6728.00	8.65758e-18
6729.00	9.78471e-18
6730.00	1.20151e-17
6731.00	1.24659e-17
6732.00	1.26848e-17
6733.00	1.21538e-17
6734.00	1.16888e-17
6735.00	1.29985e-17
6736.00	1.32939e-17
6737.00	1.28782e-17
6738.00	1.21826e-17
6739.00	1.22469e-17
6740.00	1.44229e-17
6741.00	1.41341e-17
6742.00	9.58955e-18
6743.00	9.21289e-18
6744.00	1.11714e-17
6745.00	1.36566e-17
6746.00	1.47508e-17
6747.00	1.42293e-17
6748.00	1.36203e-17
6749.00	1.37218e-17
6750.00	1.54287e-17
6751.00	1.5347e-17
6752.00	1.45166e-17
6753.00	1.34157e-17
6754.00	1.24643e-17
6755.00	1.11149e-17
6756.00	1.07801e-17
6757.00	1.2292e-17
6758.00	1.48372e-17
6759.00	1.42552e-17
6760.00	1.19975e-17
6761.00	1.0493e-17
6762.00	1.25182e-17
6763.00	1.27353e-17
6764.00	1.13352e-17
6765.00	1.13855e-17
6766.00	1.15035e-17
6767.00	1.26039e-17
6768.00	1.42273e-17
6769.00	1.37064e-17
6770.00	1.21001e-17
6771.00	1.1471e-17
6772.00	1.29311e-17
6773.00	1.34064e-17
6774.00	1.39219e-17
6775.00	1.41892e-17
6776.00	1.37865e-17
6777.00	1.3818e-17
6778.00	1.28453e-17
6779.00	1.16502e-17
6780.00	1.26374e-17
6781.00	1.32976e-17
6782.00	1.33797e-17
6783.00	1.25496e-17
6784.00	9.97842e-18
6785.00	1.08622e-17
6786.00	1.33059e-17
6787.00	1.53808e-17
6788.00	1.5069e-17
6789.00	1.32075e-17
6790.00	1.11168e-17
6791.00	1.03527e-17
6792.00	1.48938e-17
6793.00	1.63647e-17
6794.00	1.47211e-17
6795.00	1.49314e-17
6796.00	1.48967e-17
6797.00	1.47212e-17
6798.00	1.44112e-17
6799.00	1.4038e-17
6800.00	1.36672e-17
6801.00	1.36529e-17
6802.00	1.40402e-17
6803.00	1.28132e-17
6804.00	1.30063e-17
6805.00	1.36783e-17
6806.00	1.30912e-17
6807.00	1.43378e-17
6808.00	1.468e-17
6809.00	1.33194e-17
6810.00	9.45388e-18
6811.00	1.18996e-17
6812.00	1.3305e-17
6813.00	1.1819e-17
6814.00	1.39995e-17
6815.00	1.53188e-17
6816.00	1.49879e-17
6817.00	1.30125e-17
6818.00	1.35689e-17
6819.00	1.56698e-17
6820.00	1.66602e-17
6821.00	1.32444e-17
6822.00	1.35171e-17
6823.00	1.37733e-17
6824.00	1.33531e-17
6825.00	1.30611e-17
6826.00	1.13844e-17
6827.00	1.02356e-17
6828.00	1.03298e-17
6829.00	1.05606e-17
6830.00	1.07296e-17
6831.00	1.09756e-17
6832.00	1.14099e-17
6833.00	1.17445e-17
6834.00	1.28311e-17
6835.00	1.36427e-17
6836.00	1.2581e-17
6837.00	1.46438e-17
6838.00	1.46718e-17
6839.00	1.26594e-17
6840.00	1.21602e-17
6841.00	1.26125e-17
6842.00	1.33793e-17
6843.00	1.39407e-17
6844.00	1.36385e-17
6845.00	1.42106e-17
6846.00	1.45792e-17
6847.00	1.36646e-17
6848.00	1.06683e-17
6849.00	1.04909e-17
6850.00	1.22238e-17
6851.00	1.33051e-17
6852.00	1.28695e-17
6853.00	1.25961e-17
6854.00	1.30706e-17
6855.00	1.46076e-17
6856.00	1.40101e-17
6857.00	1.35222e-17
6858.00	1.389e-17
6859.00	1.31015e-17
6860.00	1.18478e-17
6861.00	1.12263e-17
6862.00	1.1991e-17
6863.00	1.18667e-17
6864.00	1.11752e-17
6865.00	1.06299e-17
6866.00	1.1216e-17
6867.00	1.35464e-17
6868.00	1.36277e-17
6869.00	1.1779e-17
6870.00	1.23379e-17
6871.00	1.38269e-17
6872.00	1.39487e-17
6873.00	1.22372e-17
6874.00	1.30876e-17
6875.00	1.34941e-17
6876.00	1.33426e-17
6877.00	1.28394e-17
6878.00	1.38653e-17
6879.00	1.28226e-17
6880.00	1.10802e-17
6881.00	1.17578e-17
6882.00	1.41391e-17
6883.00	1.40709e-17
6884.00	1.17046e-17
6885.00	1.13225e-17
6886.00	1.34909e-17
6887.00	1.50055e-17
6888.00	1.4e-17
6889.00	1.10165e-17
6890.00	8.08777e-18
6891.00	7.88637e-18
6892.00	1.22323e-17
6893.00	1.39701e-17
6894.00	1.35278e-17
6895.00	1.24471e-17
6896.00	1.33284e-17
6897.00	1.29935e-17
6898.00	1.17348e-17
6899.00	1.05676e-17
6900.00	1.22479e-17
6901.00	1.40519e-17
6902.00	1.41776e-17
6903.00	1.23425e-17
6904.00	1.32163e-17
6905.00	1.39411e-17
6906.00	1.38713e-17
6907.00	1.27088e-17
6908.00	1.21697e-17
6909.00	1.27826e-17
6910.00	1.38963e-17
6911.00	1.43103e-17
6912.00	1.20397e-17
6913.00	1.02917e-17
6914.00	1.01548e-17
6915.00	1.12651e-17
6916.00	1.15556e-17
6917.00	1.25803e-17
6918.00	1.47527e-17
6919.00	1.52946e-17
6920.00	1.39051e-17
6921.00	1.19635e-17
6922.00	1.09676e-17
6923.00	1.07048e-17
6924.00	9.99452e-18
6925.00	9.82507e-18
6926.00	1.25894e-17
6927.00	1.21931e-17
6928.00	1.26273e-17
6929.00	1.43269e-17
6930.00	1.45815e-17
6931.00	1.23171e-17
6932.00	1.0204e-17
6933.00	9.84916e-18
6934.00	9.97434e-18
6935.00	9.39555e-18
6936.00	9.21433e-18
6937.00	1.06352e-17
6938.00	1.11996e-17
6939.00	1.12545e-17
6940.00	1.15134e-17
6941.00	1.33554e-17
6942.00	1.31022e-17
6943.00	1.2798e-17
6944.00	1.2882e-17
6945.00	1.21458e-17
6946.00	1.31949e-17
6947.00	1.44236e-17
6948.00	1.44916e-17
6949.00	1.17668e-17
6950.00	1.25466e-17
6951.00	1.39224e-17
6952.00	1.21148e-17
6953.00	1.30798e-17
6954.00	1.46577e-17
6955.00	1.55206e-17
6956.00	1.38353e-17
6957.00	1.40054e-17
6958.00	1.38843e-17
6959.00	1.29024e-17
6960.00	1.16281e-17
6961.00	1.14384e-17
6962.00	1.14336e-17
6963.00	1.10891e-17
6964.00	1.13312e-17
6965.00	1.1594e-17
6966.00	1.13971e-17
6967.00	1.03641e-17
6968.00	1.11671e-17
6969.00	1.17371e-17
6970.00	1.17749e-17
6971.00	1.16724e-17
6972.00	1.12941e-17
6973.00	1.16264e-17
6974.00	1.26419e-17
6975.00	1.27518e-17
6976.00	1.27076e-17
6977.00	1.27709e-17
6978.00	1.30433e-17
6979.00	1.29156e-17
6980.00	1.26672e-17
6981.00	1.22401e-17
6982.00	1.1582e-17
6983.00	1.25768e-17
6984.00	1.2913e-17
6985.00	1.23611e-17
6986.00	1.16226e-17
6987.00	1.12248e-17
6988.00	1.13873e-17
6989.00	1.20241e-17
6990.00	1.23852e-17
6991.00	1.28602e-17
6992.00	1.34251e-17
6993.00	1.38463e-17
6994.00	1.24623e-17
6995.00	1.22213e-17
6996.00	1.29914e-17
6997.00	1.40726e-17
6998.00	1.44344e-17
6999.00	1.53539e-17
7000.00	1.55213e-17
7001.00	1.09535e-17
7002.00	1.00658e-17
7003.00	1.18083e-17
7004.00	1.43866e-17
7005.00	1.19105e-17
7006.00	1.02227e-17
7007.00	1.02747e-17
7008.00	1.22564e-17
7009.00	1.3161e-17
7010.00	1.12089e-17
7011.00	9.03111e-18
7012.00	1.02837e-17
7013.00	9.85884e-18
7014.00	8.94046e-18
7015.00	8.82043e-18
7016.00	1.23387e-17
7017.00	1.17207e-17
7018.00	1.05539e-17
7019.00	1.03075e-17
7020.00	1.04836e-17
7021.00	1.14058e-17
7022.00	1.22829e-17
7023.00	1.2298e-17
7024.00	1.00108e-17
7025.00	9.41755e-18
7026.00	1.00765e-17
7027.00	1.05519e-17
7028.00	1.12532e-17
7029.00	1.17058e-17
7030.00	1.18686e-17
7031.00	1.19935e-17
7032.00	1.19453e-17
7033.00	1.17808e-17
7034.00	1.16164e-17
7035.00	1.17358e-17
7036.00	1.22006e-17
7037.00	1.29309e-17
7038.00	1.36824e-17
7039.00	1.30973e-17
7040.00	1.17584e-17
7041.00	1.0836e-17
7042.00	1.17793e-17
7043.00	1.1869e-17
7044.00	1.18462e-17
7045.00	1.16115e-17
7046.00	1.02994e-17
7047.00	1.13643e-17
7048.00	1.17777e-17
7049.00	1.05455e-17
7050.00	9.87255e-18
7051.00	1.08418e-17
7052.00	1.16181e-17
7053.00	1.06792e-17
7054.00	9.4056e-18
7055.00	9.67294e-18
7056.00	1.15036e-17
7057.00	1.44497e-17
7058.00	1.24656e-17
7059.00	1.04624e-17
7060.00	1.03693e-17
7061.00	1.35997e-17
7062.00	1.32623e-17
7063.00	1.20516e-17
7064.00	1.13841e-17
7065.00	1.13329e-17
7066.00	1.27782e-17
7067.00	1.37968e-17
7068.00	1.2722e-17
7069.00	1.05742e-17
7070.00	1.15065e-17
7071.00	1.35078e-17
7072.00	1.24071e-17
7073.00	1.30967e-17
7074.00	1.22368e-17
7075.00	1.01149e-17
7076.00	9.7485e-18
7077.00	1.20689e-17
7078.00	1.36983e-17
7079.00	1.31415e-17
7080.00	1.28872e-17
7081.00	1.11515e-17
7082.00	1.03911e-17
7083.00	1.25907e-17
7084.00	1.31137e-17
7085.00	1.28669e-17
7086.00	1.26628e-17
7087.00	1.36142e-17
7088.00	1.4108e-17
7089.00	1.3407e-17
7090.00	1.2028e-17
7091.00	1.21169e-17
7092.00	1.25003e-17
7093.00	1.25233e-17
7094.00	1.19975e-17
7095.00	1.20501e-17
7096.00	1.25081e-17
7097.00	1.24093e-17
7098.00	1.10069e-17
7099.00	1.02761e-17
7100.00	1.12875e-17
7101.00	1.29761e-17
7102.00	1.32986e-17
7103.00	1.24136e-17
7104.00	1.1579e-17
7105.00	1.15262e-17
7106.00	1.31453e-17
7107.00	1.24321e-17
7108.00	1.16121e-17
7109.00	1.19175e-17
7110.00	1.27061e-17
7111.00	1.40027e-17
7112.00	1.42871e-17
7113.00	1.23835e-17
7114.00	1.28446e-17
7115.00	1.38012e-17
7116.00	1.43731e-17
7117.00	1.3598e-17
7118.00	1.40595e-17
7119.00	1.39375e-17
7120.00	1.29565e-17
7121.00	1.17384e-17
7122.00	1.4222e-17
7123.00	1.45756e-17
7124.00	1.04984e-17
7125.00	9.31783e-18
7126.00	1.1543e-17
7127.00	1.40245e-17
7128.00	1.34759e-17
7129.00	1.18209e-17
7130.00	9.93546e-18
7131.00	9.13535e-18
7132.00	1.13299e-17
7133.00	1.13357e-17
7134.00	1.20483e-17
7135.00	1.36153e-17
7136.00	1.36378e-17
7137.00	1.28816e-17
7138.00	1.16161e-17
7139.00	1.04179e-17
7140.00	1.13742e-17
7141.00	1.16363e-17
7142.00	1.21964e-17
7143.00	1.41786e-17
7144.00	1.34644e-17
7145.00	1.16907e-17
7146.00	1.02181e-17
7147.00	1.094e-17
7148.00	1.06321e-17
7149.00	1.12539e-17
7150.00	1.30098e-17
7151.00	1.45491e-17
7152.00	1.48733e-17
7153.00	1.39269e-17
7154.00	1.2445e-17
7155.00	1.50926e-17
7156.00	1.59425e-17
7157.00	1.47517e-17
7158.00	1.21661e-17
7159.00	1.20328e-17
7160.00	1.24803e-17
7161.00	1.27062e-17
7162.00	1.19469e-17
7163.00	1.12186e-17
7164.00	1.06047e-17
7165.00	1.04316e-17
7166.00	1.1684e-17
7167.00	1.11765e-17
7168.00	1.08376e-17
7169.00	1.16873e-17
7170.00	1.11768e-17
7171.00	1.17204e-17
7172.00	1.2728e-17
7173.00	1.31886e-17
7174.00	1.22605e-17
7175.00	1.17575e-17
7176.00	1.19936e-17
7177.00	1.27607e-17
7178.00	1.25709e-17
7179.00	1.23532e-17
7180.00	1.21554e-17
7181.00	1.07305e-17
7182.00	1.06145e-17
7183.00	1.10398e-17
7184.00	1.14264e-17
7185.00	1.21049e-17
7186.00	1.17584e-17
7187.00	1.03937e-17
7188.00	8.36219e-18
7189.00	9.64662e-18
7190.00	1.17274e-17
7191.00	1.28207e-17
7192.00	1.02499e-17
7193.00	1.11898e-17
7194.00	1.14591e-17
7195.00	1.05227e-17
7196.00	1.27845e-17
7197.00	1.20648e-17
7198.00	1.14719e-17
7199.00	1.28423e-17
7200.00	1.15982e-17
7201.00	1.01926e-17
7202.00	9.53658e-18
7203.00	1.0358e-17
7204.00	1.25973e-17
7205.00	1.33896e-17
7206.00	1.2911e-17
7207.00	1.35413e-17
7208.00	1.12893e-17
7209.00	1.04301e-17
7210.00	1.19411e-17
7211.00	1.22384e-17
7212.00	1.27049e-17
7213.00	1.23898e-17
7214.00	1.09675e-17
7215.00	1.20687e-17
7216.00	1.07508e-17
7217.00	8.52074e-18
7218.00	8.16997e-18
7219.00	1.25597e-17
7220.00	1.24959e-17
7221.00	8.51455e-18
7222.00	7.38707e-18
7223.00	7.32043e-18
7224.00	1.0445e-17
7225.00	1.55737e-17
7226.00	1.48634e-17
7227.00	1.15444e-17
7228.00	9.93126e-18
7229.00	1.2388e-17
7230.00	9.31832e-18
7231.00	9.29875e-18
7232.00	1.12407e-17
7233.00	1.21137e-17
7234.00	1.18996e-17
7235.00	1.08136e-17
7236.00	9.4367e-18
7237.00	8.4443e-18
7238.00	1.19282e-17
7239.00	1.33702e-17
7240.00	1.03818e-17
7241.00	6.03745e-18
7242.00	6.68986e-18
7243.00	9.24535e-18
7244.00	1.05001e-17
7245.00	7.66098e-18
7246.00	7.84807e-18
7247.00	1.06979e-17
7248.00	1.41022e-17
7249.00	1.45921e-17
7250.00	1.33826e-17
7251.00	1.08993e-17
7252.00	6.82192e-18
7253.00	6.92022e-18
7254.00	9.07326e-18
7255.00	1.15677e-17
7256.00	1.14585e-17
7257.00	1.25006e-17
7258.00	1.31344e-17
7259.00	1.19912e-17
7260.00	1.03633e-17
7261.00	9.44895e-18
7262.00	8.37632e-18
7263.00	5.53349e-18
7264.00	8.00225e-18
7265.00	9.27338e-18
7266.00	8.50578e-18
7267.00	8.2838e-18
7268.00	1.09042e-17
7269.00	1.11822e-17
7270.00	8.35243e-18
7271.00	1.19877e-17
7272.00	1.11771e-17
7273.00	1.03815e-17
7274.00	1.354e-17
7275.00	1.45396e-17
7276.00	1.24566e-17
7277.00	9.63602e-18
7278.00	9.78931e-18
7279.00	1.45431e-17
7280.00	1.45201e-17
7281.00	1.01022e-17
7282.00	1.02888e-17
7283.00	1.15873e-17
7284.00	1.22219e-17
7285.00	1.15367e-17
7286.00	1.18543e-17
7287.00	1.16799e-17
7288.00	9.95982e-18
7289.00	6.34268e-18
7290.00	6.33926e-18
7291.00	9.13226e-18
7292.00	1.19997e-17
7293.00	1.10173e-17
7294.00	8.50732e-18
7295.00	8.36733e-18
7296.00	1.01428e-17
7297.00	8.50525e-18
7298.00	8.50604e-18
7299.00	9.35485e-18
7300.00	1.03122e-17
7301.00	9.58574e-18
7302.00	9.65991e-18
7303.00	9.95132e-18
7304.00	9.78064e-18
7305.00	9.8313e-18
7306.00	1.01281e-17
7307.00	1.04545e-17
7308.00	1.05094e-17
7309.00	8.35516e-18
7310.00	9.06942e-18
7311.00	1.21614e-17
7312.00	1.13664e-17
7313.00	9.85353e-18
7314.00	8.7946e-18
7315.00	8.57063e-18
7316.00	6.75116e-18
7317.00	7.00882e-18
7318.00	7.81069e-18
7319.00	7.55792e-18
7320.00	9.4861e-18
7321.00	1.12435e-17
7322.00	1.23101e-17
7323.00	1.27216e-17
7324.00	1.01806e-17
7325.00	8.88025e-18
7326.00	9.92201e-18
7327.00	1.24253e-17
7328.00	1.0368e-17
7329.00	8.42232e-18
7330.00	9.12873e-18
7331.00	1.03266e-17
7332.00	1.04694e-17
7333.00	1.03844e-17
7334.00	1.09212e-17
7335.00	9.48913e-18
7336.00	5.84406e-18
7337.00	3.2271e-18
7338.00	7.50744e-18
7339.00	7.69089e-18
7340.00	6.85971e-18
7341.00	6.27695e-18
7342.00	6.80467e-18
7343.00	9.80257e-18
7344.00	1.18748e-17
7345.00	1.11844e-17
7346.00	1.00842e-17
7347.00	1.0046e-17
7348.00	1.06483e-17
7349.00	1.11002e-17
7350.00	8.80876e-18
7351.00	7.74093e-18
7352.00	8.45945e-18
7353.00	1.04505e-17
7354.00	1.13481e-17
7355.00	1.12025e-17
7356.00	1.09329e-17
7357.00	1.40342e-17
7358.00	1.29927e-17
7359.00	1.06194e-17
7360.00	9.17047e-18
7361.00	1.05767e-17
7362.00	1.04305e-17
7363.00	1.00458e-17
7364.00	1.12595e-17
7365.00	1.14488e-17
7366.00	1.12382e-17
7367.00	1.09608e-17
7368.00	1.10268e-17
7369.00	1.12918e-17
7370.00	1.14396e-17
7371.00	1.13882e-17
7372.00	1.12012e-17
7373.00	1.23538e-17
7374.00	1.28974e-17
7375.00	1.16118e-17
7376.00	9.43098e-18
7377.00	8.48806e-18
7378.00	9.00218e-18
7379.00	1.07642e-17
7380.00	1.11155e-17
7381.00	1.07017e-17
7382.00	9.97314e-18
7383.00	9.47751e-18
7384.00	1.02268e-17
7385.00	1.04404e-17
7386.00	9.92287e-18
7387.00	1.0546e-17
7388.00	1.19171e-17
7389.00	1.18295e-17
7390.00	9.31203e-18
7391.00	8.36795e-18
7392.00	9.3696e-18
7393.00	1.0832e-17
7394.00	1.09218e-17
7395.00	1.03822e-17
7396.00	1.06997e-17
7397.00	1.13563e-17
7398.00	1.03415e-17
7399.00	1.05967e-17
7400.00	1.10437e-17
7401.00	1.12924e-17
7402.00	1.14371e-17
7403.00	1.13415e-17
7404.00	1.02208e-17
7405.00	8.03373e-18
7406.00	8.64235e-18
7407.00	8.31054e-18
7408.00	7.65745e-18
7409.00	8.01622e-18
7410.00	1.03522e-17
7411.00	1.14887e-17
7412.00	1.12728e-17
7413.00	1.11872e-17
7414.00	1.15904e-17
7415.00	1.09294e-17
7416.00	9.07272e-18
7417.00	7.84021e-18
7418.00	9.17052e-18
7419.00	1.03956e-17
7420.00	9.60582e-18
7421.00	8.58613e-18
7422.00	8.75189e-18
7423.00	9.7674e-18
7424.00	1.08758e-17
7425.00	1.07763e-17
7426.00	1.07196e-17
7427.00	1.10391e-17
7428.00	1.17845e-17
7429.00	1.19752e-17
7430.00	1.21213e-17
7431.00	1.20607e-17
7432.00	1.00034e-17
7433.00	1.10884e-17
7434.00	1.17216e-17
7435.00	9.25947e-18
7436.00	6.64665e-18
7437.00	7.55992e-18
7438.00	9.59208e-18
7439.00	8.8543e-18
7440.00	9.00885e-18
7441.00	8.85534e-18
7442.00	8.49974e-18
7443.00	8.73934e-18
7444.00	9.23104e-18
7445.00	9.98594e-18
7446.00	1.08704e-17
7447.00	1.15928e-17
7448.00	1.0964e-17
7449.00	1.04988e-17
7450.00	1.13793e-17
7451.00	1.27052e-17
7452.00	1.16212e-17
7453.00	1.00679e-17
7454.00	1.1276e-17
7455.00	1.03227e-17
7456.00	9.85511e-18
7457.00	1.04844e-17
7458.00	1.21575e-17
7459.00	1.25781e-17
7460.00	1.19121e-17
7461.00	1.03674e-17
7462.00	8.32955e-18
7463.00	9.02466e-18
7464.00	1.05968e-17
7465.00	1.11323e-17
7466.00	9.16821e-18
7467.00	9.27027e-18
7468.00	1.07705e-17
7469.00	1.16588e-17
7470.00	9.61098e-18
7471.00	7.89628e-18
7472.00	8.01042e-18
7473.00	1.14142e-17
7474.00	1.18745e-17
7475.00	1.09392e-17
7476.00	9.7057e-18
7477.00	9.74663e-18
7478.00	1.09304e-17
7479.00	1.15657e-17
7480.00	1.0457e-17
7481.00	1.10812e-17
7482.00	1.04934e-17
7483.00	9.02936e-18
7484.00	7.86343e-18
7485.00	6.95424e-18
7486.00	7.99773e-18
7487.00	1.01686e-17
7488.00	1.00594e-17
7489.00	9.48879e-18
7490.00	9.17559e-18
7491.00	9.52599e-18
7492.00	1.04755e-17
7493.00	9.32357e-18
7494.00	7.88755e-18
7495.00	8.02516e-18
7496.00	9.69381e-18
7497.00	1.09856e-17
7498.00	1.13947e-17
7499.00	1.07185e-17
7500.00	1.1895e-17
7501.00	1.2436e-17
7502.00	1.16213e-17
7503.00	9.3334e-18
7504.00	9.74881e-18
7505.00	1.09809e-17
7506.00	1.17712e-17
7507.00	1.10855e-17
7508.00	1.14062e-17
7509.00	1.1836e-17
7510.00	1.13665e-17
7511.00	1.01275e-17
7512.00	1.00462e-17
7513.00	1.05351e-17
7514.00	9.99947e-18
7515.00	1.10844e-17
7516.00	1.17285e-17
7517.00	1.17761e-17
7518.00	1.27634e-17
7519.00	1.32705e-17
7520.00	1.29434e-17
7521.00	1.17699e-17
7522.00	1.0438e-17
7523.00	1.22599e-17
7524.00	1.45158e-17
7525.00	1.43308e-17
7526.00	1.31475e-17
7527.00	1.27326e-17
7528.00	1.15385e-17
7529.00	6.00254e-18
7530.00	9.25108e-18
7531.00	1.05947e-17
7532.00	8.9375e-18
7533.00	1.21039e-17
7534.00	1.22915e-17
7535.00	1.21326e-17
7536.00	1.28059e-17
7537.00	1.21277e-17
7538.00	1.2063e-17
7539.00	1.17947e-17
7540.00	1.04677e-17
7541.00	9.9203e-18
7542.00	1.12849e-17
7543.00	1.32176e-17
7544.00	1.30247e-17
7545.00	1.22011e-17
7546.00	1.1247e-17
7547.00	1.09124e-17
7548.00	1.2691e-17
7549.00	1.34921e-17
7550.00	1.40952e-17
7551.00	1.48906e-17
7552.00	1.56127e-17
7553.00	1.45538e-17
7554.00	1.34711e-17
7555.00	1.42213e-17
7556.00	1.35981e-17
7557.00	1.39147e-17
7558.00	1.44012e-17
7559.00	1.28489e-17
7560.00	1.15822e-17
7561.00	1.13394e-17
7562.00	1.23354e-17
7563.00	1.45029e-17
7564.00	1.25569e-17
7565.00	1.16546e-17
7566.00	1.41209e-17
7567.00	1.30687e-17
7568.00	1.15154e-17
7569.00	1.02359e-17
7570.00	9.83386e-18
7571.00	1.08293e-17
7572.00	1.41653e-17
7573.00	1.73476e-17
7574.00	1.54926e-17
7575.00	1.2865e-17
7576.00	1.14056e-17
7577.00	1.16274e-17
7578.00	1.16488e-17
7579.00	1.36647e-17
7580.00	1.56749e-17
7581.00	1.58876e-17
7582.00	1.18486e-17
7583.00	1.02883e-17
7584.00	1.09737e-17
7585.00	1.25868e-17
7586.00	1.19644e-17
7587.00	1.20818e-17
7588.00	1.3266e-17
7589.00	1.50887e-17
7590.00	1.38475e-17
7591.00	1.2447e-17
7592.00	1.18088e-17
7593.00	1.06876e-17
7594.00	1.23173e-17
7595.00	1.44003e-17
7596.00	1.48655e-17
7597.00	1.09977e-17
7598.00	1.13391e-17
7599.00	1.34175e-17
7600.00	1.32263e-17
7601.00	1.47119e-17
7602.00	1.65228e-17
7603.00	1.6858e-17
7604.00	1.19358e-17
7605.00	1.54508e-17
7606.00	1.80776e-17
7607.00	1.65012e-17
7608.00	1.17839e-17
7609.00	1.39973e-17
7610.00	1.69107e-17
7611.00	1.62248e-17
7612.00	1.59024e-17
7613.00	1.7174e-17
7614.00	1.7408e-17
7615.00	1.33791e-17
7616.00	1.09762e-17
7617.00	1.17052e-17
7618.00	1.37965e-17
7619.00	1.2301e-17
7620.00	1.25478e-17
7621.00	1.30392e-17
7622.00	1.30535e-17
7623.00	1.15392e-17
7624.00	1.28637e-17
7625.00	1.44876e-17
7626.00	1.45881e-17
7627.00	1.5323e-17
7628.00	1.46046e-17
7629.00	1.35526e-17
7630.00	1.38595e-17
7631.00	1.40419e-17
7632.00	1.47221e-17
7633.00	1.45215e-17
7634.00	9.34289e-18
7635.00	1.18096e-17
7636.00	1.43713e-17
7637.00	1.38933e-17
7638.00	1.0594e-17
7639.00	1.17419e-17
7640.00	1.36718e-17
7641.00	1.34739e-17
7642.00	1.33802e-17
7643.00	1.31043e-17
7644.00	1.21492e-17
7645.00	9.95829e-18
7646.00	1.25667e-17
7647.00	1.41786e-17
7648.00	1.38915e-17
7649.00	1.33624e-17
7650.00	1.21427e-17
7651.00	1.18206e-17
7652.00	1.28484e-17
7653.00	1.38418e-17
7654.00	1.46948e-17
7655.00	1.40391e-17
7656.00	1.14504e-17
7657.00	1.27403e-17
7658.00	1.36287e-17
7659.00	1.37327e-17
7660.00	1.33886e-17
7661.00	1.45067e-17
7662.00	1.38025e-17
7663.00	1.21186e-17
7664.00	1.36299e-17
7665.00	1.58793e-17
7666.00	1.48058e-17
7667.00	1.05636e-17
7668.00	1.30293e-17
7669.00	1.4396e-17
7670.00	1.38817e-17
7671.00	1.15543e-17
7672.00	1.12889e-17
7673.00	1.25339e-17
7674.00	1.38404e-17
7675.00	1.32825e-17
7676.00	1.26972e-17
7677.00	1.21224e-17
7678.00	1.25203e-17
7679.00	1.67207e-17
7680.00	1.45781e-17
7681.00	1.26767e-17
7682.00	1.35265e-17
7683.00	1.35246e-17
7684.00	1.24122e-17
7685.00	1.17569e-17
7686.00	1.2668e-17
7687.00	1.17763e-17
7688.00	1.23068e-17
7689.00	1.30472e-17
7690.00	1.14906e-17
7691.00	1.2019e-17
7692.00	1.17206e-17
7693.00	1.06276e-17
7694.00	1.08798e-17
7695.00	1.2026e-17
7696.00	1.27555e-17
7697.00	1.23832e-17
7698.00	1.14466e-17
7699.00	9.25351e-18
7700.00	9.0613e-18
7701.00	1.31223e-17
7702.00	1.32883e-17
7703.00	1.38862e-17
7704.00	1.45431e-17
7705.00	1.36562e-17
7706.00	1.45649e-17
7707.00	1.4194e-17
7708.00	1.29801e-17
7709.00	1.49221e-17
7710.00	1.37918e-17
7711.00	1.30928e-17
7712.00	1.41038e-17
7713.00	1.38618e-17
7714.00	1.23528e-17
7715.00	1.11054e-17
7716.00	1.16006e-17
7717.00	1.45556e-17
7718.00	1.28742e-17
7719.00	8.92816e-18
7720.00	8.57601e-18
7721.00	8.44504e-18
7722.00	7.84497e-18
7723.00	7.56599e-18
7724.00	1.12696e-17
7725.00	1.00525e-17
7726.00	9.28104e-18
7727.00	1.13594e-17
7728.00	1.29447e-17
7729.00	1.22729e-17
7730.00	1.1103e-17
7731.00	1.13101e-17
7732.00	1.26111e-17
7733.00	1.23869e-17
7734.00	1.12584e-17
7735.00	1.118e-17
7736.00	9.76007e-18
7737.00	9.36881e-18
7738.00	1.05265e-17
7739.00	1.24336e-17
7740.00	1.40653e-17
7741.00	1.41613e-17
7742.00	1.26078e-17
7743.00	1.3127e-17
7744.00	1.227e-17
7745.00	1.15618e-17
7746.00	1.25565e-17
7747.00	1.15571e-17
7748.00	9.28582e-18
7749.00	7.12401e-18
7750.00	7.04382e-18
7751.00	9.94027e-18
7752.00	1.37014e-17
7753.00	1.62022e-17
7754.00	1.36955e-17
7755.00	1.24314e-17
7756.00	1.28267e-17
7757.00	1.44644e-17
7758.00	1.33513e-17
7759.00	1.11742e-17
7760.00	9.58308e-18
7761.00	1.00699e-17
7762.00	1.1442e-17
7763.00	1.05144e-17
7764.00	8.53208e-18
7765.00	9.02735e-18
7766.00	9.18861e-18
7767.00	8.58503e-18
7768.00	7.94e-18
7769.00	1.05401e-17
7770.00	1.07614e-17
7771.00	9.94211e-18
7772.00	9.11523e-18
7773.00	8.96164e-18
7774.00	9.5286e-18
7775.00	1.07739e-17
7776.00	1.24617e-17
7777.00	1.14451e-17
7778.00	1.03611e-17
7779.00	1.02251e-17
7780.00	1.1919e-17
7781.00	1.19621e-17
7782.00	1.16839e-17
7783.00	1.11643e-17
7784.00	9.12978e-18
7785.00	7.66778e-18
7786.00	8.4781e-18
7787.00	1.16849e-17
7788.00	1.10359e-17
7789.00	1.0185e-17
7790.00	9.07289e-18
7791.00	7.39963e-18
7792.00	9.00811e-18
7793.00	8.43526e-18
7794.00	6.10417e-18
7795.00	5.04982e-18
7796.00	6.65683e-18
7797.00	9.33019e-18
7798.00	1.17582e-17
7799.00	1.19326e-17
7800.00	1.28714e-17
7801.00	1.27547e-17
7802.00	1.08628e-17
7803.00	1.0943e-17
7804.00	1.12824e-17
7805.00	1.16499e-17
7806.00	1.19311e-17
7807.00	1.07357e-17
7808.00	1.09807e-17
7809.00	1.27249e-17
7810.00	1.50697e-17
7811.00	1.24494e-17
7812.00	1.05603e-17
7813.00	1.09735e-17
7814.00	1.07977e-17
7815.00	9.59391e-18
7816.00	8.28018e-18
7817.00	7.67835e-18
7818.00	8.27574e-18
7819.00	1.05341e-17
7820.00	1.30334e-17
7821.00	1.39841e-17
7822.00	1.17516e-17
7823.00	1.12702e-17
7824.00	1.24268e-17
7825.00	1.22277e-17
7826.00	1.22627e-17
7827.00	1.13639e-17
7828.00	9.87735e-18
7829.00	1.07684e-17
7830.00	1.14349e-17
7831.00	1.19258e-17
7832.00	1.21527e-17
7833.00	1.07991e-17
7834.00	1.09263e-17
7835.00	1.14653e-17
7836.00	1.05946e-17
7837.00	9.05984e-18
7838.00	8.71546e-18
7839.00	9.38147e-18
7840.00	9.18621e-18
7841.00	1.26379e-17
7842.00	1.283e-17
7843.00	9.20101e-18
7844.00	1.16871e-17
7845.00	1.43978e-17
7846.00	1.40756e-17
7847.00	9.24068e-18
7848.00	7.33091e-18
7849.00	7.72419e-18
7850.00	8.35333e-18
7851.00	6.6212e-18
7852.00	6.52827e-18
7853.00	7.72929e-18
7854.00	9.15675e-18
7855.00	8.07581e-18
7856.00	1.09588e-17
7857.00	1.39548e-17
7858.00	1.48857e-17
7859.00	1.26373e-17
7860.00	6.66367e-18
7861.00	3.33596e-18
7862.00	7.1344e-18
7863.00	1.17944e-17
7864.00	1.24358e-17
7865.00	1.0645e-17
7866.00	9.76388e-18
7867.00	1.14346e-17
7868.00	1.33171e-17
7869.00	1.39394e-17
7870.00	1.13464e-17
7871.00	1.02783e-17
7872.00	1.04017e-17
7873.00	1.11448e-17
7874.00	9.97751e-18
7875.00	1.12701e-17
7876.00	1.24152e-17
7877.00	1.12855e-17
7878.00	1.0338e-17
7879.00	9.1728e-18
7880.00	8.9527e-18
7881.00	1.12607e-17
7882.00	1.12215e-17
7883.00	1.00549e-17
7884.00	8.57817e-18
7885.00	7.97674e-18
7886.00	7.91072e-18
7887.00	9.22159e-18
7888.00	1.12551e-17
7889.00	9.27716e-18
7890.00	9.2864e-18
7891.00	9.51113e-18
7892.00	8.25153e-18
7893.00	6.66682e-18
7894.00	6.02814e-18
7895.00	6.1432e-18
7896.00	6.34568e-18
7897.00	8.29725e-18
7898.00	9.54284e-18
7899.00	9.69867e-18
7900.00	9.70885e-18
7901.00	1.08231e-17
7902.00	1.01514e-17
7903.00	7.18846e-18
7904.00	6.38756e-18
7905.00	8.09786e-18
7906.00	1.00516e-17
7907.00	1.02407e-17
7908.00	9.76714e-18
7909.00	1.15576e-17
7910.00	1.38688e-17
7911.00	1.33552e-17
7912.00	9.78798e-18
7913.00	8.82442e-18
7914.00	9.94928e-18
7915.00	6.50537e-18
7916.00	4.20797e-18
7917.00	5.09542e-18
7918.00	9.22158e-18
7919.00	1.12248e-17
7920.00	1.02086e-17
7921.00	7.44962e-18
7922.00	4.83353e-18
7923.00	8.40174e-18
7924.00	1.27026e-17
7925.00	1.4635e-17
7926.00	1.10538e-17
7927.00	7.63734e-18
7928.00	7.83674e-18
7929.00	1.00643e-17
7930.00	5.73921e-18
7931.00	5.35323e-18
7932.00	8.53866e-18
7933.00	1.35202e-17
7934.00	1.22858e-17
7935.00	9.16779e-18
7936.00	7.78279e-18
7937.00	1.0806e-17
7938.00	1.13361e-17
7939.00	1.01698e-17
7940.00	8.54595e-18
7941.00	8.3542e-18
7942.00	8.82744e-18
7943.00	8.56457e-18
7944.00	7.79176e-18
7945.00	8.68015e-18
7946.00	9.64837e-18
7947.00	1.04785e-17
7948.00	1.10119e-17
7949.00	1.17053e-17
7950.00	9.53842e-18
7951.00	7.26927e-18
7952.00	7.75459e-18
7953.00	8.30115e-18
7954.00	9.18646e-18
7955.00	9.85479e-18
7956.00	9.31749e-18
7957.00	1.11774e-17
7958.00	1.06312e-17
7959.00	7.52418e-18
7960.00	6.1376e-18
7961.00	7.21817e-18
7962.00	9.7238e-18
7963.00	1.23477e-17
7964.00	1.22487e-17
7965.00	1.03194e-17
7966.00	8.80199e-18
7967.00	9.70823e-18
7968.00	8.88241e-18
7969.00	9.0698e-18
7970.00	9.58017e-18
7971.00	8.20178e-18
7972.00	8.612e-18
7973.00	8.55475e-18
7974.00	7.77061e-18
7975.00	7.62209e-18
7976.00	9.94168e-18
7977.00	1.07594e-17
7978.00	8.52034e-18
7979.00	9.75944e-18
7980.00	9.27239e-18
7981.00	8.76822e-18
7982.00	1.02602e-17
7983.00	7.19276e-18
7984.00	6.97476e-18
7985.00	8.96876e-18
7986.00	9.17984e-18
7987.00	7.73846e-18
7988.00	6.66889e-18
7989.00	7.40715e-18
7990.00	1.25876e-17
7991.00	9.72499e-18
7992.00	7.1467e-18
7993.00	9.75503e-18
7994.00	1.23686e-17
7995.00	1.21648e-17
7996.00	1.08866e-17
7997.00	1.09551e-17
7998.00	1.40507e-17
7999.00	1.14183e-17
8000.00	5.94148e-18
8001.00	6.94407e-18
8002.00	8.73317e-18
8003.00	9.92215e-18
8004.00	9.64965e-18
8005.00	7.7253e-18
8006.00	7.3153e-18
8007.00	7.25453e-18
8008.00	6.913e-18
8009.00	7.6258e-18
8010.00	9.17361e-18
8011.00	9.93606e-18
8012.00	8.21586e-18
8013.00	6.53028e-18
8014.00	8.18455e-18
8015.00	1.13152e-17
8016.00	1.06426e-17
8017.00	8.36033e-18
8018.00	7.644e-18
8019.00	9.11673e-18
8020.00	9.30951e-18
8021.00	1.264e-17
8022.00	1.43232e-17
8023.00	1.13257e-17
8024.00	7.14479e-18
8025.00	5.45352e-18
8026.00	5.96865e-18
8027.00	7.6232e-18
8028.00	9.82852e-18
8029.00	9.82601e-18
8030.00	8.61041e-18
8031.00	9.92556e-18
8032.00	9.51052e-18
8033.00	8.89701e-18
8034.00	8.52164e-18
8035.00	7.82354e-18
8036.00	7.67319e-18
8037.00	7.72295e-18
8038.00	7.71947e-18
8039.00	7.77817e-18
8040.00	8.65397e-18
8041.00	9.88719e-18
8042.00	1.07226e-17
8043.00	8.14617e-18
8044.00	5.04352e-18
8045.00	3.96074e-18
8046.00	9.05605e-18
8047.00	1.07254e-17
8048.00	1.06072e-17
8049.00	9.56373e-18
8050.00	9.23472e-18
8051.00	8.5986e-18
8052.00	8.64598e-18
8053.00	9.73257e-18
8054.00	8.43904e-18
8055.00	7.76368e-18
8056.00	7.58025e-18
8057.00	7.21885e-18
8058.00	7.50996e-18
8059.00	8.11141e-18
8060.00	8.12925e-18
8061.00	5.26117e-18
8062.00	7.52737e-18
8063.00	8.81914e-18
8064.00	7.25975e-18
8065.00	6.12669e-18
8066.00	7.98517e-18
8067.00	1.04673e-17
8068.00	1.13771e-17
8069.00	9.68347e-18
8070.00	8.17448e-18
8071.00	7.56935e-18
8072.00	8.18069e-18
8073.00	8.49139e-18
8074.00	8.38229e-18
8075.00	8.00149e-18
8076.00	7.78314e-18
8077.00	8.48677e-18
8078.00	8.71858e-18
8079.00	8.1734e-18
8080.00	8.31827e-18
8081.00	9.82066e-18
8082.00	1.09275e-17
8083.00	1.00612e-17
8084.00	6.30105e-18
8085.00	5.89937e-18
8086.00	7.79462e-18
8087.00	9.09553e-18
8088.00	7.07839e-18
8089.00	6.044e-18
8090.00	7.14271e-18
8091.00	1.02078e-17
8092.00	1.16142e-17
8093.00	1.09776e-17
8094.00	8.67465e-18
8095.00	7.35741e-18
8096.00	7.51877e-18
8097.00	8.27579e-18
8098.00	8.67122e-18
8099.00	7.46878e-18
8100.00	6.65865e-18
8101.00	7.26819e-18
8102.00	1.02779e-17
8103.00	8.32297e-18
8104.00	0E-21
8105.00	0E-21
8106.00	0E-21
8107.00	0E-21
8108.00	0E-21
8109.00	0E-21
8110.00	0E-21
8111.00	0E-21
8112.00	0E-21
8113.00	0E-21
8114.00	0E-21
8115.00	0E-21
8116.00	0E-21
8117.00	0E-21
8118.00	0E-21
8119.00	0E-21
8120.00	0E-21
8121.00	0E-21
8122.00	0E-21
8123.00	0E-21
8124.00	0E-21
8125.00	0E-21
8126.00	0E-21
8127.00	0E-21
8128.00	0E-21
8129.00	0E-21
8130.00	0E-21
8131.00	0E-21
8132.00	0E-21
8133.00	0E-21
8134.00	8.87386e-18
8135.00	8.77123e-18
8136.00	9.34974e-18
8137.00	9.35902e-18
8138.00	8.53479e-18
8139.00	7.10783e-18
8140.00	6.79165e-18
8141.00	7.43255e-18
8142.00	8.64428e-18
8143.00	9.88583e-18
8144.00	9.4763e-18
8145.00	7.75159e-18
8146.00	6.26389e-18
8147.00	7.38518e-18
8148.00	7.77991e-18
8149.00	7.66539e-18
8150.00	7.55895e-18
8151.00	9.13134e-18
8152.00	9.32376e-18
8153.00	8.87114e-18
8154.00	8.40327e-18
8155.00	9.05734e-18
8156.00	9.06421e-18
8157.00	8.72393e-18
8158.00	8.49816e-18
8159.00	8.51828e-18
8160.00	8.97158e-18
8161.00	9.34186e-18
8162.00	8.70023e-18
8163.00	8.31266e-18
8164.00	9.07909e-18
8165.00	1.05864e-17
8166.00	1.06413e-17
8167.00	1.02077e-17
8168.00	9.58739e-18
8169.00	8.99473e-18
8170.00	8.32947e-18
8171.00	7.9824e-18
8172.00	7.709e-18
8173.00	7.27245e-18
8174.00	7.41452e-18
8175.00	8.40428e-18
8176.00	9.26834e-18
8177.00	8.15814e-18
8178.00	8.31007e-18
8179.00	9.696e-18
8180.00	1.12712e-17
8181.00	9.60328e-18
8182.00	8.8444e-18
8183.00	8.73301e-18
8184.00	9.01135e-18
8185.00	8.94051e-18
8186.00	9.3596e-18
8187.00	9.448e-18
8188.00	8.34735e-18
8189.00	7.55637e-18
8190.00	7.32021e-18
8191.00	7.73826e-18
8192.00	8.90269e-18
8193.00	9.07338e-18
8194.00	8.39544e-18
8195.00	7.45641e-18
8196.00	8.04828e-18
8197.00	8.4722e-18
8198.00	8.0759e-18
8199.00	6.85773e-18
8200.00	7.46715e-18
8201.00	8.13264e-18
8202.00	8.44903e-18
8203.00	8.19642e-18
8204.00	7.93351e-18
8205.00	8.39382e-18
8206.00	8.90158e-18
8207.00	7.76026e-18
8208.00	7.7488e-18
8209.00	7.90483e-18
8210.00	7.74222e-18
8211.00	6.62388e-18
8212.00	6.3919e-18
8213.00	7.00863e-18
8214.00	8.13214e-18
8215.00	7.81938e-18
8216.00	8.30778e-18
8217.00	8.86106e-18
8218.00	8.42379e-18
8219.00	8.47148e-18
8220.00	8.79527e-18
8221.00	8.96108e-18
8222.00	8.05421e-18
8223.00	8.58153e-18
8224.00	8.90029e-18
8225.00	8.60209e-18
8226.00	8.53192e-18
8227.00	8.24928e-18
8228.00	8.40931e-18
8229.00	9.28967e-18
8230.00	9.69959e-18
8231.00	8.92337e-18
8232.00	8.15e-18
8233.00	8.82885e-18
8234.00	9.07418e-18
8235.00	7.76552e-18
8236.00	6.21166e-18
8237.00	7.79862e-18
8238.00	8.7036e-18
8239.00	8.95353e-18
8240.00	8.6764e-18
8241.00	8.66359e-18
8242.00	1.00233e-17
8243.00	1.05783e-17
8244.00	9.09222e-18
8245.00	8.48395e-18
8246.00	9.63302e-18
8247.00	1.06621e-17
8248.00	9.1804e-18
8249.00	7.84801e-18
8250.00	7.89632e-18
8251.00	8.80436e-18
8252.00	8.64963e-18
8253.00	8.12938e-18
8254.00	8.28804e-18
8255.00	9.21504e-18
8256.00	9.37274e-18
8257.00	8.90108e-18
8258.00	8.84118e-18
8259.00	9.81571e-18
8260.00	1.0396e-17
8261.00	1.03864e-17
8262.00	9.75073e-18
8263.00	8.546e-18
8264.00	8.19513e-18
8265.00	8.21879e-18
8266.00	8.6444e-18
8267.00	9.83164e-18
8268.00	1.10036e-17
8269.00	1.02042e-17
8270.00	7.48248e-18
8271.00	6.57455e-18
8272.00	7.44286e-18
8273.00	8.34656e-18
8274.00	8.0551e-18
8275.00	8.31214e-18
8276.00	8.91992e-18
8277.00	9.77144e-18
8278.00	1.07171e-17
8279.00	9.8793e-18
8280.00	8.60352e-18
8281.00	7.52398e-18
8282.00	7.18042e-18
8283.00	6.85848e-18
8284.00	7.08361e-18
8285.00	7.37031e-18
8286.00	4.63392e-18
8287.00	3.91975e-18
8288.00	4.44975e-18
8289.00	5.27677e-18
8290.00	5.54447e-18
8291.00	5.74871e-18
8292.00	6.03979e-18
8293.00	6.52238e-18
8294.00	9.67896e-18
8295.00	1.07428e-17
8296.00	9.25695e-18
8297.00	6.84637e-18
8298.00	1.15529e-17
8299.00	1.22386e-17
8300.00	6.0779e-18
8301.00	4.89344e-18
8302.00	6.19099e-18
8303.00	8.63257e-18
8304.00	1.08423e-17
8305.00	1.09708e-17
8306.00	1.07344e-17
8307.00	9.84761e-18
8308.00	7.51881e-18
8309.00	6.59267e-18
8310.00	7.51864e-18
8311.00	9.65715e-18
8312.00	1.1311e-17
8313.00	1.00268e-17
8314.00	8.55371e-18
8315.00	8.534e-18
8316.00	1.0897e-17
8317.00	1.04258e-17
8318.00	9.04835e-18
8319.00	8.72131e-18
8320.00	8.59151e-18
8321.00	9.04856e-18
8322.00	9.73438e-18
8323.00	1.00856e-17
8324.00	8.89635e-18
8325.00	7.79324e-18
8326.00	7.21938e-18
8327.00	6.56728e-18
8328.00	9.25422e-18
8329.00	1.08445e-17
8330.00	9.4704e-18
8331.00	7.98609e-18
8332.00	7.06467e-18
8333.00	7.13433e-18
8334.00	8.27355e-18
8335.00	7.74192e-18
8336.00	8.25993e-18
8337.00	9.32114e-18
8338.00	9.48002e-18
8339.00	8.18923e-18
8340.00	7.76363e-18
8341.00	8.4137e-18
8342.00	8.79158e-18
8343.00	6.59598e-18
8344.00	5.64761e-18
8345.00	8.07679e-18
8346.00	1.43251e-17
8347.00	1.26841e-17
8348.00	7.10035e-18
8349.00	3.03721e-18
8350.00	9.69041e-18
8351.00	1.4346e-17
8352.00	1.51828e-17
8353.00	1.33548e-17
8354.00	1.0233e-17
8355.00	8.07251e-18
8356.00	8.55796e-18
8357.00	1.46507e-17
8358.00	1.29896e-17
8359.00	8.61583e-18
8360.00	5.30375e-18
8361.00	7.07516e-18
8362.00	8.75566e-18
8363.00	8.61356e-18
8364.00	5.72164e-18
8365.00	4.61798e-18
8366.00	5.70346e-18
8367.00	7.68265e-18
8368.00	8.20097e-18
8369.00	8.357e-18
8370.00	8.24032e-18
8371.00	7.9656e-18
8372.00	7.6345e-18
8373.00	7.15299e-18
8374.00	6.4567e-18
8375.00	5.99719e-18
8376.00	8.43475e-18
8377.00	1.0068e-17
8378.00	9.78909e-18
8379.00	7.12065e-18
8380.00	6.25526e-18
8381.00	6.65126e-18
8382.00	7.70547e-18
8383.00	8.59069e-18
8384.00	7.2946e-18
8385.00	5.20619e-18
8386.00	3.57878e-18
8387.00	4.32803e-18
8388.00	6.89594e-18
8389.00	8.58859e-18
8390.00	8.18968e-18
8391.00	9.21207e-18
8392.00	9.24786e-18
8393.00	8.05158e-18
8394.00	5.84917e-18
8395.00	6.96716e-18
8396.00	8.04686e-18
8397.00	8.00554e-18
8398.00	6.11157e-18
8399.00	5.32977e-18
8400.00	6.89678e-18
8401.00	9.71147e-18
8402.00	8.77504e-18
8403.00	6.41996e-18
8404.00	4.90942e-18
8405.00	5.63224e-18
8406.00	7.50181e-18
8407.00	8.34857e-18
8408.00	8.3112e-18
8409.00	7.85211e-18
8410.00	6.8903e-18
8411.00	7.2006e-18
8412.00	8.33431e-18
8413.00	8.74992e-18
8414.00	8.17116e-18
8415.00	7.12128e-18
8416.00	6.30937e-18
8417.00	7.30535e-18
8418.00	7.52208e-18
8419.00	7.99191e-18
8420.00	8.90689e-18
8421.00	6.58789e-18
8422.00	7.35671e-18
8423.00	9.45331e-18
8424.00	1.01022e-17
8425.00	1.01003e-17
8426.00	1.03555e-17
8427.00	1.03402e-17
8428.00	8.43461e-18
8429.00	7.62878e-18
8430.00	7.9026e-18
8431.00	8.94349e-18
8432.00	9.438e-18
8433.00	1.0083e-17
8434.00	9.43106e-18
8435.00	6.98644e-18
8436.00	6.18757e-18
8437.00	6.28721e-18
8438.00	6.92258e-18
8439.00	7.68077e-18
8440.00	7.36098e-18
8441.00	7.29008e-18
8442.00	7.62833e-18
8443.00	8.18021e-18
8444.00	7.0596e-18
8445.00	6.27192e-18
8446.00	6.65218e-18
8447.00	8.1475e-18
8448.00	9.05464e-18
8449.00	8.61112e-18
8450.00	6.72275e-18
8451.00	6.33188e-18
8452.00	6.83759e-18
8453.00	7.60084e-18
8454.00	7.91877e-18
8455.00	8.53162e-18
8456.00	9.21354e-18
8457.00	9.64727e-18
8458.00	9.33993e-18
8459.00	8.1723e-18
8460.00	7.65603e-18
8461.00	8.01735e-18
8462.00	7.41937e-18
8463.00	6.7763e-18
8464.00	6.59985e-18
8465.00	7.23319e-18
8466.00	8.4577e-18
8467.00	8.84248e-18
8468.00	9.05837e-18
8469.00	1.02107e-17
8470.00	1.3237e-17
8471.00	1.22038e-17
8472.00	7.78508e-18
8473.00	4.42001e-18
8474.00	6.5126e-18
8475.00	8.65766e-18
8476.00	8.80207e-18
8477.00	8.96382e-18
8478.00	9.21533e-18
8479.00	8.99825e-18
8480.00	8.12711e-18
8481.00	8.75976e-18
8482.00	9.09265e-18
8483.00	8.77833e-18
8484.00	7.72536e-18
8485.00	7.38405e-18
8486.00	7.59887e-18
8487.00	8.28511e-18
8488.00	9.47556e-18
8489.00	9.23482e-18
8490.00	7.88685e-18
8491.00	6.36672e-18
8492.00	7.92721e-18
8493.00	8.73198e-18
8494.00	8.43887e-18
8495.00	7.13693e-18
8496.00	6.62772e-18
8497.00	8.21022e-18
8498.00	9.95104e-18
8499.00	8.99388e-18
8500.00	7.43091e-18
8501.00	6.58885e-18
8502.00	6.5862e-18
8503.00	6.37162e-18
8504.00	8.11185e-18
8505.00	8.61191e-18
8506.00	7.04089e-18
8507.00	6.80356e-18
8508.00	6.0538e-18
8509.00	6.44897e-18
8510.00	8.9459e-18
8511.00	8.83406e-18
8512.00	8.83392e-18
8513.00	8.50751e-18
8514.00	6.70194e-18
8515.00	6.69824e-18
8516.00	7.23979e-18
8517.00	7.75989e-18
8518.00	7.66814e-18
8519.00	8.1138e-18
8520.00	7.77251e-18
8521.00	6.47289e-18
8522.00	6.43592e-18
8523.00	6.23852e-18
8524.00	6.63975e-18
8525.00	7.97607e-18
8526.00	6.2599e-18
8527.00	5.4977e-18
8528.00	5.92971e-18
8529.00	6.91332e-18
8530.00	7.74898e-18
8531.00	7.45619e-18
8532.00	6.68985e-18
8533.00	7.99738e-18
8534.00	9.12409e-18
8535.00	9.3989e-18
8536.00	8.53613e-18
8537.00	7.22879e-18
8538.00	6.11576e-18
8539.00	5.82337e-18
8540.00	6.75052e-18
8541.00	7.59794e-18
8542.00	8.60024e-18
8543.00	9.14496e-18
8544.00	8.30429e-18
8545.00	8.0065e-18
8546.00	7.47859e-18
8547.00	6.72046e-18
8548.00	5.9656e-18
8549.00	7.85959e-18
8550.00	9.75228e-18
8551.00	9.96876e-18
8552.00	7.8341e-18
8553.00	6.54049e-18
8554.00	6.47104e-18
8555.00	7.61459e-18
8556.00	8.44219e-18
8557.00	9.07619e-18
8558.00	9.32647e-18
8559.00	8.9467e-18
8560.00	7.74097e-18
8561.00	7.42767e-18
8562.00	8.06422e-18
8563.00	8.08915e-18
8564.00	8.16331e-18
8565.00	8.41294e-18
8566.00	8.66897e-18
8567.00	7.53642e-18
8568.00	7.48329e-18
8569.00	7.94971e-18
8570.00	8.21924e-18
8571.00	8.77384e-18
8572.00	9.08717e-18
8573.00	9.20491e-18
8574.00	9.41511e-18
8575.00	8.53991e-18
8576.00	7.7657e-18
8577.00	7.67363e-18
8578.00	8.80473e-18
8579.00	8.92557e-18
8580.00	8.51202e-18
8581.00	8.00902e-18
8582.00	8.43562e-18
8583.00	7.62764e-18
8584.00	6.76299e-18
8585.00	7.16044e-18
8586.00	7.92152e-18
8587.00	8.01617e-18
8588.00	7.48127e-18
8589.00	6.75191e-18
8590.00	6.97079e-18
8591.00	7.65024e-18
8592.00	8.3531e-18
8593.00	8.21425e-18
8594.00	8.89874e-18
8595.00	9.58755e-18
8596.00	9.62242e-18
8597.00	8.17105e-18
8598.00	7.64188e-18
8599.00	7.88237e-18
8600.00	8.41551e-18
8601.00	8.37409e-18
8602.00	7.88297e-18
8603.00	7.51534e-18
8604.00	8.32514e-18
8605.00	7.72894e-18
8606.00	7.58985e-18
8607.00	7.95923e-18
8608.00	6.79662e-18
8609.00	6.71598e-18
8610.00	7.10256e-18
8611.00	7.35735e-18
8612.00	6.43134e-18
8613.00	5.34007e-18
8614.00	4.82828e-18
8615.00	5.5239e-18
8616.00	6.44793e-18
8617.00	6.62233e-18
8618.00	6.25448e-18
8619.00	6.16706e-18
8620.00	6.55374e-18
8621.00	7.27559e-18
8622.00	7.75648e-18
8623.00	6.36203e-18
8624.00	4.84215e-18
8625.00	5.25046e-18
8626.00	8.32694e-18
8627.00	1.01588e-17
8628.00	9.92573e-18
8629.00	8.12578e-18
8630.00	5.69826e-18
8631.00	6.9058e-18
8632.00	8.32726e-18
8633.00	8.77122e-18
8634.00	7.20676e-18
8635.00	9.78353e-18
8636.00	1.00971e-17
8637.00	7.38035e-18
8638.00	7.54775e-18
8639.00	9.34737e-18
8640.00	9.64911e-18
8641.00	7.04123e-18
8642.00	7.20325e-18
8643.00	7.05624e-18
8644.00	6.44067e-18
8645.00	5.56983e-18
8646.00	5.10535e-18
8647.00	5.36053e-18
8648.00	5.95573e-18
8649.00	5.85399e-18
8650.00	6.88863e-18
8651.00	9.22287e-18
8652.00	1.15384e-17
8653.00	8.65676e-18
8654.00	8.28966e-18
8655.00	9.79348e-18
8656.00	1.2387e-17
8657.00	1.51484e-17
8658.00	1.52536e-17
8659.00	1.25278e-17
8660.00	7.48826e-18
8661.00	7.26066e-18
8662.00	5.28661e-18
8663.00	3.34276e-18
8664.00	9.64835e-18
8665.00	3.41869e-18
8666.00	1.33217e-18
8667.00	7.24248e-18
8668.00	9.52693e-18
8669.00	9.34345e-18
8670.00	8.13469e-18
8671.00	7.28455e-18
8672.00	8.59648e-18
8673.00	7.56573e-18
8674.00	5.47306e-18
8675.00	4.7205e-18
8676.00	7.98345e-18
8677.00	8.91815e-18
8678.00	7.57202e-18
8679.00	7.86269e-18
8680.00	8.02898e-18
8681.00	7.94193e-18
8682.00	7.37921e-18
8683.00	5.9358e-18
8684.00	4.49031e-18
8685.00	5.15313e-18
8686.00	8.45867e-18
8687.00	5.28944e-18
8688.00	5.55355e-18
8689.00	8.18117e-18
8690.00	9.97263e-18
8691.00	8.31166e-18
8692.00	6.73243e-18
8693.00	6.47151e-18
8694.00	8.24739e-18
8695.00	7.82631e-18
8696.00	7.17649e-18
8697.00	7.36879e-18
8698.00	9.46843e-18
8699.00	9.46341e-18
8700.00	8.61712e-18
8701.00	8.15829e-18
8702.00	8.45186e-18
8703.00	8.06289e-18
8704.00	7.50247e-18
8705.00	7.7376e-18
8706.00	8.11192e-18
8707.00	7.70335e-18
8708.00	6.76017e-18
8709.00	6.61548e-18
8710.00	5.72324e-18
8711.00	5.1839e-18
8712.00	5.52315e-18
8713.00	6.82655e-18
8714.00	6.90952e-18
8715.00	7.13519e-18
8716.00	8.49693e-18
8717.00	8.78135e-18
8718.00	7.78963e-18
8719.00	6.81453e-18
8720.00	7.69397e-18
8721.00	8.02998e-18
8722.00	8.21214e-18
8723.00	7.9934e-18
8724.00	6.46555e-18
8725.00	6.47879e-18
8726.00	7.28439e-18
8727.00	7.65723e-18
8728.00	3.41018e-18
8729.00	2.74157e-18
8730.00	4.78859e-18
8731.00	7.90859e-18
8732.00	7.60861e-18
8733.00	8.45221e-18
8734.00	9.80701e-18
8735.00	9.7226e-18
8736.00	8.54263e-18
8737.00	8.18493e-18
8738.00	8.73825e-18
8739.00	8.87472e-18
8740.00	7.91241e-18
8741.00	7.39355e-18
8742.00	7.83843e-18
8743.00	7.66194e-18
8744.00	7.76863e-18
8745.00	8.40679e-18
8746.00	9.53492e-18
8747.00	8.91088e-18
8748.00	7.73438e-18
8749.00	7.20888e-18
8750.00	8.82118e-18
8751.00	9.54538e-18
8752.00	8.05505e-18
8753.00	5.36783e-18
8754.00	5.31605e-18
8755.00	6.36918e-18
8756.00	8.51675e-18
8757.00	1.08615e-17
8758.00	9.69851e-18
8759.00	8.42754e-18
8760.00	8.05192e-18
8761.00	8.89279e-18
8762.00	5.93993e-18
8763.00	4.29699e-18
8764.00	4.46254e-18
8765.00	5.72666e-18
8766.00	7.27083e-18
8767.00	8.09249e-18
8768.00	8.82231e-18
8769.00	1.26686e-17
8770.00	1.34369e-17
8771.00	1.02984e-17
8772.00	4.61298e-18
8773.00	5.74903e-18
8774.00	6.33226e-18
8775.00	5.81335e-18
8776.00	4.68023e-18
8777.00	1.01957e-17
8778.00	1.15348e-17
8779.00	9.68156e-18
8780.00	9.61828e-18
8781.00	1.10994e-17
8782.00	1.09099e-17
8783.00	8.94487e-18
8784.00	8.23718e-18
8785.00	7.86459e-18
8786.00	7.64749e-18
8787.00	7.67685e-18
8788.00	9.52155e-18
8789.00	8.20819e-18
8790.00	5.97322e-18
8791.00	5.53183e-18
8792.00	7.04129e-18
8793.00	8.18518e-18
8794.00	8.79225e-18
8795.00	9.48927e-18
8796.00	1.00066e-17
8797.00	8.71151e-18
8798.00	6.03163e-18
8799.00	4.78625e-18
8800.00	5.06175e-18
8801.00	5.79565e-18
8802.00	6.36794e-18
8803.00	7.44844e-18
8804.00	7.75932e-18
8805.00	7.5142e-18
8806.00	7.12188e-18
8807.00	7.39776e-18
8808.00	7.8714e-18
8809.00	7.88563e-18
8810.00	6.37162e-18
8811.00	6.45101e-18
8812.00	7.18731e-18
8813.00	7.8155e-18
8814.00	6.9641e-18
8815.00	5.61136e-18
8816.00	5.28406e-18
8817.00	6.60559e-18
8818.00	7.21346e-18
8819.00	7.72587e-18
8820.00	8.04797e-18
8821.00	8.03434e-18
8822.00	7.47739e-18
8823.00	6.96627e-18
8824.00	6.37924e-18
8825.00	4.98705e-18
8826.00	7.27448e-18
8827.00	9.54378e-18
8828.00	9.71524e-18
8829.00	5.59842e-18
8830.00	4.1067e-18
8831.00	1.78006e-18
8832.00	-2.03026e-18
8833.00	3.19361e-18
8834.00	7.27049e-18
8835.00	7.62107e-18
8836.00	3.10181e-18
8837.00	3.34926e-18
8838.00	5.64063e-18
8839.00	8.91348e-18
8840.00	1.23185e-17
8841.00	1.37951e-17
8842.00	1.12317e-17
8843.00	6.32849e-18
8844.00	7.74023e-18
8845.00	7.9456e-18
8846.00	7.10418e-18
8847.00	5.64513e-18
8848.00	5.25874e-18
8849.00	6.50203e-18
8850.00	8.03533e-18
8851.00	8.23757e-18
8852.00	7.5071e-18
8853.00	7.01971e-18
8854.00	7.03912e-18
8855.00	7.51523e-18
8856.00	6.93461e-18
8857.00	6.7802e-18
8858.00	7.32092e-18
8859.00	7.57097e-18
8860.00	6.04401e-18
8861.00	4.68287e-18
8862.00	4.89939e-18
8863.00	6.03154e-18
8864.00	8.26967e-18
8865.00	1.04445e-17
8866.00	1.11598e-17
8867.00	9.69156e-18
8868.00	9.08707e-18
8869.00	8.70842e-18
8870.00	5.2385e-18
8871.00	4.27304e-18
8872.00	5.59105e-18
8873.00	7.98967e-18
8874.00	7.01018e-18
8875.00	5.93799e-18
8876.00	5.51312e-18
8877.00	6.17871e-18
8878.00	7.4671e-18
8879.00	7.19655e-18
8880.00	6.42011e-18
8881.00	6.77492e-18
8882.00	6.14923e-18
8883.00	3.73256e-18
8884.00	9.91429e-19
8885.00	1.45943e-18
8886.00	2.81703e-18
8887.00	5.64687e-18
8888.00	9.25971e-18
8889.00	1.10816e-17
8890.00	9.48623e-18
8891.00	7.40827e-18
8892.00	7.14221e-18
8893.00	7.71951e-18
8894.00	7.86352e-18
8895.00	6.93529e-18
8896.00	4.48268e-18
8897.00	4.72144e-18
8898.00	4.61635e-18
8899.00	3.89504e-18
8900.00	3.51818e-18
8901.00	5.35939e-18
8902.00	5.78159e-18
8903.00	4.25309e-18
8904.00	5.76595e-18
8905.00	5.84604e-18
8906.00	5.72385e-18
8907.00	6.37448e-18
8908.00	6.70282e-18
8909.00	5.56597e-18
8910.00	4.25739e-18
8911.00	4.69843e-18
8912.00	4.20667e-18
8913.00	4.53322e-18
8914.00	5.33089e-18
8915.00	4.52967e-18
8916.00	6.11146e-18
8917.00	6.62861e-18
8918.00	5.09633e-18
8919.00	4.12191e-18
8920.00	5.11917e-18
8921.00	5.17241e-18
8922.00	2.34462e-18
8923.00	1.86073e-18
8924.00	2.58204e-18
8925.00	3.19692e-18
8926.00	2.09555e-18
8927.00	1.75931e-18
8928.00	3.84252e-18
8929.00	6.97747e-18
8930.00	6.6793e-18
8931.00	5.39525e-18
8932.00	4.71828e-18
8933.00	5.35832e-18
8934.00	6.29485e-18
8935.00	6.44641e-18
8936.00	6.38595e-18
8937.00	6.5633e-18
8938.00	5.72885e-18
8939.00	5.82187e-18
8940.00	6.14678e-18
8941.00	5.27075e-18
8942.00	3.7558e-18
8943.00	4.04952e-18
8944.00	5.84994e-18
8945.00	6.68848e-18
8946.00	5.03194e-18
8947.00	2.48076e-18
8948.00	6.28087e-19
8949.00	2.41031e-18
8950.00	4.21544e-18
8951.00	6.03445e-18
8952.00	7.92516e-18
8953.00	9.17595e-18
8954.00	7.40443e-18
8955.00	5.31097e-18
8956.00	7.48134e-18
8957.00	9.79961e-18
8958.00	5.87475e-18
8959.00	-1.42022e-18
8960.00	8.80286e-19
8961.00	5.13525e-18
8962.00	7.25059e-18
8963.00	5.80989e-18
8964.00	6.4513e-18
8965.00	7.2594e-18
8966.00	7.27939e-18
8967.00	5.9827e-18
8968.00	6.75156e-18
8969.00	5.82236e-18
8970.00	4.75442e-18
8971.00	7.02638e-18
8972.00	6.34265e-18
8973.00	5.75653e-18
8974.00	6.04376e-18
8975.00	6.90615e-18
8976.00	7.01744e-18
8977.00	6.4167e-18
8978.00	5.81362e-18
8979.00	8.9804e-18
8980.00	8.88936e-18
8981.00	7.56668e-18
8982.00	7.58603e-18
8983.00	1.02428e-17
8984.00	1.09787e-17
8985.00	1.01837e-17
8986.00	1.00043e-17
8987.00	8.40028e-18
8988.00	8.79279e-18
8989.00	1.03582e-17
8990.00	6.92246e-18
8991.00	8.15781e-18
8992.00	1.12204e-17
8993.00	1.34177e-17
8994.00	9.10909e-18
8995.00	8.82236e-18
8996.00	1.03699e-17
8997.00	1.0508e-17
8998.00	6.85124e-18
8999.00	4.7235e-18
9000.00	4.84226e-18
9001.00	6.5543e-18
9002.00	7.64616e-18
9003.00	6.26826e-18
9004.00	3.70653e-18
9005.00	5.89872e-18
9006.00	7.97494e-18
9007.00	8.22422e-18
9008.00	6.47806e-18
9009.00	8.30595e-18
9010.00	8.6453e-18
9011.00	7.41365e-18
9012.00	5.23802e-18
9013.00	5.94801e-18
9014.00	6.91617e-18
9015.00	7.06333e-18
9016.00	5.29845e-18
9017.00	6.52337e-18
9018.00	8.06526e-18
9019.00	8.68361e-18
9020.00	7.52041e-18
9021.00	6.15293e-18
9022.00	5.50156e-18
9023.00	5.89226e-18
9024.00	5.43688e-18
9025.00	5.96909e-18
9026.00	6.80633e-18
9027.00	6.97399e-18
9028.00	5.06547e-18
9029.00	4.66519e-18
9030.00	5.72504e-18
9031.00	6.74647e-18
9032.00	6.56521e-18
9033.00	6.88224e-18
9034.00	7.82018e-18
9035.00	7.71351e-18
9036.00	7.31841e-18
9037.00	6.96266e-18
9038.00	6.86292e-18
9039.00	6.88278e-18
9040.00	6.91538e-18
9041.00	6.83575e-18
9042.00	6.49168e-18
9043.00	4.97466e-18
9044.00	4.53226e-18
9045.00	5.11805e-18
9046.00	5.64409e-18
9047.00	6.25353e-18
9048.00	6.39887e-18
9049.00	5.81436e-18
9050.00	4.19527e-18
9051.00	4.2493e-18
9052.00	5.35478e-18
9053.00	6.51165e-18
9054.00	4.22852e-18
9055.00	3.61239e-18
9056.00	4.70192e-18
9057.00	6.72678e-18
9058.00	6.68177e-18
9059.00	7.26813e-18
9060.00	8.24406e-18
9061.00	8.03438e-18
9062.00	6.1831e-18
9063.00	5.18195e-18
9064.00	6.06521e-18
9065.00	8.85879e-18
9066.00	8.69565e-18
9067.00	7.35174e-18
9068.00	6.38933e-18
9069.00	7.04829e-18
9070.00	6.92992e-18
9071.00	6.32228e-18
9072.00	5.97566e-18
9073.00	7.649e-18
9074.00	9.30445e-18
9075.00	9.55938e-18
9076.00	6.40633e-18
9077.00	5.92366e-18
9078.00	6.48637e-18
9079.00	7.31059e-18
9080.00	7.35309e-18
9081.00	9.29452e-18
9082.00	1.00866e-17
9083.00	7.97807e-18
9084.00	7.3154e-18
9085.00	6.7842e-18
9086.00	6.26197e-18
9087.00	5.75576e-18
9088.00	5.98873e-18
9089.00	6.09093e-18
9090.00	6.23265e-18
9091.00	7.38013e-18
9092.00	7.82912e-18
9093.00	6.65807e-18
9094.00	4.36502e-18
9095.00	4.444e-18
9096.00	5.41234e-18
9097.00	5.68042e-18
9098.00	4.51227e-18
9099.00	5.74839e-18
9100.00	6.96013e-18
9101.00	7.08368e-18
9102.00	5.24742e-18
9103.00	3.78893e-18
9104.00	3.65663e-18
9105.00	4.72648e-18
9106.00	6.2574e-18
9107.00	5.51289e-18
9108.00	4.58472e-18
9109.00	4.58857e-18
9110.00	6.33484e-18
9111.00	5.80672e-18
9112.00	4.78232e-18
9113.00	4.7484e-18
9114.00	4.90379e-18
9115.00	5.09077e-18
9116.00	5.32347e-18
9117.00	5.67178e-18
9118.00	6.17718e-18
9119.00	7.19033e-18
9120.00	8.25082e-18
9121.00	8.06835e-18
9122.00	8.15593e-18
9123.00	8.08356e-18
9124.00	7.59384e-18
9125.00	6.22441e-18
9126.00	5.57011e-18
9127.00	5.37959e-18
9128.00	5.42701e-18
9129.00	6.05217e-18
9130.00	7.50588e-18
9131.00	8.50291e-18
9132.00	7.29965e-18
9133.00	6.3332e-18
9134.00	6.49938e-18
9135.00	7.22802e-18
9136.00	6.22989e-18
9137.00	6.24771e-18
9138.00	6.70812e-18
9139.00	7.2309e-18
9140.00	7.17148e-18
9141.00	7.38363e-18
9142.00	7.59486e-18
9143.00	7.70376e-18
9144.00	9.50461e-18
9145.00	1.01513e-17
9146.00	9.09189e-18
9147.00	6.2391e-18
9148.00	5.79255e-18
9149.00	6.26115e-18
9150.00	6.73828e-18
9151.00	6.01175e-18
9152.00	4.74637e-18
9153.00	4.75297e-18
9154.00	6.7283e-18
9155.00	9.44499e-18
9156.00	1.02906e-17
9157.00	1.00905e-17
9158.00	9.63583e-18
9159.00	7.34673e-18
9160.00	6.99047e-18
9161.00	7.59273e-18
9162.00	6.73262e-18
9163.00	6.4082e-18
9164.00	6.37779e-18
9165.00	6.4897e-18
9166.00	6.29931e-18
9167.00	7.48634e-18
9168.00	8.21295e-18
9169.00	7.72073e-18
9170.00	7.31109e-18
9171.00	6.59929e-18
9172.00	5.91012e-18
9173.00	5.72362e-18
9174.00	8.08518e-18
9175.00	9.05986e-18
9176.00	8.15314e-18
9177.00	5.73645e-18
9178.00	4.46922e-18
9179.00	4.74038e-18
9180.00	5.98293e-18
9181.00	6.29023e-18
9182.00	5.45756e-18
9183.00	5.04469e-18
9184.00	5.75887e-18
9185.00	6.69922e-18
9186.00	5.88452e-18
9187.00	4.59959e-18
9188.00	4.229e-18
9189.00	4.64372e-18
9190.00	4.27611e-18
9191.00	3.83336e-18
9192.00	4.91026e-18
9193.00	6.93712e-18
9194.00	7.84753e-18
9195.00	7.36997e-18
9196.00	6.83164e-18
9197.00	7.34337e-18
9198.00	7.29106e-18
9199.00	6.21177e-18
9200.00	6.69422e-18
9201.00	7.30728e-18
9202.00	6.89694e-18
9203.00	4.69552e-18
9204.00	4.22087e-18
9205.00	4.23897e-18
9206.00	4.29271e-18
9207.00	3.92473e-18
9208.00	4.69754e-18
9209.00	4.29986e-18
9210.00	3.32038e-18
9211.00	5.9139e-18
9212.00	7.68924e-18
9213.00	8.44338e-18
9214.00	8.00244e-18
9215.00	6.20404e-18
9216.00	6.62966e-18
9217.00	7.70393e-18
9218.00	7.52253e-18
9219.00	7.14813e-18
9220.00	7.27721e-18
9221.00	7.20873e-18
9222.00	5.36138e-18
9223.00	5.10552e-18
9224.00	4.65288e-18
9225.00	3.97516e-18
9226.00	4.65598e-18
9227.00	6.54325e-18
9228.00	7.55542e-18
9229.00	6.64725e-18
9230.00	5.40259e-18
9231.00	7.13542e-18
9232.00	9.17771e-18
9233.00	8.47348e-18
9234.00	7.58804e-18
9235.00	7.72646e-18
9236.00	8.41439e-18
9237.00	8.19452e-18
9238.00	8.07305e-18
9239.00	7.91857e-18
9240.00	7.71558e-18
9241.00	7.35406e-18
9242.00	7.9238e-18
9243.00	8.80117e-18
9244.00	9.38865e-18
9245.00	8.71413e-18
9246.00	8.46351e-18
9247.00	8.60351e-18
9248.00	8.85835e-18
9249.00	8.38843e-18
9250.00	8.5531e-18
9251.00	9.12104e-18
9252.00	9.1139e-18
9253.00	8.84979e-18
9254.00	8.16407e-18
9255.00	6.84267e-18
9256.00	3.91388e-18
9257.00	4.51386e-18
9258.00	6.64549e-18
9259.00	8.31626e-18
9260.00	6.32761e-18
9261.00	4.67846e-18
9262.00	3.56906e-18
9263.00	2.7966e-18
9264.00	4.95726e-18
9265.00	4.78859e-18
9266.00	3.13472e-18
9267.00	4.17823e-18
9268.00	4.4655e-18
9269.00	4.91393e-18
9270.00	5.61262e-18
9271.00	5.9857e-18
9272.00	5.96122e-18
9273.00	5.51472e-18
9274.00	4.85021e-18
9275.00	5.33213e-18
9276.00	5.8237e-18
9277.00	5.76772e-18
9278.00	4.77931e-18
9279.00	5.90574e-18
9280.00	7.11085e-18
9281.00	7.20051e-18
9282.00	4.61006e-18
9283.00	3.35858e-18
9284.00	3.05423e-18
9285.00	3.40816e-18
9286.00	3.51017e-18
9287.00	3.57988e-18
9288.00	4.10311e-18
9289.00	5.17897e-18
9290.00	5.02845e-18
9291.00	4.58636e-18
9292.00	4.17041e-18
9293.00	4.0617e-18
9294.00	5.60292e-18
9295.00	6.90993e-18
9296.00	7.411e-18
9297.00	6.96077e-18
9298.00	6.75426e-18
9299.00	5.82266e-18
9300.00	4.49001e-18
9301.00	5.73704e-18
9302.00	3.84884e-18
9303.00	9.7828e-19
9304.00	-6.0751e-19
9305.00	2.82058e-18
9306.00	2.13643e-18
9307.00	1.39723e-18
9308.00	7.04366e-18
9309.00	7.59654e-18
9310.00	4.29688e-18
9311.00	1.59683e-18
9312.00	1.03642e-17
9313.00	4.63837e-18
9314.00	1.47244e-18
9315.00	6.14587e-18
9316.00	1.06442e-17
9317.00	9.33702e-18
9318.00	6.28709e-18
9319.00	4.53891e-18
9320.00	-9.41854e-19
9321.00	1.38446e-18
9322.00	5.29448e-18
9323.00	7.34615e-19
9324.00	4.29556e-18
9325.00	8.53991e-18
9326.00	1.25928e-17
9327.00	1.95947e-17
9328.00	1.96609e-17
9329.00	1.48302e-17
9330.00	7.8604e-18
9331.00	5.93235e-18
9332.00	6.20234e-18
9333.00	7.05038e-18
9334.00	7.23288e-18
9335.00	7.30538e-18
9336.00	9.23181e-18
9337.00	1.046e-17
9338.00	7.21871e-18
9339.00	7.01319e-18
9340.00	6.45815e-18
9341.00	4.92933e-18
9342.00	2.32779e-18
9343.00	5.3202e-18
9344.00	9.99873e-18
9345.00	1.28895e-17
9346.00	7.8937e-18
9347.00	2.52498e-18
9348.00	8.68973e-19
9349.00	5.11636e-18
9350.00	6.14498e-18
9351.00	5.20872e-18
9352.00	3.87681e-18
9353.00	4.23068e-18
9354.00	4.87271e-18
9355.00	7.08024e-18
9356.00	8.80965e-18
9357.00	3.72404e-18
9358.00	3.24063e-18
9359.00	5.54871e-18
9360.00	8.35123e-18
9361.00	4.52807e-18
9362.00	3.32271e-18
9363.00	4.1681e-18
9364.00	6.01345e-18
9365.00	8.3923e-18
9366.00	8.73136e-18
9367.00	7.62856e-18
9368.00	6.64539e-18
9369.00	6.62956e-18
9370.00	7.07673e-18
9371.00	8.94482e-18
9372.00	1.59766e-17
9373.00	1.51324e-17
9374.00	1.22327e-17
9375.00	9.76564e-18
9376.00	4.51706e-18
9377.00	2.52234e-18
9378.00	6.69737e-18
9379.00	1.69192e-17
9380.00	6.80881e-18
9381.00	1.26655e-18
9382.00	5.78855e-18
9383.00	2.23303e-17
9384.00	1.90126e-17
9385.00	1.08315e-17
9386.00	3.92447e-18
9387.00	2.11907e-18
9388.00	2.0903e-18
9389.00	4.17215e-18
9390.00	7.80159e-18
9391.00	1.08425e-17
9392.00	9.18196e-18
9393.00	6.09656e-18
9394.00	5.09896e-18
9395.00	6.72386e-18
9396.00	7.2222e-18
9397.00	6.76331e-18
9398.00	6.7955e-18
9399.00	7.55038e-18
9400.00	8.12687e-18
9401.00	8.03005e-18
9402.00	6.57243e-18
9403.00	7.15674e-18
9404.00	8.51788e-18
9405.00	9.30864e-18
9406.00	6.29298e-18
9407.00	5.44972e-18
9408.00	5.31036e-18
9409.00	4.12981e-18
9410.00	3.9037e-18
9411.00	6.14878e-18
9412.00	9.42201e-18
9413.00	1.10673e-17
9414.00	7.94835e-18
9415.00	3.73093e-18
9416.00	5.02697e-19
9417.00	-6.03975e-19
9418.00	4.57373e-18
9419.00	1.26375e-17
9420.00	1.90083e-17
9421.00	1.13899e-17
9422.00	6.35673e-18
9423.00	5.67671e-18
9424.00	9.07123e-18
9425.00	8.24597e-18
9426.00	7.53152e-18
9427.00	6.69154e-18
9428.00	4.0384e-18
9429.00	-2.91155e-19
9430.00	-4.95407e-20
9431.00	4.44869e-18
9432.00	5.31619e-18
9433.00	4.31587e-18
9434.00	3.44987e-18
9435.00	3.6902e-18
9436.00	2.84916e-18
9437.00	1.73692e-18
9438.00	1.37626e-18
9439.00	3.04179e-18
9440.00	1.16955e-17
9441.00	2.03422e-17
9442.00	2.19737e-17
9443.00	6.20704e-18
9444.00	5.06088e-18
9445.00	9.47137e-18
9446.00	1.31341e-17
9447.00	4.56949e-18
9448.00	1.69391e-18
9449.00	1.23869e-18
9450.00	1.36377e-18
9451.00	3.76518e-18
9452.00	6.16303e-18
9453.00	7.20931e-18
9454.00	5.85799e-18
9455.00	3.8678e-18
9456.00	5.72859e-18
9457.00	9.15879e-18
9458.00	7.7343e-18
9459.00	9.75006e-18
9460.00	1.07148e-17
9461.00	8.30233e-18
9462.00	-6.51577e-19
9463.00	-1.59645e-18
9464.00	1.54315e-18
9465.00	5.71923e-18
9466.00	1.00159e-17
9467.00	1.3222e-17
9468.00	1.25186e-17
9469.00	5.42484e-18
9470.00	1.74268e-19
9471.00	4.69169e-19
9472.00	6.661e-18
9473.00	1.83155e-17
9474.00	1.91529e-17
9475.00	1.48083e-17
9476.00	8.90508e-18
9477.00	6.34045e-18
9478.00	5.36485e-18
9479.00	7.16577e-18
9480.00	1.1388e-17
9481.00	1.12956e-17
9482.00	6.36434e-18
9483.00	1.65582e-18
9484.00	3.00557e-18
9485.00	5.63661e-18
9486.00	9.41252e-18
9487.00	1.23146e-17
9488.00	1.09515e-17
9489.00	7.15165e-18
9490.00	5.86022e-18
9491.00	7.85157e-18
9492.00	7.64286e-18
9493.00	6.33988e-18
9494.00	7.09793e-18
9495.00	1.09394e-17
9496.00	9.10054e-18
9497.00	4.27496e-18
9498.00	3.34452e-19
9499.00	1.34616e-18
9500.00	-1.11806e-18
9501.00	-2.06184e-19
9502.00	4.6131e-18
9503.00	1.20135e-17
9504.00	1.04787e-17
9505.00	7.80065e-18
9506.00	6.97663e-18
9507.00	6.61281e-18
9508.00	6.50089e-18
9509.00	7.1082e-18
9510.00	7.91515e-18
9511.00	1.66512e-18
9512.00	2.04733e-18
9513.00	5.64616e-18
9514.00	5.8615e-18
9515.00	2.38014e-18
9516.00	-2.03797e-19
9517.00	-8.94709e-19
9518.00	-6.39763e-19
9519.00	1.74461e-18
9520.00	2.58176e-18
9521.00	1.14776e-18
9522.00	1.47104e-18
9523.00	1.96682e-18
9524.00	2.42728e-18
9525.00	2.86294e-18
9526.00	4.23753e-18
9527.00	7.60643e-18
9528.00	1.05413e-17
9529.00	9.79927e-18
9530.00	7.90049e-18
9531.00	6.98984e-18
9532.00	7.26332e-18
9533.00	7.50355e-18
9534.00	7.88733e-18
9535.00	7.81385e-18
9536.00	7.26989e-18
9537.00	7.36783e-18
9538.00	7.71199e-18
9539.00	7.90693e-18
9540.00	7.78146e-18
