4353.00	1.33626e-17
4355.60	1.34058e-17
4358.20	1.39783e-17
4360.80	1.45581e-17
4363.40	1.32277e-17
4366.00	1.29188e-17
4368.60	1.44289e-17
4371.20	1.3175e-17
4373.80	1.33594e-17
4376.40	1.36529e-17
4379.00	1.27291e-17
4381.60	1.3251e-17
4384.20	1.38378e-17
4386.80	1.4004e-17
4389.40	1.36195e-17
4392.00	1.36517e-17
4394.60	1.26855e-17
4397.20	1.31875e-17
4399.80	1.41608e-17
4402.40	1.38003e-17
4405.00	1.33333e-17
4407.60	1.40023e-17
4410.20	1.36631e-17
4412.80	1.2636e-17
4415.40	1.29874e-17
4418.00	1.34915e-17
4420.60	1.36539e-17
4423.20	1.3706e-17
4425.80	1.30649e-17
4428.40	1.30353e-17
4431.00	1.29753e-17
4433.60	1.36141e-17
4436.20	1.37781e-17
4438.80	1.33576e-17
4441.40	1.21918e-17
4444.00	1.32952e-17
4446.60	1.40337e-17
4449.20	1.36355e-17
4451.80	1.38764e-17
4454.40	1.36947e-17
4457.00	1.32242e-17
4459.60	1.34999e-17
4462.20	1.32202e-17
4464.80	1.32133e-17
4467.40	1.37045e-17
4470.00	1.27322e-17
4472.60	1.39783e-17
4475.20	1.35166e-17
4477.80	1.37634e-17
4480.40	1.4621e-17
4483.00	1.45833e-17
4485.60	1.6804e-17
4488.20	1.91522e-17
4490.80	2.11619e-17
4493.40	2.03352e-17
4496.00	1.76554e-17
4498.60	1.53683e-17
4501.20	1.39371e-17
4503.80	1.47462e-17
4506.40	1.55582e-17
4509.00	1.44269e-17
4511.60	1.39869e-17
4514.20	1.37684e-17
4516.80	1.40854e-17
4519.40	1.35963e-17
4522.00	1.4659e-17
4524.60	1.43738e-17
4527.20	1.46108e-17
4529.80	1.49098e-17
4532.40	1.47511e-17
4535.00	1.53928e-17
4537.60	1.46812e-17
4540.20	1.44969e-17
4542.80	1.4071e-17
4545.40	1.36127e-17
4548.00	1.48969e-17
4550.60	1.64076e-17
4553.20	1.41676e-17
4555.80	1.35251e-17
4558.40	1.4692e-17
4561.00	1.55085e-17
4563.60	1.43191e-17
4566.20	1.38219e-17
4568.80	1.51946e-17
4571.40	1.39363e-17
4574.00	1.42622e-17
4576.60	1.46474e-17
4579.20	1.4638e-17
4581.80	1.41073e-17
4584.40	1.51783e-17
4587.00	1.56601e-17
4589.60	1.46173e-17
4592.20	1.41882e-17
4594.80	1.50896e-17
4597.40	1.51373e-17
4600.00	1.43355e-17
4602.60	1.47491e-17
4605.20	1.43444e-17
4607.80	1.39273e-17
4610.40	1.43525e-17
4613.00	1.41404e-17
4615.60	1.43009e-17
4618.20	1.42125e-17
4620.80	1.30994e-17
4623.40	1.38097e-17
4626.00	1.42091e-17
4628.60	1.33719e-17
4631.20	1.26147e-17
4633.80	1.33133e-17
4636.40	1.36585e-17
4639.00	1.5603e-17
4641.60	1.5576e-17
4644.20	1.52192e-17
4646.80	1.58779e-17
4649.40	1.55646e-17
4652.00	1.46748e-17
4654.60	1.44124e-17
4657.20	1.50358e-17
4659.80	1.61166e-17
4662.40	1.53969e-17
4665.00	1.56856e-17
4667.60	1.47749e-17
4670.20	1.39206e-17
4672.80	1.46803e-17
4675.40	1.47072e-17
4678.00	1.36948e-17
4680.60	1.37804e-17
4683.20	1.43071e-17
4685.80	1.3217e-17
4688.40	1.35177e-17
4691.00	1.44152e-17
4693.60	1.42904e-17
4696.20	1.53026e-17
4698.80	1.43423e-17
4701.40	1.40412e-17
4704.00	1.53774e-17
4706.60	1.545e-17
4709.20	1.5532e-17
4711.80	1.51498e-17
4714.40	1.50349e-17
4717.00	1.49046e-17
4719.60	1.52036e-17
4722.20	1.50632e-17
4724.80	1.55723e-17
4727.40	1.57083e-17
4730.00	1.53659e-17
4732.60	1.48985e-17
4735.20	1.49228e-17
4737.80	1.42908e-17
4740.40	1.33571e-17
4743.00	1.45988e-17
4745.60	1.44858e-17
4748.20	1.48391e-17
4750.80	1.55094e-17
4753.40	1.61346e-17
4756.00	1.57795e-17
4758.60	1.5569e-17
4761.20	1.57957e-17
4763.80	1.56137e-17
4766.40	1.51309e-17
4769.00	1.50503e-17
4771.60	1.42857e-17
4774.20	1.48403e-17
4776.80	1.47058e-17
4779.40	1.46828e-17
4782.00	1.34101e-17
4784.60	1.32613e-17
4787.20	1.51235e-17
4789.80	1.47503e-17
4792.40	1.50099e-17
4795.00	1.50072e-17
4797.60	1.53758e-17
4800.20	1.57352e-17
4802.80	1.58201e-17
4805.40	1.56552e-17
4808.00	1.47399e-17
4810.60	1.51656e-17
4813.20	1.56077e-17
4815.80	1.56014e-17
4818.40	1.51083e-17
4821.00	1.5133e-17
4823.60	1.54113e-17
4826.20	1.52919e-17
4828.80	1.52557e-17
4831.40	1.5007e-17
4834.00	1.52383e-17
4836.60	1.50107e-17
4839.20	1.55884e-17
4841.80	1.46287e-17
4844.40	1.54622e-17
4847.00	1.65484e-17
4849.60	1.60359e-17
4852.20	1.57825e-17
4854.80	1.42943e-17
4857.40	1.5341e-17
4860.00	1.52799e-17
4862.60	1.42588e-17
4865.20	1.55584e-17
4867.80	1.53418e-17
4870.40	1.61865e-17
4873.00	1.5011e-17
4875.60	1.45402e-17
4878.20	1.47081e-17
4880.80	1.54821e-17
4883.40	1.51732e-17
4886.00	1.51e-17
4888.60	1.56257e-17
4891.20	1.47564e-17
4893.80	1.50831e-17
4896.40	1.63681e-17
4899.00	1.56193e-17
4901.60	1.51432e-17
4904.20	1.60329e-17
4906.80	1.59815e-17
4909.40	1.54852e-17
4912.00	1.4727e-17
4914.60	1.53973e-17
4917.20	1.44199e-17
4919.80	1.58423e-17
4922.40	1.52982e-17
4925.00	1.52762e-17
4927.60	1.5459e-17
4930.20	1.41038e-17
4932.80	1.51919e-17
4935.40	1.47367e-17
4938.00	1.52464e-17
4940.60	1.48354e-17
4943.20	1.45911e-17
4945.80	1.43932e-17
4948.40	1.44533e-17
4951.00	1.49851e-17
4953.60	1.58644e-17
4956.20	1.56589e-17
4958.80	1.6418e-17
4961.40	1.54934e-17
4964.00	1.59102e-17
4966.60	1.50736e-17
4969.20	1.52592e-17
4971.80	1.49356e-17
4974.40	1.51615e-17
4977.00	1.5342e-17
4979.60	1.55904e-17
4982.20	1.56866e-17
4984.80	1.64315e-17
4987.40	1.50236e-17
4990.00	1.56791e-17
4992.60	1.53948e-17
4995.20	1.44884e-17
4997.80	1.48722e-17
5000.40	1.45751e-17
5003.00	1.5052e-17
5005.60	1.43269e-17
5008.20	1.39678e-17
5010.80	1.43468e-17
5013.40	1.5851e-17
5016.00	1.47023e-17
5018.60	1.50633e-17
5021.20	1.50143e-17
5023.80	1.43455e-17
5026.40	1.46584e-17
5029.00	1.50199e-17
5031.60	1.52083e-17
5034.20	1.5122e-17
5036.80	1.46359e-17
5039.40	1.50137e-17
5042.00	1.52173e-17
5044.60	1.49325e-17
5047.20	1.49308e-17
5049.80	1.51367e-17
5052.40	1.50186e-17
5055.00	1.44924e-17
5057.60	1.44368e-17
5060.20	1.53046e-17
5062.80	1.52087e-17
5065.40	1.4986e-17
5068.00	1.53984e-17
5070.60	1.49516e-17
5073.20	1.41282e-17
5075.80	1.48216e-17
5078.40	1.48703e-17
5081.00	1.45286e-17
5083.60	1.39864e-17
5086.20	1.42407e-17
5088.80	1.48425e-17
5091.40	1.43891e-17
5094.00	1.42045e-17
5096.60	1.4183e-17
5099.20	1.38084e-17
5101.80	1.4343e-17
5104.40	1.4438e-17
5107.00	1.45003e-17
5109.60	1.47052e-17
5112.20	1.33995e-17
5114.80	1.41293e-17
5117.40	1.45199e-17
5120.00	1.41925e-17
5122.60	1.41329e-17
5125.20	1.45448e-17
5127.80	1.49127e-17
5130.40	1.43115e-17
5133.00	1.4504e-17
5135.60	1.45077e-17
5138.20	1.39451e-17
5140.80	1.43691e-17
5143.40	1.46437e-17
5146.00	1.44039e-17
5148.60	1.46911e-17
5151.20	1.40254e-17
5153.80	1.4265e-17
5156.40	1.49234e-17
5159.00	1.51085e-17
5161.60	1.43911e-17
5164.20	1.40671e-17
5166.80	1.41968e-17
5169.40	1.44104e-17
5172.00	1.44026e-17
5174.60	1.45315e-17
5177.20	1.4184e-17
5179.80	1.42186e-17
5182.40	1.36911e-17
5185.00	1.40612e-17
5187.60	1.46853e-17
5190.20	1.43806e-17
5192.80	1.42386e-17
5195.40	1.42124e-17
5198.00	1.47373e-17
5200.60	1.43465e-17
5203.20	1.47335e-17
5205.80	1.48638e-17
5208.40	1.46424e-17
5211.00	1.43066e-17
5213.60	1.44225e-17
5216.20	1.45121e-17
5218.80	1.39272e-17
5221.40	1.48498e-17
5224.00	1.51405e-17
5226.60	1.42927e-17
5229.20	1.51212e-17
5231.80	1.42508e-17
5234.40	1.51964e-17
5237.00	1.47536e-17
5239.60	1.44255e-17
5242.20	1.50164e-17
5244.80	1.43456e-17
5247.40	1.44658e-17
5250.00	1.48284e-17
5252.60	1.6093e-17
5255.20	1.48686e-17
5257.80	1.53749e-17
5260.40	1.5134e-17
5263.00	1.48486e-17
5265.60	1.41741e-17
5268.20	1.36691e-17
5270.80	1.38502e-17
5273.40	1.4396e-17
5276.00	1.46537e-17
5278.60	1.57302e-17
5281.20	1.40899e-17
5283.80	1.41986e-17
5286.40	1.465e-17
5289.00	1.47137e-17
5291.60	1.46572e-17
5294.20	1.47479e-17
5296.80	1.43636e-17
5299.40	1.43369e-17
5302.00	1.38771e-17
5304.60	1.33838e-17
5307.20	1.43954e-17
5309.80	1.40861e-17
5312.40	1.37754e-17
5315.00	1.47483e-17
5317.60	1.42891e-17
5320.20	1.44328e-17
5322.80	1.44967e-17
5325.40	1.43971e-17
5328.00	1.47012e-17
5330.60	1.44123e-17
5333.20	1.40407e-17
5335.80	1.44335e-17
5338.40	1.40042e-17
5341.00	1.38744e-17
5343.60	1.3852e-17
5346.20	1.37479e-17
5348.80	1.40087e-17
5351.40	1.48384e-17
5354.00	1.47377e-17
5356.60	1.34893e-17
5359.20	1.40731e-17
5361.80	1.45129e-17
5364.40	1.41582e-17
5367.00	1.43478e-17
5369.60	1.41285e-17
5372.20	1.36153e-17
5374.80	1.31772e-17
5377.40	1.42522e-17
5380.00	1.44565e-17
5382.60	1.39161e-17
5385.20	1.36413e-17
5387.80	1.4095e-17
5390.40	1.39952e-17
5393.00	1.38162e-17
5395.60	1.47311e-17
5398.20	1.45011e-17
5400.80	1.3871e-17
5403.40	1.46182e-17
5406.00	1.43218e-17
5408.60	1.36619e-17
5411.20	1.50457e-17
5413.80	1.4897e-17
5416.40	1.4579e-17
5419.00	1.45729e-17
5421.60	1.43377e-17
5424.20	1.43662e-17
5426.80	1.45469e-17
5429.40	1.46749e-17
5432.00	1.47163e-17
5434.60	1.49048e-17
5437.20	1.54915e-17
5439.80	1.47083e-17
5442.40	1.46366e-17
5445.00	1.49601e-17
5447.60	1.51536e-17
5450.20	1.5367e-17
5452.80	1.46881e-17
5455.40	1.44703e-17
5458.00	1.52327e-17
5460.60	1.53115e-17
5463.20	1.45811e-17
5465.80	1.50538e-17
5468.40	1.46858e-17
5471.00	1.45186e-17
5473.60	1.45696e-17
5476.20	1.4634e-17
5478.80	1.52259e-17
5481.40	1.55094e-17
5484.00	1.49944e-17
5486.60	1.49478e-17
5489.20	1.50538e-17
5491.80	1.49271e-17
5494.40	1.54891e-17
5497.00	1.53879e-17
5499.60	1.457e-17
5502.20	1.52551e-17
5504.80	1.51221e-17
5507.40	1.42716e-17
5510.00	1.42418e-17
5512.60	1.4203e-17
5515.20	1.48908e-17
5517.80	1.52407e-17
5520.40	1.48633e-17
5523.00	1.40218e-17
5525.60	1.46108e-17
5528.20	1.52395e-17
5530.80	1.39891e-17
5533.40	1.44397e-17
5536.00	1.5376e-17
5538.60	1.45341e-17
5541.20	1.44369e-17
5543.80	1.46987e-17
5546.40	1.50119e-17
5549.00	1.4389e-17
5551.60	1.42333e-17
5554.20	1.52416e-17
5556.80	1.515e-17
5559.40	1.46305e-17
5562.00	1.43418e-17
5564.60	1.43521e-17
5567.20	1.43624e-17
5569.80	1.43727e-17
5572.40	1.4383e-17
5575.00	1.43933e-17
5577.60	1.44036e-17
5580.20	1.44139e-17
5582.80	1.44242e-17
5585.40	1.44345e-17
5588.00	1.44448e-17
5590.60	1.44448e-17
5593.20	1.40377e-17
5595.80	1.34348e-17
5598.40	1.35527e-17
5601.00	1.40178e-17
5603.60	1.43525e-17
5606.20	1.41103e-17
5608.80	1.331e-17
5611.40	1.36174e-17
5614.00	1.46085e-17
5616.60	1.45454e-17
5619.20	1.40811e-17
5621.80	1.38942e-17
5624.40	1.34234e-17
5627.00	1.42084e-17
5629.60	1.47449e-17
5632.20	1.39695e-17
5634.80	1.40129e-17
5637.40	1.44035e-17
5640.00	1.42751e-17
5642.60	1.39224e-17
5645.20	1.31284e-17
5647.80	1.37457e-17
5650.40	1.41294e-17
5653.00	1.37546e-17
5655.60	1.38639e-17
5658.20	1.38314e-17
5660.80	1.39098e-17
5663.40	1.3854e-17
5666.00	1.32232e-17
5668.60	1.33345e-17
5671.20	1.37978e-17
5673.80	1.33003e-17
5676.40	1.28333e-17
5679.00	1.35604e-17
5681.60	1.38025e-17
5684.20	1.37963e-17
5686.80	1.39749e-17
5689.40	1.4032e-17
5692.00	1.38019e-17
5694.60	1.35648e-17
5697.20	1.39702e-17
5699.80	1.40789e-17
5702.40	1.37129e-17
5705.00	1.38647e-17
5707.60	1.38368e-17
5710.20	1.40469e-17
5712.80	1.43101e-17
5715.40	1.36018e-17
5718.00	1.31151e-17
5720.60	1.3613e-17
5723.20	1.40551e-17
5725.80	1.37498e-17
5728.40	1.36796e-17
5731.00	1.41215e-17
5733.60	1.35403e-17
5736.20	1.29913e-17
5738.80	1.356e-17
5741.40	1.35178e-17
5744.00	1.32591e-17
5746.60	1.36443e-17
5749.20	1.4047e-17
5751.80	1.43931e-17
5754.40	1.41435e-17
5757.00	1.40249e-17
5759.60	1.43822e-17
5762.20	1.42368e-17
5764.80	1.40914e-17
5767.40	1.39918e-17
5770.00	1.3803e-17
5772.60	1.40742e-17
5775.20	1.42757e-17
5777.80	1.37288e-17
5780.40	1.34632e-17
5783.00	1.36971e-17
5785.60	1.38602e-17
5788.20	1.43413e-17
5790.80	1.42576e-17
5793.40	1.43112e-17
5796.00	1.43846e-17
5798.60	1.41222e-17
5801.20	1.45927e-17
5803.80	1.47123e-17
5806.40	1.45145e-17
5809.00	1.44705e-17
5811.60	1.45332e-17
5814.20	1.45012e-17
5816.80	1.41143e-17
5819.40	1.38217e-17
5822.00	1.43072e-17
5824.60	1.40258e-17
5827.20	1.40454e-17
5829.80	1.47511e-17
5832.40	1.44482e-17
5835.00	1.47797e-17
5837.60	1.48992e-17
5840.20	1.45387e-17
5842.80	1.47465e-17
5845.40	1.51432e-17
5848.00	1.5414e-17
5850.60	1.6147e-17
5853.20	1.70175e-17
5855.80	1.7065e-17
5858.40	1.65242e-17
5861.00	1.5608e-17
5863.60	1.51485e-17
5866.20	1.52637e-17
5868.80	1.5347e-17
5871.40	1.51946e-17
5874.00	1.46462e-17
5876.60	1.50663e-17
5879.20	1.54429e-17
5881.80	1.55649e-17
5884.40	1.52559e-17
5887.00	1.41023e-17
5889.60	1.33643e-17
5892.20	1.35236e-17
5894.80	1.41431e-17
5897.40	1.31488e-17
5900.00	1.31527e-17
5902.60	1.3907e-17
5905.20	1.40944e-17
5907.80	1.36884e-17
5910.40	1.35645e-17
5913.00	1.37746e-17
5915.60	1.32294e-17
5918.20	1.33428e-17
5920.80	1.36321e-17
5923.40	1.37508e-17
5926.00	1.39235e-17
5928.60	1.3619e-17
5931.20	1.40485e-17
5933.80	1.4326e-17
5936.40	1.37926e-17
5939.00	1.35617e-17
5941.60	1.36634e-17
5944.20	1.38459e-17
5946.80	1.38808e-17
5949.40	1.34864e-17
5952.00	1.3257e-17
5954.60	1.38367e-17
5957.20	1.43122e-17
5959.80	1.39033e-17
5962.40	1.41131e-17
5965.00	1.47623e-17
5967.60	1.50648e-17
5970.20	1.55661e-17
5972.80	1.58428e-17
5975.40	1.58198e-17
5978.00	1.52353e-17
5980.60	1.40784e-17
5983.20	1.41662e-17
5985.80	1.46057e-17
5988.40	1.36485e-17
5991.00	1.37033e-17
5993.60	1.39071e-17
5996.20	1.4022e-17
5998.80	1.40503e-17
6001.40	1.4001e-17
6004.00	1.40804e-17
6006.60	1.37473e-17
6009.20	1.3733e-17
6011.80	1.39644e-17
6014.40	1.42544e-17
6017.00	1.28085e-17
6019.60	1.30168e-17
6022.20	1.45148e-17
6024.80	1.68289e-17
6027.40	1.71202e-17
6030.00	1.713e-17
6032.60	1.66082e-17
6035.20	1.54676e-17
6037.80	1.40478e-17
6040.40	1.34917e-17
6043.00	1.34205e-17
6045.60	1.34077e-17
6048.20	1.37369e-17
6050.80	1.32999e-17
6053.40	1.25075e-17
6056.00	1.35485e-17
6058.60	1.36205e-17
6061.20	1.33207e-17
6063.80	1.324e-17
6066.40	1.30574e-17
6069.00	1.32479e-17
6071.60	1.34899e-17
6074.20	1.35426e-17
6076.80	1.34234e-17
6079.40	1.28847e-17
6082.00	1.29918e-17
6084.60	1.36138e-17
6087.20	1.35689e-17
6089.80	1.30109e-17
6092.40	1.30335e-17
6095.00	1.30658e-17
6097.60	1.28903e-17
6100.20	1.31706e-17
6102.80	1.36984e-17
6105.40	1.33056e-17
6108.00	1.22042e-17
6110.60	1.2174e-17
6113.20	1.2892e-17
6115.80	1.29533e-17
6118.40	1.30423e-17
6121.00	1.29798e-17
6123.60	1.25654e-17
6126.20	1.29435e-17
6128.80	1.3642e-17
6131.40	1.33304e-17
6134.00	1.31509e-17
6136.60	1.33331e-17
6139.20	1.28254e-17
6141.80	1.32296e-17
6144.40	1.29985e-17
6147.00	1.29031e-17
6149.60	1.26848e-17
6152.20	1.23612e-17
6154.80	1.22344e-17
6157.40	1.30755e-17
6160.00	1.3089e-17
6162.60	1.27756e-17
6165.20	1.2879e-17
6167.80	1.22771e-17
6170.40	1.26117e-17
6173.00	1.29016e-17
6175.60	1.29167e-17
6178.20	1.25016e-17
6180.80	1.29239e-17
6183.40	1.36411e-17
6186.00	1.36212e-17
6188.60	1.34147e-17
6191.20	1.34688e-17
6193.80	1.28879e-17
6196.40	1.30494e-17
6199.00	1.27935e-17
6201.60	1.26236e-17
6204.20	1.29102e-17
6206.80	1.28799e-17
6209.40	1.28379e-17
6212.00	1.27762e-17
6214.60	1.29568e-17
6217.20	1.28249e-17
6219.80	1.26195e-17
6222.40	1.30418e-17
6225.00	1.2123e-17
6227.60	1.14233e-17
6230.20	1.25674e-17
6232.80	1.31015e-17
6235.40	1.30681e-17
6238.00	1.35654e-17
6240.60	1.29802e-17
6243.20	1.21983e-17
6245.80	1.29309e-17
6248.40	1.27452e-17
6251.00	1.26857e-17
6253.60	1.32066e-17
6256.20	1.24202e-17
6258.80	1.25562e-17
6261.40	1.34225e-17
6264.00	1.39751e-17
6266.60	1.26687e-17
6269.20	1.25463e-17
6271.80	1.21467e-17
6274.40	1.3009e-17
6277.00	1.26605e-17
6279.60	1.29489e-17
6282.20	1.24419e-17
6284.80	1.24144e-17
6287.40	1.37329e-17
6290.00	1.24554e-17
6292.60	1.32075e-17
6295.20	1.17306e-17
6297.80	1.30093e-17
6300.40	1.28779e-17
6303.00	1.27915e-17
6305.60	1.29252e-17
6308.20	1.29132e-17
6310.80	1.2447e-17
6313.40	1.24956e-17
6316.00	1.30852e-17
6318.60	1.33786e-17
6321.20	1.32185e-17
6323.80	1.2571e-17
6326.40	1.25733e-17
6329.00	1.25906e-17
6331.60	1.24431e-17
6334.20	1.31399e-17
6336.80	1.31433e-17
6339.40	1.27031e-17
6342.00	1.26889e-17
6344.60	1.25761e-17
6347.20	1.24865e-17
6349.80	1.22596e-17
6352.40	1.18735e-17
6355.00	1.21254e-17
6357.60	1.29127e-17
6360.20	1.2466e-17
6362.80	1.26658e-17
6365.40	1.34876e-17
6368.00	1.23676e-17
6370.60	1.29622e-17
6373.20	1.31865e-17
6375.80	1.26929e-17
6378.40	1.27569e-17
6381.00	1.33693e-17
6383.60	1.30878e-17
6386.20	1.31841e-17
6388.80	1.31564e-17
6391.40	1.26114e-17
6394.00	1.26139e-17
6396.60	1.2124e-17
6399.20	1.23399e-17
6401.80	1.31075e-17
6404.40	1.34559e-17
6407.00	1.28188e-17
6409.60	1.22598e-17
6412.20	1.29427e-17
6414.80	1.28143e-17
6417.40	1.20066e-17
6420.00	1.20975e-17
6422.60	1.24752e-17
6425.20	1.29732e-17
6427.80	1.30624e-17
6430.40	1.25533e-17
6433.00	1.19231e-17
6435.60	1.21187e-17
6438.20	1.23141e-17
6440.80	1.22877e-17
6443.40	1.29069e-17
6446.00	1.28198e-17
6448.60	1.21452e-17
6451.20	1.25649e-17
6453.80	1.20867e-17
6456.40	1.24704e-17
6459.00	1.23699e-17
6461.60	1.17842e-17
6464.20	1.23288e-17
6466.80	1.24173e-17
6469.40	1.19638e-17
6472.00	1.20958e-17
6474.60	1.26378e-17
6477.20	1.24684e-17
6479.80	1.19074e-17
6482.40	1.18453e-17
6485.00	1.12263e-17
6487.60	1.26225e-17
6490.20	1.23614e-17
6492.80	1.18837e-17
6495.40	1.15594e-17
6498.00	1.21137e-17
6500.60	1.32931e-17
6503.20	1.20621e-17
6505.80	1.19631e-17
6508.40	1.34475e-17
6511.00	1.22689e-17
6513.60	1.22818e-17
6516.20	1.22167e-17
6518.80	1.22366e-17
6521.40	1.20264e-17
6524.00	1.23717e-17
6526.60	1.25903e-17
6529.20	1.19993e-17
6531.80	1.27809e-17
6534.40	1.2754e-17
6537.00	1.20393e-17
6539.60	1.22918e-17
6542.20	1.18876e-17
6544.80	1.20682e-17
6547.40	1.2732e-17
6550.00	1.24731e-17
6552.60	1.20128e-17
6555.20	1.23447e-17
6557.80	1.29512e-17
6560.40	1.26832e-17
6563.00	1.18064e-17
6565.60	1.19939e-17
6568.20	1.2135e-17
6570.80	1.167e-17
6573.40	1.28262e-17
6576.00	1.21418e-17
6578.60	1.28437e-17
6581.20	1.14202e-17
6583.80	1.14535e-17
6586.40	1.189e-17
6589.00	1.313e-17
6591.60	1.29548e-17
6594.20	1.18124e-17
6596.80	1.13675e-17
6599.40	1.12172e-17
6602.00	1.20846e-17
6604.60	1.16181e-17
6607.20	1.14578e-17
6609.80	1.17671e-17
6612.40	1.19053e-17
6615.00	1.16957e-17
6617.60	1.16868e-17
6620.20	1.18222e-17
6622.80	1.15584e-17
6625.40	1.11995e-17
6628.00	1.11664e-17
6630.60	1.11855e-17
6633.20	1.145e-17
6635.80	1.14542e-17
6638.40	1.21028e-17
6641.00	1.19113e-17
6643.60	1.22981e-17
6646.20	1.18299e-17
6648.80	1.15286e-17
6651.40	1.18222e-17
6654.00	1.13147e-17
6656.60	1.19103e-17
6659.20	1.20043e-17
6661.80	1.15613e-17
6664.40	1.22053e-17
6667.00	1.22753e-17
6669.60	1.13721e-17
6672.20	1.15596e-17
6674.80	1.2134e-17
6677.40	1.22362e-17
6680.00	1.15114e-17
6682.60	1.20718e-17
6685.20	1.13332e-17
6687.80	1.0938e-17
6690.40	1.24132e-17
6693.00	1.20633e-17
6695.60	1.12545e-17
6698.20	1.19638e-17
6700.80	1.1474e-17
6703.40	1.16288e-17
6706.00	1.20341e-17
6708.60	1.0972e-17
6711.20	1.13078e-17
6713.80	1.20041e-17
6716.40	1.10353e-17
6719.00	1.18581e-17
6721.60	1.15463e-17
6724.20	1.08056e-17
6726.80	1.12439e-17
6729.40	1.1727e-17
6732.00	1.2312e-17
6734.60	1.1724e-17
6737.20	1.15074e-17
6739.80	1.19703e-17
6742.40	1.15285e-17
6745.00	1.13124e-17
6747.60	1.12154e-17
6750.20	1.13007e-17
6752.80	1.0894e-17
6755.40	1.21587e-17
6758.00	1.24729e-17
6760.60	1.16124e-17
6763.20	1.1576e-17
6765.80	1.13765e-17
6768.40	1.06568e-17
6771.00	1.18048e-17
6773.60	1.12614e-17
6776.20	1.16737e-17
6778.80	1.1753e-17
6781.40	1.14133e-17
6784.00	1.14671e-17
6786.60	1.1468e-17
6789.20	1.11713e-17
6791.80	1.06436e-17
6794.40	1.07352e-17
6797.00	1.1459e-17
6799.60	1.13753e-17
6802.20	1.12075e-17
6804.80	1.19014e-17
6807.40	1.14423e-17
6810.00	1.11275e-17
6812.60	1.10917e-17
6815.20	1.13899e-17
6817.80	1.15228e-17
6820.40	1.09073e-17
6823.00	1.00384e-17
6825.60	1.20972e-17
6828.20	1.13611e-17
6830.80	1.19539e-17
6833.40	1.14101e-17
6836.00	1.15535e-17
6838.60	1.11441e-17
6841.20	1.14314e-17
6843.80	1.17322e-17
6846.40	1.09354e-17
6849.00	1.11288e-17
6851.60	1.17168e-17
6854.20	1.1637e-17
6856.80	1.11021e-17
6859.40	1.16032e-17
6862.00	1.20343e-17
6864.60	1.18831e-17
6867.20	1.17318e-17
6869.80	1.15805e-17
6872.40	1.14293e-17
6875.00	1.1278e-17
6877.60	1.11267e-17
6880.20	1.11267e-17
6882.80	1.13986e-17
6885.40	1.14304e-17
6888.00	1.0973e-17
6890.60	1.01526e-17
6893.20	1.10243e-17
6895.80	1.12828e-17
6898.40	1.10108e-17
6901.00	1.13183e-17
6903.60	1.17656e-17
6906.20	1.15069e-17
6908.80	1.0824e-17
6911.40	1.10737e-17
6914.00	1.04266e-17
6916.60	1.00241e-17
6919.20	1.02563e-17
6921.80	1.01473e-17
6924.40	1.08439e-17
6927.00	1.18688e-17
6929.60	1.12362e-17
6932.20	1.02784e-17
6934.80	1.06998e-17
6937.40	1.10213e-17
6940.00	1.12138e-17
6942.60	1.15258e-17
6945.20	1.16627e-17
6947.80	1.13245e-17
6950.40	1.10873e-17
6953.00	1.12949e-17
6955.60	1.11126e-17
6958.20	1.12797e-17
6960.80	1.10059e-17
6963.40	1.11001e-17
6966.00	1.09656e-17
6968.60	1.09484e-17
6971.20	1.04741e-17
6973.80	1.17523e-17
6976.40	9.94616e-18
6979.00	1.06877e-17
6981.60	1.19459e-17
6984.20	1.11859e-17
6986.80	1.17981e-17
6989.40	1.12388e-17
6992.00	1.14855e-17
6994.60	1.13644e-17
6997.20	1.17688e-17
6999.80	1.21625e-17
7002.40	1.15854e-17
7005.00	1.14176e-17
7007.60	1.12351e-17
7010.20	1.16621e-17
7012.80	1.14721e-17
7015.40	1.09802e-17
7018.00	1.11328e-17
7020.60	1.14477e-17
7023.20	1.15856e-17
7025.80	1.15513e-17
7028.40	1.11874e-17
7031.00	1.09493e-17
7033.60	1.13089e-17
7036.20	1.11439e-17
7038.80	1.11573e-17
7041.40	1.16681e-17
7044.00	1.22675e-17
7046.60	1.19762e-17
7049.20	1.1684e-17
7051.80	1.15803e-17
7054.40	1.1625e-17
7057.00	1.19291e-17
7059.60	1.18662e-17
7062.20	1.16141e-17
7064.80	1.16479e-17
7067.40	1.16717e-17
7070.00	1.15395e-17
7072.60	1.14611e-17
7075.20	1.11204e-17
7077.80	1.16753e-17
7080.40	1.22087e-17
7083.00	1.13899e-17
7085.60	1.06522e-17
7088.20	1.1362e-17
7090.80	1.2477e-17
7093.40	1.24757e-17
7096.00	1.18281e-17
7098.60	1.19861e-17
7101.20	1.18693e-17
7103.80	1.13576e-17
7106.40	1.15951e-17
7109.00	1.18981e-17
7111.60	1.20816e-17
7114.20	1.15016e-17
7116.80	1.13953e-17
7119.40	1.11345e-17
7122.00	1.11852e-17
7124.60	1.15891e-17
7127.20	1.17187e-17
7129.80	1.188e-17
7132.40	1.17805e-17
7135.00	1.20226e-17
7137.60	1.24086e-17
7140.20	1.17477e-17
7142.80	1.12208e-17
7145.40	1.12004e-17
7148.00	1.14446e-17
7150.60	1.13897e-17
7153.20	1.19747e-17
7155.80	1.1601e-17
7158.40	1.16147e-17
7161.00	1.16738e-17
7163.60	1.1384e-17
7166.20	1.15805e-17
7168.80	1.17748e-17
7171.40	1.12324e-17
7174.00	1.14031e-17
7176.60	1.19185e-17
7179.20	1.14901e-17
7181.80	1.1895e-17
7184.40	1.1129e-17
7187.00	1.128e-17
7189.60	1.1351e-17
7192.20	1.12836e-17
7194.80	1.10761e-17
7197.40	1.12934e-17
7200.00	1.07741e-17
7202.60	1.09284e-17
7205.20	1.07513e-17
7207.80	1.11848e-17
7210.40	1.08994e-17
7213.00	1.111e-17
7215.60	1.05038e-17
7218.20	1.03852e-17
7220.80	1.08288e-17
7223.40	1.02401e-17
7226.00	1.00051e-17
7228.60	1.11074e-17
7231.20	1.14493e-17
7233.80	1.1777e-17
7236.40	1.20913e-17
7239.00	1.18336e-17
7241.60	1.16247e-17
7244.20	1.18991e-17
7246.80	1.11314e-17
7249.40	1.08232e-17
7252.00	1.19962e-17
7254.60	1.16785e-17
7257.20	1.04208e-17
7259.80	1.0654e-17
7262.40	1.14941e-17
7265.00	1.11136e-17
7267.60	1.05692e-17
7270.20	1.16558e-17
7272.80	1.1312e-17
7275.40	1.04231e-17
7278.00	1.11224e-17
7280.60	1.1795e-17
7283.20	1.20753e-17
7285.80	1.07534e-17
7288.40	1.06971e-17
7291.00	1.05185e-17
7293.60	9.86275e-18
7296.20	1.1123e-17
7298.80	1.20269e-17
7301.40	1.11008e-17
7304.00	1.07522e-17
7306.60	1.07935e-17
7309.20	1.08983e-17
7311.80	1.14356e-17
7314.40	1.08032e-17
7317.00	9.57886e-18
7319.60	1.00719e-17
7322.20	1.0458e-17
7324.80	9.72138e-18
7327.40	1.09471e-17
7330.00	1.12346e-17
7332.60	1.15296e-17
7335.20	1.24725e-17
7337.80	1.10058e-17
7340.40	1.04269e-17
7343.00	1.04689e-17
7345.60	1.0748e-17
7348.20	1.04791e-17
7350.80	9.83925e-18
7353.40	1.0591e-17
7356.00	1.04095e-17
7358.60	9.61285e-18
7361.20	1.06477e-17
7363.80	1.11489e-17
7366.40	1.03943e-17
7369.00	1.07177e-17
7371.60	1.13592e-17
7374.20	1.10801e-17
7376.80	1.12084e-17
7379.40	1.09683e-17
7382.00	1.06392e-17
7384.60	1.01958e-17
7387.20	1.02099e-17
7389.80	1.10264e-17
7392.40	1.10937e-17
7395.00	1.12737e-17
7397.60	1.0319e-17
7400.20	1.07223e-17
7402.80	1.12255e-17
7405.40	1.04344e-17
7408.00	9.84544e-18
7410.60	1.07068e-17
7413.20	1.10231e-17
7415.80	1.08723e-17
7418.40	1.09492e-17
7421.00	1.09467e-17
7423.60	1.02364e-17
7426.20	1.04679e-17
7428.80	1.0809e-17
7431.40	1.07454e-17
7434.00	1.07254e-17
7436.60	1.0767e-17
7439.20	1.01971e-17
7441.80	1.05962e-17
7444.40	1.11493e-17
7447.00	1.05359e-17
7449.60	1.08512e-17
7452.20	1.11943e-17
7454.80	1.06666e-17
7457.40	1.09967e-17
7460.00	1.07898e-17
7462.60	1.04126e-17
7465.20	1.02366e-17
7467.80	1.02723e-17
7470.40	1.03099e-17
7473.00	1.00772e-17
7475.60	1.00046e-17
7478.20	1.10345e-17
7480.80	1.09992e-17
7483.40	1.01739e-17
7486.00	1.06618e-17
7488.60	1.01337e-17
7491.20	9.57439e-18
7493.80	1.00524e-17
7496.40	1.01589e-17
7499.00	1.01662e-17
7501.60	1.04691e-17
7504.20	1.05048e-17
7506.80	1.02147e-17
7509.40	1.00195e-17
7512.00	1.04339e-17
7514.60	1.02821e-17
7517.20	1.03502e-17
7519.80	1.04866e-17
7522.40	9.3123e-18
7525.00	9.13379e-18
7527.60	1.07465e-17
7530.20	1.04039e-17
7532.80	9.6497e-18
7535.40	1.02697e-17
7538.00	1.00678e-17
7540.60	9.83947e-18
7543.20	1.03984e-17
7545.80	1.04733e-17
7548.40	1.02277e-17
7551.00	1.03467e-17
7553.60	1.09935e-17
7556.20	1.15053e-17
7558.80	1.09747e-17
7561.40	1.04286e-17
7564.00	1.07528e-17
7566.60	1.0477e-17
7569.20	1.02414e-17
7571.80	1.01923e-17
7574.40	1.02884e-17
7577.00	1.10587e-17
7579.60	1.05796e-17
7582.20	1.00953e-17
7584.80	1.09094e-17
7587.40	1.09433e-17
7590.00	1.09773e-17
7592.60	1.10113e-17
7595.20	1.10452e-17
7597.80	1.10792e-17
7600.40	1.11131e-17
7603.00	1.11471e-17
7605.60	1.1181e-17
7608.20	1.1215e-17
7610.80	1.12489e-17
7613.40	1.12829e-17
7616.00	1.13168e-17
7618.60	1.13508e-17
7621.20	1.13847e-17
7623.80	1.14187e-17
7626.40	1.14526e-17
7629.00	1.14866e-17
7631.60	1.14866e-17
7634.20	1.22589e-17
7636.80	1.22188e-17
7639.40	1.17509e-17
7642.00	1.11515e-17
7644.60	1.09571e-17
7647.20	1.19747e-17
7649.80	1.16519e-17
7652.40	1.09695e-17
7655.00	1.13158e-17
7657.60	1.15713e-17
7660.20	1.19529e-17
7662.80	1.20595e-17
7665.40	1.15936e-17
7668.00	1.13788e-17
7670.60	1.11151e-17
7673.20	1.09788e-17
7675.80	1.04435e-17
7678.40	1.02325e-17
7681.00	1.032e-17
7683.60	1.07039e-17
7686.20	1.11901e-17
7688.80	1.04375e-17
7691.40	1.01493e-17
7694.00	9.905e-18
7696.60	1.01541e-17
7699.20	1.11195e-17
7701.80	1.10498e-17
7704.40	1.07708e-17
7707.00	1.05776e-17
7709.60	1.07484e-17
7712.20	1.1207e-17
7714.80	1.09127e-17
7717.40	1.08767e-17
7720.00	1.07754e-17
7722.60	1.10083e-17
7725.20	1.13186e-17
7727.80	1.09169e-17
7730.40	1.1175e-17
7733.00	1.09591e-17
7735.60	1.00967e-17
7738.20	1.07368e-17
7740.80	1.10967e-17
7743.40	1.03976e-17
7746.00	1.14204e-17
7748.60	1.19053e-17
7751.20	1.12852e-17
7753.80	1.09175e-17
7756.40	1.11616e-17
7759.00	1.20105e-17
7761.60	1.18514e-17
7764.20	1.17939e-17
7766.80	1.19478e-17
7769.40	1.1594e-17
7772.00	1.16073e-17
7774.60	1.17303e-17
7777.20	1.20599e-17
7779.80	1.24288e-17
7782.40	1.20064e-17
7785.00	1.18185e-17
7787.60	1.20152e-17
7790.20	1.14552e-17
7792.80	1.10185e-17
7795.40	1.13572e-17
7798.00	1.13845e-17
7800.60	1.18449e-17
7803.20	1.24053e-17
7805.80	1.2052e-17
7808.40	1.15687e-17
7811.00	1.22615e-17
7813.60	1.2369e-17
7816.20	1.14434e-17
7818.80	1.1484e-17
7821.40	1.20423e-17
7824.00	1.28383e-17
7826.60	1.17035e-17
7829.20	1.12585e-17
7831.80	1.2851e-17
7834.40	1.29541e-17
7837.00	1.20672e-17
7839.60	1.15013e-17
7842.20	1.19235e-17
7844.80	1.236e-17
7847.40	1.17147e-17
7850.00	1.18105e-17
7852.60	1.2658e-17
7855.20	1.20672e-17
7857.80	1.13594e-17
7860.40	1.25678e-17
7863.00	1.23003e-17
7865.60	1.21715e-17
7868.20	1.35796e-17
7870.80	1.31715e-17
7873.40	1.27062e-17
7876.00	1.37507e-17
7878.60	1.22586e-17
7881.20	1.25103e-17
7883.80	1.36873e-17
7886.40	1.32603e-17
7889.00	1.33311e-17
7891.60	1.47078e-17
7894.20	1.48039e-17
7896.80	1.67491e-17
7899.40	1.90343e-17
7902.00	1.94825e-17
7904.60	1.92281e-17
7907.20	1.90727e-17
7909.80	1.8497e-17
7912.40	1.67142e-17
7915.00	1.28862e-17
7917.60	9.81456e-18
7920.20	1.10844e-17
7922.80	1.2752e-17
7925.40	1.38281e-17
7928.00	1.40402e-17
7930.60	1.26712e-17
7933.20	1.27081e-17
7935.80	1.3531e-17
7938.40	1.28708e-17
7941.00	1.21848e-17
7943.60	1.21019e-17
7946.20	1.20493e-17
7948.80	1.21331e-17
7951.40	1.24083e-17
7954.00	1.16239e-17
7956.60	1.08618e-17
7959.20	1.14812e-17
7961.80	1.21729e-17
7964.40	1.19665e-17
7967.00	1.22666e-17
7969.60	1.27861e-17
7972.20	1.24302e-17
7974.80	1.10947e-17
7977.40	1.0981e-17
7980.00	1.22577e-17
7982.60	1.14496e-17
7985.20	1.11744e-17
7987.80	9.27656e-18
7990.40	9.51087e-18
7993.00	1.1981e-17
7995.60	1.24982e-17
7998.20	1.25836e-17
8000.80	1.0814e-17
8003.40	1.09405e-17
8006.00	1.14611e-17
8008.60	1.17478e-17
8011.20	1.12996e-17
8013.80	1.09293e-17
8016.40	1.00993e-17
8019.00	9.82114e-18
8021.60	1.08328e-17
8024.20	1.19129e-17
8026.80	1.20375e-17
8029.40	1.18685e-17
8032.00	1.14439e-17
8034.60	1.06486e-17
8037.20	1.1411e-17
8039.80	1.16535e-17
8042.40	1.03827e-17
8045.00	1.07201e-17
8047.60	1.13117e-17
8050.20	1.1228e-17
8052.80	1.03253e-17
8055.40	9.71796e-18
8058.00	1.08006e-17
8060.60	1.21438e-17
8063.20	1.14505e-17
8065.80	1.12847e-17
8068.40	1.07714e-17
8071.00	1.04685e-17
8073.60	1.1232e-17
8076.20	1.23576e-17
8078.80	1.16521e-17
8081.40	1.10442e-17
8084.00	1.17055e-17
8086.60	1.2021e-17
8089.20	1.20966e-17
8091.80	1.22072e-17
8094.40	1.22866e-17
8097.00	1.06816e-17
8099.60	9.72046e-18
8102.20	1.13501e-17
8104.80	1.15129e-17
8107.40	1.15443e-17
8110.00	1.13915e-17
8112.60	9.77886e-18
8115.20	9.15112e-18
8117.80	1.02405e-17
8120.40	1.12267e-17
8123.00	9.86903e-18
8125.60	1.08028e-17
8128.20	1.13137e-17
8130.80	9.30124e-18
8133.40	1.04852e-17
8136.00	1.06695e-17
8138.60	1.11922e-17
8141.20	1.14736e-17
8143.80	1.07658e-17
8146.40	1.05777e-17
8149.00	9.98122e-18
8151.60	9.65716e-18
8154.20	9.95199e-18
8156.80	1.06982e-17
8159.40	1.05556e-17
8162.00	9.91222e-18
8164.60	1.01283e-17
8167.20	1.04098e-17
8169.80	1.01535e-17
8172.40	9.61115e-18
8175.00	9.8778e-18
8177.60	1.06264e-17
8180.20	1.00424e-17
8182.80	1.05457e-17
8185.40	1.13095e-17
8188.00	1.0175e-17
8190.60	1.01235e-17
8193.20	1.08282e-17
8195.80	1.05727e-17
8198.40	1.04878e-17
8201.00	1.03245e-17
8203.60	1.04156e-17
8206.20	1.01574e-17
8208.80	9.95689e-18
8211.40	9.93326e-18
8214.00	1.01071e-17
8216.60	9.56045e-18
8219.20	1.02493e-17
8221.80	1.0309e-17
8224.40	9.65523e-18
8227.00	1.05348e-17
8229.60	1.01693e-17
8232.20	1.06348e-17
8234.80	1.02185e-17
8237.40	9.47414e-18
8240.00	1.02269e-17
8242.60	9.64564e-18
8245.20	9.28829e-18
8247.80	1.01315e-17
8250.40	9.75315e-18
8253.00	8.57353e-18
8255.60	9.34549e-18
8258.20	8.63492e-18
8260.80	8.55626e-18
8263.40	1.05373e-17
8266.00	9.16837e-18
8268.60	1.02977e-17
8271.20	1.04486e-17
8273.80	9.95566e-18
8276.40	9.25251e-18
8279.00	8.80015e-18
8281.60	9.5203e-18
8284.20	9.02167e-18
8286.80	8.99215e-18
8289.40	8.95602e-18
8292.00	9.4403e-18
8294.60	1.02598e-17
8297.20	8.54007e-18
8299.80	8.64658e-18
8302.40	9.26298e-18
8305.00	6.94152e-18
8307.60	9.07199e-18
8310.20	7.97984e-18
8312.80	8.41514e-18
8315.40	8.36252e-18
8318.00	8.79282e-18
8320.60	8.67144e-18
8323.20	9.00291e-18
8325.80	8.52341e-18
8328.40	8.31464e-18
8331.00	9.83933e-18
8333.60	9.71495e-18
8336.20	9.59057e-18
8338.80	9.4662e-18
8341.40	9.34182e-18
8344.00	9.21745e-18
8346.60	9.09307e-18
8349.20	8.96869e-18
8351.80	8.96869e-18
8354.40	9.29191e-18
8357.00	9.76805e-18
8359.60	9.91436e-18
8362.20	9.97355e-18
8364.80	1.00179e-17
8367.40	9.69702e-18
8370.00	8.75924e-18
8372.60	9.26733e-18
8375.20	8.21272e-18
8377.80	9.86561e-18
8380.40	8.42959e-18
8383.00	8.40401e-18
8385.60	7.99014e-18
8388.20	7.35537e-18
8390.80	8.44911e-18
8393.40	9.39687e-18
8396.00	8.50746e-18
8398.60	9.11421e-18
8401.20	9.60699e-18
8403.80	7.6301e-18
8406.40	8.46244e-18
8409.00	9.23945e-18
8411.60	9.49179e-18
8414.20	8.69986e-18
8416.80	7.65933e-18
8419.40	8.53408e-18
8422.00	8.94926e-18
8424.60	8.39252e-18
8427.20	8.74026e-18
8429.80	8.09955e-18
8432.40	8.3843e-18
8435.00	7.1094e-18
8437.60	7.48875e-18
8440.20	7.86811e-18
8442.80	8.24746e-18
8445.40	8.62681e-18
8448.00	9.00616e-18
8450.60	9.38552e-18
8453.20	9.38552e-18
8455.80	9.63015e-18
8458.40	8.37679e-18
8461.00	8.94386e-18
8463.60	7.35575e-18
8466.20	7.51036e-18
8468.80	8.30052e-18
8471.40	7.93699e-18
8474.00	8.1754e-18
8476.60	8.18783e-18
8479.20	8.43796e-18
8481.80	8.49579e-18
8484.40	9.0234e-18
8487.00	9.31301e-18
8489.60	9.08612e-18
8492.20	9.28529e-18
8494.80	7.86748e-18
8497.40	8.58532e-18
8500.00	9.91991e-18
8502.60	8.145e-18
8505.20	8.89457e-18
8507.80	8.57836e-18
8510.40	8.61318e-18
8513.00	8.60634e-18
8515.60	8.01029e-18
8518.20	7.00644e-18
8520.80	8.92681e-18
8523.40	8.25395e-18
8526.00	8.94641e-18
8528.60	8.31855e-18
8531.20	7.66641e-18
8533.80	8.51226e-18
8536.40	8.9048e-18
8539.00	7.51804e-18
8541.60	7.46424e-18
8544.20	8.09146e-18
8546.80	7.84848e-18
8549.40	7.2015e-18
8552.00	7.0771e-18
8554.60	8.05082e-18
8557.20	8.54566e-18
8559.80	7.01366e-18
8562.40	8.58879e-18
8565.00	8.19835e-18
8567.60	8.57173e-18
8570.20	8.82968e-18
8572.80	1.0099e-17
8575.40	7.5712e-18
8578.00	8.63134e-18
8580.60	8.50747e-18
8583.20	8.25555e-18
8585.80	8.22504e-18
8588.40	9.02591e-18
8591.00	9.05903e-18
8593.60	7.13087e-18
8596.20	7.0897e-18
8598.80	8.56852e-18
8601.40	6.80721e-18
8604.00	7.63285e-18
8606.60	8.34971e-18
8609.20	7.59053e-18
8611.80	7.84831e-18
8614.40	8.09762e-18
8617.00	8.43158e-18
8619.60	6.38063e-18
8622.20	7.37511e-18
8624.80	9.03015e-18
8627.40	8.26687e-18
8630.00	1.03982e-17
8632.60	7.93903e-18
8635.20	7.34394e-18
8637.80	9.09385e-18
8640.40	7.74782e-18
8643.00	9.70465e-18
8645.60	5.7931e-18
8648.20	8.22225e-18
8650.80	6.87756e-18
8653.40	9.13036e-18
8656.00	8.51308e-18
8658.60	9.51893e-18
8661.20	9.86947e-18
8663.80	7.93382e-18
8666.40	7.44541e-18
8669.00	7.65811e-18
8671.60	7.5993e-18
8674.20	8.31008e-18
8676.80	7.01152e-18
8679.40	5.99167e-18
8682.00	8.13518e-18
8684.60	8.14631e-18
8687.20	6.53096e-18
8689.80	9.06947e-18
8692.40	9.53711e-18
8695.00	9.67289e-18
8697.60	8.45238e-18
8700.20	7.30385e-18
8702.80	7.83206e-18
8705.40	9.12493e-18
8708.00	8.4866e-18
8710.60	8.03863e-18
8713.20	6.28485e-18
8715.80	6.82303e-18
8718.40	6.41779e-18
8721.00	8.18138e-18
8723.60	9.8743e-18
8726.20	7.58542e-18
8728.80	6.8747e-18
8731.40	8.15068e-18
8734.00	8.02086e-18
8736.60	8.17741e-18
8739.20	7.51188e-18
8741.80	8.52097e-18
8744.40	8.53314e-18
8747.00	8.8311e-18
8749.60	9.04637e-18
8752.20	6.92486e-18
8754.80	7.69953e-18
8757.40	7.84373e-18
8760.00	6.5302e-18
8762.60	5.40987e-18
8765.20	7.35379e-18
8767.80	8.18346e-18
8770.40	5.1982e-18
8773.00	4.58103e-18
8775.60	9.63574e-18
8778.20	7.6465e-18
8780.80	7.84347e-18
8783.40	6.73886e-18
8786.00	7.40387e-18
8788.60	8.37502e-18
8791.20	7.53211e-18
8793.80	6.60972e-18
8796.40	7.23445e-18
8799.00	8.39733e-18
8801.60	9.60705e-18
8804.20	7.06569e-18
8806.80	6.11336e-18
8809.40	8.14572e-18
8812.00	7.81981e-18
8814.60	8.75534e-18
8817.20	6.72024e-18
8819.80	5.05826e-18
8822.40	8.31004e-18
8825.00	7.0489e-18
8827.60	4.93433e-18
8830.20	7.02191e-18
8832.80	5.69141e-18
8835.40	5.80791e-18
8838.00	9.91369e-18
8840.60	9.42479e-18
8843.20	8.03721e-18
8845.80	6.49843e-18
8848.40	8.42018e-18
8851.00	9.72979e-18
8853.60	8.3126e-18
8856.20	7.17889e-18
8858.80	6.95151e-18
8861.40	7.72529e-18
8864.00	7.64248e-18
8866.60	9.12536e-18
8869.20	7.87095e-18
8871.80	7.63848e-18
8874.40	6.73902e-18
8877.00	6.94943e-18
