# SOURCE  = 'Quimby et al. 2018' /                                                
# OBJECT  = 'PTF11hrq'           /                                                
# Z       =            0.0571000 / wavelengths divided by (1 + z)                 
# NORM    =          2.11955E-17 / fluxes divided by norm                         
# CLIPPED =                    1 / galaxy emission lines removed                  
# SMOOTHED=                    1 / spectrum has been smoothed                     
# COLUMN01= 'Wavelength (Angstrom)' /                                             
# COLUMN02= 'Flux Density (erg/s/cm2/A)' /                                        
# COLUMN03= 'Flux Density Uncertainty (erg/s/cm2/A)' /                            
# END                                                                             
# 
# 
# 
# 
# 
# 
# 
# 
# 
# 
   3155.1474810      1.3860731      0.0417889
   3158.2976184      1.3866791      0.0409995
   3161.4583371      1.3804114      0.0392368
   3164.6190557      1.3816546      0.0382258
   3167.7797744      1.3839335      0.0365834
   3170.9510744      1.3955331      0.0356950
   3174.1223744      1.4042639      0.0344049
   3177.2936744      1.4026400      0.0336989
   3180.4755557      1.4063097      0.0326198
   3183.6574371      1.4215951      0.0316483
   3186.8393184      1.4252204      0.0312332
   3190.0211997      1.4243737      0.0304762
   3193.2136624      1.4379183      0.0301183
   3196.4061250      1.4438326      0.0294956
   3199.6091690      1.4415740      0.0292693
   3202.8016316      1.4313399      0.0286749
   3206.0046756      1.4338754      0.0285498
   3209.2183009      1.4179510      0.0279827
   3212.4210867      1.4012188      0.0272039
   3215.6347121      1.4004962      0.0269644
   3218.8483374      1.4052995      0.0262785
   3222.0725440      1.4103998      0.0259269
   3225.2967506      1.4130117      0.0251810
   3228.5206991      1.4196715      0.0249038
   3231.7449057      1.4108516      0.0242544
   3234.9796936      1.3980101      0.0240419
   3238.2144816      1.3771461      0.0235460
   3241.4492695      1.3740448      0.0230499
   3244.6943807      1.3801061      0.0228586
   3247.9397500      1.3714613      0.0223559
   3251.1851193      1.3777626      0.0220873
   3254.4408117      1.3877356      0.0216392
   3257.6967624      1.3929178      0.0215958
   3260.9527129      1.3891433      0.0212142
   3264.2084055      1.3968756      0.0210156
   3267.4749374      1.3955495      0.0209964
   3270.7414693      1.4021062      0.0207348
   3274.0183244      1.4066696      0.0205886
   3277.2848564      1.4079670      0.0202925
   3280.5619695      1.4030554      0.0203040
   3283.8494060      1.4057486      0.0200060
   3287.1371006      1.4140375      0.0196292
   3290.4139557      1.4176306      0.0195684
   3293.7122316      1.4096955      0.0191040
   3296.9996681      1.4063814      0.0190466
   3300.2979440      1.3898793      0.0187159
   3303.5959617      1.3772414      0.0185433
   3306.9048190      1.3819845      0.0182051
   3310.2134181      1.3819156      0.0178146
   3313.5222753      1.3861191      0.0176674
   3316.8308744      1.3833154      0.0172220
   3320.1503129      1.3803617      0.0171366
   3323.4694934      1.3805878      0.0166923
   3326.7995133      1.3787439      0.0164178
   3330.1186936      1.3738312      0.0158221
   3333.4484555      1.3640946      0.0152797
   3336.7890566      1.3576146      0.0150464
   3340.1188184      1.3487632      0.0146462
   3343.4594195      1.3580524      0.0145491
   3346.8103440      1.3652413      0.0143088
   3350.1506871      1.3640699      0.0140307
   3353.5018695      1.3684040      0.0140330
   3356.8633753      1.3680567      0.0139239
   3360.2142997      1.3695197      0.0138775
   3363.5758055      1.3758169      0.0138254
   3366.9375693      1.3822714      0.0137862
   3370.3096564      1.3826894      0.0138479
   3373.6817434      1.3775815      0.0136131
   3377.0538305      1.3782254      0.0136443
   3380.4261756      1.3714328      0.0134546
   3383.8088440      1.3723946      0.0131247
   3387.1915124      1.3764580      0.0130472
   3390.5847621      1.3781705      0.0127718
   3393.9674305      1.3701615      0.0126564
   3397.3609383      1.3715004      0.0123132
   3400.7647693      1.3720868      0.0120587
   3404.1580190      1.3803594      0.0119853
   3407.5724314      1.3793162      0.0118036
   3410.9762624      1.3749454      0.0117092
   3414.3906747      1.3804539      0.0115906
   3417.8050871      1.3776063      0.0115003
   3421.2194994      1.3783991      0.0115100
   3424.6444931      1.3756810      0.0113303
   3428.0694867      1.3642938      0.0113700
   3431.4944805      1.3533047      0.0113329
   3434.9300555      1.3519664      0.0112322
   3438.3656305      1.3527348      0.0113203
   3441.8012055      1.3478311      0.0112428
   3445.2367805      1.3408595      0.0112839
   3448.6829367      1.3399079      0.0110746
   3452.1396744      1.3464922      0.0109731
   3455.5858307      1.3529643      0.0110345
   3459.0425684      1.3650891      0.0109939
   3462.4993060      1.3665961      0.0108567
   3465.9666250      1.3635125      0.0109606
   3469.4339440      1.3644608      0.0109141
   3472.9012629      1.3680675      0.0109828
   3476.3791633      1.3774484      0.0107940
   3479.8462241      1.3911363      0.0106964
   3483.3347057      1.3995522      0.0107338
   3486.8126060      1.4008832      0.0105973
   3490.3010876      1.4046377      0.0104621
   3493.7895693      1.4089941      0.0104049
   3497.2883741      1.4130040      0.0103246
   3500.7874371      1.4175353      0.0103262
   3504.2865000      1.4212798      0.0101378
   3507.7855629      1.4164279      0.0098836
   3511.2949491      1.4130737      0.0098102
   3514.8045934      1.3973771      0.0096487
   3518.3248190      1.3774309      0.0095612
   3521.8450445      1.3720237      0.0095460
   3525.3650121      1.3621980      0.0096108
   3528.8852376      1.3545924      0.0096948
   3532.4160445      1.3494235      0.0098326
   3535.9465934      1.3536007      0.0099449
   3539.4879816      1.3512133      0.0100038
   3543.0291117      1.3533551      0.0100985
   3546.5705000      1.3516904      0.0101666
   3550.1118883      1.3442649      0.0103512
   3553.6635997      1.3393557      0.0101856
   3557.2155693      1.3435366      0.0100719
   3560.7778621      1.3481538      0.0100542
   3564.3404129      1.3561862      0.0097893
   3567.9027057      1.3692344      0.0094965
   3571.4758379      1.3734590      0.0093424
   3575.0487121      1.3735776      0.0090940
   3578.6218443      1.3852872      0.0088693
   3582.1947184      1.3896039      0.0088419
   3585.7784319      1.3945733      0.0086775
   3589.3618874      1.3939890      0.0084945
   3592.9559241      1.3974133      0.0085269
   3596.5502190      1.3955832      0.0084936
   3600.1442557      1.3946304      0.0084852
   3603.7491319      1.3999053      0.0086028
   3607.3431686      1.4027183      0.0085292
   3610.9583681      1.4042070      0.0086089
   3614.5632443      1.4062155      0.0088030
   3618.1784436      1.4130909      0.0089280
   3621.8042244      1.4085768      0.0090462
   3625.4196819      1.4045047      0.0090807
   3629.0454626      1.4011819      0.0091662
   3632.6712434      1.3951263      0.0092367
   3636.3076055      1.4001194      0.0093801
   3639.9442256      1.4037405      0.0093416
   3643.5911690      1.3961537      0.0091481
   3647.2275310      1.3961473      0.0092020
   3650.8744744      1.3885384      0.0090821
   3654.5319991      1.3915870      0.0089532
   3658.1792006      1.3938566      0.0089539
   3661.8367253      1.3853101      0.0087984
   3665.5048314      1.3819482      0.0085648
   3669.1729374      1.3828377      0.0085286
   3672.8410434      1.3878061      0.0083688
   3676.5091494      1.3864021      0.0082424
   3680.1878367      1.3824189      0.0082604
   3683.8665241      1.3776727      0.0081867
   3687.5560509      1.3730578      0.0080803
   3691.2453195      1.3681273      0.0081839
   3694.9345883      1.3721465      0.0082279
   3698.6238569      1.3672827      0.0082726
   3702.3237069      1.3645765      0.0084031
   3706.0235569      1.3619685      0.0083950
   3709.7339883      1.3646747      0.0082413
   3713.4444195      1.3691697      0.0083145
   3717.1548509      1.3640563      0.0082797
   3720.8756055      1.3583491      0.0082664
   3724.5966181      1.3565497      0.0082700
   3728.3176307      1.3595243      0.0083865
   3732.0492247      1.3571382      0.0082986
   3735.7808186      1.3533499      0.0083623
   3739.5229940      1.3529944      0.0083881
   3743.2545879      1.3547503      0.0084805
   3746.9967633      1.3447303      0.0083933
   3750.7492617      1.3377432      0.0081626
   3754.5020184      1.3339047      0.0080219
   3758.2547750      1.3236490      0.0078817
   3762.0075316      1.3186007      0.0078915
   3765.7708695      1.3018188      0.0076865
   3769.5339494      1.2902064      0.0076113
   3773.3078686      1.2842714      0.0075580
   3777.0817879      1.2900923      0.0075354
   3780.8660305      1.2917753      0.0075946
   3784.6399497      1.2965043      0.0074419
   3788.4244503      1.2939478      0.0073773
   3792.2192741      1.2965189      0.0073465
   3796.0037747      1.2929510      0.0073409
   3799.7988566      1.2953936      0.0073186
   3803.6042617      1.2994393      0.0073204
   3807.4099250      1.3090013      0.0073612
   3811.2155883      1.3124530      0.0074258
   3815.0315747      1.3191488      0.0074742
   3818.8372379      1.3232683      0.0074815
   3822.6638057      1.3316495      0.0075055
   3826.4800503      1.3313899      0.0075158
   3830.3066181      1.3240578      0.0074906
   3834.1440253      1.3179649      0.0073999
   3837.9705931      1.3047841      0.0072165
   3841.8080003      1.3026597      0.0072188
   3845.6557307      1.3068570      0.0070740
   3849.5037193      1.3037671      0.0069417
   3853.3514497      1.2993828      0.0068150
   3857.2100195      1.2929616      0.0066250
   3861.0577500      1.2877527      0.0064894
   3864.9266431      1.2774183      0.0064819
   3868.7852129      1.2710751      0.0064059
   3872.6541060      1.2713227      0.0063259
   3876.5335805      1.2676517      0.0061895
   3880.4027316      1.2692271      0.0061325
   3884.2927874      1.2646157      0.0061124
   3888.1722617      1.2679368      0.0062000
   3892.0625756      1.2702875      0.0062421
   3895.9526314      1.2776210      0.0063517
   3899.8532684      1.2821397      0.0066246
   3903.7433241      1.2922102      0.0069843
   3907.6548006      1.3045502      0.0074597
   3911.5554376      1.3185011      0.0081680
   3915.4772374      1.3444991      0.0092387
   3919.3884557      1.3700536      0.0072868
   3923.3102555      1.3927498      0.0075642
   3927.2323133      1.4228655      0.0080012
   3931.1541129      1.4417840      0.0085010
   3935.0864940      1.4528283      0.0089892
   3939.0294564      1.4537385      0.0093595
   3942.9618374      1.4703836      0.0095475
   3946.9047997      1.4916238      0.0092693
   3950.8583434      1.5074081      0.0087410
   3954.8013057      1.4969056      0.0082054
   3958.7654307      1.4650837      0.0077444
   3962.7189744      1.4512551      0.0074399
   3966.6830994      1.4588664      0.0067315
   3970.6472244      1.4622372      0.0086748
   3974.6219307      1.4732803      0.0075763
   3978.5966371      1.4756364      0.0072048
   3982.5713434      1.4812369      0.0071013
   3986.5566310      1.5027640      0.0062935
   3990.5419186      1.5064200      0.0062232
   3994.5377876      1.5169755      0.0062477
   3998.5230753      1.5441718      0.0064629
   4002.5295256      1.5661054      0.0067669
   4006.5253945      1.5773430      0.0069988
   4010.5315867      1.5858809      0.0074471
   4014.5486184      1.6080353      0.0080466
   4018.5656500      1.6271237      0.0088637
   4022.5826816      1.6619476      0.0100882
   4026.5997133      1.6587311      0.0075085
   4030.6270681      1.6471951      0.0074491
   4034.6652624      1.6390295      0.0076292
   4038.6928753      1.6468205      0.0078572
   4042.7310695      1.6702429      0.0081217
   4046.7795871      1.7013941      0.0086439
   4050.8283626      1.7190506      0.0088496
   4054.8771383      1.6876312      0.0104811
   4058.9256557      1.7129799      0.0092437
   4062.9850126      1.7169797      0.0087302
   4067.0549509      1.7084579      0.0086759
   4071.1246310      1.7164347      0.0084908
   4075.1945693      1.7242577      0.0082046
   4079.2642494      1.7278496      0.0079035
   4083.3447690      1.7285140      0.0082894
   4087.4250305      1.7174670      0.0077550
   4091.5161314      1.7138325      0.0082673
   4095.6069741      1.7126950      0.0089998
   4099.7086564      1.7115741      0.0102567
   4103.7994991      1.7024139      0.0113302
   4107.9117626      1.6959829      0.0109970
   4112.0131867      1.6945500      0.0114417
   4116.1254503      1.6988149      0.0112351
   4120.2480371      1.7121053      0.0107827
   4124.3708819      1.7283430      0.0126017
   4128.4934686      1.7351968      0.0119818
   4132.6160555      1.7340035      0.0112992
   4136.7494816      1.7377954      0.0106936
   4140.8932310      1.7473065      0.0120854
   4145.0263991      1.7579294      0.0104287
   4149.1809879      1.7656084      0.0086953
   4153.3247374      1.7724407      0.0076104
   4157.4790681      1.7784315      0.0070619
   4161.6336569      1.7835743      0.0069413
   4165.7985690      1.7878639      0.0072166
   4169.9634810      1.7902848      0.0081419
   4174.1389744      1.7865624      0.0075082
   4178.3041445      1.7888126      0.0079732
   4182.4902193      1.7907220      0.0083861
   4186.6657126      1.8023702      0.0085960
   4190.8517874      1.8058319      0.0090339
   4195.0484434      1.8192151      0.0093165
   4199.2450994      1.8171089      0.0094254
   4203.4417555      1.8204514      0.0089275
   4207.6492509      1.8195897      0.0083486
   4211.8564883      1.8286579      0.0077853
   4216.0637256      1.8370304      0.0073242
   4220.2815443      1.8476975      0.0064090
   4224.4993629      1.8476169      0.0063567
   4228.7277629      1.8521574      0.0073309
   4232.9561629      1.8591146      0.0065855
   4237.1845629      1.8711725      0.0061163
   4241.4235443      1.8751462      0.0057984
   4245.6625256      1.8728763      0.0055657
   4249.9120883      1.8723229      0.0053932
   4254.1616509      1.8771797      0.0052555
   4258.4215367      1.8763210      0.0052483
   4262.6710994      1.8734550      0.0052452
   4266.9418247      1.8775002      0.0052474
   4271.2125500      1.8813252      0.0052528
   4275.4832753      1.8819658      0.0052576
   4279.7540006      1.8770287      0.0052463
   4284.0350491      1.8767141      0.0052999
   4288.3163557      1.8723885      0.0054560
   4292.6082436      1.8710525      0.0056494
   4296.9001316      1.8657680      0.0059071
   4301.1920195      1.8578867      0.0062738
   4305.4942307      1.8414379      0.0068517
   4309.8072814      1.8266170      0.0058607
   4314.1097506      1.8215886      0.0060373
   4318.4331244      1.8111860      0.0063580
   4322.7461750      1.7867532      0.0067486
   4327.0698069      1.7636071      0.0071673
   4331.3934388      1.7413189      0.0075613
   4335.7271359      1.7218589      0.0078254
   4340.0613491      1.7090997      0.0075099
   4344.4064018      1.7049434      0.0071579
   4348.7509383      1.7026695      0.0067489
   4353.0954747      1.7124304      0.0063395
   4357.4508506      1.7197603      0.0059845
   4361.8062265      1.7244428      0.0057268
   4366.1719256      1.7331976      0.0057057
   4370.5376247      1.7532530      0.0065557
   4374.9033239      1.7655145      0.0060303
   4379.2798624      1.7707891      0.0056094
   4383.6667241      1.7733378      0.0053911
   4388.0432626      1.7769834      0.0052322
   4392.4409638      1.7800111      0.0051141
   4396.8278256      1.7794772      0.0051565
   4401.2255268      1.7816023      0.0052037
   4405.6227117      1.7792085      0.0052406
   4410.0307362      1.7738649      0.0052712
   4414.4392768      1.7704856      0.0052977
   4418.8576244      1.7674586      0.0053142
   4423.2764883      1.7706825      0.0053179
   4427.7056753      1.7663025      0.0053258
   4432.1245391      1.7599564      0.0052855
   4436.5640494      1.7632948      0.0052405
   4440.9932365      1.7590739      0.0052153
   4445.4332629      1.7527848      0.0052087
   4449.8836126      1.7524874      0.0052129
   4454.3339624      1.7515223      0.0052192
   4458.7843121      1.7482626      0.0052219
   4463.2455011      1.7434123      0.0052255
   4467.7061741      1.7344966      0.0052220
   4472.1776865      1.7351083      0.0051992
   4476.6491989      1.7333888      0.0051785
   4481.1315506      1.7267292      0.0051496
   4485.6133862      1.7221466      0.0051156
   4490.0957379      1.7166954      0.0050807
   4494.5884129      1.7210793      0.0050441
   4499.0810879      1.7266455      0.0050190
   4503.5840862      1.7288179      0.0050085
   4508.0876006      1.7276306      0.0050233
   4512.5905989      1.7225735      0.0050564
   4517.1044365      1.7110817      0.0050556
   4521.6182741      1.6996754      0.0050665
   4526.1429511      1.6851861      0.0050830
   4530.6671121      1.6800236      0.0050421
   4535.2021124      1.6767639      0.0051741
   4539.7371126      1.6691504      0.0053379
   4544.2721129      1.6623052      0.0055430
   4548.8174365      1.6538490      0.0058239
   4553.3735994      1.6467606      0.0062295
   4557.9194391      1.6485301      0.0053433
   4562.4859253      1.6416759      0.0055477
   4567.0420883      1.6361268      0.0057978
   4571.6085744      1.6407223      0.0061101
   4576.1859000      1.6446669      0.0063032
   4580.7632256      1.6619793      0.0065836
   4585.3405511      1.6621728      0.0067739
   4589.9282000      1.6785561      0.0068130
   4594.5158489      1.6960140      0.0065664
   4599.1143371      1.7022094      0.0062488
   4603.7128253      1.7023565      0.0059087
   4608.3113135      1.7089947      0.0055938
   4612.9201250      1.7193151      0.0052547
   4617.5397759      1.7222373      0.0050836
   4622.1485874      1.7288969      0.0062031
   4626.7785615      1.7300978      0.0056899
   4631.3982124      1.7293953      0.0053549
   4636.0281865      1.7286184      0.0051229
   4640.6690000      1.7259983      0.0049554
   4645.3098135      1.7236282      0.0048277
   4649.9609503      1.7161201      0.0047889
   4654.6017638      1.7159277      0.0048017
   4659.2632239      1.7112072      0.0048144
   4663.9252000      1.7056694      0.0048275
   4668.5871761      1.7026262      0.0048989
   4673.2486362      1.7044508      0.0049015
   4677.9317750      1.7109860      0.0048430
   4682.6040744      1.7097610      0.0048348
   4687.2872133      1.7062302      0.0048281
   4691.9806753      1.7099271      0.0048266
   4696.6638141      1.7125355      0.0048111
   4701.3675994      1.7120003      0.0048056
   4706.0610615      1.7080867      0.0048616
   4710.7756862      1.7076231      0.0048132
   4715.4799876      1.7043287      0.0048241
   4720.2054518      1.7052851      0.0048341
   4724.9200765      1.7042381      0.0048417
   4729.6450244      1.7072868      0.0048468
   4734.3808117      1.7134278      0.0048449
   4739.1062759      1.7185142      0.0047731
   4743.8523865      1.7245063      0.0048148
   4748.5881739      1.7270176      0.0047996
   4753.3451239      1.7308013      0.0047831
   4758.0917506      1.7304144      0.0047658
   4762.8487006      1.7317636      0.0046926
   4767.6159739      1.7296255      0.0046845
   4772.3837633      1.7233936      0.0046827
   4777.1618759      1.7173854      0.0047509
   4781.9291491      1.7164005      0.0047664
   4786.7181011      1.7101991      0.0047105
   4791.5065371      1.7097944      0.0047188
   4796.2954891      1.7150338      0.0047334
   4801.0942482      1.7190375      0.0047515
   4805.8935235      1.7212778      0.0048344
   4810.7036383      1.7333308      0.0048125
   4815.5132367      1.7395946      0.0048362
   4820.3233515      1.7524636      0.0048559
   4825.1432732      1.7576345      0.0048689
   4829.9745506      1.7618771      0.0048743
   4834.8053117      1.7676673      0.0048741
   4839.6365891      1.7696729      0.0048553
   4844.4776735      1.7708791      0.0048280
   4849.3192741      1.7703274      0.0047964
   4854.1717141      1.7652895      0.0047123
   4859.0236379      1.7549739      0.0047359
   4863.8864011      1.7440232      0.0047163
   4868.7486482      1.7314444      0.0047014
   4873.6222509      1.7209630      0.0046422
   4878.4953374      1.7094208      0.0046455
   4883.3684239      1.7052299      0.0047053
   4888.2523497      1.7039922      0.0047063
   4893.1465989      1.6990361      0.0047058
   4898.0413641      1.6934240      0.0046529
   4902.9356133      1.6864443      0.0046530
   4907.8407018      1.6788626      0.0047024
   4912.7452741      1.6758876      0.0046973
   4917.6606859      1.6706610      0.0046499
   4922.5766138      1.6702096      0.0046534
   4927.5023489      1.6687608      0.0046597
   4932.4286000      1.6652111      0.0046647
   4937.3651744      1.6610515      0.0046702
   4942.2914256      1.6545587      0.0046797
   4947.2383232      1.6479403      0.0046871
   4952.1857371      1.6453780      0.0046948
   4957.1434741      1.6380622      0.0046949
   4962.1012112      1.6297415      0.0046949
   4967.0589482      1.6182231      0.0046939
   4972.0275247      1.6100885      0.0046426
   4976.9961011      1.6095078      0.0046941
   4981.9750009      1.6058106      0.0046974
   4986.9539006      1.6030406      0.0046603
   4991.9431235      1.6004351      0.0046586
   4996.9431859      1.5909781      0.0046944
   5001.9329250      1.5877273      0.0046795
   5006.9329874      1.5849081      0.0046519
   5011.9438891      1.5860420      0.0046825
   5016.9542747      1.5851871      0.0047720
   5021.9754997      1.5802605      0.0047617
   5026.9967247      1.5773776      0.0047811
   5032.0287891      1.5729477      0.0047949
   5037.0500141      1.5715050      0.0048123
   5042.0924018      1.5729052      0.0048001
   5047.1342732      1.5724449      0.0047757
   5052.1875003      1.5695965      0.0047953
   5057.2402112      1.5677651      0.0046913
   5062.2934383      1.5645173      0.0046509
   5067.3569885      1.5661987      0.0046157
   5072.4205388      1.5672934      0.0045806
   5077.4944124      1.5679888      0.0046264
   5082.5682859      1.5673678      0.0047679
   5087.6529989      1.5622920      0.0049700
   5092.7485511      1.5534658      0.0051630
   5097.8435874      1.5451661      0.0054486
   5102.9386235      1.5339477      0.0047721
   5108.0341759      1.5269783      0.0049299
   5113.1503747      1.5162107      0.0051466
   5118.2562503      1.5063076      0.0053079
   5123.3724491      1.4947993      0.0056996
   5128.4994874      1.4822032      0.0060176
   5133.6265256      1.4726439      0.0061382
   5138.7638871      1.4699885      0.0064271
   5143.9012485      1.4695140      0.0062524
   5149.0494494      1.4783864      0.0060484
   5154.1976503      1.4884174      0.0057147
   5159.3458511      1.4964762      0.0054626
   5164.5146985      1.5007555      0.0052117
   5169.6737388      1.5083247      0.0050276
   5174.8425862      1.5165966      0.0052693
   5180.0227891      1.5244988      0.0057681
   5185.2024759      1.5345463      0.0055396
   5190.3821626      1.5448453      0.0054700
   5195.5830121      1.5553989      0.0055170
   5200.7735383      1.5675122      0.0050186
   5205.9743876      1.5761104      0.0049774
   5211.1860765      1.5834634      0.0050815
   5216.3869259      1.5919060      0.0052052
   5221.6089379      1.5986784      0.0054608
   5226.8309500      1.6095164      0.0056295
   5232.0529621      1.6258122      0.0059522
   5237.2858135      1.6441408      0.0065677
   5242.5289883      1.6612275      0.0073522
   5247.7721629      1.6841165      0.0084052
   5253.0153376      1.7172233      0.0060158
   5258.2693518      1.7300695      0.0060356
   5263.5336891      1.7417544      0.0061902
   5268.7980265      1.7544509      0.0060892
   5274.0623638      1.7637106      0.0060768
   5279.3370244      1.7762343      0.0062510
   5284.6122011      1.8057178      0.0072553
   5289.8977011      1.8047961      0.0082757
   5295.1935244      1.7828032      0.0077053
   5300.4898638      1.7654901      0.0073269
   5305.7856871      1.7408192      0.0071097
   5311.0923497      1.7181157      0.0067348
   5316.3990124      1.6928738      0.0062151
   5321.7159982      1.6631926      0.0061501
   5327.0438235      1.6301603      0.0057419
   5332.3716489      1.5980392      0.0064754
   5337.7103135      1.5754997      0.0058170
   5343.0381388      1.5526518      0.0053236
   5348.3871268      1.5318933      0.0050604
   5353.7355985      1.5120667      0.0048470
   5359.0845865      1.4928206      0.0050254
   5364.4444138      1.4801301      0.0050660
   5369.8140482      1.4688263      0.0049258
   5375.1841989      1.4566058      0.0048158
   5380.5543494      1.4492050      0.0048130
   5385.9348232      1.4399345      0.0048121
   5391.3261365      1.4347805      0.0048083
   5396.7174497      1.4282117      0.0048095
   5402.1087629      1.4234258      0.0048115
   5407.5103994      1.4214971      0.0048169
   5412.9228753      1.4280641      0.0048212
   5418.3353511      1.4257574      0.0048290
   5423.7581503      1.4181343      0.0048468
   5429.1809494      1.4147356      0.0048620
   5434.6037485      1.4140191      0.0048328
   5440.0482265      1.4149557      0.0049040
   5445.4813489      1.4161355      0.0048752
   5450.9258268      1.4214202      0.0049482
   5456.3801117      1.4314921      0.0049203
   5461.8349129      1.4369237      0.0049973
   5467.3000374      1.4439397      0.0049736
   5472.7651617      1.4527442      0.0050105
   5478.2411256      1.4558572      0.0050308
   5483.7165732      1.4630913      0.0050808
   5489.2033765      1.4658006      0.0050810
   5494.6896635      1.4696088      0.0051369
   5500.1862739      1.4742392      0.0051650
   5505.6834003      1.4713134      0.0051647
   5511.1908500      1.4761761      0.0052481
   5516.7091391      1.4802395      0.0053570
   5522.2165888      1.4704871      0.0055947
   5527.7452011      1.4622087      0.0058227
   5533.2738135      1.4524745      0.0056109
   5538.8024259      1.4469908      0.0056422
   5544.3413615      1.4412143      0.0058932
   5549.8911365      1.4424710      0.0061589
   5555.4409115      1.4505891      0.0065766
   5560.9906865      1.4535102      0.0069261
   5566.5513009      1.4430395      0.0073197
   5572.1222385      1.4426237      0.0076666
   5577.6931761      1.4501880      0.0077673
   5583.2744371      1.4503869      0.0077852
   5588.8562141      1.4551280      0.0075059
   5594.4477982      1.4632574      0.0074016
   5600.0398985      1.4752170      0.0071477
   5605.6428383      1.4807678      0.0069717
   5611.2452617      1.4846562      0.0068205
   5616.8585247      1.4926991      0.0068314
   5622.4717876      1.4994953      0.0077637
   5628.0953739      1.4989719      0.0073250
   5633.7297994      1.4918987      0.0070033
   5639.3642250      1.4874175      0.0067234
   5644.9986506      1.4811553      0.0066389
   5650.6433994      1.4764090      0.0066298
   5656.2989876      1.4691538      0.0066242
   5661.9545759      1.4622200      0.0066712
   5667.6204874      1.4478333      0.0066476
   5673.2760756      1.4298019      0.0066298
   5678.9528265      1.4146179      0.0066809
   5684.6399006      1.4032944      0.0066343
   5690.3166515      1.3896502      0.0066033
   5696.0140489      1.3735968      0.0064971
   5701.7016391      1.3618479      0.0064084
   5707.4098759      1.3510039      0.0063131
   5713.1181126      1.3408105      0.0061779
   5718.8263494      1.3311123      0.0060774
   5724.5454256      1.3243349      0.0060278
   5730.2748250      1.3123991      0.0059685
   5736.0042244      1.3024616      0.0058868
   5741.7444633      1.2923163      0.0058167
   5747.4841859      1.2909381      0.0057758
   5753.2352641      1.2868123      0.0057219
   5758.9858261      1.2851965      0.0056669
   5764.7467115      1.2863647      0.0056186
   5770.5081129      1.2830142      0.0055721
   5776.2798376      1.2771127      0.0055349
   5782.0515624      1.2746248      0.0054939
   5787.8341265      1.2796514      0.0054527
   5793.6270138      1.2830571      0.0054188
   5799.4199011      1.2827553      0.0053644
   5805.2231117      1.2813944      0.0053494
   5811.0268385      1.2802249      0.0053446
   5816.8408885      1.2794700      0.0053121
   5822.6549385      1.2783315      0.0052779
   5828.4793117      1.2781014      0.0052793
   5834.3042011      1.2773591      0.0053452
   5840.1394138      1.2736837      0.0054216
   5845.9746265      1.2722234      0.0053116
   5851.8201624      1.2755040      0.0053169
   5857.6765376      1.2801956      0.0054015
   5863.5329129      1.2825593      0.0055346
   5869.3996115      1.2797812      0.0056876
   5875.2668261      1.2842263      0.0058526
   5881.1443641      1.2822440      0.0059816
   5887.0322253      1.2820032      0.0060830
   5892.9097633      1.2852231      0.0061434
   5898.8084638      1.2867869      0.0061255
   5904.7066482      1.2743438      0.0059798
   5910.6161883      1.2677436      0.0058714
   5916.5252121      1.2588629      0.0057594
   5922.4342359      1.2494076      0.0056561
   5928.3649385      1.2469898      0.0055076
   5934.2951250      1.2416955      0.0054009
   5940.2253115      1.2334619      0.0053574
   5946.1663374      1.2250751      0.0054699
   5952.1073633      1.2225345      0.0054092
   5958.0587124      1.2202107      0.0052899
   5964.0209009      1.2221595      0.0052418
   5969.9825732      1.2202142      0.0051780
   5975.9556011      1.2199827      0.0051459
   5981.9384362      1.2185333      0.0051361
   5987.9114641      1.2191713      0.0051161
   5993.9051385      1.2146726      0.0050899
   5999.8988129      1.2112041      0.0050380
   6005.8924874      1.2079124      0.0050264
   6011.9073244      1.2017142      0.0050120
   6017.9118383      1.1982582      0.0049793
   6023.9369985      1.1993974      0.0049369
   6029.9626750      1.1973497      0.0049101
   6035.9883515      1.1989394      0.0048768
   6042.0243511      1.2028972      0.0048487
   6048.0706741      1.2046037      0.0048127
   6054.1175133      1.2054774      0.0048009
   6060.1746756      1.2097349      0.0048115
   6066.2318379      1.2116524      0.0047991
   6072.2993235      1.2108915      0.0047759
   6078.3673253      1.2120374      0.0047913
   6084.4456503      1.2077385      0.0047819
   6090.5342985      1.2043957      0.0047534
   6096.6234629      1.1987189      0.0047008
   6102.7229506      1.1925970      0.0046731
   6108.8224383      1.1910149      0.0046747
   6114.9322491      1.1877970      0.0046636
   6121.0425761      1.1861259      0.0046894
   6127.1735497      1.1851796      0.0047066
   6133.2942000      1.1867152      0.0047030
   6139.4360129      1.1888765      0.0046951
   6145.5669865      1.1906714      0.0047296
   6151.7196388      1.1930903      0.0046596
   6157.8717750      1.2007738      0.0046263
   6164.0239112      1.2049932      0.0046003
   6170.1868867      1.2089622      0.0045529
   6176.3607018      1.2063679      0.0045493
   6182.5340006      1.2018657      0.0045126
   6188.7181388      1.1918054      0.0044490
   6194.9126003      1.1877681      0.0044982
   6201.1070617      1.1791823      0.0045341
   6207.3015232      1.1735176      0.0045278
   6213.5176635      1.1715215      0.0045224
   6219.7224482      1.1669514      0.0045584
   6225.9489117      1.1659434      0.0046151
   6232.1753753      1.1638660      0.0046506
   6238.4018388      1.1622968      0.0047528
   6244.6489489      1.1607816      0.0047949
   6250.8862518      1.1602772      0.0046693
   6257.1442011      1.1613935      0.0047040
   6263.4021506      1.1606368      0.0047795
   6269.6601000      1.1615279      0.0048316
   6275.9288888      1.1663965      0.0049041
   6282.2080009      1.1645178      0.0049450
   6288.4871129      1.1622883      0.0049933
   6294.7765482      1.1503434      0.0050688
   6301.0773391      1.1453702      0.0051060
   6307.3776138      1.1387517      0.0050279
   6313.6778885      1.1341575      0.0047935
   6319.9993259      1.1294352      0.0046993
   6326.3207633      1.1289600      0.0045889
   6332.6422006      1.1263592      0.0045170
   6338.9739612      1.1239458      0.0044478
   6345.3165612      1.1242580      0.0044394
   6351.6591612      1.1267802      0.0044282
   6358.0126006      1.1230146      0.0045105
   6364.3763633      1.1287873      0.0044076
   6370.7401259      1.1311808      0.0042756
   6377.1142117      1.1361322      0.0041636
   6383.4888138      1.1398742      0.0040864
   6389.8737391      1.1446763      0.0039755
   6396.2581482      1.1444117      0.0038880
   6402.6539129      1.1445861      0.0037965
   6409.0600009      1.1441059      0.0037568
   6415.4660888      1.1419817      0.0036935
   6421.8825000      1.1383781      0.0037026
   6428.3097506      1.1380551      0.0036888
   6434.7370011      1.1335691      0.0036732
   6441.1745750      1.1259238      0.0037019
   6447.6121489      1.1199330      0.0037059
   6454.0605621      1.1143035      0.0037100
   6460.5089753      1.1105766      0.0037335
   6466.9785511      1.1043355      0.0037647
   6473.4476109      1.1017962      0.0037850
   6479.9171867      1.0978787      0.0038127
   6486.3970859      1.0971442      0.0037876
   6492.8878244      1.0949965      0.0038112
   6499.3785629      1.0928969      0.0037924
   6505.8796247      1.0935540      0.0038149
   6512.3806865      1.0972710      0.0038230
   6518.8925876      1.0981930      0.0038423
   6525.4148121      1.1033171      0.0038707
   6531.9370365      1.1065236      0.0039115
   6538.4701003      1.1107897      0.0039256
   6545.0134874      1.1163116      0.0039280
   6551.5568744      1.1225493      0.0039006
   6558.1111009      1.1214317      0.0039324
   6564.6648112      1.1207627      0.0038934
   6571.2293609      1.1236931      0.0038325
   6577.8047500      1.1294163      0.0037718
   6584.3801391      1.1335838      0.0036975
   6590.9658515      1.1469754      0.0036439
   6597.5618871      1.1802406      0.0035904
   6604.1475994      1.2139996      0.0035186
   6610.7544744      1.2476783      0.0034939
   6617.3721888      1.2865820      0.0034816
   6623.9893871      1.3213401      0.0034498
   6630.6174247      1.3591714      0.0034769
   6637.2454624      1.4002374      0.0034694
   6643.8838232      1.4380453      0.0034341
   6650.5227003      1.4735364      0.0033849
   6657.1719006      1.5001318      0.0033807
   6663.8314241      1.5246841      0.0033863
   6670.5017871      1.5419540      0.0033712
   6677.1721500      1.5508856      0.0033746
   6683.8425129      1.5479671      0.0033700
   6690.5340385      1.5318897      0.0033488
   6697.2255641      1.5119251      0.0033417
   6703.9165735      1.4923536      0.0033255
   6710.6189385      1.4706070      0.0032920
   6717.3316268      1.4499460      0.0032605
   6724.0546383      1.4314756      0.0032295
   6730.7776497      1.4030316      0.0031824
   6737.5006612      1.3735462      0.0031343
   6744.2453515      1.3437684      0.0030884
   6750.9895256      1.3086039      0.0030687
   6757.7445391      1.2789525      0.0030853
   6764.4990365      1.2561783      0.0031165
   6771.2643732      1.2334425      0.0031136
   6778.0405494      1.2106909      0.0030841
   6784.8058862      1.1877002      0.0030907
   6791.5929018      1.1697731      0.0031289
   6798.3897244      1.1557351      0.0032120
   6805.1870633      1.1354301      0.0032789
   6811.9947253      1.1199708      0.0032869
   6818.8023874      1.1043767      0.0033378
   6825.6312121      1.0995883      0.0033966
   6832.4497135      1.0982134      0.0034322
   6839.2785383      1.0950391      0.0034921
   6846.1285256      1.0936116      0.0035662
   6852.9676735      1.0935369      0.0036429
   6859.8176609      1.0931613      0.0036911
   6866.6784876      1.0936188      0.0038219
   6873.5496376      1.0942137      0.0039785
   6880.4207876      1.0960078      0.0040754
   6887.3022609      1.1035949      0.0038657
   6894.1945735      1.1075703      0.0039811
   6901.0868862      1.1057346      0.0041405
   6907.9900383      1.1009111      0.0042798
   6914.8926741      1.0946527      0.0044236
   6921.8061494      1.0883602      0.0044942
   6928.7304641      1.0682442      0.0046287
   6935.6645859      1.0538675      0.0046237
   6942.5992239      1.0487711      0.0044092
   6949.5447011      1.0413015      0.0041482
   6956.4896624      1.0347865      0.0038802
   6963.4454629      1.0281249      0.0036327
   6970.4115867      1.0190299      0.0034247
   6977.3885500      1.0127091      0.0032656
   6984.3655133      1.0093740      0.0031492
   6991.3424765      1.0057036      0.0031344
   6998.3400862      1.0060509      0.0032010
   7005.3382121      1.0027167      0.0030519
   7012.3466612      1.0036089      0.0029437
   7019.3556265      1.0028495      0.0028697
   7026.3743989      1.0011626      0.0028640
   7033.4045268      1.0023540      0.0029132
   7040.4341385      1.0088108      0.0028457
   7047.4740735      1.0095043      0.0028971
   7054.5253641      1.0076882      0.0028427
   7061.5761385      1.0022104      0.0028773
   7068.6372362      0.9988243      0.0029385
   7075.7091732      0.9966504      0.0030164
   7082.7816265      0.9936125      0.0030677
   7089.8638867      0.9893454      0.0030966
   7096.9569865      0.9813020      0.0031244
   7104.0500862      0.9740661      0.0031360
   7111.1643485      0.9692447      0.0030997
   7118.2682876      0.9674769      0.0030447
   7125.3928732      0.9682435      0.0029638
   7132.5179750      0.9688545      0.0028806
   7139.6534000      0.9681919      0.0028230
   7146.7888250      0.9726871      0.0027781
   7153.9345732      0.9740850      0.0027636
   7161.0911609      0.9779125      0.0027954
   7168.2477485      0.9853094      0.0028756
   7175.4254989      0.9861506      0.0028417
   7182.5929259      0.9847373      0.0028461
   7189.7809994      0.9835283      0.0027428
   7196.9695891      0.9810656      0.0027512
   7204.1679859      0.9813850      0.0028125
   7211.3777383      0.9816439      0.0028921
   7218.5869744      0.9795280      0.0029512
   7225.8070500      0.9771166      0.0030349
   7233.0271256      0.9719003      0.0031636
   7240.2575244      0.9700728      0.0033030
   7247.4987626      0.9671646      0.0034579
   7254.7503241      0.9666985      0.0035437
   7262.0024018      0.9643287      0.0036259
   7269.2642865      0.9598946      0.0036938
   7276.5375268      0.9584351      0.0036826
   7283.8102509      0.9574128      0.0036727
   7291.1041376      0.9549565      0.0036787
   7298.3877011      0.9511589      0.0037187
   7305.6919112      0.9470823      0.0037709
   7312.9966374      0.9450700      0.0037430
   7320.3013635      0.9429109      0.0037114
   7327.6267362      0.9430482      0.0036792
   7334.9526250      0.9423783      0.0036401
   7342.2888371      0.9415972      0.0035806
   7349.6358885      0.9410960      0.0035180
   7356.9824239      0.9380747      0.0034619
   7364.3397985      0.9368139      0.0034098
   7371.7080126      0.9345100      0.0033366
   7379.0762268      0.9359178      0.0032010
   7386.4547641      0.9343762      0.0031475
   7393.8436247      0.9334211      0.0030863
   7401.2433247      0.9323233      0.0030637
   7408.6430247      0.9340472      0.0030014
   7416.0427247      0.9342130      0.0029204
   7423.4635874      0.9332041      0.0028581
   7430.8947732      0.9309875      0.0028539
   7438.3156359      0.9277493      0.0028476
   7445.7576612      0.9251192      0.0028454
   7453.2105259      0.9235960      0.0028615
   7460.6525511      0.9205677      0.0028910
   7468.1157391      0.9178870      0.0028813
   7475.5892503      0.9173762      0.0028651
   7483.0627615      0.9171852      0.0028369
   7490.5471121      0.9153541      0.0028264
   7498.0417859      0.9133521      0.0028738
   7505.5369759      0.9116832      0.0028634
   7513.0424891      0.9107866      0.0028330
   7520.5583256      0.9100955      0.0028190
   7528.0741621      0.9111574      0.0028781
   7535.6008379      0.9138873      0.0029256
   7543.1378371      0.9189196      0.0029316
   7550.6856756      0.9211265      0.0029482
   7558.2335141      0.9258317      0.0030024
   7565.7916759      0.9323612      0.0030779
   7573.3601609      0.9396209      0.0031989
   7580.9291621      0.9490407      0.0033679
   7588.5193259      0.9555989      0.0036612
   7596.1089735      0.9690863      0.0039898
   7603.6991374      0.9866332      0.0041451
   7611.2996244      0.9984715      0.0042055
   7618.9212741      1.0145824      0.0042625
   7626.5326006      1.0256512      0.0042054
   7634.1645735      1.0352159      0.0040862
   7641.7970626      1.0422412      0.0039942
   7649.4398750      1.0385739      0.0037062
   7657.0935268      1.0404789      0.0034503
   7664.7466624      1.0435455      0.0033327
   7672.4106374      1.0469290      0.0033922
   7680.0854518      1.0528195      0.0033759
   7687.7700732      1.0593731      0.0033887
   7695.4552109      1.0602640      0.0034217
   7703.1511879      1.0636990      0.0035494
   7710.8574883      1.0733236      0.0035941
   7718.5637885      1.0810463      0.0036925
   7726.2804121      1.0934212      0.0037031
   7734.0078750      1.0979687      0.0037412
   7741.7456612      1.1027710      0.0036990
   7749.4839635      1.1058149      0.0037076
   7757.2325891      1.0989568      0.0036011
   7764.9915379      1.0921665      0.0036256
   7772.7613261      1.0793134      0.0036202
   7780.5305982      1.0640395      0.0036974
   7788.3112259      1.0382649      0.0037017
   7796.1021768      1.0177289      0.0036118
   7803.9034509      0.9975388      0.0035711
   7811.7047250      0.9790298      0.0035799
   7819.5168385      0.9584583      0.0036530
   7827.3284359      0.9391021      0.0037342
   7835.1617121      0.9240121      0.0038124
   7842.9949883      0.9078059      0.0038694
   7850.8385876      0.8946379      0.0039415
   7858.6930265      0.8907660      0.0039387
   7866.5469491      0.8891780      0.0039256
   7874.4117112      0.8852713      0.0039267
   7882.2873126      0.8833354      0.0038916
   7890.1732374      0.8811874      0.0038879
   7898.0700015      0.8761565      0.0037979
   7905.9662494      0.8697842      0.0036532
   7913.8733367      0.8643952      0.0035896
   7921.7804241      0.8605983      0.0035555
   7929.7086741      0.8561155      0.0035014
   7937.6369241      0.8525489      0.0034743
   7945.5760135      0.8484818      0.0034790
   7953.5254261      0.8411873      0.0034360
   7961.4748388      0.8373097      0.0033494
   7969.4345747      0.8336989      0.0033283
   7977.4051500      0.8317182      0.0033013
   7985.3860485      0.8285323      0.0033754
   7993.3674633      0.8256996      0.0033303
   8001.3592011      0.8262698      0.0032563
   8009.3612624      0.8244069      0.0031816
   8017.3741629      0.8244649      0.0030951
   8025.3870635      0.8263807      0.0030564
   8033.4211268      0.8244033      0.0029523
   8041.4546739      0.8233181      0.0028970
   8049.4995765      0.8214667      0.0028155
   8057.5439629      0.8211421      0.0027768
   8065.5991888      0.8215163      0.0027386
   8073.6647379      0.8233546      0.0026889
   8081.7411265      0.8226503      0.0026088
   8089.8278383      0.8234456      0.0026003
   8097.9145500      0.8222218      0.0025781
   8106.0121011      0.8207301      0.0025566
   8114.1199756      0.8191224      0.0025117
   8122.2278500      0.8196221      0.0024932
   8130.3568871      0.8222434      0.0024859
   8138.4859241      0.8258775      0.0024784
   8146.6258006      0.8297988      0.0024634
   8154.7760003      0.8364860      0.0024496
   8162.9262000      0.8428152      0.0024282
   8171.0975624      0.8471932      0.0024335
   8179.2586015      0.8572633      0.0024344
   8187.4402871      0.8650929      0.0024144
   8195.6328121      0.8740554      0.0024234
   8203.8253371      0.8811606      0.0024611
   8212.0287015      0.8897539      0.0024969
   8220.2423891      0.8952254      0.0025187
   8228.4664000      0.8987730      0.0024615
   8236.6904109      0.8974275      0.0024406
   8244.9252612      0.8939536      0.0024846
   8253.1709509      0.8884428      0.0025631
   8261.4269638      0.8803867      0.0026650
   8269.6829768      0.8700152      0.0027929
   8277.9596362      0.8585147      0.0028671
   8286.2368117      0.8483149      0.0029210
   8294.5248268      0.8327481      0.0029668
   8302.8226489      0.8183151      0.0030678
   8311.1209871      0.8082753      0.0030505
   8319.4296485      0.7975891      0.0030879
   8327.7599888      0.7860328      0.0030219
   8336.0789735      0.7835213      0.0030131
   8344.4196371      0.7797278      0.0029742
   8352.7603006      0.7792961      0.0030039
   8361.1221268      0.7789536      0.0030822
   8369.4834367      0.7763800      0.0031573
   8377.8452629      0.7770846      0.0031550
   8386.2282518      0.7761048      0.0031707
   8394.6107244      0.7735053      0.0030853
   8403.0040365      0.7752062      0.0030409
   8411.4081879      0.7752835      0.0030645
   8419.8226626      0.7761899      0.0031411
   8428.2371374      0.7791407      0.0031451
   8436.6727747      0.7797064      0.0029898
   8445.1084121      0.7780500      0.0029076
   8453.5548888      0.7782354      0.0028399
   8462.0116888      0.7778558      0.0028084
   8470.4684888      0.7762254      0.0027166
   8478.9464515      0.7709648      0.0026231
   8487.4244141      0.7657800      0.0025339
   8495.9023768      0.7628753      0.0025086
   8504.4009859      0.7593475      0.0024609
   8512.9109506      0.7559127      0.0024411
   8521.4203991      0.7524279      0.0023560
   8529.9515265      0.7501457      0.0023386
   8538.4712982      0.7496082      0.0023523
   8547.0127489      0.7449384      0.0023622
   8555.5650388      0.7427318      0.0022880
   8564.1168126      0.7422964      0.0022673
   8572.6794259      0.7394546      0.0023465
   8581.2523624      0.7382706      0.0024197
   8589.8361383      0.7349069      0.0024907
   8598.4302374      0.7307808      0.0025692
   8607.0243365      0.7273165      0.0027326
   8615.6292750      0.7272059      0.0029495
   8624.2553761      0.7242980      0.0032363
   8632.8706379      0.7203358      0.0034171
   8641.5070624      0.7181873      0.0034966
   8650.1543261      0.7153448      0.0035420
   8658.8010739      0.7196369      0.0035208
   8667.4591770      0.7206265      0.0033818
   8676.1276036      0.7220834      0.0033254
   8684.8063532      0.7244735      0.0031738
   8693.4954261      0.7279458      0.0029806
   8702.1844991      0.7283857      0.0026593
   8710.8849277      0.7265067      0.0024994
   8719.5946471      0.7253878      0.0024456
   8728.3157221      0.7238942      0.0024609
   8737.0481527      0.7195725      0.0025776
   8745.7795509      0.7162525      0.0027150
   8754.5326279      0.7142797      0.0027976
   8763.2846727      0.7082319      0.0028061
   8772.0480730      0.7024574      0.0028102
   8780.8217964      0.7001411      0.0028870
   8789.6068756      0.6972657      0.0029189
   8798.3909223      0.6970398      0.0029550
   8807.1863247      0.6937112      0.0029360
   8816.0023735      0.6912019      0.0029525
   8824.8080991      0.6918229      0.0029487
   8833.6355036      0.6920218      0.0029842
   8842.4721989      0.6896539      0.0031174
   8851.3202497      0.6868750      0.0031853
   8860.1683006      0.6894322      0.0032079
   8869.0266747      0.6911373      0.0031580
   8877.8953721      0.6922392      0.0031440
   8886.7754250      0.6959787      0.0030892
   8895.6658011      0.7017226      0.0030698
   8904.5561773      0.7065374      0.0030919
   8913.4672000      0.7155142      0.0032292
   8922.3782227      0.7169279      0.0030641
   8931.3006009      0.7143191      0.0029532
   8940.2333023      0.7176374      0.0029516
   8949.1763270      0.7257837      0.0029892
   8958.1296750      0.7379472      0.0028848
   8967.0830230      0.7474896      0.0028076
   8976.0477265      0.7468317      0.0027186
   8985.0227532      0.7467671      0.0026909
   8994.0081032      0.7516312      0.0026723
   9003.0037765      0.7521803      0.0026918
   9012.0097730      0.7528818      0.0026931
   9021.0271250      0.7561535      0.0026289
   9030.0444770      0.7577310      0.0025707
   9039.0721523      0.7593480      0.0025022
   9048.1101509      0.7584022      0.0024874
   9057.1584727      0.7620376      0.0024026
   9066.2181500      0.7641543      0.0024024
   9075.2881506      0.7651430      0.0024151
   9084.3581511      0.7624490      0.0022587
   9093.4487982      0.7592468      0.0021926
   9102.5404777      0.7543666      0.0021427
   9111.6414480      0.7498938      0.0021545
   9120.7537739      0.7532032      0.0021881
   9129.8764230      0.7507566      0.0021652
   9139.0104277      0.7475451      0.0021558
   9148.1434000      0.7447745      0.0021043
   9157.2980511      0.7428105      0.0020885
   9166.4527023      0.7415855      0.0020547
   9175.6176768      0.7394438      0.0020558
   9184.7929744      0.7345289      0.0020454
   9193.9796277      0.7274129      0.0020168
   9203.1755718      0.7203613      0.0019868
   9212.3725482      0.7153600      0.0019774
   9221.5912036      0.7102788      0.0020061
   9230.8191497      0.7095812      0.0020146
   9240.0367727      0.7029778      0.0020885
   9249.2863977      0.6956631      0.0020965
   9258.5360227      0.6887172      0.0020772
   9267.7970032      0.6816689      0.0021592
   9277.0672747      0.6763259      0.0022686
   9286.3385786      0.6711313      0.0024085
   9295.6294964      0.6748220      0.0026122
   9304.9214468      0.6744631      0.0028617
   9314.2247527      0.6806937      0.0031540
   9323.5373494      0.6840701      0.0034091
   9332.8716250      0.6899228      0.0037800
   9342.1955773      0.6940244      0.0040368
   9351.5401761      0.7006021      0.0042903
   9360.8950982      0.6930977      0.0042283
   9370.2613759      0.6935650      0.0042498
   9379.6276536      0.6888423      0.0040585
   9389.0032221      0.6885810      0.0039922
   9398.3911786      0.6903539      0.0040923
   9407.7987491      0.6820827      0.0040727
   9417.1959964      0.6784554      0.0039810
   9426.6149227      0.6734973      0.0039936
   9436.0441721      0.6710626      0.0038984
   9445.4847770      0.6675546      0.0038539
   9454.9346730      0.6686295      0.0038505
   9464.3856011      0.6719595      0.0040666
   9473.8468527      0.6723478      0.0039235
   9483.3287506      0.6765903      0.0037652
   9492.8106485      0.6731065      0.0038123
   9502.3039020      0.6713586      0.0036619
   9511.8064464      0.6770755      0.0037082
   9521.3203464      0.6819993      0.0036671
   9530.8342464      0.6872709      0.0037922
   9540.3698253      0.6849924      0.0036102
   9549.9157273      0.6848717      0.0035253
   9559.4605971      0.6865190      0.0034526
   9569.0168223      0.6878301      0.0034476
   9578.5947265      0.6880631      0.0033831
   9588.1715982      0.6855711      0.0032191
   9597.7598256      0.6843050      0.0031520
   9607.3583761      0.6802047      0.0030356
   9616.9672500      0.6738154      0.0030203
   9626.5864471      0.6658415      0.0029761
   9636.2066765      0.6589017      0.0029577
   9645.8475523      0.6505345      0.0029670
   9655.4884282      0.6455454      0.0030226
   9665.1499506      0.6390464      0.0031270
   9674.8114730      0.6327664      0.0031909
   9684.4843509      0.6299607      0.0032262
   9694.1778753      0.6226385      0.0032121
   9703.8713997      0.6201866      0.0031006
   9713.5752473      0.6202227      0.0029827
   9723.2904506      0.6193225      0.0029396
   9733.0159770      0.6205462      0.0029021
   9742.7415036      0.6227551      0.0028338
   9752.4876765      0.6232940      0.0028041
   9762.2338494      0.6246562      0.0027356
   9772.0017011      0.6272538      0.0027129
   9781.7695529      0.6311803      0.0026880
   9791.5580511      0.6345043      0.0027009
   9801.3465494      0.6360170      0.0026961
   9811.1567265      0.6354901      0.0027493
   9820.9669036      0.6365821      0.0027833
   9830.7863714      0.6361476      0.0028250
   9840.6182273      0.6340611      0.0028347
   9850.4593741      0.6310761      0.0028617
   9860.3015532      0.6301095      0.0029037
   9870.1633464      0.6281461      0.0029397
   9880.0375277      0.6260975      0.0030072
   9889.9209997      0.6229469      0.0030117
   9899.8158273      0.6205984      0.0030427
   9909.7096227      0.6189404      0.0031077
   9919.6147735      0.6119998      0.0032256
   9929.5416032      0.6074437      0.0034143
   9939.4674006      0.6015228      0.0036281
   9949.4045536      0.5987926      0.0036599
   9959.3623529      0.5997595      0.0036861
   9969.3201523      0.5982230      0.0037711
   9979.2882750      0.5972676      0.0038006
   9989.2677532      0.5981289      0.0038814
   9999.2565223      0.6003179      0.0039617
   10009.2566471      0.6044370      0.0041029
   10019.2681273      0.6069867      0.0041011
   10029.2888985      0.6128983      0.0041979
   10039.3210253      0.6160340      0.0043297
   10049.3531520      0.6163471      0.0043159
   10059.4059253      0.6179489      0.0044076
   10069.4690218      0.6176008      0.0044173
   10079.5331506      0.6200241      0.0044900
   10089.6179259      0.6220666      0.0046153
   10099.7027011      0.6190319      0.0046387
   10109.8081230      0.6203040      0.0048524
   10119.9249003      0.6214243      0.0052319
   10130.0303221      0.6205015      0.0053393
   10140.1687782      0.6151633      0.0054510
   10150.3062020      0.6109478      0.0055591
   10160.4539491      0.6073439      0.0057409
   10170.6233750      0.6005923      0.0059539
   10180.7928009      0.5937212      0.0063602
   10190.9725500      0.5881147      0.0069820
   10201.1626223      0.5754871      0.0076673
