# SOURCE  = 'Quimby et al. 2018' /                                                
# OBJECT  = 'PTF11hrq'           /                                                
# Z       =            0.0571000 / wavelengths divided by (1 + z)                 
# NORM    =          3.03000E-17 / fluxes divided by norm                         
# CLIPPED =                    1 / galaxy emission lines removed                  
# SMOOTHED=                    1 / spectrum has been smoothed                     
# COLUMN01= 'Wavelength (Angstrom)' /                                             
# COLUMN02= 'Flux Density (erg/s/cm2/A)' /                                        
# COLUMN03= 'Flux Density Uncertainty (erg/s/cm2/A)' /                            
# END                                                                             
# 
# 
# 
# 
# 
# 
# 
# 
# 
# 
   3507.7855629      0.7159967      0.0820289
   3511.2949491      0.7069272      0.0815586
   3514.8045934      0.6754155      0.0812895
   3518.3248190      0.6673864      0.0816663
   3521.8450445      0.6169611      0.0818371
   3525.3650121      0.6255107      0.0825269
   3528.8852376      0.6185351      0.0838479
   3532.4160445      0.6510627      0.0842047
   3535.9465934      0.6590460      0.0849360
   3539.4879816      0.6189373      0.0852213
   3543.0291117      0.6380935      0.0858081
   3546.5705000      0.5985315      0.0856113
   3550.1118883      0.5862912      0.0849491
   3553.6635997      0.6017591      0.0839766
   3557.2155693      0.6065029      0.0832400
   3560.7778621      0.6037145      0.0822402
   3564.3404129      0.6495057      0.0801856
   3567.9027057      0.6535180      0.0782293
   3571.4758379      0.6542695      0.0761605
   3575.0487121      0.6984887      0.0742505
   3578.6218443      0.7552271      0.0722418
   3582.1947184      0.8048059      0.0709836
   3585.7784319      0.8455182      0.0698184
   3589.3618874      0.8718251      0.0692997
   3592.9559241      0.8755397      0.0685677
   3596.5502190      0.8820689      0.0688974
   3600.1442557      0.8783448      0.0698290
   3603.7491319      0.8706905      0.0701028
   3607.3431686      0.8668027      0.0695135
   3610.9583681      0.8348113      0.0704594
   3614.5632443      0.8308234      0.0713767
   3618.1784436      0.7946899      0.0729811
   3621.8042244      0.7753602      0.0751494
   3625.4196819      0.8027335      0.0769932
   3629.0454626      0.7955707      0.0790814
   3632.6712434      0.7999057      0.0806589
   3636.3076055      0.7657788      0.0830938
   3639.9442256      0.7262921      0.0839609
   3643.5911690      0.7235243      0.0843512
   3647.2275310      0.7233689      0.0845878
   3650.8744744      0.7343637      0.0829445
   3654.5319991      0.7929147      0.0807054
   3658.1792006      0.8181274      0.0785597
   3661.8367253      0.8354475      0.0758356
   3665.5048314      0.8448058      0.0726549
   3669.1729374      0.8465249      0.0704125
   3672.8410434      0.8794476      0.0686027
   3676.5091494      0.8938338      0.0665091
   3680.1878367      0.9103005      0.0657980
   3683.8665241      0.9165562      0.0664457
   3687.5560509      0.8982329      0.0649551
   3691.2453195      0.9137879      0.0657527
   3694.9345883      0.9249119      0.0662320
   3698.6238569      0.9306337      0.0649805
   3702.3237069      0.9111869      0.0653150
   3706.0235569      0.9029132      0.0658984
   3709.7339883      0.9013324      0.0658467
   3713.4444195      0.9362168      0.0662988
   3717.1548509      0.9382063      0.0662457
   3720.8756055      0.9330314      0.0658123
   3724.5966181      0.9353397      0.0657956
   3728.3176307      0.9541515      0.0646220
   3732.0492247      0.9275460      0.0638223
   3735.7808186      0.8961744      0.0629651
   3739.5229940      0.9387400      0.0612318
   3743.2545879      0.9303679      0.0601363
   3746.9967633      0.9185392      0.0590575
   3750.7492617      0.8703445      0.0571178
   3754.5020184      0.8586538      0.0562131
   3758.2547750      0.8495271      0.0566071
   3762.0075316      0.8378381      0.0551974
   3765.7708695      0.8302576      0.0546098
   3769.5339494      0.8508123      0.0549479
   3773.3078686      0.8793859      0.0547661
   3777.0817879      0.9055641      0.0545692
   3780.8660305      0.9185517      0.0550698
   3784.6399497      0.9365155      0.0560765
   3788.4244503      0.9289700      0.0562646
   3792.2192741      0.9176270      0.0571926
   3796.0037747      0.9378134      0.0587474
   3799.7988566      0.9784113      0.0593193
   3803.6042617      0.9819764      0.0582843
   3807.4099250      1.0117826      0.0583284
   3811.2155883      1.0169258      0.0600224
   3815.0315747      1.0113991      0.0614361
   3818.8372379      0.9752046      0.0590309
   3822.6638057      0.9791362      0.0591537
   3826.4800503      0.9240029      0.0598434
   3830.3066181      0.9113369      0.0610001
   3834.1440253      0.8857270      0.0624116
   3837.9705931      0.8995898      0.0647141
   3841.8080003      0.8971472      0.0670321
   3845.6557307      0.8714867      0.0654055
   3849.5037193      0.8890814      0.0652634
   3853.3514497      0.8961494      0.0619360
   3857.2100195      0.8863306      0.0603586
   3861.0577500      0.8574536      0.0579957
   3864.9266431      0.8677610      0.0569115
   3868.7852129      0.8577210      0.0560422
   3872.6541060      0.8553963      0.0557573
   3876.5335805      0.8873646      0.0563110
   3880.4027316      0.8684188      0.0535879
   3884.2927874      0.8601303      0.0544257
   3888.1722617      0.8234425      0.0596446
   3892.0625756      0.8230903      0.0584978
   3895.9526314      0.8246545      0.0575957
   3899.8532684      0.8237723      0.0580273
   3903.7433241      0.8420736      0.0589144
   3907.6548006      0.8623915      0.0592498
   3911.5554376      0.9181860      0.0588181
   3915.4772374      0.9045593      0.0575332
   3919.3884557      0.8763593      0.0573631
   3923.3102555      0.8781743      0.0563666
   3927.2323133      0.8883841      0.0546147
   3931.1541129      0.9186639      0.0540187
   3935.0864940      0.9205219      0.0532475
   3939.0294564      0.9639152      0.0526249
   3942.9618374      1.0040923      0.0527190
   3946.9047997      1.0087050      0.0528272
   3950.8583434      0.9991916      0.0518040
   3954.8013057      1.0035979      0.0511428
   3958.7654307      0.9927099      0.0509178
   3962.7189744      0.9600468      0.0497388
   3966.6830994      0.9986337      0.0494645
   3970.6472244      1.0354691      0.0494943
   3974.6219307      1.0526932      0.0496605
   3978.5966371      1.0590935      0.0505580
   3982.5713434      1.0485156      0.0513087
   3986.5566310      1.0512252      0.0513208
   3990.5419186      1.0146832      0.0523062
   3994.5377876      1.0112019      0.0535304
   3998.5230753      1.0246594      0.0542923
   4002.5295256      1.0236799      0.0558366
   4006.5253945      1.0223662      0.0583353
   4010.5315867      1.0243045      0.0585466
   4014.5486184      1.0347520      0.0592614
   4018.5656500      0.9904569      0.0604997
   4022.5826816      0.9574760      0.0623016
   4026.5997133      0.8963729      0.0640020
   4030.6270681      0.8658906      0.0661204
   4034.6652624      0.8061534      0.0678593
   4038.6928753      0.8115848      0.0680181
   4042.7310695      0.8752876      0.0682841
   4046.7795871      0.9117371      0.0662380
   4050.8283626      0.8911460      0.0674913
   4054.8771383      0.8659899      0.0641569
   4058.9256557      0.8780685      0.0629186
   4062.9850126      0.9060907      0.0624295
   4067.0549509      0.9387562      0.0626228
   4071.1246310      0.9527851      0.0624216
   4075.1945693      0.9873511      0.0606851
   4079.2642494      1.0106806      0.0637399
   4083.3447690      1.0490229      0.0622192
   4087.4250305      1.0646547      0.0629112
   4091.5161314      1.0635796      0.0665939
   4095.6069741      1.0368901      0.0633565
   4099.7086564      1.0272477      0.0609629
   4103.7994991      1.0455024      0.0605657
   4107.9117626      1.0335701      0.0608331
   4112.0131867      1.0674793      0.0622839
   4116.1254503      1.1154191      0.0630172
   4120.2480371      1.1477000      0.0626234
   4124.3708819      1.1490886      0.0633709
   4128.4934686      1.1284180      0.0635497
   4132.6160555      1.1385207      0.0586576
   4136.7494816      1.1800051      0.0570136
   4140.8932310      1.2179997      0.0559807
   4145.0263991      1.3051509      0.0555170
   4149.1809879      1.3283623      0.0552153
   4153.3247374      1.3828050      0.0533570
   4157.4790681      1.4412214      0.0553795
   4161.6336569      1.4755518      0.0545845
   4165.7985690      1.5180734      0.0532811
   4169.9634810      1.5433336      0.0532160
   4174.1389744      1.5686111      0.0519562
   4178.3041445      1.5661334      0.0520846
   4182.4902193      1.5878063      0.0525919
   4186.6657126      1.5947514      0.0530032
   4190.8517874      1.6433004      0.0535832
   4195.0484434      1.6552573      0.0534993
   4199.2450994      1.6437767      0.0535625
   4203.4417555      1.6232378      0.0542602
   4207.6492509      1.6099271      0.0535474
   4211.8564883      1.6164919      0.0528323
   4216.0637256      1.6360492      0.0523392
   4220.2815443      1.6748062      0.0517005
   4224.4993629      1.7167525      0.0508980
   4228.7277629      1.7241257      0.0505474
   4232.9561629      1.7485961      0.0503938
   4237.1845629      1.7549655      0.0506500
   4241.4235443      1.7637955      0.0517320
   4245.6625256      1.7924770      0.0498526
   4249.9120883      1.8009048      0.0493971
   4254.1616509      1.8102314      0.0488039
   4258.4215367      1.7836372      0.0481546
   4262.6710994      1.7958273      0.0474291
   4266.9418247      1.8099108      0.0470058
   4271.2125500      1.8022889      0.0468300
   4275.4832753      1.7810829      0.0464187
   4279.7540006      1.7788178      0.0460998
   4284.0350491      1.7584692      0.0459902
   4288.3163557      1.7095850      0.0459903
   4292.6082436      1.6877253      0.0470894
   4296.9001316      1.6732959      0.0462740
   4301.1920195      1.6625350      0.0465305
   4305.4942307      1.6209282      0.0474306
   4309.8072814      1.5693036      0.0487217
   4314.1097506      1.5296644      0.0508927
   4318.4331244      1.4564532      0.0526378
   4322.7461750      1.3881466      0.0537340
   4327.0698069      1.3608893      0.0546777
   4331.3934388      1.3325692      0.0565943
   4335.7271359      1.3041325      0.0588718
   4340.0613491      1.2801708      0.0601425
   4344.4064018      1.2826753      0.0613674
   4348.7509383      1.2981800      0.0621704
   4353.0954747      1.2959361      0.0625081
   4357.4508506      1.3190912      0.0615658
   4361.8062265      1.3755960      0.0600361
   4366.1719256      1.3902308      0.0579985
   4370.5376247      1.4302546      0.0563369
   4374.9033239      1.4801922      0.0551036
   4379.2798624      1.4901439      0.0526079
   4383.6667241      1.5072869      0.0508183
   4388.0432626      1.4824793      0.0495168
   4392.4409638      1.4825113      0.0486345
   4396.8278256      1.4733055      0.0487941
   4401.2255268      1.4563895      0.0482660
   4405.6227117      1.4725724      0.0472370
   4410.0307362      1.4574409      0.0469110
   4414.4392768      1.4615037      0.0466741
   4418.8576244      1.4715205      0.0461798
   4423.2764883      1.4688722      0.0457136
   4427.7056753      1.4520807      0.0453130
   4432.1245391      1.4318202      0.0452421
   4436.5640494      1.4078597      0.0449896
   4440.9932365      1.3850863      0.0448394
   4445.4332629      1.3655698      0.0443061
   4449.8836126      1.3716060      0.0442332
   4454.3339624      1.3623488      0.0442525
   4458.7843121      1.3815039      0.0441194
   4463.2455011      1.3782215      0.0440587
   4467.7061741      1.3621846      0.0441031
   4472.1776865      1.3563733      0.0441829
   4476.6491989      1.3744699      0.0439747
   4481.1315506      1.3846655      0.0440341
   4485.6133862      1.4013431      0.0440788
   4490.0957379      1.4134027      0.0440544
   4494.5884129      1.4056824      0.0442632
   4499.0810879      1.4268144      0.0441764
   4503.5840862      1.4493428      0.0435984
   4508.0876006      1.4227623      0.0433195
   4512.5905989      1.4064595      0.0430892
   4517.1044365      1.3820125      0.0428547
   4521.6182741      1.3581558      0.0426841
   4526.1429511      1.3685137      0.0423661
   4530.6671121      1.3667568      0.0422909
   4535.2021124      1.3753321      0.0424582
   4539.7371126      1.3804338      0.0423769
   4544.2721129      1.4025244      0.0423188
   4548.8174365      1.3696105      0.0419617
   4553.3735994      1.3870598      0.0417533
   4557.9194391      1.3994458      0.0415290
   4562.4859253      1.3905575      0.0413253
   4567.0420883      1.3789634      0.0410114
   4571.6085744      1.3920575      0.0407661
   4576.1859000      1.4003317      0.0405562
   4580.7632256      1.3875184      0.0406714
   4585.3405511      1.4031006      0.0409959
   4589.9282000      1.4025027      0.0399586
   4594.5158489      1.3995467      0.0398703
   4599.1143371      1.3801289      0.0399762
   4603.7128253      1.3696705      0.0400995
   4608.3113135      1.3653846      0.0404865
   4612.9201250      1.3972991      0.0409763
   4617.5397759      1.3775274      0.0416690
   4622.1485874      1.3917811      0.0418083
   4626.7785615      1.3933939      0.0419457
   4631.3982124      1.3890409      0.0417998
   4636.0281865      1.3767258      0.0415911
   4640.6690000      1.3863068      0.0418480
   4645.3098135      1.3724011      0.0418831
   4649.9609503      1.3566569      0.0417790
   4654.6017638      1.3409300      0.0417936
   4659.2632239      1.3397521      0.0421166
   4663.9252000      1.3294013      0.0423381
   4668.5871761      1.3222699      0.0426307
   4673.2486362      1.3244443      0.0432251
   4677.9317750      1.3224509      0.0421890
   4682.6040744      1.3159977      0.0417692
   4687.2872133      1.2896191      0.0414456
   4691.9806753      1.2935368      0.0411503
   4696.6638141      1.2993515      0.0407791
   4701.3675994      1.3165123      0.0405768
   4706.0610615      1.3299229      0.0407630
   4710.7756862      1.3671637      0.0413555
   4715.4799876      1.3737994      0.0424042
   4720.2054518      1.3951457      0.0429210
   4724.9200765      1.4056276      0.0436048
   4729.6450244      1.4219455      0.0443086
   4734.3808117      1.4401180      0.0439231
   4739.1062759      1.4530792      0.0435552
   4743.8523865      1.4791287      0.0438673
   4748.5881739      1.4939584      0.0432165
   4753.3451239      1.5053021      0.0416019
   4758.0917506      1.5416588      0.0404253
   4762.8487006      1.5679471      0.0399765
   4767.6159739      1.5832274      0.0393983
   4772.3837633      1.5868987      0.0394151
   4777.1618759      1.6059268      0.0397627
   4781.9291491      1.6174027      0.0396528
   4786.7181011      1.6490328      0.0396328
   4791.5065371      1.6757207      0.0392675
   4796.2954891      1.6963773      0.0389373
   4801.0942482      1.7226758      0.0382705
   4805.8935235      1.7525097      0.0381921
   4810.7036383      1.7767230      0.0381228
   4815.5132367      1.7849545      0.0383949
   4820.3233515      1.7987257      0.0384080
   4825.1432732      1.8230767      0.0384975
   4829.9745506      1.8473411      0.0392543
   4834.8053117      1.8824924      0.0402724
   4839.6365891      1.8953706      0.0405799
   4844.4776735      1.9270320      0.0400702
   4849.3192741      1.9514388      0.0402555
   4854.1717141      1.9610546      0.0403670
   4859.0236379      1.9632252      0.0404030
   4863.8864011      1.9725465      0.0403977
   4868.7486482      1.9756827      0.0403345
   4873.6222509      1.9444474      0.0399620
   4878.4953374      1.9459481      0.0400491
   4883.3684239      1.9170747      0.0397464
   4888.2523497      1.8724321      0.0398366
   4893.1465989      1.8478988      0.0395260
   4898.0413641      1.8366079      0.0395262
   4902.9356133      1.7755908      0.0392521
   4907.8407018      1.7187072      0.0391457
   4912.7452741      1.6868865      0.0389584
   4917.6606859      1.6678418      0.0386621
   4922.5766138      1.6298513      0.0388771
   4927.5023489      1.6014928      0.0387039
   4932.4286000      1.5656419      0.0388745
   4937.3651744      1.5451531      0.0385950
   4942.2914256      1.5067551      0.0387188
   4947.2383232      1.4783020      0.0387787
   4952.1857371      1.4665211      0.0396377
   4957.1434741      1.4466064      0.0405048
   4962.1012112      1.4118052      0.0416826
   4967.0589482      1.3936211      0.0425779
   4972.0275247      1.4005451      0.0433213
   4976.9961011      1.3996322      0.0433167
   4981.9750009      1.3790174      0.0435800
   4986.9539006      1.3911142      0.0425516
   4991.9431235      1.3976127      0.0418688
   4996.9431859      1.3623410      0.0405116
   5001.9329250      1.3642330      0.0391757
   5006.9329874      1.3827957      0.0380900
   5011.9438891      1.3788470      0.0370662
   5016.9542747      1.3664241      0.0364641
   5021.9754997      1.3728801      0.0360475
   5026.9967247      1.3548895      0.0357661
   5032.0287891      1.3496343      0.0358063
   5037.0500141      1.3315970      0.0356157
   5042.0924018      1.3073072      0.0350818
   5047.1342732      1.2942632      0.0355945
   5052.1875003      1.2609226      0.0359352
   5057.2402112      1.2361974      0.0368644
   5062.2934383      1.2242486      0.0381867
   5067.3569885      1.1942792      0.0391306
   5072.4205388      1.1823657      0.0400377
   5077.4944124      1.1662062      0.0405195
   5082.5682859      1.1550530      0.0417490
   5087.6529989      1.1643333      0.0413360
   5092.7485511      1.1756752      0.0400652
   5097.8435874      1.1769100      0.0397242
   5102.9386235      1.1871171      0.0390778
   5108.0341759      1.1902694      0.0380711
   5113.1503747      1.1974033      0.0382052
   5118.2562503      1.2059147      0.0377734
   5123.3724491      1.1991458      0.0370293
   5128.4994874      1.2410692      0.0373564
   5133.6265256      1.2591950      0.0375952
   5138.7638871      1.2668685      0.0384981
   5143.9012485      1.3020086      0.0392070
   5149.0494494      1.2855676      0.0390618
   5154.1976503      1.3131500      0.0385131
   5159.3458511      1.2987674      0.0384670
   5164.5146985      1.3001131      0.0373965
   5169.6737388      1.3132147      0.0368303
   5174.8425862      1.3105336      0.0366059
   5180.0227891      1.2842296      0.0371104
   5185.2024759      1.2859204      0.0365288
   5190.3821626      1.2768562      0.0359989
   5195.5830121      1.2527702      0.0361229
   5200.7735383      1.2524562      0.0360440
   5205.9743876      1.2404017      0.0360437
   5211.1860765      1.2372102      0.0364450
   5216.3869259      1.2377737      0.0360146
   5221.6089379      1.2587616      0.0352812
   5226.8309500      1.2829213      0.0349926
   5232.0529621      1.3285486      0.0347597
   5237.2858135      1.3563443      0.0356599
   5242.5289883      1.4040691      0.0367879
   5247.7721629      1.4563314      0.0354657
   5253.0153376      1.5177326      0.0355571
   5258.2693518      1.5459810      0.0355274
   5263.5336891      1.5836298      0.0356808
   5268.7980265      1.6093816      0.0367141
   5274.0623638      1.6134939      0.0380702
   5279.3370244      1.6105191      0.0399568
   5284.6122011      1.6490421      0.0424444
   5289.8977011      1.6353066      0.0435236
   5295.1935244      1.6268114      0.0445171
   5300.4898638      1.6037945      0.0454865
   5305.7856871      1.5281348      0.0454875
   5311.0923497      1.4836752      0.0450543
   5316.3990124      1.4340833      0.0445270
   5321.7159982      1.3880199      0.0443130
   5327.0438235      1.3204837      0.0448919
   5332.3716489      1.3275678      0.0456822
   5337.7103135      1.2980983      0.0509544
   5343.0381388      1.2917314      0.0483284
   5348.3871268      1.3018012      0.0462137
   5353.7355985      1.2840883      0.0462849
   5359.0845865      1.2797433      0.0462289
   5364.4444138      1.2711817      0.0456154
   5369.8140482      1.2504797      0.0455849
   5375.1841989      1.2419140      0.0459852
   5380.5543494      1.2340969      0.0472462
   5385.9348232      1.2550079      0.0495206
   5391.3261365      1.2519488      0.0493421
   5396.7174497      1.2544307      0.0506112
   5402.1087629      1.2346458      0.0525145
   5407.5103994      1.2094898      0.0542425
   5412.9228753      1.2104337      0.0553667
   5418.3353511      1.2046647      0.0569587
   5423.7581503      1.1872633      0.0589834
   5429.1809494      1.1895868      0.0607284
   5434.6037485      1.2592697      0.0623451
   5440.0482265      1.2557971      0.0640376
   5445.4813489      1.3101339      0.0651132
   5450.9258268      1.3694694      0.0658690
   5456.3801117      1.3815831      0.0664319
   5461.8349129      1.4352207      0.0666961
   5467.3000374      1.4669125      0.0662409
   5472.7651617      1.5054820      0.0650000
   5478.2411256      1.5497378      0.0640645
   5483.7165732      1.5777712      0.0627236
   5489.2033765      1.6114297      0.0615398
   5494.6896635      1.6550353      0.0609038
   5500.1862739      1.6456295      0.0602576
   5505.6834003      1.6205493      0.0602626
   5511.1908500      1.6168005      0.0609174
   5516.7091391      1.5805326      0.0606293
   5522.2165888      1.5753819      0.0611085
   5527.7452011      1.5198132      0.0612158
   5533.2738135      1.5017326      0.0609131
   5538.8024259      1.4657763      0.0611832
   5544.3413615      1.4481512      0.0617340
   5549.8911365      1.4600321      0.0622564
   5555.4409115      1.4571898      0.0631802
   5560.9906865      1.4576058      0.0641349
   5566.5513009      1.4618675      0.0652087
   5572.1222385      1.4651901      0.0658269
   5577.6931761      1.4913599      0.0661305
   5583.2744371      1.5249149      0.0661569
   5588.8562141      1.5453746      0.0657439
   5594.4477982      1.5737733      0.0654251
   5600.0398985      1.6120703      0.0650103
   5605.6428383      1.6102977      0.0644082
   5611.2452617      1.6246328      0.0642133
   5616.8585247      1.6576579      0.0644368
   5622.4717876      1.6421752      0.0649294
   5628.0953739      1.6450810      0.0659780
   5633.7297994      1.6160046      0.0666291
   5639.3642250      1.5992275      0.0672362
   5644.9986506      1.5612173      0.0682677
   5650.6433994      1.5581524      0.0692044
   5656.2989876      1.5453688      0.0704233
   5661.9545759      1.5182289      0.0719223
   5667.6204874      1.5109984      0.0737748
   5673.2760756      1.4999444      0.0748032
   5678.9528265      1.4812577      0.0754584
   5684.6399006      1.4715291      0.0756710
   5690.3166515      1.4670148      0.0760944
   5696.0140489      1.4514034      0.0755253
   5701.7016391      1.4451740      0.0745530
   5707.4098759      1.4564284      0.0734802
   5713.1181126      1.4691215      0.0721776
   5718.8263494      1.4424731      0.0713882
   5724.5454256      1.4539691      0.0701977
   5730.2748250      1.4086529      0.0696998
   5736.0042244      1.3775089      0.0696028
   5741.7444633      1.3656999      0.0695767
   5747.4841859      1.3624477      0.0696133
   5753.2352641      1.3711882      0.0697291
   5758.9858261      1.3590285      0.0701270
   5764.7467115      1.3454106      0.0705658
   5770.5081129      1.3421254      0.0709096
   5776.2798376      1.3410858      0.0705163
   5782.0515624      1.3473127      0.0704397
   5787.8341265      1.3412570      0.0701511
   5793.6270138      1.3246949      0.0701723
   5799.4199011      1.3142565      0.0696308
   5805.2231117      1.2993146      0.0687901
   5811.0268385      1.2853069      0.0683795
   5816.8408885      1.2742363      0.0681545
   5822.6549385      1.2709807      0.0681070
   5828.4793117      1.2594470      0.0685889
   5834.3042011      1.3038870      0.0685297
   5840.1394138      1.3158801      0.0693456
   5845.9746265      1.3071162      0.0693338
   5851.8201624      1.3167561      0.0698183
   5857.6765376      1.3087491      0.0711437
   5863.5329129      1.3032907      0.0729459
   5869.3996115      1.2835720      0.0741919
   5875.2668261      1.2896712      0.0758992
   5881.1443641      1.3002774      0.0772423
   5887.0322253      1.3005337      0.0780256
   5892.9097633      1.3088040      0.0781801
   5898.8084638      1.2586424      0.0776696
   5904.7066482      1.2366902      0.0773425
   5910.6161883      1.2256638      0.0754481
   5916.5252121      1.2002585      0.0737905
   5922.4342359      1.1705728      0.0720581
   5928.3649385      1.1426184      0.0704739
   5934.2951250      1.1506170      0.0693775
   5940.2253115      1.1490239      0.0693105
   5946.1663374      1.1530373      0.0690856
   5952.1073633      1.1011908      0.0683388
   5958.0587124      1.0524007      0.0670978
   5964.0209009      1.0270326      0.0662736
   5969.9825732      0.9971122      0.0657981
   5975.9556011      0.9717715      0.0653469
   5981.9384362      0.9221682      0.0649022
   5987.9114641      0.9053037      0.0644474
   5993.9051385      0.8936223      0.0639622
   5999.8988129      0.8711644      0.0634595
   6005.8924874      0.8540469      0.0629646
   6011.9073244      0.8376079      0.0624626
   6017.9118383      0.8359074      0.0619635
   6023.9369985      0.8175271      0.0611460
   6029.9626750      0.8049147      0.0606940
   6035.9883515      0.7946411      0.0602740
   6042.0243511      0.7996987      0.0599070
   6048.0706741      0.8127114      0.0596413
   6054.1175133      0.7972543      0.0593646
   6060.1746756      0.8020675      0.0589886
   6066.2318379      0.7698328      0.0586260
   6072.2993235      0.7449989      0.0584839
   6078.3673253      0.7029836      0.0585642
   6084.4456503      0.6888601      0.0587697
   6090.5342985      0.6746361      0.0590376
   6096.6234629      0.6477525      0.0593130
   6102.7229506      0.6668476      0.0594885
   6108.8224383      0.6538630      0.0595260
   6114.9322491      0.6368333      0.0590483
   6121.0425761      0.6368718      0.0589088
   6127.1735497      0.6412371      0.0586857
   6133.2942000      0.6529989      0.0583383
   6139.4360129      0.6700182      0.0578923
   6145.5669865      0.6637047      0.0574001
   6151.7196388      0.6931053      0.0568941
   6157.8717750      0.7327982      0.0564395
   6164.0239112      0.7733275      0.0560931
   6170.1868867      0.7898818      0.0558007
   6176.3607018      0.8201203      0.0554522
   6182.5340006      0.8261198      0.0550323
   6188.7181388      0.8362055      0.0542929
   6194.9126003      0.8438203      0.0541254
   6201.1070617      0.8664143      0.0540442
   6207.3015232      0.8842127      0.0539963
   6213.5176635      0.9015608      0.0540022
   6219.7224482      0.9237133      0.0541504
   6225.9489117      0.9081501      0.0540749
   6232.1753753      0.9050480      0.0540830
   6238.4018388      0.9112182      0.0541727
   6244.6489489      0.9310806      0.0543661
   6250.8862518      0.9412375      0.0539836
   6257.1442011      0.9430817      0.0540956
   6263.4021506      0.9378212      0.0545497
   6269.6601000      0.9654554      0.0551522
   6275.9288888      0.9752795      0.0554258
   6282.2080009      0.9892763      0.0558740
   6288.4871129      0.9903786      0.0562079
   6294.7765482      1.0015767      0.0563754
   6301.0773391      0.9726987      0.0563618
   6307.3776138      0.9497905      0.0557590
   6313.6778885      0.9287560      0.0544682
   6319.9993259      0.9183398      0.0535504
   6326.3207633      0.9213533      0.0526830
   6332.6422006      0.8914818      0.0519701
   6338.9739612      0.8670811      0.0515619
   6345.3165612      0.8620858      0.0509857
   6351.6591612      0.8449928      0.0511079
   6358.0126006      0.8447415      0.0516830
   6364.3763633      0.8448060      0.0517915
   6370.7401259      0.8469522      0.0510761
   6377.1142117      0.8340147      0.0508650
   6383.4888138      0.8328317      0.0506530
   6389.8737391      0.8375534      0.0503957
   6396.2581482      0.8480904      0.0500856
   6402.6539129      0.8810777      0.0497428
   6409.0600009      0.8947870      0.0495164
   6415.4660888      0.8969470      0.0494134
   6421.8825000      0.8881326      0.0491622
   6428.3097506      0.9095576      0.0490245
   6434.7370011      0.9330656      0.0488645
   6441.1745750      0.9533514      0.0490905
   6447.6121489      0.9691305      0.0486512
   6454.0605621      0.9741821      0.0485096
   6460.5089753      0.9945284      0.0484173
   6466.9785511      1.0017868      0.0484001
   6473.4476109      0.9824834      0.0482725
   6479.9171867      0.9941077      0.0480547
   6486.3970859      0.9896541      0.0478202
   6492.8878244      0.9754794      0.0472327
   6499.3785629      0.9730940      0.0471786
   6505.8796247      0.9821678      0.0468705
   6512.3806865      0.9909838      0.0463282
   6518.8925876      1.0112050      0.0461062
   6525.4148121      1.0347897      0.0459159
   6531.9370365      1.0497386      0.0457226
   6538.4701003      1.0802737      0.0455488
   6545.0134874      1.1119000      0.0453838
   6551.5568744      1.1667200      0.0449863
   6558.1111009      1.2147545      0.0451955
   6564.6648112      1.2477328      0.0450917
   6571.2293609      1.2784419      0.0446539
   6577.8047500      1.3091280      0.0447046
   6584.3801391      1.3371912      0.0445609
   6590.9658515      1.3473727      0.0442813
   6597.5618871      1.3697237      0.0442701
   6604.1475994      1.4089998      0.0444716
   6610.7544744      1.4216715      0.0442561
   6617.3721888      1.4490985      0.0443151
   6623.9893871      1.4787059      0.0443791
   6630.6174247      1.4995697      0.0444557
   6637.2454624      1.5199037      0.0445705
   6643.8838232      1.5528239      0.0447111
   6650.5227003      1.5757804      0.0447768
   6657.1719006      1.6056297      0.0446224
   6663.8314241      1.6351738      0.0447144
   6670.5017871      1.6617799      0.0450617
   6677.1721500      1.6803981      0.0448817
   6683.8425129      1.6870577      0.0452097
   6690.5340385      1.6805949      0.0449911
   6697.2255641      1.6665143      0.0449707
   6703.9165735      1.6422859      0.0448987
   6710.6189385      1.6250154      0.0447872
   6717.3316268      1.5990202      0.0446463
   6724.0546383      1.5698956      0.0444318
   6730.7776497      1.5334909      0.0442007
   6737.5006612      1.4954662      0.0436790
   6744.2453515      1.4594032      0.0436325
   6750.9895256      1.4152076      0.0431002
   6757.7445391      1.3869431      0.0431266
   6764.4990365      1.3561898      0.0429523
   6771.2643732      1.3290159      0.0425371
   6778.0405494      1.3007716      0.0421916
   6784.8058862      1.2863446      0.0421330
   6791.5929018      1.2581722      0.0422993
   6798.3897244      1.2481360      0.0426564
   6805.1870633      1.2326725      0.0431334
   6811.9947253      1.2392704      0.0434734
   6818.8023874      1.2400943      0.0432557
   6825.6312121      1.2433279      0.0439652
   6832.4497135      1.2464530      0.0443580
   6839.2785383      1.2503450      0.0450151
   6846.1285256      1.2611187      0.0460738
   6852.9676735      1.2444985      0.0469721
   6859.8176609      1.2415260      0.0481409
   6866.6784876      1.2427982      0.0489692
   6873.5496376      1.2256640      0.0499921
   6880.4207876      1.2117931      0.0506685
   6887.3022609      1.2037605      0.0514140
   6894.1945735      1.1730912      0.0518688
   6901.0868862      1.1722620      0.0508258
   6907.9900383      1.1645173      0.0499068
   6914.8926741      1.1474514      0.0493167
   6921.8061494      1.1269017      0.0483094
   6928.7304641      1.1137729      0.0482193
   6935.6645859      1.0962816      0.0479578
   6942.5992239      1.0837712      0.0471427
   6949.5447011      1.0726051      0.0465894
   6956.4896624      1.0609316      0.0463334
   6963.4454629      1.0353973      0.0460202
   6970.4115867      1.0052330      0.0455606
   6977.3885500      0.9700388      0.0449751
   6984.3655133      0.9351976      0.0448726
   6991.3424765      0.9084848      0.0443552
   6998.3400862      0.8802549      0.0443202
   7005.3382121      0.8446589      0.0439058
   7012.3466612      0.8178938      0.0436728
   7019.3556265      0.7960028      0.0434748
   7026.3743989      0.7833807      0.0431450
   7033.4045268      0.7988705      0.0427198
   7040.4341385      0.7984163      0.0427735
   7047.4740735      0.7937883      0.0425697
   7054.5253641      0.7914453      0.0421239
   7061.5761385      0.7898902      0.0421548
   7068.6372362      0.7911432      0.0417360
   7075.7091732      0.7938184      0.0415452
   7082.7816265      0.8072718      0.0413761
   7089.8638867      0.8069077      0.0411947
   7096.9569865      0.7956578      0.0411557
   7104.0500862      0.7821265      0.0412091
   7111.1643485      0.7691887      0.0411966
   7118.2682876      0.7672216      0.0410481
   7125.3928732      0.7633721      0.0413311
   7132.5179750      0.7583775      0.0415758
   7139.6534000      0.7597300      0.0416736
   7146.7888250      0.7576408      0.0423827
   7153.9345732      0.7504717      0.0432259
   7161.0911609      0.7584186      0.0439539
   7168.2477485      0.7625856      0.0450915
   7175.4254989      0.7590643      0.0463439
   7182.5929259      0.7640876      0.0472021
   7189.7809994      0.7667245      0.0485480
   7196.9695891      0.7943572      0.0479827
   7204.1679859      0.8083032      0.0491346
   7211.3777383      0.8162005      0.0503252
   7218.5869744      0.8236313      0.0512086
   7225.8070500      0.8097973      0.0525944
   7233.0271256      0.7884956      0.0543809
   7240.2575244      0.7674032      0.0561290
   7247.4987626      0.7546641      0.0570716
   7254.7503241      0.7452795      0.0576034
   7262.0024018      0.7414022      0.0574354
   7269.2642865      0.7208518      0.0570660
   7276.5375268      0.7312187      0.0554840
   7283.8102509      0.7204339      0.0536415
   7291.1041376      0.7334272      0.0518300
   7298.3877011      0.7264836      0.0504459
   7305.6919112      0.7216901      0.0493259
   7312.9966374      0.7133995      0.0483066
   7320.3013635      0.7353521      0.0472966
   7327.6267362      0.7520863      0.0466113
   7334.9526250      0.7716002      0.0450875
   7342.2888371      0.7714157      0.0444124
   7349.6358885      0.7710164      0.0439376
   7356.9824239      0.7537292      0.0432685
   7364.3397985      0.7403003      0.0428079
   7371.7080126      0.7437087      0.0424167
   7379.0762268      0.7297549      0.0418524
   7386.4547641      0.7240449      0.0416768
   7393.8436247      0.7184196      0.0413447
   7401.2433247      0.7079526      0.0415192
   7408.6430247      0.6991013      0.0414049
   7416.0427247      0.7104676      0.0409921
   7423.4635874      0.7063388      0.0408477
   7430.8947732      0.7117085      0.0410491
   7438.3156359      0.7039693      0.0413450
   7445.7576612      0.7006141      0.0415703
   7453.2105259      0.6980829      0.0418583
   7460.6525511      0.7078667      0.0421468
   7468.1157391      0.7078654      0.0425352
   7475.5892503      0.6970111      0.0429520
   7483.0627615      0.6987923      0.0434400
   7490.5471121      0.7069070      0.0438583
   7498.0417859      0.6975914      0.0441006
   7505.5369759      0.7114465      0.0444269
   7513.0424891      0.7180228      0.0446990
   7520.5583256      0.7120781      0.0451343
   7528.0741621      0.7239308      0.0461779
   7535.6008379      0.7262251      0.0470760
   7543.1378371      0.7245920      0.0469263
   7550.6856756      0.7438105      0.0468477
   7558.2335141      0.7581091      0.0476647
   7565.7916759      0.7739133      0.0490279
   7573.3601609      0.7991123      0.0515415
   7580.9291621      0.8299288      0.0552143
   7588.5193259      0.8443383      0.0599982
   7596.1089735      0.8680708      0.0660148
   7603.6991374      0.9156076      0.0712922
   7611.2996244      0.9450672      0.0766203
   7618.9212741      1.0036260      0.0806468
   7626.5326006      1.1542106      0.0811893
   7634.1645735      1.1823688      0.0794830
   7641.7970626      1.2057418      0.0768149
   7649.4398750      1.2367167      0.0703133
   7657.0935268      1.3073511      0.0638164
   7664.7466624      1.3667889      0.0587013
   7672.4106374      1.4079750      0.0558215
   7680.0854518      1.4565742      0.0517431
   7687.7700732      1.4982657      0.0490691
   7695.4552109      1.5334051      0.0476811
   7703.1511879      1.5543491      0.0476417
   7710.8574883      1.5627166      0.0479453
   7718.5637885      1.5743788      0.0486743
   7726.2804121      1.5701851      0.0475288
   7734.0078750      1.5698928      0.0487258
   7741.7456612      1.5470707      0.0484433
   7749.4839635      1.5407387      0.0481243
   7757.2325891      1.4855609      0.0483410
   7764.9915379      1.4419748      0.0491890
   7772.7613261      1.3884493      0.0500978
   7780.5305982      1.3005000      0.0510653
   7788.3112259      1.2178330      0.0520993
   7796.1021768      1.1421804      0.0524366
   7803.9034509      1.0757798      0.0525782
   7811.7047250      1.0097626      0.0530545
   7819.5168385      0.9349255      0.0540026
   7827.3284359      0.8863665      0.0523925
   7835.1617121      0.8310673      0.0514095
   7842.9949883      0.7851650      0.0505758
   7850.8385876      0.7509789      0.0498051
   7858.6930265      0.7321953      0.0498702
   7866.5469491      0.7301126      0.0507245
   7874.4117112      0.7143930      0.0498246
   7882.2873126      0.7277294      0.0511334
   7890.1732374      0.7346882      0.0507097
   7898.0700015      0.7372245      0.0498769
   7905.9662494      0.7170221      0.0494257
   7913.8733367      0.7212286      0.0493159
   7921.7804241      0.7146505      0.0489008
   7929.7086741      0.7095647      0.0488242
   7937.6369241      0.7017332      0.0486033
   7945.5760135      0.6893296      0.0486771
   7953.5254261      0.6839237      0.0483972
   7961.4748388      0.6635858      0.0476697
   7969.4345747      0.6458782      0.0473646
   7977.4051500      0.6320461      0.0471139
   7985.3860485      0.6022483      0.0471878
   7993.3674633      0.5939890      0.0466470
   8001.3592011      0.5908816      0.0461566
   8009.3612624      0.5632026      0.0456603
   8017.3741629      0.5515545      0.0450750
   8025.3870635      0.5369010      0.0444126
   8033.4211268      0.5334148      0.0437784
   8041.4546739      0.5353894      0.0436136
   8049.4995765      0.5106090      0.0426955
   8057.5439629      0.5040699      0.0423885
   8065.5991888      0.5083669      0.0420079
   8073.6647379      0.5113869      0.0415122
   8081.7411265      0.5222548      0.0414220
   8089.8278383      0.5176944      0.0414293
   8097.9145500      0.5287728      0.0412015
   8106.0121011      0.5512355      0.0413246
   8114.1199756      0.5652879      0.0411170
   8122.2278500      0.5955892      0.0412327
   8130.3568871      0.6439577      0.0415726
   8138.4859241      0.6881958      0.0421857
   8146.6258006      0.7511320      0.0429176
   8154.7760003      0.7967795      0.0442013
   8162.9262000      0.8480940      0.0450603
   8171.0975624      0.9147578      0.0458327
   8179.2586015      0.9685891      0.0466558
   8187.4402871      1.0334563      0.0475241
   8195.6328121      1.0822121      0.0476085
   8203.8253371      1.1125555      0.0477879
   8212.0287015      1.1510783      0.0473263
   8220.2423891      1.1774499      0.0467932
   8228.4664000      1.1580584      0.0457768
   8236.6904109      1.1370796      0.0449442
   8244.9252612      1.0952153      0.0449779
   8253.1709509      1.0653565      0.0449041
   8261.4269638      1.0390362      0.0461605
   8269.6829768      0.9988628      0.0462647
   8277.9596362      0.9634472      0.0458366
   8286.2368117      0.9508737      0.0457825
   8294.5248268      0.9153686      0.0460762
   8302.8226489      0.8923588      0.0469270
   8311.1209871      0.8653928      0.0473612
   8319.4296485      0.8399765      0.0478184
   8327.7599888      0.8200261      0.0471405
   8336.0789735      0.7985078      0.0473170
   8344.4196371      0.7804278      0.0465948
   8352.7603006      0.7783192      0.0465051
   8361.1221268      0.7589884      0.0462102
   8369.4834367      0.7595366      0.0459517
   8377.8452629      0.7431237      0.0453122
   8386.2282518      0.7138380      0.0447904
   8394.6107244      0.6878809      0.0439078
   8403.0040365      0.6647426      0.0436013
   8411.4081879      0.6544852      0.0435259
   8419.8226626      0.6351548      0.0448328
   8428.2371374      0.6356555      0.0442918
   8436.6727747      0.6293408      0.0430372
   8445.1084121      0.6222800      0.0424356
   8453.5548888      0.6136914      0.0422499
   8462.0116888      0.6101425      0.0422712
   8470.4684888      0.6066663      0.0419824
   8478.9464515      0.5877520      0.0421749
   8487.4244141      0.5845770      0.0416384
   8495.9023768      0.5633942      0.0417917
   8504.4009859      0.5586029      0.0414072
   8512.9109506      0.5502331      0.0415949
   8521.4203991      0.5344689      0.0406357
   8529.9515265      0.5295827      0.0404690
   8538.4712982      0.4997743      0.0401824
   8547.0127489      0.4868619      0.0401348
   8555.5650388      0.4884430      0.0393411
   8564.1168126      0.4776385      0.0393334
   8572.6794259      0.4668399      0.0395050
   8581.2523624      0.4625735      0.0403117
   8589.8361383      0.4694199      0.0409205
   8598.4302374      0.4693886      0.0404712
   8607.0243365      0.4709819      0.0409585
   8615.6292750      0.4762265      0.0416646
   8624.2553761      0.4768879      0.0421484
   8632.8706379      0.4804736      0.0428681
   8641.5070624      0.4728400      0.0430362
   8650.1543261      0.4683423      0.0429239
   8658.8010739      0.4617792      0.0430562
   8667.4591770      0.4565080      0.0425974
   8676.1276036      0.4552188      0.0425420
   8684.8063532      0.4568118      0.0422857
   8693.4954261      0.4578007      0.0427495
   8702.1844991      0.4421490      0.0409223
   8710.8849277      0.4429404      0.0404091
   8719.5946471      0.4383397      0.0406784
   8728.3157221      0.4147299      0.0410428
   8737.0481527      0.4146450      0.0420948
   8745.7795509      0.4024501      0.0436583
   8754.5326279      0.4170276      0.0438933
   8763.2846727      0.4296420      0.0438102
   8772.0480730      0.4194553      0.0438971
   8780.8217964      0.4215068      0.0444372
   8789.6068756      0.4162908      0.0445555
   8798.3909223      0.4112310      0.0455062
   8807.1863247      0.4006772      0.0445115
   8816.0023735      0.4038816      0.0435134
   8824.8080991      0.4025928      0.0429432
   8833.6355036      0.4113561      0.0441313
   8842.4721989      0.4299558      0.0433884
   8851.3202497      0.4489982      0.0437100
   8860.1683006      0.4855456      0.0446035
   8869.0266747      0.5024205      0.0450846
   8877.8953721      0.5223511      0.0459365
   8886.7754250      0.5477389      0.0450192
   8895.6658011      0.5886531      0.0449917
   8904.5561773      0.6493673      0.0462354
   8913.4672000      0.7106822      0.0480470
   8922.3782227      0.7880657      0.0469540
   8931.3006009      0.8406980      0.0465306
   8940.2333023      0.8994114      0.0465270
   8949.1763270      0.9667777      0.0470694
   8958.1296750      1.0271809      0.0473422
   8967.0830230      1.0739555      0.0480761
   8976.0477265      1.1203917      0.0475016
   8985.0227532      1.1366508      0.0458242
   8994.0081032      1.1669103      0.0456719
   9003.0037765      1.2114578      0.0465660
   9012.0097730      1.2519946      0.0453679
   9021.0271250      1.3159158      0.0452440
   9030.0444770      1.3861932      0.0463218
   9039.0721523      1.4110012      0.0482587
   9048.1101509      1.4540837      0.0487967
   9057.1584727      1.5504560      0.0479592
   9066.2181500      1.6223762      0.0488391
   9075.2881506      1.7179893      0.0497866
   9084.3581511      1.7890100      0.0491868
   9093.4487982      1.8456227      0.0487160
   9102.5404777      1.8853246      0.0477599
   9111.6414480      1.8974324      0.0468308
   9120.7537739      1.8849177      0.0461562
   9129.8764230      1.8580999      0.0460976
   9139.0104277      1.8047808      0.0463986
   9148.1434000      1.7196420      0.0459055
   9157.2980511      1.6581355      0.0445391
   9166.4527023      1.5835501      0.0435211
   9175.6176768      1.5000693      0.0425303
   9184.7929744      1.4268566      0.0414572
   9193.9796277      1.3511781      0.0403325
   9203.1755718      1.2834561      0.0393125
   9212.3725482      1.1951058      0.0388786
   9221.5912036      1.1301880      0.0389984
   9230.8191497      1.0809455      0.0387322
   9240.0367727      1.0207191      0.0385513
   9249.2863977      0.9668188      0.0383415
   9258.5360227      0.9210021      0.0382967
   9267.7970032      0.8794613      0.0393143
   9277.0672747      0.8464615      0.0409226
   9286.3385786      0.8130652      0.0430589
   9295.6294964      0.7801729      0.0461667
   9304.9214468      0.7742916      0.0501677
   9314.2247527      0.7811446      0.0548234
   9323.5373494      0.7629662      0.0595883
   9332.8716250      0.7849971      0.0646769
   9342.1955773      0.7837747      0.0695598
   9351.5401761      0.7972545      0.0743708
   9360.8950982      0.7643521      0.0703869
   9370.2613759      0.7596815      0.0695380
   9379.6276536      0.7205099      0.0677896
   9389.0032221      0.7071887      0.0649116
   9398.3911786      0.6652263      0.0621483
   9407.7987491      0.6154702      0.0631218
   9417.1959964      0.5905859      0.0635688
   9426.6149227      0.5502194      0.0661557
   9436.0441721      0.5409398      0.0689126
   9445.4847770      0.5200068      0.0738780
   9454.9346730      0.4795701      0.0780209
   9464.3856011      0.4674370      0.0819383
   9473.8468527      0.4746939      0.0794476
   9483.3287506      0.4880390      0.0761620
   9492.8106485      0.4724190      0.0742757
   9502.3039020      0.4276526      0.0732471
   9511.8064464      0.4121508      0.0729317
   9521.3203464      0.4282788      0.0334905
   9530.8342464      0.4292468      0.0335959
   9540.3698253      0.4447953      0.0335902
   9549.9157273      0.4457733      0.0334594
   9559.4605971      0.4488044      0.0333597
   9569.0168223      0.4594813      0.0333094
   9578.5947265      0.4631739      0.0333101
   9588.1715982      0.4663967      0.0332434
   9597.7598256      0.4722835      0.0330184
   9607.3583761      0.4714355      0.0328030
   9616.9672500      0.4689119      0.0325733
   9626.5864471      0.4731787      0.0324416
   9636.2066765      0.4733463      0.0323068
   9645.8475523      0.4701020      0.0321529
   9655.4884282      0.4657402      0.0320168
   9665.1499506      0.4589133      0.0318903
   9674.8114730      0.4515190      0.0319308
   9684.4843509      0.4428198      0.0321305
   9694.1778753      0.4401518      0.0322625
   9703.8713997      0.4333127      0.0320973
   9713.5752473      0.4289364      0.0318962
   9723.2904506      0.4291885      0.0317389
   9733.0159770      0.4296836      0.0315348
   9742.7415036      0.4288602      0.0314645
   9752.4876765      0.4278195      0.0313273
   9762.2338494      0.4268455      0.0312195
   9772.0017011      0.4212036      0.0310346
   9781.7695529      0.4192336      0.0309770
   9791.5580511      0.4202397      0.0312590
   9801.3465494      0.4121105      0.0314853
   9811.1567265      0.4145258      0.0318857
   9820.9669036      0.4068585      0.0320859
   9830.7863714      0.3989869      0.0321110
   9840.6182273      0.3922166      0.0321008
   9850.4593741      0.3894196      0.0324350
   9860.3015532      0.3776874      0.0325871
   9870.1633464      0.3745922      0.0327021
   9880.0375277      0.3598797      0.0328626
   9889.9209997      0.3515961      0.0334365
   9899.8158273      0.3440215      0.0335598
   9909.7096227      0.3341080      0.0340152
   9919.6147735      0.3183419      0.0342793
   9929.5416032      0.3063428      0.0347026
   9939.4674006      0.2956886      0.0353691
   9949.4045536      0.2875011      0.0359652
   9959.3623529      0.2754208      0.0365007
   9969.3201523      0.2602018      0.0370212
   9979.2882750      0.2401564      0.0380101
   9989.2677532      0.2309152      0.0389551
   9999.2565223      0.2204907      0.0400201
   10009.2566471      0.2118716      0.0413525
   10019.2681273      0.1983232      0.0430361
   10029.2888985      0.1771092      0.0439566
   10039.3210253      0.1595364      0.0449189
   10049.3531520      0.1405359      0.0459721
   10059.4059253      0.1191122      0.0479071
