5240.00	2.68043e-18
5241.00	1.33622e-18
5242.00	-2.88337e-19
5243.00	-5.33363e-19
5244.00	1.58695e-18
5245.00	4.94138e-18
5246.00	8.18425e-18
5247.00	7.68594e-18
5248.00	4.23312e-18
5249.00	-5.38301e-19
5250.00	-2.68204e-18
5251.00	1.62501e-18
5252.00	7.55359e-18
5253.00	9.97715e-18
5254.00	4.41436e-18
5255.00	-4.56323e-19
5256.00	-1.77205e-18
5257.00	7.52317e-19
5258.00	4.82941e-18
5259.00	1.02389e-17
5260.00	1.61935e-17
5261.00	1.23511e-17
5262.00	6.06525e-18
5263.00	1.8029e-18
5264.00	6.81051e-18
5265.00	8.48713e-18
5266.00	9.43267e-18
5267.00	1.12384e-17
5268.00	1.25399e-17
5269.00	1.21528e-17
5270.00	1.08069e-17
5271.00	1.04668e-17
5272.00	1.18495e-17
5273.00	1.30843e-17
5274.00	1.29949e-17
5275.00	1.26681e-17
5276.00	1.03935e-17
5277.00	6.80928e-18
5278.00	2.92901e-18
5279.00	3.99248e-18
5280.00	7.89843e-18
5281.00	1.26857e-17
5282.00	1.22393e-17
5283.00	1.18028e-17
5284.00	1.3514e-17
5285.00	2.02267e-17
5286.00	2.46084e-17
5287.00	2.1635e-17
5288.00	1.09898e-17
5289.00	5.35738e-18
5290.00	7.63843e-18
5291.00	1.16943e-17
5292.00	8.2875e-18
5293.00	4.52896e-18
5294.00	2.1933e-18
5295.00	2.17776e-18
5296.00	3.13022e-18
5297.00	6.56694e-18
5298.00	1.00623e-17
5299.00	1.06109e-17
5300.00	9.98391e-18
5301.00	9.52134e-18
5302.00	9.74753e-18
5303.00	1.0522e-17
5304.00	9.74218e-18
5305.00	8.81922e-18
5306.00	9.29935e-18
5307.00	9.50399e-18
5308.00	7.8927e-18
5309.00	5.13743e-18
5310.00	4.654e-18
5311.00	7.02017e-18
5312.00	8.66434e-18
5313.00	6.39219e-18
5314.00	2.5963e-18
5315.00	8.60489e-19
5316.00	1.25477e-18
5317.00	5.86913e-19
5318.00	3.89557e-18
5319.00	7.89737e-18
5320.00	9.92839e-18
5321.00	9.27825e-18
5322.00	9.17952e-18
5323.00	9.3273e-18
5324.00	7.25965e-18
5325.00	4.72656e-18
5326.00	2.92366e-18
5327.00	2.36611e-18
5328.00	-1.32344e-18
5329.00	-1.61347e-18
5330.00	1.81238e-18
5331.00	8.04254e-18
5332.00	1.01012e-17
5333.00	9.8641e-18
5334.00	8.43315e-18
5335.00	7.77013e-18
5336.00	7.39587e-18
5337.00	6.71686e-18
5338.00	4.72744e-18
5339.00	2.57422e-18
5340.00	1.60033e-18
5341.00	2.43916e-18
5342.00	4.19195e-18
5343.00	5.73536e-18
5344.00	7.39203e-18
5345.00	9.96175e-18
5346.00	1.16771e-17
5347.00	1.13765e-17
5348.00	9.19937e-18
5349.00	8.84378e-18
5350.00	6.51614e-18
5351.00	3.13755e-18
5352.00	1.51221e-19
5353.00	-1.21062e-18
5354.00	-1.08938e-18
5355.00	-1.37911e-20
5356.00	1.9076e-19
5357.00	2.19143e-19
5358.00	-1.65319e-19
5359.00	-1.23016e-18
5360.00	-5.07396e-19
5361.00	2.01159e-18
5362.00	5.49083e-18
5363.00	7.39028e-18
5364.00	7.17102e-18
5365.00	5.73906e-18
5366.00	4.1202e-18
5367.00	6.15755e-18
5368.00	7.62653e-18
5369.00	7.36592e-18
5370.00	5.17888e-18
5371.00	3.78279e-18
5372.00	4.071e-18
5373.00	6.56897e-18
5374.00	7.57038e-18
5375.00	7.93705e-18
5376.00	7.84801e-18
5377.00	7.41799e-18
5378.00	7.04962e-18
5379.00	6.55496e-18
5380.00	5.89188e-18
5381.00	5.74517e-18
5382.00	6.24811e-18
5383.00	7.1382e-18
5384.00	7.81375e-18
5385.00	8.73529e-18
5386.00	9.03539e-18
5387.00	8.48537e-18
5388.00	9.18875e-18
5389.00	9.31891e-18
5390.00	9.44908e-18
5391.00	9.57925e-18
5392.00	9.70941e-18
5393.00	9.83957e-18
5394.00	9.96974e-18
5395.00	1.00999e-17
5396.00	1.02301e-17
5397.00	1.03602e-17
5398.00	1.04904e-17
5399.00	1.06206e-17
5400.00	1.07507e-17
5401.00	1.08809e-17
5402.00	1.08809e-17
5403.00	1.08738e-17
5404.00	8.50462e-18
5405.00	7.06269e-18
5406.00	7.51966e-18
5407.00	6.28958e-18
5408.00	3.31176e-18
5409.00	4.39964e-18
5410.00	4.51429e-18
5411.00	2.27447e-18
5412.00	1.9596e-18
5413.00	1.64473e-18
5414.00	1.32986e-18
5415.00	1.01499e-18
5416.00	7.00116e-19
5417.00	3.85245e-19
5418.00	3.85245e-19
5419.00	6.36189e-18
5420.00	6.51088e-18
5421.00	5.01283e-18
5422.00	3.26592e-18
5423.00	2.00684e-18
5424.00	1.39573e-18
5425.00	1.82224e-18
5426.00	3.50168e-18
5427.00	4.46262e-18
5428.00	4.83412e-18
5429.00	5.05117e-18
5430.00	6.09176e-18
5431.00	8.41325e-18
5432.00	1.07631e-17
5433.00	1.2092e-17
5434.00	1.16857e-17
5435.00	9.89769e-18
5436.00	7.57341e-18
5437.00	6.27639e-18
5438.00	4.97899e-18
5439.00	4.38733e-18
5440.00	4.77392e-18
5441.00	4.74659e-18
5442.00	5.1322e-18
5443.00	6.18632e-18
5444.00	8.5872e-18
5445.00	7.80136e-18
5446.00	7.45499e-18
5447.00	8.86025e-18
5448.00	9.08962e-18
5449.00	4.06675e-18
5450.00	4.56385e-18
5451.00	5.06096e-18
5452.00	5.55806e-18
5453.00	6.05517e-18
5454.00	6.05517e-18
5455.00	5.20736e-18
5456.00	4.68211e-18
5457.00	6.20062e-18
5458.00	1.18872e-17
5459.00	1.09138e-17
5460.00	8.00594e-18
5461.00	5.32845e-18
5462.00	4.98201e-18
5463.00	4.05201e-18
5464.00	3.7496e-18
5465.00	5.78304e-18
5466.00	4.22957e-18
5467.00	3.1981e-18
5468.00	3.84089e-18
5469.00	5.7294e-18
5470.00	5.57309e-18
5471.00	4.63726e-18
5472.00	4.3866e-18
5473.00	6.62288e-18
5474.00	7.25699e-18
5475.00	5.76379e-18
5476.00	4.30836e-18
5477.00	3.41901e-18
5478.00	2.82682e-18
5479.00	2.29076e-18
5480.00	1.79741e-18
5481.00	2.61373e-18
5482.00	4.05703e-18
5483.00	3.51166e-18
5484.00	2.80194e-18
5485.00	2.59668e-18
5486.00	3.42406e-18
5487.00	4.90272e-18
5488.00	5.42611e-18
5489.00	4.89995e-18
5490.00	3.58584e-18
5491.00	4.95582e-18
5492.00	7.13099e-18
5493.00	8.72591e-18
5494.00	8.17908e-18
5495.00	7.23044e-18
5496.00	6.14537e-18
5497.00	4.63995e-18
5498.00	4.12956e-18
5499.00	5.39055e-18
5500.00	8.30061e-18
5501.00	8.90526e-18
5502.00	6.48608e-18
5503.00	3.00208e-18
5504.00	1.76752e-18
5505.00	2.51285e-18
5506.00	3.62744e-18
5507.00	4.34776e-18
5508.00	5.47455e-18
5509.00	6.15248e-18
5510.00	6.03837e-18
5511.00	6.5887e-18
5512.00	7.13902e-18
5513.00	7.68934e-18
5514.00	8.23966e-18
5515.00	8.78998e-18
5516.00	9.34031e-18
5517.00	9.89063e-18
5518.00	9.89063e-18
5519.00	9.67638e-18
5520.00	8.92348e-18
5521.00	8.72356e-18
5522.00	1.06857e-17
5523.00	9.3449e-18
5524.00	7.61662e-18
5525.00	8.84903e-18
5526.00	9.41518e-18
5527.00	8.94669e-18
5528.00	7.2188e-18
5529.00	4.07131e-18
5530.00	2.17305e-18
5531.00	1.28037e-18
5532.00	1.10172e-18
5533.00	7.24767e-19
5534.00	2.92247e-18
5535.00	6.33853e-18
5536.00	5.40235e-18
5537.00	3.46798e-18
5538.00	2.93958e-18
5539.00	5.49075e-18
5540.00	5.81272e-18
5541.00	6.53323e-18
5542.00	7.3082e-18
5543.00	6.2141e-18
5544.00	4.28476e-18
5545.00	3.43948e-18
5546.00	4.67414e-18
5547.00	3.7759e-18
5548.00	2.27841e-18
5549.00	1.18806e-18
5550.00	2.2e-18
5551.00	2.70689e-18
5552.00	2.56481e-18
5553.00	1.84282e-18
5554.00	2.60327e-18
5555.00	3.75677e-18
5556.00	4.34393e-18
5557.00	2.83876e-18
5558.00	1.4926e-18
5559.00	1.55392e-18
5560.00	3.56177e-18
5561.00	6.15105e-18
5562.00	7.1184e-18
5563.00	6.7951e-18
5564.00	5.97771e-18
5565.00	6.75168e-18
5566.00	7.38504e-18
5567.00	7.34596e-18
5568.00	7.479e-18
5569.00	8.60558e-18
5570.00	9.11245e-18
5571.00	6.76916e-18
5572.00	4.81487e-18
5573.00	5.22811e-18
5574.00	8.17654e-18
5575.00	1.10314e-17
5576.00	1.11747e-17
5577.00	9.58434e-18
5578.00	7.53986e-18
5579.00	8.42528e-18
5580.00	1.17745e-17
5581.00	1.55206e-17
5582.00	1.35993e-17
5583.00	7.72238e-18
5584.00	3.17645e-18
5585.00	4.93146e-18
5586.00	7.58306e-18
5587.00	8.49214e-18
5588.00	7.67565e-18
5589.00	8.02184e-18
5590.00	8.53233e-18
5591.00	8.00619e-18
5592.00	5.51132e-18
5593.00	2.41291e-18
5594.00	7.47705e-19
5595.00	1.83443e-18
5596.00	8.33649e-18
5597.00	1.00372e-17
5598.00	8.33394e-18
5599.00	4.668e-18
5600.00	5.89515e-18
5601.00	8.36407e-18
5602.00	1.02349e-17
5603.00	8.81765e-18
5604.00	8.44729e-18
5605.00	8.34554e-18
5606.00	8.09735e-18
5607.00	7.05682e-18
5608.00	5.26614e-18
5609.00	3.52487e-18
5610.00	3.28394e-18
5611.00	3.23424e-18
5612.00	3.42517e-18
5613.00	3.72999e-18
5614.00	3.68483e-18
5615.00	3.7044e-18
5616.00	4.08531e-18
5617.00	5.27338e-18
5618.00	6.21569e-18
5619.00	6.08289e-18
5620.00	4.8914e-18
5621.00	4.85385e-18
5622.00	6.11869e-18
5623.00	7.20982e-18
5624.00	6.07617e-18
5625.00	4.84619e-18
5626.00	4.51139e-18
5627.00	5.00695e-18
5628.00	3.95393e-18
5629.00	2.39461e-18
5630.00	1.09739e-18
5631.00	8.71705e-19
5632.00	2.30962e-18
5633.00	4.67658e-18
5634.00	6.87177e-18
5635.00	6.18993e-18
5636.00	4.7448e-18
5637.00	3.62768e-18
5638.00	3.84815e-18
5639.00	3.79771e-18
5640.00	3.84266e-18
5641.00	4.41089e-18
5642.00	6.72008e-18
5643.00	8.51058e-18
5644.00	9.37996e-18
5645.00	8.97006e-18
5646.00	7.09071e-18
5647.00	5.88819e-18
5648.00	5.98066e-18
5649.00	7.56873e-18
5650.00	8.58414e-18
5651.00	8.64363e-18
5652.00	7.49788e-18
5653.00	6.24795e-18
5654.00	5.57286e-18
5655.00	5.67407e-18
5656.00	6.82311e-18
5657.00	6.63175e-18
5658.00	5.10757e-18
5659.00	2.63354e-18
5660.00	2.79737e-18
5661.00	5.23861e-18
5662.00	8.3903e-18
5663.00	9.44992e-18
5664.00	9.42621e-18
5665.00	9.69231e-18
5666.00	1.0718e-17
5667.00	9.9129e-18
5668.00	8.29724e-18
5669.00	6.53491e-18
5670.00	5.47076e-18
5671.00	4.81386e-18
5672.00	4.38078e-18
5673.00	3.88369e-18
5674.00	2.34584e-18
5675.00	1.05321e-18
5676.00	1.28992e-18
5677.00	4.91297e-18
5678.00	5.50255e-18
5679.00	4.20325e-18
5680.00	2.34272e-18
5681.00	4.58639e-18
5682.00	6.87246e-18
5683.00	8.44163e-18
5684.00	8.7316e-18
5685.00	7.40144e-18
5686.00	7.15751e-18
5687.00	8.60779e-18
5688.00	1.02865e-17
5689.00	1.05853e-17
5690.00	1.03635e-17
5691.00	1.07211e-17
5692.00	1.036e-17
5693.00	9.99891e-18
5694.00	9.63784e-18
5695.00	9.27676e-18
5696.00	8.91569e-18
5697.00	8.55461e-18
5698.00	8.55461e-18
5699.00	8.38976e-18
5700.00	9.09623e-18
5701.00	1.00849e-17
5702.00	8.71106e-18
5703.00	6.63014e-18
5704.00	5.46311e-18
5705.00	6.34347e-18
5706.00	6.22484e-18
5707.00	6.61342e-18
5708.00	7.62251e-18
5709.00	8.89856e-18
5710.00	1.02488e-17
5711.00	1.23542e-17
5712.00	1.50397e-17
5713.00	1.25342e-17
5714.00	8.87378e-18
5715.00	6.06095e-18
5716.00	6.85237e-18
5717.00	6.36205e-18
5718.00	6.34386e-18
5719.00	7.34723e-18
5720.00	7.41724e-18
5721.00	6.78223e-18
5722.00	6.08332e-18
5723.00	6.46079e-18
5724.00	6.1604e-18
5725.00	6.85799e-18
5726.00	8.68734e-18
5727.00	8.20466e-18
5728.00	5.03996e-18
5729.00	2.31942e-18
5730.00	4.90868e-18
5731.00	6.01126e-18
5732.00	5.10245e-18
5733.00	2.7628e-18
5734.00	4.34089e-18
5735.00	5.04206e-18
5736.00	4.92601e-18
5737.00	4.45575e-18
5738.00	6.29516e-18
5739.00	7.50467e-18
5740.00	7.16101e-18
5741.00	5.73167e-18
5742.00	5.75643e-18
5743.00	6.48791e-18
5744.00	6.95553e-18
5745.00	6.82179e-18
5746.00	6.32757e-18
5747.00	5.50971e-18
5748.00	3.99204e-18
5749.00	3.9426e-18
5750.00	5.13359e-18
5751.00	7.22256e-18
5752.00	8.22373e-18
5753.00	8.2463e-18
5754.00	7.48092e-18
5755.00	6.44952e-18
5756.00	5.53241e-18
5757.00	5.14629e-18
5758.00	5.60913e-18
5759.00	6.56977e-18
5760.00	6.25412e-18
5761.00	4.7118e-18
5762.00	2.76574e-18
5763.00	3.39507e-18
5764.00	4.5741e-18
5765.00	5.07199e-18
5766.00	6.87983e-18
5767.00	8.6076e-18
5768.00	9.62164e-18
5769.00	8.95709e-18
5770.00	9.66386e-18
5771.00	9.37855e-18
5772.00	6.96949e-18
5773.00	3.99511e-18
5774.00	3.53946e-18
5775.00	4.87142e-18
5776.00	5.87769e-18
5777.00	6.19257e-18
5778.00	6.24963e-18
5779.00	6.39381e-18
5780.00	7.09732e-18
5781.00	9.91427e-18
5782.00	1.29925e-17
5783.00	1.34426e-17
5784.00	9.92223e-18
5785.00	7.12147e-18
5786.00	6.89771e-18
5787.00	7.26337e-18
5788.00	6.41318e-18
5789.00	5.6436e-18
5790.00	6.96687e-18
5791.00	7.69562e-18
5792.00	7.8796e-18
5793.00	7.52522e-18
5794.00	7.1243e-18
5795.00	6.03388e-18
5796.00	4.89084e-18
5797.00	4.4488e-18
5798.00	4.78729e-18
5799.00	6.0981e-18
5800.00	7.7713e-18
5801.00	7.68905e-18
5802.00	6.70953e-18
5803.00	6.10065e-18
5804.00	7.02067e-18
5805.00	6.08463e-18
5806.00	4.77398e-18
5807.00	3.90596e-18
5808.00	4.99076e-18
5809.00	4.63693e-18
5810.00	3.60066e-18
5811.00	2.66122e-18
5812.00	3.98168e-18
5813.00	5.15552e-18
5814.00	5.51777e-18
5815.00	4.66373e-18
5816.00	5.25381e-18
5817.00	6.67516e-18
5818.00	8.41683e-18
5819.00	9.65507e-18
5820.00	9.16013e-18
5821.00	7.47934e-18
5822.00	6.22732e-18
5823.00	5.70834e-18
5824.00	5.69668e-18
5825.00	5.89789e-18
5826.00	5.088e-18
5827.00	3.83356e-18
5828.00	2.98371e-18
5829.00	3.93668e-18
5830.00	5.8887e-18
5831.00	6.59681e-18
5832.00	5.2263e-18
5833.00	5.15731e-18
5834.00	5.92967e-18
5835.00	6.61916e-18
5836.00	5.75165e-18
5837.00	4.60332e-18
5838.00	4.38896e-18
5839.00	5.37815e-18
5840.00	5.58365e-18
5841.00	4.59808e-18
5842.00	3.29572e-18
5843.00	2.90276e-18
5844.00	3.97712e-18
5845.00	4.35622e-18
5846.00	3.56063e-18
5847.00	3.4393e-18
5848.00	4.44641e-18
5849.00	5.0115e-18
5850.00	3.19578e-18
5851.00	2.39017e-18
5852.00	3.35102e-18
5853.00	5.3866e-18
5854.00	4.62058e-18
5855.00	3.51899e-18
5856.00	3.3207e-18
5857.00	5.20089e-18
5858.00	5.15919e-18
5859.00	5.11749e-18
5860.00	5.0758e-18
5861.00	5.0341e-18
5862.00	4.99241e-18
5863.00	4.95071e-18
5864.00	4.95071e-18
5865.00	5.19674e-18
5866.00	5.48237e-18
5867.00	5.02066e-18
5868.00	6.21403e-18
5869.00	5.8669e-18
5870.00	4.42601e-18
5871.00	2.44964e-18
5872.00	2.91499e-18
5873.00	4.4352e-18
5874.00	6.29954e-18
5875.00	7.73285e-18
5876.00	7.95947e-18
5877.00	6.87331e-18
5878.00	4.583e-18
5879.00	2.45415e-18
5880.00	2.64356e-18
5881.00	4.92607e-18
5882.00	8.54063e-18
5883.00	9.27974e-18
5884.00	8.07738e-18
5885.00	5.79208e-18
5886.00	5.49711e-18
5887.00	6.94455e-18
5888.00	8.93897e-18
5889.00	9.66406e-18
5890.00	8.40621e-18
5891.00	7.28467e-18
5892.00	7.38617e-18
5893.00	8.78687e-18
5894.00	8.64925e-18
5895.00	7.35547e-18
5896.00	5.79966e-18
5897.00	5.82897e-18
5898.00	6.47769e-18
5899.00	7.07213e-18
5900.00	6.16946e-18
5901.00	5.96166e-18
5902.00	6.36439e-18
5903.00	7.08611e-18
5904.00	7.17873e-18
5905.00	7.93368e-18
5906.00	9.27506e-18
5907.00	9.27691e-18
5908.00	8.47806e-18
5909.00	7.59308e-18
5910.00	7.36491e-18
5911.00	7.12427e-18
5912.00	7.05744e-18
5913.00	6.91356e-18
5914.00	5.51235e-18
5915.00	5.92828e-18
5916.00	7.40917e-18
5917.00	9.12306e-18
5918.00	9.48886e-18
5919.00	8.38523e-18
5920.00	6.42363e-18
5921.00	5.4363e-18
5922.00	4.0495e-18
5923.00	2.9458e-18
5924.00	2.83663e-18
5925.00	6.32366e-18
5926.00	8.04975e-18
5927.00	7.33372e-18
5928.00	5.12902e-18
5929.00	5.58427e-18
5930.00	6.30489e-18
5931.00	5.91394e-18
5932.00	6.58925e-18
5933.00	7.94922e-18
5934.00	8.8328e-18
5935.00	6.96148e-18
5936.00	4.42527e-18
5937.00	2.73877e-18
5938.00	2.88251e-18
5939.00	3.77936e-18
5940.00	6.50074e-18
5941.00	9.60574e-18
5942.00	1.07302e-17
5943.00	8.03678e-18
5944.00	5.06792e-18
5945.00	3.93859e-18
5946.00	5.78569e-18
5947.00	7.41634e-18
5948.00	8.03661e-18
5949.00	6.96424e-18
5950.00	6.71093e-18
5951.00	6.41767e-18
5952.00	6.12675e-18
5953.00	7.58762e-18
5954.00	7.61647e-18
5955.00	6.9206e-18
5956.00	6.74776e-18
5957.00	7.10319e-18
5958.00	6.67203e-18
5959.00	5.38461e-18
5960.00	5.2476e-18
5961.00	3.77829e-18
5962.00	2.7872e-18
5963.00	4.42117e-18
5964.00	7.47712e-18
5965.00	8.92781e-18
5966.00	8.13445e-18
5967.00	6.47099e-18
5968.00	6.71894e-18
5969.00	8.3701e-18
5970.00	1.07254e-17
5971.00	9.96688e-18
5972.00	7.95342e-18
5973.00	6.01233e-18
5974.00	6.26943e-18
5975.00	8.41048e-18
5976.00	1.15524e-17
5977.00	1.47044e-17
5978.00	1.49109e-17
5979.00	1.25524e-17
5980.00	9.00964e-18
5981.00	7.35028e-18
5982.00	6.25232e-18
5983.00	5.53413e-18
5984.00	5.11634e-18
5985.00	6.06539e-18
5986.00	6.96246e-18
5987.00	7.02134e-18
5988.00	4.96704e-18
5989.00	4.10063e-18
5990.00	4.65178e-18
5991.00	6.62475e-18
5992.00	7.93301e-18
5993.00	7.92637e-18
5994.00	6.96821e-18
5995.00	5.83896e-18
5996.00	5.48699e-18
5997.00	5.6464e-18
5998.00	6.24709e-18
5999.00	7.58972e-18
6000.00	8.15794e-18
6001.00	7.88932e-18
6002.00	6.96054e-18
6003.00	6.10077e-18
6004.00	5.36628e-18
6005.00	5.09446e-18
6006.00	6.72237e-18
6007.00	7.51746e-18
6008.00	7.20404e-18
6009.00	5.67916e-18
6010.00	5.60085e-18
6011.00	5.54934e-18
6012.00	5.24797e-18
6013.00	5.55557e-18
6014.00	6.3838e-18
6015.00	7.28181e-18
6016.00	7.71941e-18
6017.00	9.15824e-18
6018.00	1.00607e-17
6019.00	9.92322e-18
6020.00	8.81325e-18
6021.00	7.69583e-18
6022.00	6.58844e-18
6023.00	5.49068e-18
6024.00	5.12408e-18
6025.00	5.41601e-18
6026.00	6.17514e-18
6027.00	6.96937e-18
6028.00	7.2836e-18
6029.00	7.2837e-18
6030.00	7.19734e-18
6031.00	8.51886e-18
6032.00	9.78208e-18
6033.00	1.0118e-17
6034.00	8.10361e-18
6035.00	6.7214e-18
6036.00	5.98863e-18
6037.00	5.97382e-18
6038.00	6.56325e-18
6039.00	6.55145e-18
6040.00	6.27736e-18
6041.00	7.12694e-18
6042.00	7.99891e-18
6043.00	8.52952e-18
6044.00	8.4865e-18
6045.00	8.41402e-18
6046.00	8.44037e-18
6047.00	8.30359e-18
6048.00	7.36369e-18
6049.00	6.66585e-18
6050.00	6.51126e-18
6051.00	6.98843e-18
6052.00	7.10925e-18
6053.00	7.23941e-18
6054.00	7.49442e-18
6055.00	8.14878e-18
6056.00	7.17299e-18
6057.00	6.67762e-18
6058.00	7.32482e-18
6059.00	7.26952e-18
6060.00	6.97438e-18
6061.00	6.99431e-18
6062.00	8.26208e-18
6063.00	6.16479e-18
6064.00	3.95494e-18
6065.00	3.5098e-18
6066.00	7.28251e-18
6067.00	1.14312e-17
6068.00	1.45836e-17
6069.00	1.54726e-17
6070.00	1.38767e-17
6071.00	1.154e-17
6072.00	9.59061e-18
6073.00	9.49347e-18
6074.00	9.05379e-18
6075.00	8.37064e-18
6076.00	7.64593e-18
6077.00	7.09395e-18
6078.00	6.51313e-18
6079.00	5.88487e-18
6080.00	5.18826e-18
6081.00	5.55489e-18
6082.00	6.35155e-18
6083.00	6.93093e-18
6084.00	6.23027e-18
6085.00	5.76928e-18
6086.00	6.07811e-18
6087.00	7.59363e-18
6088.00	8.47451e-18
6089.00	8.87702e-18
6090.00	8.98624e-18
6091.00	1.00472e-17
6092.00	1.09537e-17
6093.00	1.07285e-17
6094.00	7.37702e-18
6095.00	5.34791e-18
6096.00	5.16748e-18
6097.00	6.96036e-18
6098.00	5.91526e-18
6099.00	4.87017e-18
6100.00	3.82507e-18
6101.00	2.77997e-18
6102.00	2.77997e-18
6103.00	7.92008e-18
6104.00	8.98594e-18
6105.00	7.71695e-18
6106.00	6.92156e-18
6107.00	6.67457e-18
6108.00	6.23556e-18
6109.00	5.82048e-18
6110.00	6.2736e-18
6111.00	7.83728e-18
6112.00	9.39846e-18
6113.00	1.03682e-17
6114.00	1.0153e-17
6115.00	7.9337e-18
6116.00	5.6727e-18
6117.00	5.11022e-18
6118.00	6.4916e-18
6119.00	6.64732e-18
6120.00	6.95918e-18
6121.00	7.79007e-18
6122.00	9.54784e-18
6123.00	9.84519e-18
6124.00	9.83986e-18
6125.00	9.80459e-18
6126.00	9.38389e-18
6127.00	8.36053e-18
6128.00	7.13785e-18
6129.00	6.17405e-18
6130.00	7.29981e-18
6131.00	9.02039e-18
6132.00	1.05183e-17
6133.00	1.09026e-17
6134.00	1.0168e-17
6135.00	8.96984e-18
6136.00	7.96853e-18
6137.00	7.67009e-18
6138.00	7.98199e-18
6139.00	8.81961e-18
6140.00	1.01748e-17
6141.00	1.06588e-17
6142.00	1.0262e-17
6143.00	9.0839e-18
6144.00	8.84973e-18
6145.00	8.99456e-18
6146.00	8.84036e-18
6147.00	6.82033e-18
6148.00	5.71739e-18
6149.00	6.13516e-18
6150.00	8.34094e-18
6151.00	9.9363e-18
6152.00	9.80653e-18
6153.00	8.59265e-18
6154.00	8.01996e-18
6155.00	8.65735e-18
6156.00	9.32692e-18
6157.00	9.26212e-18
6158.00	8.21518e-18
6159.00	7.67777e-18
6160.00	7.74667e-18
6161.00	8.30046e-18
6162.00	7.69082e-18
6163.00	7.19331e-18
6164.00	7.329e-18
6165.00	7.52743e-18
6166.00	6.78688e-18
6167.00	6.03112e-18
6168.00	6.96363e-18
6169.00	7.24719e-18
6170.00	7.21161e-18
6171.00	6.93468e-18
6172.00	6.68057e-18
6173.00	5.43615e-18
6174.00	4.24728e-18
6175.00	4.60862e-18
6176.00	5.29e-18
6177.00	6.32844e-18
6178.00	7.6237e-18
6179.00	9.21844e-18
6180.00	9.34236e-18
6181.00	8.64972e-18
6182.00	8.0055e-18
6183.00	8.18893e-18
6184.00	8.94234e-18
6185.00	9.87061e-18
6186.00	9.84777e-18
6187.00	9.28963e-18
6188.00	9.17283e-18
6189.00	9.05603e-18
6190.00	8.93923e-18
6191.00	8.82243e-18
6192.00	8.70562e-18
6193.00	8.70562e-18
6194.00	6.8605e-18
6195.00	7.67869e-18
6196.00	7.79626e-18
6197.00	8.17965e-18
6198.00	8.49358e-18
6199.00	8.75524e-18
6200.00	9.30865e-18
6201.00	9.19526e-18
6202.00	8.9292e-18
6203.00	8.85444e-18
6204.00	8.56527e-18
6205.00	8.40464e-18
6206.00	8.29581e-18
6207.00	7.99123e-18
6208.00	6.98492e-18
6209.00	6.58297e-18
6210.00	7.49019e-18
6211.00	8.48559e-18
6212.00	8.73693e-18
6213.00	8.24203e-18
6214.00	7.1436e-18
6215.00	6.98753e-18
6216.00	7.98311e-18
6217.00	9.77945e-18
6218.00	8.88727e-18
6219.00	7.69075e-18
6220.00	6.98643e-18
6221.00	7.71749e-18
6222.00	7.14737e-18
6223.00	6.54701e-18
6224.00	6.52667e-18
6225.00	7.70519e-18
6226.00	7.84186e-18
6227.00	7.28536e-18
6228.00	6.73847e-18
6229.00	8.0152e-18
6230.00	9.28939e-18
6231.00	9.71922e-18
6232.00	8.97864e-18
6233.00	7.78248e-18
6234.00	6.64893e-18
6235.00	6.11058e-18
6236.00	6.70894e-18
6237.00	7.36674e-18
6238.00	7.75092e-18
6239.00	8.16459e-18
6240.00	8.4347e-18
6241.00	8.70589e-18
6242.00	9.111e-18
6243.00	8.12997e-18
6244.00	7.48599e-18
6245.00	7.51398e-18
6246.00	7.7004e-18
6247.00	7.4083e-18
6248.00	7.07167e-18
6249.00	7.04333e-18
6250.00	6.16697e-18
6251.00	5.85502e-18
6252.00	6.25765e-18
6253.00	6.94677e-18
6254.00	6.85785e-18
6255.00	6.5715e-18
6256.00	6.56265e-18
6257.00	7.16979e-18
6258.00	7.87533e-18
6259.00	8.2405e-18
6260.00	7.49296e-18
6261.00	6.7592e-18
6262.00	7.00705e-18
6263.00	8.58655e-18
6264.00	8.41653e-18
6265.00	6.50795e-18
6266.00	4.00464e-18
6267.00	2.90059e-18
6268.00	4.44476e-18
6269.00	6.20522e-18
6270.00	6.68159e-18
6271.00	5.34495e-18
6272.00	5.7702e-18
6273.00	7.13311e-18
6274.00	7.67082e-18
6275.00	7.45029e-18
6276.00	7.22976e-18
6277.00	7.00924e-18
6278.00	7.00924e-18
6279.00	9.63748e-18
6280.00	9.79689e-18
6281.00	1.19036e-17
6282.00	1.17763e-17
6283.00	1.00818e-17
6284.00	7.77659e-18
6285.00	8.27792e-18
6286.00	9.28282e-18
6287.00	9.85581e-18
6288.00	9.0344e-18
6289.00	7.82391e-18
6290.00	8.07632e-18
6291.00	9.85187e-18
6292.00	1.05824e-17
6293.00	1.03876e-17
6294.00	9.90029e-18
6295.00	9.81056e-18
6296.00	9.81014e-18
6297.00	1.00799e-17
6298.00	1.03575e-17
6299.00	9.70219e-18
6300.00	8.57578e-18
6301.00	7.80732e-18
6302.00	8.13686e-18
6303.00	8.64755e-18
6304.00	8.36408e-18
6305.00	7.38821e-18
6306.00	6.67865e-18
6307.00	7.14932e-18
6308.00	8.04597e-18
6309.00	8.67566e-18
6310.00	8.03226e-18
6311.00	7.38017e-18
6312.00	7.36298e-18
6313.00	9.06989e-18
6314.00	9.02681e-18
6315.00	8.08573e-18
6316.00	6.87863e-18
6317.00	6.52217e-18
6318.00	6.14645e-18
6319.00	5.94595e-18
6320.00	6.73974e-18
6321.00	6.7292e-18
6322.00	7.12097e-18
6323.00	8.28938e-18
6324.00	7.95516e-18
6325.00	7.5696e-18
6326.00	7.33741e-18
6327.00	7.28282e-18
6328.00	6.97201e-18
6329.00	7.07407e-18
6330.00	7.69441e-18
6331.00	7.24099e-18
6332.00	8.0647e-18
6333.00	9.21259e-18
6334.00	8.90338e-18
6335.00	7.39032e-18
6336.00	6.46365e-18
6337.00	6.88627e-18
6338.00	8.09085e-18
6339.00	9.16602e-18
6340.00	8.98298e-18
6341.00	6.07428e-18
6342.00	5.47991e-18
6343.00	7.87884e-18
6344.00	1.24301e-17
6345.00	1.44111e-17
6346.00	1.36223e-17
6347.00	1.22091e-17
6348.00	1.26122e-17
6349.00	1.35687e-17
6350.00	1.38084e-17
6351.00	1.28659e-17
6352.00	1.07478e-17
6353.00	9.34732e-18
6354.00	8.38771e-18
6355.00	7.5778e-18
6356.00	8.04737e-18
6357.00	8.35325e-18
6358.00	8.29251e-18
6359.00	8.6206e-18
6360.00	7.92757e-18
6361.00	7.42981e-18
6362.00	8.10692e-18
6363.00	8.90258e-18
6364.00	9.19132e-18
6365.00	9.21274e-18
6366.00	1.02363e-17
6367.00	9.61579e-18
6368.00	8.74214e-18
6369.00	8.54498e-18
6370.00	8.3251e-18
6371.00	7.93097e-18
6372.00	7.73597e-18
6373.00	8.6877e-18
6374.00	9.50056e-18
6375.00	9.89675e-18
6376.00	9.71689e-18
6377.00	9.6348e-18
6378.00	9.55113e-18
6379.00	9.64437e-18
6380.00	1.03824e-17
6381.00	1.00774e-17
6382.00	9.75005e-18
6383.00	9.92241e-18
6384.00	1.08691e-17
6385.00	1.07189e-17
6386.00	9.73602e-18
6387.00	8.65043e-18
6388.00	8.17269e-18
6389.00	7.86271e-18
6390.00	7.58299e-18
6391.00	7.57725e-18
6392.00	7.4878e-18
6393.00	7.45442e-18
6394.00	7.70885e-18
6395.00	8.18835e-18
6396.00	8.6123e-18
6397.00	8.8329e-18
6398.00	8.72838e-18
6399.00	9.04982e-18
6400.00	9.20016e-18
6401.00	8.42309e-18
6402.00	7.57233e-18
6403.00	7.75276e-18
6404.00	8.7687e-18
6405.00	8.41404e-18
6406.00	7.76359e-18
6407.00	7.67334e-18
6408.00	8.93914e-18
6409.00	9.72828e-18
6410.00	9.13047e-18
6411.00	9.06425e-18
6412.00	8.99804e-18
6413.00	8.93183e-18
6414.00	8.86562e-18
6415.00	8.7994e-18
6416.00	8.73319e-18
6417.00	8.66698e-18
6418.00	8.66698e-18
6419.00	8.36759e-18
6420.00	8.63522e-18
6421.00	8.98529e-18
6422.00	9.00754e-18
6423.00	8.20055e-18
6424.00	8.02879e-18
6425.00	8.53051e-18
6426.00	9.19166e-18
6427.00	9.2022e-18
6428.00	8.82373e-18
6429.00	8.30182e-18
6430.00	8.37363e-18
6431.00	8.97999e-18
6432.00	9.68601e-18
6433.00	9.86065e-18
6434.00	8.1326e-18
6435.00	6.98174e-18
6436.00	7.74883e-18
6437.00	9.9332e-18
6438.00	1.07655e-17
6439.00	1.06063e-17
6440.00	1.08171e-17
6441.00	9.97336e-18
6442.00	8.74566e-18
6443.00	7.53178e-18
6444.00	6.71753e-18
6445.00	6.45534e-18
6446.00	6.84051e-18
6447.00	8.08157e-18
6448.00	7.91524e-18
6449.00	7.73459e-18
6450.00	8.11307e-18
6451.00	9.31943e-18
6452.00	9.80168e-18
6453.00	9.68941e-18
6454.00	9.27934e-18
6455.00	9.01685e-18
6456.00	8.36411e-18
6457.00	7.36218e-18
6458.00	6.73256e-18
6459.00	6.66168e-18
6460.00	7.24583e-18
6461.00	8.54797e-18
6462.00	8.77994e-18
6463.00	7.91191e-18
6464.00	6.50782e-18
6465.00	6.34583e-18
6466.00	7.0434e-18
6467.00	8.68049e-18
6468.00	1.1187e-17
6469.00	1.16367e-17
6470.00	1.01562e-17
6471.00	7.78514e-18
6472.00	7.22378e-18
6473.00	7.31486e-18
6474.00	7.7954e-18
6475.00	8.40707e-18
6476.00	9.02779e-18
6477.00	8.93403e-18
6478.00	8.26549e-18
6479.00	7.59008e-18
6480.00	7.92362e-18
6481.00	8.49155e-18
6482.00	8.76604e-18
6483.00	8.60347e-18
6484.00	9.25771e-18
6485.00	1.02286e-17
6486.00	1.01414e-17
6487.00	9.12664e-18
6488.00	8.04713e-18
6489.00	7.48287e-18
6490.00	7.44284e-18
6491.00	8.23637e-18
6492.00	9.19124e-18
6493.00	9.09323e-18
6494.00	8.80645e-18
6495.00	8.66385e-18
6496.00	8.83408e-18
6497.00	8.9884e-18
6498.00	8.92167e-18
6499.00	8.81275e-18
6500.00	8.98723e-18
6501.00	8.9877e-18
6502.00	8.53943e-18
6503.00	7.79023e-18
6504.00	8.14613e-18
6505.00	8.17717e-18
6506.00	7.91263e-18
6507.00	7.50333e-18
6508.00	7.92734e-18
6509.00	8.41497e-18
6510.00	8.78785e-18
6511.00	9.55992e-18
6512.00	9.60535e-18
6513.00	9.30978e-18
6514.00	9.15952e-18
6515.00	8.86849e-18
6516.00	7.73817e-18
6517.00	6.34797e-18
6518.00	7.33247e-18
6519.00	8.85279e-18
6520.00	9.56164e-18
6521.00	8.26937e-18
6522.00	7.28192e-18
6523.00	6.85146e-18
6524.00	6.79451e-18
6525.00	6.20938e-18
6526.00	5.29709e-18
6527.00	4.48564e-18
6528.00	4.21252e-18
6529.00	5.61958e-18
6530.00	6.63568e-18
6531.00	7.09464e-18
6532.00	7.80387e-18
6533.00	8.67394e-18
6534.00	9.3068e-18
6535.00	9.39677e-18
6536.00	8.93819e-18
6537.00	8.04266e-18
6538.00	7.2083e-18
6539.00	7.33446e-18
6540.00	8.14165e-18
6541.00	8.76883e-18
6542.00	8.67798e-18
6543.00	8.20098e-18
6544.00	8.01551e-18
6545.00	7.91135e-18
6546.00	7.23542e-18
6547.00	6.73678e-18
6548.00	7.10072e-18
6549.00	8.494e-18
6550.00	9.41448e-18
6551.00	9.96381e-18
6552.00	1.01255e-17
6553.00	9.86004e-18
6554.00	9.78614e-18
6555.00	9.4188e-18
6556.00	8.65282e-18
6557.00	7.80148e-18
6558.00	8.17512e-18
6559.00	8.46948e-18
6560.00	6.7497e-18
6561.00	5.37408e-18
6562.00	5.02628e-18
6563.00	5.88333e-18
6564.00	7.17812e-18
6565.00	7.90983e-18
6566.00	8.00161e-18
6567.00	7.44533e-18
6568.00	7.56288e-18
6569.00	8.05195e-18
6570.00	8.70184e-18
6571.00	9.2725e-18
6572.00	7.9808e-18
6573.00	6.3046e-18
6574.00	5.77196e-18
6575.00	5.88659e-18
6576.00	6.26149e-18
6577.00	6.73309e-18
6578.00	7.27629e-18
6579.00	7.82007e-18
6580.00	8.32773e-18
6581.00	8.76237e-18
6582.00	9.12809e-18
6583.00	9.08766e-18
6584.00	8.63227e-18
6585.00	7.86799e-18
6586.00	7.50943e-18
6587.00	7.56812e-18
6588.00	7.96254e-18
6589.00	7.53701e-18
6590.00	6.64003e-18
6591.00	5.89124e-18
6592.00	6.39761e-18
6593.00	8.13185e-18
6594.00	9.38857e-18
6595.00	9.14606e-18
6596.00	8.56133e-18
6597.00	8.86183e-18
6598.00	9.35095e-18
6599.00	8.14523e-18
6600.00	7.49989e-18
6601.00	7.67981e-18
6602.00	8.60339e-18
6603.00	7.90997e-18
6604.00	7.68983e-18
6605.00	8.12916e-18
6606.00	9.26993e-18
6607.00	8.7476e-18
6608.00	8.53566e-18
6609.00	9.27898e-18
6610.00	9.80498e-18
6611.00	9.06681e-18
6612.00	8.22798e-18
6613.00	9.09891e-18
6614.00	9.69965e-18
6615.00	9.7312e-18
6616.00	9.1483e-18
6617.00	8.58444e-18
6618.00	8.74828e-18
6619.00	9.41746e-18
6620.00	1.02946e-17
6621.00	9.06321e-18
6622.00	7.96677e-18
6623.00	7.68171e-18
6624.00	7.77161e-18
6625.00	7.95516e-18
6626.00	8.32955e-18
6627.00	8.99278e-18
6628.00	8.90695e-18
6629.00	8.46368e-18
6630.00	7.9272e-18
6631.00	7.75274e-18
6632.00	7.75266e-18
6633.00	7.95073e-18
6634.00	8.33912e-18
6635.00	8.32174e-18
6636.00	8.17906e-18
6637.00	8.16054e-18
6638.00	8.82857e-18
6639.00	8.90256e-18
6640.00	9.10329e-18
6641.00	9.84665e-18
6642.00	9.4424e-18
6643.00	8.29389e-18
6644.00	7.08557e-18
6645.00	7.18483e-18
6646.00	7.52626e-18
6647.00	7.94296e-18
6648.00	8.21577e-18
6649.00	7.87085e-18
6650.00	7.31487e-18
6651.00	7.00092e-18
6652.00	7.79947e-18
6653.00	7.83653e-18
6654.00	7.17911e-18
6655.00	6.08593e-18
6656.00	6.53013e-18
6657.00	7.90093e-18
6658.00	9.24391e-18
6659.00	9.18175e-18
6660.00	0E-21
6661.00	0E-21
6662.00	0E-21
6663.00	0E-21
6664.00	0E-21
6665.00	0E-21
6666.00	0E-21
6667.00	0E-21
6668.00	0E-21
6669.00	0E-21
6670.00	0E-21
6671.00	0E-21
6672.00	0E-21
6673.00	0E-21
6674.00	0E-21
6675.00	0E-21
6676.00	0E-21
6677.00	0E-21
6678.00	0E-21
6679.00	0E-21
6680.00	0E-21
6681.00	0E-21
6682.00	0E-21
6683.00	0E-21
6684.00	0E-21
6685.00	0E-21
6686.00	0E-21
6687.00	0E-21
6688.00	0E-21
6689.00	0E-21
6690.00	0E-21
6691.00	0E-21
6692.00	0E-21
6693.00	8.78163e-18
6694.00	9.22264e-18
6695.00	8.35885e-18
6696.00	7.94867e-18
6697.00	8.04857e-18
6698.00	7.60149e-18
6699.00	8.67399e-18
6700.00	9.63092e-18
6701.00	9.47752e-18
6702.00	9.95383e-18
6703.00	8.80174e-18
6704.00	7.25467e-18
6705.00	8.83803e-18
6706.00	9.31252e-18
6707.00	9.02463e-18
6708.00	8.1584e-18
6709.00	7.81534e-18
6710.00	7.80979e-18
6711.00	7.90037e-18
6712.00	7.75293e-18
6713.00	6.67514e-18
6714.00	6.8118e-18
6715.00	8.62159e-18
6716.00	8.06895e-18
6717.00	6.87661e-18
6718.00	6.03048e-18
6719.00	6.82411e-18
6720.00	7.22474e-18
6721.00	6.96646e-18
6722.00	6.20144e-18
6723.00	6.81469e-18
6724.00	6.77815e-18
6725.00	6.75844e-18
6726.00	7.86281e-18
6727.00	8.62342e-18
6728.00	9.05361e-18
6729.00	8.92206e-18
6730.00	7.18858e-18
6731.00	7.98207e-18
6732.00	9.05788e-18
6733.00	7.63697e-18
6734.00	6.89532e-18
6735.00	6.5412e-18
6736.00	6.63695e-18
6737.00	7.38348e-18
6738.00	8.13108e-18
6739.00	8.38563e-18
6740.00	7.70501e-18
6741.00	6.70105e-18
6742.00	7.35797e-18
6743.00	8.96236e-18
6744.00	7.39912e-18
6745.00	8.14094e-18
6746.00	9.25114e-18
6747.00	9.17921e-18
6748.00	9.98675e-18
6749.00	9.3604e-18
6750.00	7.72944e-18
6751.00	7.40794e-18
6752.00	7.275e-18
6753.00	7.49337e-18
6754.00	8.08721e-18
6755.00	8.25114e-18
6756.00	8.72395e-18
6757.00	9.44184e-18
6758.00	1.01986e-17
6759.00	8.91755e-18
6760.00	8.71977e-18
6761.00	1.0897e-17
6762.00	9.71327e-18
6763.00	8.77726e-18
6764.00	8.67487e-18
6765.00	8.77336e-18
6766.00	8.87185e-18
6767.00	8.97034e-18
6768.00	9.06883e-18
6769.00	9.16733e-18
6770.00	9.26582e-18
6771.00	9.36431e-18
6772.00	9.36431e-18
6773.00	9.35147e-18
6774.00	8.71901e-18
6775.00	7.94483e-18
6776.00	7.88455e-18
6777.00	8.07744e-18
6778.00	8.31757e-18
6779.00	8.40562e-18
6780.00	7.74126e-18
6781.00	7.87379e-18
6782.00	9.0471e-18
6783.00	9.73166e-18
6784.00	9.16816e-18
6785.00	8.38024e-18
6786.00	8.6526e-18
6787.00	7.69806e-18
6788.00	6.8498e-18
6789.00	6.50018e-18
6790.00	6.31634e-18
6791.00	7.79414e-18
6792.00	9.16371e-18
6793.00	8.62104e-18
6794.00	9.13499e-18
6795.00	9.01589e-18
6796.00	8.19826e-18
6797.00	7.83939e-18
6798.00	7.07835e-18
6799.00	6.29137e-18
6800.00	5.91423e-18
6801.00	8.00579e-18
6802.00	9.11343e-18
6803.00	8.68615e-18
6804.00	7.43269e-18
6805.00	7.31004e-18
6806.00	7.50242e-18
6807.00	7.43291e-18
6808.00	7.37557e-18
6809.00	7.61674e-18
6810.00	7.81994e-18
6811.00	7.00857e-18
6812.00	6.57838e-18
6813.00	6.94939e-18
6814.00	8.24511e-18
6815.00	8.75644e-18
6816.00	7.97556e-18
6817.00	6.89423e-18
6818.00	7.78848e-18
6819.00	7.62974e-18
6820.00	7.2174e-18
6821.00	6.94307e-18
6822.00	7.23877e-18
6823.00	7.04793e-18
6824.00	7.01121e-18
6825.00	8.59563e-18
6826.00	8.80022e-18
6827.00	8.66173e-18
6828.00	8.65153e-18
6829.00	9.33093e-18
6830.00	8.6632e-18
6831.00	7.80075e-18
6832.00	8.64241e-18
6833.00	1.07753e-17
6834.00	1.16961e-17
6835.00	1.05844e-17
6836.00	8.93806e-18
6837.00	7.61771e-18
6838.00	6.91536e-18
6839.00	7.03988e-18
6840.00	9.55595e-18
6841.00	1.0935e-17
6842.00	1.00161e-17
6843.00	7.31964e-18
6844.00	5.84256e-18
6845.00	5.49685e-18
6846.00	6.01687e-18
6847.00	6.11025e-18
6848.00	5.95559e-18
6849.00	6.01614e-18
6850.00	8.02763e-18
6851.00	7.95462e-18
6852.00	6.72524e-18
6853.00	5.33855e-18
6854.00	5.77553e-18
6855.00	5.80407e-18
6856.00	5.66762e-18
6857.00	7.80106e-18
6858.00	8.66459e-18
6859.00	8.51787e-18
6860.00	7.61104e-18
6861.00	7.15527e-18
6862.00	6.31585e-18
6863.00	5.73011e-18
6864.00	7.43085e-18
6865.00	8.13476e-18
6866.00	7.57513e-18
6867.00	5.80966e-18
6868.00	6.20724e-18
6869.00	6.61976e-18
6870.00	7.44528e-18
6871.00	1.02755e-17
6872.00	1.35016e-17
6873.00	1.47991e-17
6874.00	1.31701e-17
6875.00	1.23552e-17
6876.00	1.33247e-17
6877.00	1.44321e-17
6878.00	1.22889e-17
6879.00	1.10353e-17
6880.00	1.10999e-17
6881.00	1.21233e-17
6882.00	9.27654e-18
6883.00	7.87278e-18
6884.00	8.33783e-18
6885.00	1.06826e-17
6886.00	1.02328e-17
6887.00	9.19815e-18
6888.00	8.43896e-18
6889.00	7.86386e-18
6890.00	8.37339e-18
6891.00	9.53287e-18
6892.00	1.07507e-17
6893.00	1.0421e-17
6894.00	9.84329e-18
6895.00	9.362e-18
6896.00	8.22342e-18
6897.00	8.57002e-18
6898.00	9.33261e-18
6899.00	9.21452e-18
6900.00	9.89141e-18
6901.00	9.62399e-18
6902.00	8.53421e-18
6903.00	8.90178e-18
6904.00	8.59065e-18
6905.00	8.50997e-18
6906.00	9.47009e-18
6907.00	8.16308e-18
6908.00	6.71461e-18
6909.00	5.73985e-18
6910.00	5.27639e-18
6911.00	5.7597e-18
6912.00	6.50983e-18
6913.00	6.9473e-18
6914.00	7.11052e-18
6915.00	7.50284e-18
6916.00	7.99507e-18
6917.00	7.82364e-18
6918.00	9.06051e-18
6919.00	9.16648e-18
6920.00	6.70339e-18
6921.00	5.71613e-18
6922.00	5.79923e-18
6923.00	6.61637e-18
6924.00	7.60368e-18
6925.00	7.82773e-18
6926.00	7.93997e-18
6927.00	8.32758e-18
6928.00	9.03292e-18
6929.00	9.80836e-18
6930.00	9.91558e-18
6931.00	7.72021e-18
6932.00	8.18248e-18
6933.00	9.11697e-18
6934.00	9.61436e-18
6935.00	1.0333e-17
6936.00	9.91706e-18
6937.00	9.00846e-18
6938.00	8.82415e-18
6939.00	9.26752e-18
6940.00	8.18673e-18
6941.00	5.59834e-18
6942.00	6.79587e-18
6943.00	7.90881e-18
6944.00	8.88288e-18
6945.00	1.0135e-17
6946.00	1.03905e-17
6947.00	9.63185e-18
6948.00	8.30554e-18
6949.00	8.61107e-18
6950.00	7.10141e-18
6951.00	5.80641e-18
6952.00	7.27857e-18
6953.00	9.51702e-18
6954.00	1.01136e-17
6955.00	8.99227e-18
6956.00	9.21628e-18
6957.00	9.63404e-18
6958.00	9.34039e-18
6959.00	7.52001e-18
6960.00	6.7545e-18
6961.00	7.80905e-18
6962.00	9.52479e-18
6963.00	7.15354e-18
6964.00	8.30563e-18
6965.00	1.01474e-17
6966.00	1.02424e-17
6967.00	1.01581e-17
6968.00	8.51055e-18
6969.00	6.60273e-18
6970.00	8.70379e-18
6971.00	9.41187e-18
6972.00	8.70993e-18
6973.00	6.83184e-18
6974.00	8.16083e-18
6975.00	8.96956e-18
6976.00	8.87175e-18
6977.00	8.57504e-18
6978.00	8.4306e-18
6979.00	8.57309e-18
6980.00	8.9463e-18
6981.00	7.98377e-18
6982.00	8.10478e-18
6983.00	8.94918e-18
6984.00	9.13342e-18
6985.00	9.02586e-18
6986.00	8.51727e-18
6987.00	7.73163e-18
6988.00	7.63381e-18
6989.00	8.41397e-18
6990.00	9.2087e-18
6991.00	8.52442e-18
6992.00	7.77693e-18
6993.00	8.4874e-18
6994.00	1.11038e-17
6995.00	1.41531e-17
6996.00	1.29559e-17
6997.00	9.82479e-18
6998.00	8.59088e-18
6999.00	8.54811e-18
7000.00	9.20964e-18
7001.00	9.92915e-18
7002.00	8.92773e-18
7003.00	8.76135e-18
7004.00	9.27488e-18
7005.00	1.00828e-17
7006.00	1.0811e-17
7007.00	1.01516e-17
7008.00	8.44509e-18
7009.00	8.7171e-18
7010.00	9.3351e-18
7011.00	9.32956e-18
7012.00	7.79533e-18
7013.00	8.03906e-18
7014.00	8.09404e-18
7015.00	7.82053e-18
7016.00	8.45811e-18
7017.00	9.23463e-18
7018.00	9.45532e-18
7019.00	8.62226e-18
7020.00	9.75542e-18
7021.00	1.06762e-17
7022.00	1.06764e-17
7023.00	9.18087e-18
7024.00	8.22779e-18
7025.00	7.76384e-18
7026.00	7.76462e-18
7027.00	7.96227e-18
7028.00	8.0944e-18
7029.00	8.22695e-18
7030.00	8.8628e-18
7031.00	7.94336e-18
7032.00	7.43254e-18
7033.00	8.40724e-18
7034.00	8.69243e-18
7035.00	8.53287e-18
7036.00	8.07091e-18
7037.00	7.71762e-18
7038.00	5.91751e-18
7039.00	4.20032e-18
7040.00	3.90974e-18
7041.00	8.67504e-18
7042.00	1.02788e-17
7043.00	9.05177e-18
7044.00	7.49895e-18
7045.00	5.74238e-18
7046.00	5.14938e-18
7047.00	6.24616e-18
7048.00	7.82123e-18
7049.00	8.36823e-18
7050.00	8.10833e-18
7051.00	7.70199e-18
7052.00	5.79549e-18
7053.00	5.14289e-18
7054.00	6.40021e-18
7055.00	7.09722e-18
7056.00	6.6239e-18
7057.00	5.49375e-18
7058.00	4.37051e-18
7059.00	5.91682e-18
7060.00	6.4651e-18
7061.00	5.25341e-18
7062.00	4.40367e-18
7063.00	5.23972e-18
7064.00	6.55204e-18
7065.00	6.94379e-18
7066.00	5.5681e-18
7067.00	5.61493e-18
7068.00	6.97108e-18
7069.00	5.84172e-18
7070.00	4.4583e-18
7071.00	3.49668e-18
7072.00	3.54004e-18
7073.00	3.6359e-18
7074.00	4.03957e-18
7075.00	4.666e-18
7076.00	5.15205e-18
7077.00	6.11681e-18
7078.00	6.70821e-18
7079.00	6.33232e-18
7080.00	6.5601e-18
7081.00	7.51033e-18
7082.00	8.61336e-18
7083.00	8.42525e-18
7084.00	7.87927e-18
7085.00	6.66292e-18
7086.00	4.98368e-18
7087.00	7.01157e-18
7088.00	7.69645e-18
7089.00	7.05898e-18
7090.00	7.13898e-18
7091.00	6.56575e-18
7092.00	5.93661e-18
7093.00	5.74146e-18
7094.00	7.36204e-18
7095.00	7.38916e-18
7096.00	6.25419e-18
7097.00	5.53396e-18
7098.00	5.53467e-18
7099.00	6.72394e-18
7100.00	8.64242e-18
7101.00	6.852e-18
7102.00	5.91559e-18
7103.00	6.15785e-18
7104.00	7.40373e-18
7105.00	7.30723e-18
7106.00	6.82288e-18
7107.00	6.74945e-18
7108.00	9.8066e-18
7109.00	8.64188e-18
7110.00	6.12602e-18
7111.00	6.85854e-18
7112.00	7.38015e-18
7113.00	8.16148e-18
7114.00	9.00598e-18
7115.00	8.89716e-18
7116.00	9.13178e-18
7117.00	9.51963e-18
7118.00	9.76756e-18
7119.00	9.86363e-18
7120.00	8.94257e-18
7121.00	7.50345e-18
7122.00	8.30261e-18
7123.00	8.57969e-18
7124.00	8.41465e-18
7125.00	7.99964e-18
7126.00	9.28351e-18
7127.00	9.3746e-18
7128.00	8.37872e-18
7129.00	8.91435e-18
7130.00	1.01375e-17
7131.00	1.04086e-17
7132.00	8.5459e-18
7133.00	8.78258e-18
7134.00	9.08378e-18
7135.00	9.04281e-18
7136.00	8.73563e-18
7137.00	7.99719e-18
7138.00	7.371e-18
7139.00	7.29111e-18
7140.00	8.15873e-18
7141.00	7.63235e-18
7142.00	6.60226e-18
7143.00	8.28985e-18
7144.00	8.04927e-18
7145.00	7.0703e-18
7146.00	6.16032e-18
7147.00	6.92069e-18
7148.00	7.40447e-18
7149.00	7.58078e-18
7150.00	7.94985e-18
7151.00	8.80367e-18
7152.00	8.66966e-18
7153.00	6.94235e-18
7154.00	4.59523e-18
7155.00	5.64641e-18
7156.00	8.15153e-18
7157.00	8.12711e-18
7158.00	8.45548e-18
7159.00	9.03225e-18
7160.00	9.47457e-18
7161.00	7.02563e-18
7162.00	7.49673e-18
7163.00	9.29648e-18
7164.00	9.54223e-18
7165.00	8.74775e-18
7166.00	8.21756e-18
7167.00	8.28903e-18
7168.00	7.81731e-18
7169.00	7.51932e-18
7170.00	7.76292e-18
7171.00	8.94983e-18
7172.00	8.84802e-18
7173.00	8.9518e-18
7174.00	9.60937e-18
7175.00	1.06128e-17
7176.00	9.74039e-18
7177.00	8.27936e-18
7178.00	7.63913e-18
7179.00	8.03547e-18
7180.00	8.57179e-18
7181.00	8.79043e-18
7182.00	8.09541e-18
7183.00	8.20679e-18
7184.00	8.53202e-18
7185.00	8.52008e-18
7186.00	7.7687e-18
7187.00	8.36853e-18
7188.00	9.86147e-18
7189.00	9.87044e-18
7190.00	7.8692e-18
7191.00	7.00373e-18
7192.00	9.32699e-18
7193.00	9.54154e-18
7194.00	8.94379e-18
7195.00	8.59239e-18
7196.00	1.08237e-17
7197.00	1.04867e-17
7198.00	8.88484e-18
7199.00	6.98564e-18
7200.00	6.85599e-18
7201.00	7.02209e-18
7202.00	7.18758e-18
7203.00	7.22083e-18
7204.00	7.48476e-18
7205.00	8.18674e-18
7206.00	9.27357e-18
7207.00	9.73964e-18
7208.00	8.23064e-18
7209.00	6.62428e-18
7210.00	8.52308e-18
7211.00	9.49832e-18
7212.00	9.26166e-18
7213.00	7.93179e-18
7214.00	8.14272e-18
7215.00	8.45495e-18
7216.00	8.83894e-18
7217.00	9.5346e-18
7218.00	8.52996e-18
7219.00	7.84607e-18
7220.00	8.09248e-18
7221.00	8.18024e-18
7222.00	8.3872e-18
7223.00	8.79884e-18
7224.00	9.52922e-18
7225.00	9.55046e-18
7226.00	8.70874e-18
7227.00	7.37457e-18
7228.00	7.30133e-18
7229.00	6.71242e-18
7230.00	5.9161e-18
7231.00	5.33338e-18
7232.00	6.90745e-18
7233.00	7.96917e-18
7234.00	8.10767e-18
7235.00	8.75731e-18
7236.00	9.28996e-18
7237.00	9.1543e-18
7238.00	7.87738e-18
7239.00	5.62283e-18
7240.00	7.54348e-18
7241.00	1.15975e-17
7242.00	8.01591e-18
7243.00	7.20251e-18
7244.00	6.77226e-18
7245.00	5.17448e-18
7246.00	6.03175e-18
7247.00	7.15245e-18
7248.00	7.92522e-18
7249.00	7.93757e-18
7250.00	8.41763e-18
7251.00	9.1058e-18
7252.00	9.7439e-18
7253.00	9.38711e-18
7254.00	8.19946e-18
7255.00	7.2432e-18
7256.00	8.81219e-18
7257.00	8.87503e-18
7258.00	9.10327e-18
7259.00	1.00538e-17
7260.00	9.46124e-18
7261.00	9.38908e-18
7262.00	9.58015e-18
7263.00	9.10425e-18
7264.00	8.17753e-18
7265.00	7.76847e-18
7266.00	8.30689e-18
7267.00	9.29936e-18
7268.00	8.98182e-18
7269.00	8.37959e-18
7270.00	9.46372e-18
7271.00	9.03233e-18
7272.00	8.24573e-18
7273.00	7.31237e-18
7274.00	4.79151e-18
7275.00	5.31963e-18
7276.00	7.26442e-18
7277.00	8.08104e-18
7278.00	7.85409e-18
7279.00	7.88351e-18
7280.00	8.27581e-18
7281.00	7.14345e-18
7282.00	7.37752e-18
7283.00	8.07783e-18
7284.00	8.08969e-18
7285.00	1.2334e-17
7286.00	1.29803e-17
7287.00	9.47598e-18
7288.00	8.52142e-18
7289.00	7.50966e-18
7290.00	7.19525e-18
7291.00	8.23648e-18
7292.00	7.11326e-18
7293.00	7.07873e-18
7294.00	8.2291e-18
7295.00	8.29292e-18
7296.00	9.35941e-18
7297.00	9.99771e-18
7298.00	9.08986e-18
7299.00	8.02651e-18
7300.00	7.3601e-18
7301.00	7.13308e-18
7302.00	6.85436e-18
7303.00	7.96784e-18
7304.00	8.7133e-18
7305.00	7.96643e-18
7306.00	7.32969e-18
7307.00	7.68496e-18
7308.00	8.43039e-18
7309.00	7.71343e-18
7310.00	8.1255e-18
7311.00	8.49555e-18
7312.00	8.18146e-18
7313.00	7.20472e-18
7314.00	7.12435e-18
7315.00	7.65868e-18
7316.00	7.61136e-18
7317.00	9.78788e-18
7318.00	1.09986e-17
7319.00	1.0144e-17
7320.00	1.10119e-17
7321.00	1.10355e-17
7322.00	1.029e-17
7323.00	9.3161e-18
7324.00	8.11365e-18
7325.00	6.94341e-18
7326.00	6.25007e-18
7327.00	7.39822e-18
7328.00	9.56192e-18
7329.00	1.06736e-17
7330.00	7.91062e-18
7331.00	8.1203e-18
7332.00	9.39035e-18
7333.00	1.07893e-17
7334.00	1.08889e-17
7335.00	1.00499e-17
7336.00	8.91904e-18
7337.00	8.21615e-18
7338.00	7.90733e-18
7339.00	9.03486e-18
7340.00	1.12271e-17
7341.00	1.22328e-17
7342.00	1.13756e-17
7343.00	9.89284e-18
7344.00	9.05042e-18
7345.00	7.88126e-18
7346.00	8.01285e-18
7347.00	8.94785e-18
7348.00	7.72321e-18
7349.00	7.31132e-18
7350.00	7.34596e-18
7351.00	7.53864e-18
7352.00	8.63903e-18
7353.00	9.31125e-18
7354.00	9.28372e-18
7355.00	8.65787e-18
7356.00	8.47582e-18
7357.00	8.59082e-18
7358.00	8.85559e-18
7359.00	8.60557e-18
7360.00	8.15628e-18
7361.00	8.02388e-18
7362.00	9.41022e-18
7363.00	9.18795e-18
7364.00	9.68039e-18
7365.00	1.18672e-17
7366.00	1.18274e-17
7367.00	1.08984e-17
7368.00	1.02083e-17
7369.00	1.1825e-17
7370.00	1.1392e-17
7371.00	1.09127e-17
7372.00	1.10133e-17
7373.00	9.23271e-18
7374.00	8.83408e-18
7375.00	9.38517e-18
7376.00	9.65867e-18
7377.00	8.07944e-18
7378.00	6.74793e-18
7379.00	6.75534e-18
7380.00	8.58539e-18
7381.00	9.67359e-18
7382.00	9.54291e-18
7383.00	7.8114e-18
7384.00	7.39096e-18
7385.00	7.51895e-18
7386.00	7.81281e-18
7387.00	7.32295e-18
7388.00	8.72106e-18
7389.00	9.2511e-18
7390.00	5.30058e-18
7391.00	5.01939e-18
7392.00	6.02613e-18
7393.00	7.48013e-18
7394.00	8.6966e-18
7395.00	9.58671e-18
7396.00	1.00708e-17
7397.00	1.00762e-17
7398.00	9.50472e-18
7399.00	8.37529e-18
7400.00	7.30497e-18
7401.00	8.16411e-18
7402.00	8.85414e-18
7403.00	8.79026e-18
7404.00	7.55122e-18
7405.00	7.31771e-18
7406.00	7.49423e-18
7407.00	7.94219e-18
7408.00	8.92112e-18
7409.00	7.28045e-18
7410.00	5.58932e-18
7411.00	5.82312e-18
7412.00	7.29786e-18
7413.00	7.95447e-18
7414.00	7.62664e-18
7415.00	7.15141e-18
7416.00	5.8781e-18
7417.00	5.08091e-18
7418.00	5.58372e-18
7419.00	6.9164e-18
7420.00	7.12185e-18
7421.00	6.4404e-18
7422.00	5.90101e-18
7423.00	6.9461e-18
7424.00	8.1306e-18
7425.00	8.58994e-18
7426.00	8.03854e-18
7427.00	8.01105e-18
7428.00	8.24132e-18
7429.00	7.82025e-18
7430.00	8.01146e-18
7431.00	7.85229e-18
7432.00	6.93371e-18
7433.00	5.24512e-18
7434.00	5.33096e-18
7435.00	6.75829e-18
7436.00	8.59206e-18
7437.00	9.18232e-18
7438.00	8.48091e-18
7439.00	7.03024e-18
7440.00	7.84134e-18
7441.00	7.56853e-18
7442.00	6.92928e-18
7443.00	7.13923e-18
7444.00	7.25074e-18
7445.00	7.81668e-18
7446.00	8.86461e-18
7447.00	1.00863e-17
7448.00	9.57034e-18
7449.00	8.00043e-18
7450.00	6.24443e-18
7451.00	7.46242e-18
7452.00	8.23483e-18
7453.00	7.80739e-18
7454.00	7.15277e-18
7455.00	7.24031e-18
7456.00	8.08261e-18
7457.00	9.58251e-18
7458.00	9.28938e-18
7459.00	9.48572e-18
7460.00	1.00925e-17
7461.00	9.2979e-18
7462.00	7.77992e-18
7463.00	6.68255e-18
7464.00	6.91148e-18
7465.00	7.32133e-18
7466.00	8.50586e-18
7467.00	9.81565e-18
7468.00	9.50897e-18
7469.00	8.72761e-18
7470.00	8.66237e-18
7471.00	9.95744e-18
7472.00	9.94493e-18
7473.00	9.26422e-18
7474.00	8.76165e-18
7475.00	1.02117e-17
7476.00	1.02074e-17
7477.00	1.0106e-17
7478.00	1.0657e-17
7479.00	1.24656e-17
7480.00	1.16844e-17
7481.00	9.39605e-18
7482.00	8.42135e-18
7483.00	9.00139e-18
7484.00	8.998e-18
7485.00	7.64163e-18
7486.00	7.19964e-18
7487.00	8.23714e-18
7488.00	9.59268e-18
7489.00	9.28079e-18
7490.00	9.8211e-18
7491.00	1.08403e-17
7492.00	1.1781e-17
7493.00	1.02696e-17
7494.00	8.99861e-18
7495.00	8.62786e-18
7496.00	9.76487e-18
7497.00	1.00069e-17
7498.00	1.01269e-17
7499.00	1.03873e-17
7500.00	1.12087e-17
7501.00	1.01129e-17
7502.00	9.10195e-18
7503.00	1.06017e-17
7504.00	9.84819e-18
7505.00	8.66054e-18
7506.00	7.99952e-18
7507.00	9.57291e-18
7508.00	1.00689e-17
7509.00	9.72894e-18
7510.00	8.93124e-18
7511.00	9.56147e-18
7512.00	9.93547e-18
7513.00	1.00599e-17
7514.00	1.15593e-17
7515.00	1.1216e-17
7516.00	1.0027e-17
7517.00	8.93522e-18
7518.00	9.15347e-18
7519.00	1.00354e-17
7520.00	1.09999e-17
7521.00	1.0986e-17
7522.00	1.10312e-17
7523.00	1.08883e-17
7524.00	1.03558e-17
7525.00	8.67825e-18
7526.00	8.67375e-18
7527.00	1.03477e-17
7528.00	1.27343e-17
7529.00	1.36924e-17
7530.00	1.32371e-17
7531.00	1.15453e-17
7532.00	1.04035e-17
7533.00	1.12889e-17
7534.00	1.27076e-17
7535.00	1.13059e-17
7536.00	9.69209e-18
7537.00	1.00696e-17
7538.00	1.30016e-17
7539.00	1.31962e-17
7540.00	1.24305e-17
7541.00	1.1171e-17
7542.00	9.7325e-18
7543.00	9.67503e-18
7544.00	1.03988e-17
7545.00	1.13206e-17
7546.00	1.05869e-17
7547.00	1.07596e-17
7548.00	1.13383e-17
7549.00	1.13837e-17
7550.00	9.34228e-18
7551.00	9.40734e-18
7552.00	1.20208e-17
7553.00	1.15949e-17
7554.00	1.07553e-17
7555.00	1.04756e-17
7556.00	1.17585e-17
7557.00	1.15011e-17
7558.00	1.14003e-17
7559.00	1.17712e-17
7560.00	1.19064e-17
7561.00	1.16807e-17
7562.00	1.14577e-17
7563.00	1.16036e-17
7564.00	1.1183e-17
7565.00	1.13315e-17
7566.00	1.17365e-17
7567.00	1.02802e-17
7568.00	9.94408e-18
7569.00	1.02853e-17
7570.00	1.08313e-17
7571.00	1.01501e-17
7572.00	1.11119e-17
7573.00	1.27642e-17
7574.00	1.07029e-17
7575.00	8.51474e-18
7576.00	7.78949e-18
7577.00	9.61402e-18
7578.00	1.07053e-17
7579.00	1.27411e-17
7580.00	1.45337e-17
7581.00	1.24775e-17
7582.00	1.25719e-17
7583.00	1.32209e-17
7584.00	1.3589e-17
7585.00	1.45118e-17
7586.00	1.29602e-17
7587.00	1.05119e-17
7588.00	1.13257e-17
7589.00	1.19082e-17
7590.00	1.11827e-17
7591.00	9.12881e-18
7592.00	1.12279e-17
7593.00	1.33155e-17
7594.00	1.37274e-17
7595.00	1.02425e-17
7596.00	9.09416e-18
7597.00	1.02239e-17
7598.00	1.27193e-17
7599.00	9.9129e-18
7600.00	8.48847e-18
7601.00	8.9043e-18
7602.00	1.10654e-17
7603.00	1.02346e-17
7604.00	8.64928e-18
7605.00	7.48426e-18
7606.00	8.49828e-18
7607.00	7.98272e-18
7608.00	6.33152e-18
7609.00	4.23917e-18
7610.00	7.73e-18
7611.00	1.1119e-17
7612.00	1.20992e-17
7613.00	9.32148e-18
7614.00	1.01508e-17
7615.00	1.12674e-17
7616.00	8.81835e-18
7617.00	6.91011e-18
7618.00	7.55807e-18
7619.00	1.06387e-17
7620.00	1.36279e-17
7621.00	1.38405e-17
7622.00	1.39221e-17
7623.00	1.62619e-17
7624.00	1.79869e-17
7625.00	1.58289e-17
7626.00	1.1428e-17
7627.00	1.18491e-17
7628.00	1.24302e-17
7629.00	1.15479e-17
7630.00	8.33116e-18
7631.00	1.04536e-17
7632.00	1.14901e-17
7633.00	1.07468e-17
7634.00	9.22165e-18
7635.00	1.1704e-17
7636.00	1.6759e-17
7637.00	2.34804e-17
7638.00	3.22733e-17
7639.00	3.89567e-17
7640.00	4.18123e-17
7641.00	3.95202e-17
7642.00	3.14268e-17
7643.00	2.14597e-17
7644.00	1.3032e-17
7645.00	1.18235e-17
7646.00	1.17015e-17
7647.00	1.13084e-17
7648.00	9.65315e-18
7649.00	1.07672e-17
7650.00	1.18322e-17
7651.00	1.15014e-17
7652.00	9.84684e-18
7653.00	8.3209e-18
7654.00	8.29038e-18
7655.00	1.17099e-17
7656.00	1.37182e-17
7657.00	1.36173e-17
7658.00	1.19019e-17
7659.00	1.34508e-17
7660.00	1.5262e-17
7661.00	1.7448e-17
7662.00	2.05391e-17
7663.00	2.08067e-17
7664.00	2.1798e-17
7665.00	2.33864e-17
7666.00	1.98708e-17
7667.00	1.63145e-17
7668.00	1.37279e-17
7669.00	1.29353e-17
7670.00	1.06695e-17
7671.00	1.01241e-17
7672.00	1.13271e-17
7673.00	1.10832e-17
7674.00	1.09581e-17
7675.00	1.10589e-17
7676.00	1.14558e-17
7677.00	1.20799e-17
7678.00	1.14887e-17
7679.00	1.03143e-17
7680.00	1.14965e-17
7681.00	1.3489e-17
7682.00	1.39463e-17
7683.00	1.11731e-17
7684.00	1.03714e-17
7685.00	1.01511e-17
7686.00	9.84704e-18
7687.00	7.99291e-18
7688.00	9.13556e-18
7689.00	1.03436e-17
7690.00	9.72136e-18
7691.00	9.20921e-18
7692.00	9.69327e-18
7693.00	1.07292e-17
7694.00	1.09116e-17
7695.00	1.13286e-17
7696.00	1.0923e-17
7697.00	9.5492e-18
7698.00	1.11503e-17
7699.00	1.25566e-17
7700.00	1.3394e-17
7701.00	1.43937e-17
7702.00	1.01422e-17
7703.00	6.98089e-18
7704.00	7.98251e-18
7705.00	1.1575e-17
7706.00	1.18583e-17
7707.00	1.02319e-17
7708.00	1.01478e-17
7709.00	9.60376e-18
7710.00	1.0057e-17
7711.00	1.1373e-17
7712.00	9.51605e-18
7713.00	8.99076e-18
7714.00	9.58276e-18
7715.00	1.04654e-17
7716.00	1.17965e-17
7717.00	1.31062e-17
7718.00	1.33687e-17
7719.00	8.75848e-18
7720.00	7.55231e-18
7721.00	8.27905e-18
7722.00	8.62748e-18
7723.00	1.04217e-17
7724.00	1.15949e-17
7725.00	1.15168e-17
7726.00	1.028e-17
7727.00	1.06869e-17
7728.00	1.17707e-17
7729.00	1.2474e-17
7730.00	1.38376e-17
7731.00	1.39689e-17
7732.00	1.25518e-17
7733.00	1.00972e-17
7734.00	8.75358e-18
7735.00	8.68388e-18
7736.00	9.94037e-18
7737.00	1.10274e-17
7738.00	1.16357e-17
7739.00	1.14401e-17
7740.00	9.58721e-18
7741.00	1.03808e-17
7742.00	1.14436e-17
7743.00	1.10499e-17
7744.00	9.61777e-18
7745.00	8.69566e-18
7746.00	8.59425e-18
7747.00	9.30474e-18
7748.00	9.05797e-18
7749.00	1.04611e-17
7750.00	1.44103e-17
7751.00	1.45901e-17
7752.00	1.16279e-17
7753.00	7.66498e-18
7754.00	6.33913e-18
7755.00	7.95192e-18
7756.00	1.01096e-17
7757.00	1.13407e-17
7758.00	1.17713e-17
7759.00	1.03991e-17
7760.00	8.78498e-18
7761.00	9.68842e-18
7762.00	1.09904e-17
7763.00	1.10109e-17
7764.00	9.54371e-18
7765.00	1.07505e-17
7766.00	1.16724e-17
7767.00	1.13046e-17
7768.00	8.40253e-18
7769.00	8.93226e-18
7770.00	9.74333e-18
7771.00	9.79241e-18
7772.00	9.32395e-18
7773.00	1.14662e-17
7774.00	1.26697e-17
7775.00	8.2665e-18
7776.00	9.15581e-18
7777.00	1.08442e-17
7778.00	1.18298e-17
7779.00	1.17139e-17
7780.00	1.0505e-17
7781.00	9.87989e-18
7782.00	1.15103e-17
7783.00	8.91157e-18
7784.00	7.5665e-18
7785.00	8.61302e-18
7786.00	1.09005e-17
7787.00	1.09854e-17
7788.00	1.01293e-17
7789.00	9.54846e-18
7790.00	9.45283e-18
7791.00	9.62722e-18
7792.00	9.73432e-18
7793.00	9.18845e-18
7794.00	7.16743e-18
7795.00	5.91952e-18
7796.00	6.87203e-18
7797.00	4.43078e-18
7798.00	4.31253e-18
7799.00	6.81972e-18
7800.00	1.03901e-17
7801.00	1.09644e-17
7802.00	1.04404e-17
7803.00	1.00641e-17
7804.00	1.02138e-17
7805.00	1.0142e-17
7806.00	9.62987e-18
7807.00	8.46382e-18
7808.00	7.24712e-18
7809.00	6.66224e-18
7810.00	7.04868e-18
7811.00	7.43236e-18
7812.00	8.58289e-18
7813.00	9.89978e-18
7814.00	1.01553e-17
7815.00	1.0811e-17
7816.00	1.16216e-17
7817.00	1.26033e-17
7818.00	1.41156e-17
7819.00	1.6022e-17
7820.00	1.78169e-17
7821.00	1.89461e-17
7822.00	1.75617e-17
7823.00	1.46645e-17
7824.00	1.16257e-17
7825.00	1.29151e-17
7826.00	1.25095e-17
7827.00	1.16494e-17
7828.00	1.2528e-17
7829.00	1.23092e-17
7830.00	1.14988e-17
7831.00	1.06481e-17
7832.00	1.14837e-17
7833.00	1.19375e-17
7834.00	1.29849e-17
7835.00	1.57646e-17
7836.00	1.51558e-17
7837.00	1.32504e-17
7838.00	1.15152e-17
7839.00	1.30426e-17
7840.00	1.25959e-17
7841.00	1.17031e-17
7842.00	1.1892e-17
7843.00	1.25672e-17
7844.00	1.27143e-17
7845.00	1.20012e-17
7846.00	1.02509e-17
7847.00	9.27886e-18
7848.00	8.9059e-18
7849.00	9.00995e-18
7850.00	9.81946e-18
7851.00	1.02976e-17
7852.00	1.02522e-17
7853.00	9.80731e-18
7854.00	9.79074e-18
7855.00	8.74661e-18
7856.00	6.14953e-18
7857.00	7.31752e-18
7858.00	7.85729e-18
7859.00	7.96197e-18
7860.00	1.00713e-17
7861.00	9.17046e-18
7862.00	7.9935e-18
7863.00	7.99025e-18
7864.00	8.20589e-18
7865.00	9.01176e-18
7866.00	9.93308e-18
7867.00	1.00227e-17
7868.00	1.07014e-17
7869.00	9.8992e-18
7870.00	7.24288e-18
7871.00	6.60377e-18
7872.00	8.24206e-18
7873.00	1.06035e-17
7874.00	1.14104e-17
7875.00	9.23197e-18
7876.00	7.75331e-18
7877.00	8.31016e-18
7878.00	8.76718e-18
7879.00	9.69607e-18
7880.00	1.00587e-17
7881.00	8.37038e-18
7882.00	8.528e-18
7883.00	9.00108e-18
7884.00	9.45353e-18
7885.00	1.06128e-17
7886.00	1.11216e-17
7887.00	1.13218e-17
7888.00	1.17054e-17
7889.00	8.87286e-18
7890.00	6.93005e-18
7891.00	7.2686e-18
7892.00	1.03671e-17
7893.00	1.00223e-17
7894.00	8.0568e-18
7895.00	6.52671e-18
7896.00	7.89129e-18
7897.00	8.61207e-18
7898.00	8.46079e-18
7899.00	1.00097e-17
7900.00	9.85598e-18
7901.00	8.97338e-18
7902.00	8.26477e-18
7903.00	8.68936e-18
7904.00	9.05258e-18
7905.00	9.2573e-18
7906.00	9.8293e-18
7907.00	1.02847e-17
7908.00	1.01397e-17
7909.00	9.10878e-18
7910.00	8.17591e-18
7911.00	7.61991e-18
7912.00	7.9101e-18
7913.00	1.02295e-17
7914.00	1.00542e-17
7915.00	9.7435e-18
7916.00	1.0757e-17
7917.00	1.42988e-17
7918.00	1.2965e-17
7919.00	9.21221e-18
7920.00	1.02664e-17
7921.00	8.12471e-18
7922.00	8.20393e-18
7923.00	1.18757e-17
7924.00	1.00865e-17
7925.00	9.46819e-18
7926.00	9.61201e-18
7927.00	8.49397e-18
7928.00	8.57484e-18
7929.00	8.63488e-18
7930.00	8.46116e-18
7931.00	9.79505e-18
7932.00	9.51906e-18
7933.00	9.42077e-18
7934.00	1.26945e-17
7935.00	9.44084e-18
7936.00	6.97514e-18
7937.00	7.53639e-18
7938.00	8.61402e-18
7939.00	9.02642e-18
7940.00	9.28529e-18
7941.00	1.01509e-17
7942.00	9.07111e-18
7943.00	8.39852e-18
7944.00	8.86844e-18
7945.00	1.04e-17
7946.00	1.0515e-17
7947.00	1.01608e-17
7948.00	1.03862e-17
7949.00	9.19772e-18
7950.00	1.02832e-17
7951.00	1.28576e-17
7952.00	1.09453e-17
7953.00	1.0615e-17
7954.00	1.08785e-17
7955.00	1.0725e-17
7956.00	7.92945e-18
7957.00	7.2033e-18
7958.00	8.63621e-18
7959.00	9.42292e-18
7960.00	9.23232e-18
7961.00	9.05635e-18
7962.00	9.43316e-18
7963.00	7.00387e-18
7964.00	6.3527e-18
7965.00	7.47157e-18
7966.00	8.33453e-18
7967.00	7.98394e-18
7968.00	8.16876e-18
7969.00	9.68451e-18
7970.00	9.15721e-18
7971.00	8.46182e-18
7972.00	7.89063e-18
7973.00	7.33727e-18
7974.00	7.49827e-18
7975.00	8.24668e-18
7976.00	9.24365e-18
7977.00	8.30454e-18
7978.00	9.05176e-18
7979.00	1.06542e-17
7980.00	1.09438e-17
7981.00	1.057e-17
7982.00	1.05433e-17
7983.00	1.09442e-17
7984.00	9.10455e-18
7985.00	7.12199e-18
7986.00	6.23454e-18
7987.00	7.94027e-18
7988.00	1.02385e-17
7989.00	1.08846e-17
7990.00	9.60198e-18
7991.00	1.05714e-17
7992.00	9.42473e-18
7993.00	7.12559e-18
7994.00	5.12854e-18
7995.00	7.67887e-18
7996.00	9.14938e-18
7997.00	8.38529e-18
7998.00	8.97864e-18
7999.00	9.14999e-18
8000.00	9.35552e-18
8001.00	1.0135e-17
8002.00	9.90314e-18
8003.00	9.51443e-18
8004.00	9.44595e-18
8005.00	1.07017e-17
8006.00	9.92123e-18
8007.00	8.73888e-18
8008.00	8.73324e-18
8009.00	9.78801e-18
8010.00	1.01297e-17
8011.00	9.85446e-18
8012.00	1.13508e-17
8013.00	6.70198e-18
8014.00	3.82011e-18
8015.00	8.46654e-18
8016.00	1.07966e-17
8017.00	1.22498e-17
8018.00	1.24209e-17
8019.00	9.64132e-18
8020.00	1.04192e-17
8021.00	1.16335e-17
8022.00	1.13536e-17
8023.00	1.07377e-17
8024.00	1.11066e-17
8025.00	1.09341e-17
8026.00	5.82604e-18
8027.00	5.78617e-18
8028.00	7.05456e-18
8029.00	7.94426e-18
8030.00	1.06717e-17
8031.00	1.09563e-17
8032.00	9.74684e-18
8033.00	9.98958e-18
8034.00	7.96215e-18
8035.00	7.66827e-18
8036.00	1.02723e-17
8037.00	1.09345e-17
8038.00	9.99108e-18
8039.00	8.76562e-18
8040.00	9.37623e-18
8041.00	8.23483e-18
8042.00	8.12356e-18
8043.00	9.6158e-18
8044.00	1.00074e-17
8045.00	9.6131e-18
8046.00	8.95522e-18
8047.00	8.68164e-18
8048.00	9.13992e-18
8049.00	8.7256e-18
8050.00	7.49274e-18
8051.00	8.40691e-18
8052.00	7.75643e-18
8053.00	6.84081e-18
8054.00	7.31037e-18
8055.00	7.82318e-18
8056.00	8.628e-18
8057.00	9.30383e-18
8058.00	8.26905e-18
8059.00	7.7149e-18
8060.00	7.95569e-18
8061.00	9.14186e-18
8062.00	7.57314e-18
8063.00	7.03399e-18
8064.00	7.94737e-18
8065.00	8.88416e-18
8066.00	7.26588e-18
8067.00	6.34381e-18
8068.00	8.56518e-18
8069.00	8.41025e-18
8070.00	8.43214e-18
8071.00	8.98027e-18
8072.00	9.88187e-18
8073.00	9.1735e-18
8074.00	8.14709e-18
8075.00	7.77821e-18
8076.00	8.61618e-18
8077.00	9.12959e-18
8078.00	8.96284e-18
8079.00	7.79966e-18
8080.00	8.3094e-18
8081.00	9.28282e-18
8082.00	9.92349e-18
8083.00	9.43557e-18
8084.00	8.75758e-18
8085.00	8.08068e-18
8086.00	7.35605e-18
8087.00	7.49407e-18
8088.00	8.02124e-18
8089.00	8.75902e-18
8090.00	1.02133e-17
8091.00	1.0585e-17
8092.00	1.01453e-17
8093.00	9.59794e-18
8094.00	9.80739e-18
8095.00	1.01525e-17
8096.00	1.03295e-17
8097.00	1.01953e-17
8098.00	9.858e-18
8099.00	9.5503e-18
8100.00	9.56597e-18
8101.00	9.86159e-18
8102.00	9.41106e-18
8103.00	0E-21
8104.00	0E-21
8105.00	0E-21
8106.00	0E-21
8107.00	0E-21
8108.00	0E-21
8109.00	0E-21
8110.00	0E-21
8111.00	0E-21
8112.00	0E-21
8113.00	0E-21
8114.00	0E-21
8115.00	0E-21
8116.00	0E-21
8117.00	0E-21
8118.00	0E-21
8119.00	0E-21
8120.00	0E-21
8121.00	0E-21
8122.00	0E-21
8123.00	0E-21
8124.00	0E-21
8125.00	0E-21
8126.00	0E-21
8127.00	0E-21
8128.00	0E-21
8129.00	0E-21
8130.00	0E-21
8131.00	0E-21
8132.00	0E-21
8133.00	0E-21
8134.00	0E-21
8135.00	8.20166e-18
8136.00	9.17185e-18
8137.00	9.76232e-18
8138.00	9.74396e-18
8139.00	8.87927e-18
8140.00	9.48498e-18
8141.00	1.02762e-17
8142.00	1.06166e-17
8143.00	1.05867e-17
8144.00	1.09708e-17
8145.00	1.11239e-17
8146.00	9.58105e-18
8147.00	1.01886e-17
8148.00	1.08763e-17
8149.00	1.07194e-17
8150.00	9.39442e-18
8151.00	9.38433e-18
8152.00	1.00879e-17
8153.00	1.02594e-17
8154.00	1.13096e-17
8155.00	1.13422e-17
8156.00	1.00246e-17
8157.00	9.28787e-18
8158.00	9.17097e-18
8159.00	9.41907e-18
8160.00	9.70457e-18
8161.00	9.98252e-18
8162.00	9.43563e-18
8163.00	8.3798e-18
8164.00	9.24376e-18
8165.00	9.08578e-18
8166.00	8.7651e-18
8167.00	9.29414e-18
8168.00	9.98418e-18
8169.00	1.03912e-17
8170.00	1.05752e-17
8171.00	1.13485e-17
8172.00	1.15354e-17
8173.00	1.12682e-17
8174.00	1.06885e-17
8175.00	9.76445e-18
8176.00	9.80334e-18
8177.00	1.04794e-17
8178.00	1.00019e-17
8179.00	9.1416e-18
8180.00	8.51549e-18
8181.00	8.61538e-18
8182.00	9.11264e-18
8183.00	9.48814e-18
8184.00	9.7509e-18
8185.00	1.02548e-17
8186.00	1.07952e-17
8187.00	1.07308e-17
8188.00	9.80621e-18
8189.00	9.9123e-18
8190.00	1.02351e-17
8191.00	1.05845e-17
8192.00	1.08224e-17
8193.00	1.11684e-17
8194.00	1.1464e-17
8195.00	1.15593e-17
8196.00	1.10016e-17
8197.00	1.07286e-17
8198.00	1.05118e-17
8199.00	9.55759e-18
8200.00	1.01196e-17
8201.00	1.08575e-17
8202.00	1.09508e-17
8203.00	9.28739e-18
8204.00	7.73406e-18
8205.00	7.10005e-18
8206.00	8.31302e-18
8207.00	9.32464e-18
8208.00	9.64793e-18
8209.00	9.44649e-18
8210.00	1.10643e-17
8211.00	1.25809e-17
8212.00	1.27464e-17
8213.00	1.0111e-17
8214.00	8.31296e-18
8215.00	7.71325e-18
8216.00	8.41833e-18
8217.00	9.83496e-18
8218.00	1.02965e-17
8219.00	1.00654e-17
8220.00	9.53992e-18
8221.00	1.01615e-17
8222.00	1.04369e-17
8223.00	9.92418e-18
8224.00	8.55179e-18
8225.00	8.21142e-18
8226.00	8.71576e-18
8227.00	9.77646e-18
8228.00	9.49456e-18
8229.00	8.78041e-18
8230.00	8.3524e-18
8231.00	9.73938e-18
8232.00	1.0057e-17
8233.00	1.00592e-17
8234.00	1.03067e-17
8235.00	1.01011e-17
8236.00	9.56024e-18
8237.00	9.01415e-18
8238.00	9.1975e-18
8239.00	9.43332e-18
8240.00	9.75825e-18
8241.00	1.00754e-17
8242.00	9.3393e-18
8243.00	8.84519e-18
8244.00	8.53591e-18
8245.00	7.61505e-18
8246.00	7.91488e-18
8247.00	8.54081e-18
8248.00	9.10001e-18
8249.00	1.05499e-17
8250.00	1.15422e-17
8251.00	1.18099e-17
8252.00	1.14022e-17
8253.00	9.00316e-18
8254.00	7.21155e-18
8255.00	7.38507e-18
8256.00	9.34497e-18
8257.00	9.37577e-18
8258.00	8.48948e-18
8259.00	8.9574e-18
8260.00	9.89492e-18
8261.00	1.05067e-17
8262.00	1.04023e-17
8263.00	9.73581e-18
8264.00	9.52756e-18
8265.00	9.41298e-18
8266.00	8.72196e-18
8267.00	9.25678e-18
8268.00	1.09036e-17
8269.00	1.25504e-17
8270.00	9.41788e-18
8271.00	8.27737e-18
8272.00	8.74492e-18
8273.00	9.94723e-18
8274.00	9.51673e-18
8275.00	8.68621e-18
8276.00	8.17312e-18
8277.00	9.24206e-18
8278.00	9.81485e-18
8279.00	9.80257e-18
8280.00	9.24789e-18
8281.00	1.10959e-17
8282.00	1.25882e-17
8283.00	1.29618e-17
8284.00	1.24102e-17
8285.00	1.06495e-17
8286.00	8.7391e-18
8287.00	7.59653e-18
8288.00	6.5393e-18
8289.00	7.22843e-18
8290.00	9.3103e-18
8291.00	1.1119e-17
8292.00	1.21968e-17
8293.00	1.12568e-17
8294.00	7.84843e-18
8295.00	8.098e-18
8296.00	8.56367e-18
8297.00	8.49293e-18
8298.00	7.44354e-18
8299.00	7.55684e-18
8300.00	7.94857e-18
8301.00	8.35826e-18
8302.00	1.13489e-17
8303.00	1.1076e-17
8304.00	8.71933e-18
8305.00	8.13769e-18
8306.00	8.63323e-18
8307.00	9.27094e-18
8308.00	9.40845e-18
8309.00	8.47838e-18
8310.00	8.7782e-18
8311.00	1.00648e-17
8312.00	1.16116e-17
8313.00	1.17375e-17
8314.00	1.1276e-17
8315.00	1.05882e-17
8316.00	9.58426e-18
8317.00	9.56929e-18
8318.00	9.77299e-18
8319.00	8.93263e-18
8320.00	8.27301e-18
8321.00	7.95258e-18
8322.00	7.99249e-18
8323.00	7.86784e-18
8324.00	8.39304e-18
8325.00	9.2234e-18
8326.00	9.90371e-18
8327.00	9.87281e-18
8328.00	9.1528e-18
8329.00	8.09017e-18
8330.00	7.78898e-18
8331.00	8.36917e-18
8332.00	8.9367e-18
8333.00	8.57224e-18
8334.00	7.94736e-18
8335.00	8.14214e-18
8336.00	9.07903e-18
8337.00	9.50138e-18
8338.00	9.16836e-18
8339.00	8.73713e-18
8340.00	8.81652e-18
8341.00	9.59843e-18
8342.00	1.00309e-17
8343.00	9.42827e-18
8344.00	6.04344e-18
8345.00	7.76256e-18
8346.00	1.10157e-17
8347.00	1.28175e-17
8348.00	9.60165e-18
8349.00	8.52411e-18
8350.00	9.65322e-18
8351.00	9.49971e-18
8352.00	1.05811e-17
8353.00	1.05778e-17
8354.00	8.23401e-18
8355.00	5.62643e-18
8356.00	6.36525e-18
8357.00	9.38687e-18
8358.00	1.16868e-17
8359.00	1.09071e-17
8360.00	1.01322e-17
8361.00	1.07435e-17
8362.00	1.01874e-17
8363.00	8.46694e-18
8364.00	7.27563e-18
8365.00	9.58856e-18
8366.00	1.2079e-17
8367.00	1.32527e-17
8368.00	1.22808e-17
8369.00	9.86102e-18
8370.00	8.62943e-18
8371.00	8.36936e-18
8372.00	8.33014e-18
8373.00	8.04342e-18
8374.00	8.65902e-18
8375.00	1.02026e-17
8376.00	1.08329e-17
8377.00	9.89008e-18
8378.00	8.28978e-18
8379.00	7.20147e-18
8380.00	7.72405e-18
8381.00	8.30379e-18
8382.00	8.50883e-18
8383.00	8.88408e-18
8384.00	9.88211e-18
8385.00	1.0244e-17
8386.00	8.63306e-18
8387.00	9.19345e-18
8388.00	9.92947e-18
8389.00	1.012e-17
8390.00	9.05056e-18
8391.00	9.25584e-18
8392.00	9.60402e-18
8393.00	9.0479e-18
8394.00	9.02429e-18
8395.00	9.22532e-18
8396.00	1.01913e-17
8397.00	1.02062e-17
8398.00	1.02211e-17
8399.00	1.02361e-17
8400.00	1.0251e-17
8401.00	1.0266e-17
8402.00	1.0266e-17
8403.00	1.1792e-17
8404.00	9.36964e-18
8405.00	7.75264e-18
8406.00	7.01204e-18
8407.00	7.35448e-18
8408.00	8.51149e-18
8409.00	9.58361e-18
8410.00	9.94245e-18
8411.00	8.61475e-18
8412.00	7.83974e-18
8413.00	6.68559e-18
8414.00	5.01212e-18
8415.00	5.14565e-18
8416.00	6.13713e-18
8417.00	6.84309e-18
8418.00	4.87099e-18
8419.00	8.75061e-18
8420.00	1.14236e-17
8421.00	1.00815e-17
8422.00	8.56122e-18
8423.00	8.58994e-18
8424.00	9.51374e-18
8425.00	1.00713e-17
8426.00	8.96392e-18
8427.00	7.33481e-18
8428.00	6.27962e-18
8429.00	8.86357e-18
8430.00	9.02453e-18
8431.00	9.31399e-18
8432.00	1.39155e-17
8433.00	1.34555e-17
8434.00	1.00911e-17
8435.00	6.12664e-18
8436.00	8.57715e-18
8437.00	9.17e-18
8438.00	8.93191e-18
8439.00	9.48899e-18
8440.00	9.63291e-18
8441.00	9.83251e-18
8442.00	1.01302e-17
8443.00	1.04282e-17
8444.00	9.21023e-18
8445.00	7.97753e-18
8446.00	8.20434e-18
8447.00	8.74224e-18
8448.00	9.38065e-18
8449.00	9.56955e-18
8450.00	7.79189e-18
8451.00	7.86047e-18
8452.00	8.89975e-18
8453.00	9.96282e-18
8454.00	7.22457e-18
8455.00	6.82961e-18
8456.00	8.87658e-18
8457.00	1.034e-17
8458.00	9.45001e-18
8459.00	8.20307e-18
8460.00	8.02964e-18
8461.00	8.63216e-18
8462.00	8.60877e-18
8463.00	7.79015e-18
8464.00	6.09715e-18
8465.00	7.35643e-18
8466.00	8.04618e-18
8467.00	6.39156e-18
8468.00	5.06062e-18
8469.00	7.44347e-18
8470.00	1.05235e-17
8471.00	7.10829e-18
8472.00	7.51166e-18
8473.00	8.75535e-18
8474.00	9.58749e-18
8475.00	9.60907e-18
8476.00	9.29484e-18
8477.00	8.91233e-18
8478.00	8.83116e-18
8479.00	8.02828e-18
8480.00	7.50923e-18
8481.00	7.67085e-18
8482.00	8.10899e-18
8483.00	9.15421e-18
8484.00	9.95469e-18
8485.00	9.29133e-18
8486.00	9.34517e-18
8487.00	8.90898e-18
8488.00	8.01556e-18
8489.00	8.42905e-18
8490.00	9.73041e-18
8491.00	1.09072e-17
8492.00	1.08125e-17
8493.00	1.01515e-17
8494.00	9.1254e-18
8495.00	8.42125e-18
8496.00	1.01079e-17
8497.00	1.12959e-17
8498.00	1.13275e-17
8499.00	9.70561e-18
8500.00	1.014e-17
8501.00	9.27204e-18
8502.00	7.24071e-18
8503.00	7.00586e-18
8504.00	8.69839e-18
8505.00	1.01753e-17
8506.00	9.55564e-18
8507.00	7.46175e-18
8508.00	7.07092e-18
8509.00	8.23263e-18
8510.00	8.44378e-18
8511.00	7.77359e-18
8512.00	7.13484e-18
8513.00	7.26099e-18
8514.00	8.24385e-18
8515.00	9.66933e-18
8516.00	1.07148e-17
8517.00	9.66909e-18
8518.00	9.38896e-18
8519.00	9.46631e-18
8520.00	9.6268e-18
8521.00	8.89846e-18
8522.00	8.45419e-18
8523.00	8.2101e-18
8524.00	7.52265e-18
8525.00	7.64016e-18
8526.00	8.14481e-18
8527.00	8.7797e-18
8528.00	9.19358e-18
8529.00	9.33318e-18
8530.00	9.27824e-18
8531.00	9.15938e-18
8532.00	9.12412e-18
8533.00	9.28789e-18
8534.00	9.56773e-18
8535.00	9.05223e-18
8536.00	9.17936e-18
8537.00	1.00783e-17
8538.00	1.1858e-17
8539.00	1.16782e-17
8540.00	1.08732e-17
8541.00	9.98437e-18
8542.00	9.02535e-18
8543.00	9.32485e-18
8544.00	9.97552e-18
8545.00	9.7296e-18
8546.00	1.08984e-17
8547.00	1.19104e-17
8548.00	1.19969e-17
8549.00	1.00363e-17
8550.00	1.00341e-17
8551.00	1.07793e-17
8552.00	1.08147e-17
8553.00	1.02807e-17
8554.00	9.42391e-18
8555.00	8.44428e-18
8556.00	7.61963e-18
8557.00	6.95724e-18
8558.00	6.88514e-18
8559.00	7.73051e-18
8560.00	8.11954e-18
8561.00	7.56551e-18
8562.00	6.38929e-18
8563.00	5.61845e-18
8564.00	6.94123e-18
8565.00	8.5765e-18
8566.00	9.07478e-18
8567.00	8.2562e-18
8568.00	7.77678e-18
8569.00	7.72151e-18
8570.00	7.37136e-18
8571.00	6.75817e-18
8572.00	7.03462e-18
8573.00	8.75564e-18
8574.00	9.57872e-18
8575.00	9.36041e-18
8576.00	8.74794e-18
8577.00	9.21318e-18
8578.00	9.1951e-18
8579.00	9.38599e-18
8580.00	1.01336e-17
8581.00	1.14468e-17
8582.00	1.2239e-17
8583.00	1.19881e-17
8584.00	1.00017e-17
8585.00	8.02131e-18
8586.00	6.6195e-18
8587.00	6.36184e-18
8588.00	8.21514e-18
8589.00	8.78507e-18
8590.00	8.67346e-18
8591.00	9.42237e-18
8592.00	9.13613e-18
8593.00	9.02453e-18
8594.00	9.28057e-18
8595.00	8.42917e-18
8596.00	8.09209e-18
8597.00	8.04843e-18
8598.00	7.87017e-18
8599.00	7.15078e-18
8600.00	7.41665e-18
8601.00	8.67485e-18
8602.00	8.62707e-18
8603.00	8.72064e-18
8604.00	9.09681e-18
8605.00	9.83746e-18
8606.00	9.99934e-18
8607.00	9.88566e-18
8608.00	9.82092e-18
8609.00	1.06988e-17
8610.00	1.09928e-17
8611.00	1.06686e-17
8612.00	9.78324e-18
8613.00	1.01274e-17
8614.00	1.02431e-17
8615.00	9.86034e-18
8616.00	9.27835e-18
8617.00	8.66416e-18
8618.00	8.33664e-18
8619.00	8.62262e-18
8620.00	1.04785e-17
8621.00	1.15558e-17
8622.00	1.18455e-17
8623.00	1.29391e-17
8624.00	1.2163e-17
8625.00	1.09423e-17
8626.00	1.01085e-17
8627.00	7.597e-18
8628.00	7.25545e-18
8629.00	8.59415e-18
8630.00	9.22638e-18
8631.00	8.93702e-18
8632.00	8.18028e-18
8633.00	7.28297e-18
8634.00	6.43227e-18
8635.00	6.41803e-18
8636.00	7.19073e-18
8637.00	8.49143e-18
8638.00	9.97462e-18
8639.00	9.97027e-18
8640.00	8.22188e-18
8641.00	8.95234e-18
8642.00	1.03465e-17
8643.00	1.08198e-17
8644.00	7.94599e-18
8645.00	7.84337e-18
8646.00	8.15922e-18
8647.00	8.16328e-18
8648.00	8.45107e-18
8649.00	9.48652e-18
8650.00	1.04438e-17
8651.00	1.01937e-17
8652.00	9.0008e-18
8653.00	8.65437e-18
8654.00	9.31272e-18
8655.00	8.55822e-18
8656.00	6.78712e-18
8657.00	5.82562e-18
8658.00	7.75364e-18
8659.00	7.10421e-18
8660.00	6.14507e-18
8661.00	6.1986e-18
8662.00	1.00539e-17
8663.00	1.08962e-17
8664.00	9.70588e-18
8665.00	7.72803e-18
8666.00	7.49724e-18
8667.00	6.76062e-18
8668.00	5.73258e-18
8669.00	6.66582e-18
8670.00	9.21676e-18
8671.00	1.06708e-17
8672.00	8.90834e-18
8673.00	8.23786e-18
8674.00	1.13173e-17
8675.00	1.6019e-17
8676.00	1.56512e-17
8677.00	1.02265e-17
8678.00	5.73124e-18
8679.00	6.36481e-18
8680.00	7.00613e-18
8681.00	6.40094e-18
8682.00	5.4615e-18
8683.00	6.98653e-18
8684.00	9.57328e-18
8685.00	1.09275e-17
8686.00	9.71093e-18
8687.00	8.10144e-18
8688.00	7.60086e-18
8689.00	8.14876e-18
8690.00	9.26659e-18
8691.00	8.78187e-18
8692.00	8.56305e-18
8693.00	9.17989e-18
8694.00	7.79027e-18
8695.00	7.51312e-18
8696.00	8.23937e-18
8697.00	9.32391e-18
8698.00	8.68055e-18
8699.00	8.46241e-18
8700.00	9.57998e-18
8701.00	1.20131e-17
8702.00	1.13858e-17
8703.00	8.89855e-18
8704.00	6.6902e-18
8705.00	6.83363e-18
8706.00	7.15889e-18
8707.00	7.06227e-18
8708.00	7.82119e-18
8709.00	8.09927e-18
8710.00	8.01869e-18
8711.00	7.80605e-18
8712.00	8.91867e-18
8713.00	1.0343e-17
8714.00	1.14205e-17
8715.00	1.10679e-17
8716.00	1.05883e-17
8717.00	1.0001e-17
8718.00	9.29196e-18
8719.00	9.18481e-18
8720.00	9.99346e-18
8721.00	1.10951e-17
8722.00	1.03597e-17
8723.00	8.72331e-18
8724.00	7.66499e-18
8725.00	8.45789e-18
8726.00	9.63958e-18
8727.00	9.85587e-18
8728.00	9.22937e-18
8729.00	9.46065e-18
8730.00	7.27402e-18
8731.00	5.39422e-18
8732.00	5.93133e-18
8733.00	8.92683e-18
8734.00	9.32475e-18
8735.00	7.68947e-18
8736.00	7.78536e-18
8737.00	9.15598e-18
8738.00	9.62226e-18
8739.00	7.96349e-18
8740.00	6.84741e-18
8741.00	7.34074e-18
8742.00	8.76928e-18
8743.00	9.53707e-18
8744.00	8.72388e-18
8745.00	8.11982e-18
8746.00	8.63808e-18
8747.00	9.54366e-18
8748.00	8.60567e-18
8749.00	6.91402e-18
8750.00	6.75115e-18
8751.00	8.05609e-18
8752.00	8.783e-18
8753.00	8.05437e-18
8754.00	6.89931e-18
8755.00	7.18866e-18
8756.00	8.94298e-18
8757.00	1.20984e-17
8758.00	1.24065e-17
8759.00	1.07395e-17
8760.00	8.15852e-18
8761.00	8.19139e-18
8762.00	9.39625e-18
8763.00	9.90776e-18
8764.00	7.44791e-18
8765.00	7.2859e-18
8766.00	8.45657e-18
8767.00	1.03344e-17
8768.00	1.13892e-17
8769.00	1.22575e-17
8770.00	1.18307e-17
8771.00	8.93639e-18
8772.00	7.44101e-18
8773.00	8.46187e-18
8774.00	1.08486e-17
8775.00	9.61581e-18
8776.00	6.37411e-18
8777.00	3.67349e-18
8778.00	3.8885e-18
8779.00	6.57304e-18
8780.00	7e-18
8781.00	5.72732e-18
8782.00	8.24494e-18
8783.00	1.01327e-17
8784.00	1.07527e-17
8785.00	9.61614e-18
8786.00	7.80368e-18
8787.00	7.83837e-18
8788.00	9.02185e-18
8789.00	8.10026e-18
8790.00	7.96347e-18
8791.00	8.08014e-18
8792.00	8.07894e-18
8793.00	7.16613e-18
8794.00	6.95034e-18
8795.00	7.46079e-18
8796.00	8.28231e-18
8797.00	8.20977e-18
8798.00	7.54874e-18
8799.00	6.69642e-18
8800.00	7.45526e-18
8801.00	8.75655e-18
8802.00	9.66124e-18
8803.00	8.78829e-18
8804.00	7.15274e-18
8805.00	7.13283e-18
8806.00	9.26868e-18
8807.00	8.65926e-18
8808.00	7.55336e-18
8809.00	7.31697e-18
8810.00	9.92097e-18
8811.00	9.73692e-18
8812.00	9.28385e-18
8813.00	9.24586e-18
8814.00	8.27778e-18
8815.00	7.48334e-18
8816.00	6.8141e-18
8817.00	5.92558e-18
8818.00	9.35632e-18
8819.00	1.58239e-17
8820.00	2.24727e-17
8821.00	1.97782e-17
8822.00	1.75045e-17
8823.00	1.47849e-17
8824.00	1.00675e-17
8825.00	1.02368e-17
8826.00	1.24948e-17
8827.00	1.45937e-17
8828.00	1.18814e-17
8829.00	8.38467e-18
8830.00	5.48549e-18
8831.00	4.46761e-18
8832.00	5.88202e-18
8833.00	6.73659e-18
8834.00	6.11698e-18
8835.00	3.30078e-18
8836.00	6.40577e-18
8837.00	9.85858e-18
8838.00	9.17517e-18
8839.00	9.2219e-18
8840.00	1.09585e-17
8841.00	1.3932e-17
8842.00	1.6759e-17
8843.00	1.51983e-17
8844.00	1.17224e-17
8845.00	8.27442e-18
8846.00	6.53424e-18
8847.00	4.06635e-18
8848.00	2.37113e-18
8849.00	5.88689e-18
8850.00	8.79476e-18
8851.00	1.00645e-17
8852.00	8.92579e-18
8853.00	6.51684e-18
8854.00	6.30502e-18
8855.00	7.81795e-18
8856.00	9.20153e-18
8857.00	9.95482e-18
8858.00	9.51933e-18
8859.00	7.99305e-18
8860.00	8.11538e-18
8861.00	8.96235e-18
8862.00	9.51178e-18
8863.00	8.17414e-18
8864.00	8.13789e-18
8865.00	7.45617e-18
8866.00	5.96918e-18
8867.00	7.04332e-18
8868.00	7.91772e-18
8869.00	7.61464e-18
8870.00	4.96157e-18
8871.00	5.61574e-18
8872.00	7.04956e-18
8873.00	8.47763e-18
8874.00	1.05552e-17
8875.00	1.09607e-17
8876.00	1.06167e-17
8877.00	1.07807e-17
8878.00	1.04918e-17
8879.00	9.44445e-18
8880.00	8.02131e-18
8881.00	8.27892e-18
8882.00	6.74402e-18
8883.00	4.14544e-18
8884.00	1.41315e-18
8885.00	1.49327e-18
8886.00	4.42563e-18
8887.00	8.22704e-18
8888.00	6.74869e-18
8889.00	5.81612e-18
8890.00	6.27619e-18
8891.00	8.64619e-18
8892.00	8.49292e-18
8893.00	7.3652e-18
8894.00	6.17907e-18
8895.00	6.61898e-18
8896.00	5.7672e-18
8897.00	5.24711e-18
8898.00	6.13565e-18
8899.00	6.82469e-18
8900.00	6.7512e-18
8901.00	6.3904e-18
8902.00	7.36174e-18
8903.00	6.79506e-18
8904.00	5.42546e-18
8905.00	4.00782e-18
8906.00	5.5028e-18
8907.00	6.98503e-18
8908.00	7.77849e-18
8909.00	7.28703e-18
8910.00	8.86953e-18
8911.00	9.91454e-18
8912.00	9.37758e-18
8913.00	9.77248e-18
8914.00	9.48406e-18
8915.00	9.02925e-18
8916.00	9.76982e-18
8917.00	8.59103e-18
8918.00	6.38468e-18
8919.00	4.05428e-18
8920.00	4.49278e-18
8921.00	5.5385e-18
8922.00	6.75547e-18
8923.00	7.86626e-18
8924.00	8.6702e-18
8925.00	9.17e-18
8926.00	9.27787e-18
8927.00	8.71895e-18
8928.00	7.43921e-18
8929.00	6.38987e-18
8930.00	6.72135e-18
8931.00	7.54357e-18
8932.00	8.61577e-18
8933.00	9.32658e-18
8934.00	8.02388e-18
8935.00	6.2421e-18
8936.00	5.21631e-18
8937.00	6.14989e-18
8938.00	6.2929e-18
8939.00	7.2631e-18
8940.00	8.45223e-18
8941.00	6.52889e-18
8942.00	4.8804e-18
8943.00	4.93387e-18
8944.00	7.76475e-18
8945.00	8.45923e-18
8946.00	7.93273e-18
8947.00	6.66056e-18
8948.00	5.21605e-18
8949.00	6.3697e-18
8950.00	7.60728e-18
8951.00	7.09757e-18
8952.00	7.27609e-18
8953.00	8.90592e-18
8954.00	1.07686e-17
8955.00	9.80437e-18
8956.00	5.54521e-18
8957.00	4.89751e-18
8958.00	1.15372e-17
8959.00	1.44595e-17
8960.00	1.01043e-17
8961.00	3.86579e-18
8962.00	8.80407e-18
8963.00	1.0171e-17
8964.00	9.634e-18
8965.00	7.80037e-18
8966.00	6.20353e-18
8967.00	6.79312e-18
8968.00	8.21876e-18
8969.00	7.58537e-18
8970.00	6.90031e-18
8971.00	6.67273e-18
8972.00	7.14567e-18
8973.00	7.44879e-18
8974.00	8.3705e-18
8975.00	9.19671e-18
8976.00	8.78944e-18
8977.00	7.48272e-18
8978.00	6.87627e-18
8979.00	7.41714e-18
8980.00	7.68388e-18
8981.00	6.74468e-18
8982.00	6.02175e-18
8983.00	7.4882e-18
8984.00	7.80219e-18
8985.00	7.6641e-18
8986.00	7.41755e-18
8987.00	7.77149e-18
8988.00	8.59847e-18
8989.00	8.03182e-18
8990.00	4.05882e-18
8991.00	3.44888e-18
8992.00	5.33291e-18
8993.00	8.003e-18
8994.00	5.90388e-18
8995.00	6.3232e-18
8996.00	7.23257e-18
8997.00	6.57321e-18
8998.00	4.70961e-18
8999.00	6.639e-18
9000.00	1.12833e-17
9001.00	1.191e-17
9002.00	9.62537e-18
9003.00	7.42815e-18
9004.00	7.70319e-18
9005.00	7.52752e-18
9006.00	6.70925e-18
9007.00	6.35006e-18
9008.00	9.56585e-18
9009.00	1.24032e-17
9010.00	1.30276e-17
9011.00	1.04335e-17
9012.00	9.6003e-18
9013.00	9.09637e-18
9014.00	8.4789e-18
9015.00	7.09924e-18
9016.00	6.4458e-18
9017.00	5.78726e-18
9018.00	5.07146e-18
9019.00	6.92746e-18
9020.00	9.62833e-18
9021.00	1.16652e-17
9022.00	1.08635e-17
9023.00	8.70071e-18
9024.00	6.97759e-18
9025.00	6.73679e-18
9026.00	7.39454e-18
9027.00	7.74888e-18
9028.00	8.28086e-18
9029.00	1.01496e-17
9030.00	1.05174e-17
9031.00	1.03628e-17
9032.00	1.01909e-17
9033.00	1.09844e-17
9034.00	1.01497e-17
9035.00	7.7599e-18
9036.00	4.00475e-18
9037.00	4.62441e-18
9038.00	7.18357e-18
9039.00	9.57865e-18
9040.00	6.61452e-18
9041.00	4.2219e-18
9042.00	3.87014e-18
9043.00	6.8573e-18
9044.00	7.05019e-18
9045.00	6.693e-18
9046.00	6.31886e-18
9047.00	5.66335e-18
9048.00	4.94437e-18
9049.00	5.2798e-18
9050.00	7.67898e-18
9051.00	8.38531e-18
9052.00	7.52763e-18
9053.00	6.10756e-18
9054.00	7.31709e-18
9055.00	7.9206e-18
9056.00	7.88015e-18
9057.00	7.11379e-18
9058.00	4.51865e-18
9059.00	3.61276e-18
9060.00	5.00952e-18
9061.00	8.4964e-18
9062.00	8.59125e-18
9063.00	7.5616e-18
9064.00	7.03804e-18
9065.00	6.90744e-18
9066.00	7.36049e-18
9067.00	8.13052e-18
9068.00	8.76972e-18
9069.00	7.86378e-18
9070.00	6.45318e-18
9071.00	5.46745e-18
9072.00	7.1503e-18
9073.00	8.61553e-18
9074.00	9.24009e-18
9075.00	8.54106e-18
9076.00	9.53708e-18
9077.00	1.04485e-17
9078.00	1.03773e-17
9079.00	9.09802e-18
9080.00	9.25194e-18
9081.00	1.03161e-17
9082.00	1.08134e-17
9083.00	1.20628e-17
9084.00	1.31217e-17
9085.00	1.32903e-17
9086.00	1.11133e-17
9087.00	9.58755e-18
9088.00	8.91235e-18
9089.00	8.95605e-18
9090.00	8.84009e-18
9091.00	8.87937e-18
9092.00	8.93505e-18
9093.00	7.97474e-18
9094.00	7.33457e-18
9095.00	7.36867e-18
9096.00	8.40771e-18
9097.00	8.47115e-18
9098.00	9.577e-18
9099.00	1.14765e-17
9100.00	1.10538e-17
9101.00	8.88119e-18
9102.00	6.67332e-18
9103.00	6.20039e-18
9104.00	7.69202e-18
9105.00	8.22414e-18
9106.00	7.4363e-18
9107.00	7.11522e-18
9108.00	7.43404e-18
9109.00	7.64046e-18
9110.00	7.13586e-18
9111.00	7.96149e-18
9112.00	8.89965e-18
9113.00	9.39324e-18
9114.00	8.74994e-18
9115.00	8.00003e-18
9116.00	7.08335e-18
9117.00	6.13653e-18
9118.00	7.07623e-18
9119.00	8.82218e-18
9120.00	1.02421e-17
9121.00	9.09526e-18
9122.00	9.21676e-18
9123.00	1.02648e-17
9124.00	1.17347e-17
9125.00	9.93765e-18
9126.00	8.64971e-18
9127.00	8.22107e-18
9128.00	8.08364e-18
9129.00	7.82432e-18
9130.00	7.52837e-18
9131.00	7.27671e-18
9132.00	7.5548e-18
9133.00	7.13873e-18
9134.00	6.66911e-18
9135.00	7.49462e-18
9136.00	9.04285e-18
9137.00	9.96643e-18
9138.00	9.64633e-18
9139.00	8.86589e-18
9140.00	8.27412e-18
9141.00	7.76651e-18
9142.00	6.97688e-18
9143.00	7.37382e-18
9144.00	8.5874e-18
9145.00	1.00386e-17
9146.00	9.80453e-18
9147.00	8.82193e-18
9148.00	7.94638e-18
9149.00	8.14927e-18
9150.00	9.10814e-18
9151.00	9.26458e-18
9152.00	8.42903e-18
9153.00	8.21098e-18
9154.00	8.65762e-18
9155.00	9.68946e-18
9156.00	1.11852e-17
9157.00	1.01831e-17
9158.00	8.45195e-18
9159.00	7.1314e-18
9160.00	8.20094e-18
9161.00	8.87443e-18
9162.00	9.36119e-18
9163.00	9.8808e-18
9164.00	1.00594e-17
9165.00	9.49582e-18
9166.00	8.8854e-18
9167.00	1.074e-17
9168.00	1.06056e-17
9169.00	9.17709e-18
9170.00	7.13619e-18
9171.00	6.39795e-18
9172.00	6.78269e-18
9173.00	7.82072e-18
9174.00	8.67346e-18
9175.00	7.73241e-18
9176.00	6.70827e-18
9177.00	6.81209e-18
9178.00	8.14094e-18
9179.00	8.7772e-18
9180.00	8.63375e-18
9181.00	8.37659e-18
9182.00	7.47667e-18
9183.00	6.70866e-18
9184.00	6.68086e-18
9185.00	8.30487e-18
9186.00	9.90013e-18
9187.00	1.0546e-17
9188.00	8.84981e-18
9189.00	8.69188e-18
9190.00	9.15352e-18
9191.00	9.57614e-18
9192.00	7.72231e-18
9193.00	6.99557e-18
9194.00	7.08717e-18
9195.00	6.93525e-18
9196.00	6.66693e-18
9197.00	7.12938e-18
9198.00	8.26883e-18
9199.00	7.89944e-18
9200.00	7.62514e-18
9201.00	7.48829e-18
9202.00	7.34981e-18
9203.00	8.14463e-18
9204.00	8.44819e-18
9205.00	7.94003e-18
9206.00	7.7963e-18
9207.00	6.15687e-18
9208.00	4.2958e-18
9209.00	3.7386e-18
9210.00	6.29541e-18
9211.00	7.24754e-18
9212.00	6.36463e-18
9213.00	8.41587e-18
9214.00	1.0932e-17
9215.00	1.18464e-17
9216.00	9.32562e-18
9217.00	8.38598e-18
9218.00	8.43776e-18
9219.00	8.88063e-18
9220.00	7.98228e-18
9221.00	7.44515e-18
9222.00	8.16697e-18
9223.00	1.06189e-17
9224.00	9.73965e-18
9225.00	7.72185e-18
9226.00	6.29642e-18
9227.00	8.93023e-18
9228.00	9.22335e-18
9229.00	8.7505e-18
9230.00	8.60387e-18
9231.00	9.41474e-18
9232.00	1.06488e-17
9233.00	1.12419e-17
9234.00	9.03172e-18
9235.00	7.22014e-18
9236.00	6.16701e-18
9237.00	6.14018e-18
9238.00	6.17926e-18
9239.00	6.244e-18
9240.00	5.77493e-18
9241.00	3.4148e-18
9242.00	3.65578e-18
9243.00	5.26954e-18
9244.00	7.56895e-18
9245.00	9.57772e-18
9246.00	9.72646e-18
9247.00	9.53723e-18
9248.00	1.19828e-17
9249.00	1.21473e-17
9250.00	1.14907e-17
9251.00	1.07619e-17
9252.00	1.14848e-17
9253.00	9.52559e-18
9254.00	7.06826e-18
9255.00	7.54591e-18
9256.00	1.0247e-17
9257.00	1.09247e-17
9258.00	8.77045e-18
9259.00	8.09595e-18
9260.00	9.44659e-18
9261.00	1.07444e-17
9262.00	9.457e-18
9263.00	1.02826e-17
9264.00	8.94514e-18
9265.00	5.65403e-18
9266.00	6.12415e-18
9267.00	6.37741e-18
9268.00	6.78549e-18
9269.00	7.7716e-18
9270.00	5.12258e-18
9271.00	4.63734e-18
9272.00	6.89475e-18
9273.00	8.37615e-18
9274.00	1.07756e-17
9275.00	1.23093e-17
9276.00	1.14025e-17
9277.00	8.28458e-18
9278.00	7.29557e-18
9279.00	8.96975e-18
9280.00	1.2322e-17
9281.00	1.05133e-17
9282.00	7.7157e-18
9283.00	7.0677e-18
9284.00	8.30738e-18
9285.00	8.54114e-18
9286.00	7.66883e-18
9287.00	6.95273e-18
9288.00	5.99467e-18
9289.00	5.34955e-18
9290.00	5.1196e-18
9291.00	2.90008e-18
9292.00	2.54421e-19
9293.00	-2.27579e-19
9294.00	6.76741e-18
9295.00	8.79399e-18
9296.00	9.71035e-18
9297.00	1.08537e-17
9298.00	9.87134e-18
9299.00	8.97454e-18
9300.00	9.26828e-18
9301.00	1.24822e-17
9302.00	1.17832e-17
9303.00	1.19595e-17
9304.00	1.45442e-17
9305.00	1.68641e-17
9306.00	1.45869e-17
9307.00	7.86268e-18
9308.00	8.79133e-18
9309.00	9.71998e-18
9310.00	9.71998e-18
9311.00	9.35823e-18
9312.00	9.13519e-18
9313.00	1.06156e-17
9314.00	1.05259e-17
9315.00	4.43851e-18
9316.00	6.58893e-18
9317.00	1.02182e-17
9318.00	1.21664e-17
9319.00	8.33946e-18
9320.00	7.06976e-18
9321.00	9.63565e-18
9322.00	1.6916e-17
9323.00	2.39176e-17
9324.00	2.14736e-17
9325.00	1.12473e-17
9326.00	8.09071e-18
9327.00	6.40192e-18
9328.00	6.39906e-18
9329.00	8.21082e-18
9330.00	9.75182e-18
9331.00	1.03278e-17
9332.00	1.0367e-17
9333.00	1.20256e-17
9334.00	1.17203e-17
9335.00	1.02241e-17
9336.00	7.96945e-18
9337.00	8.31307e-18
9338.00	8.65669e-18
9339.00	9.00031e-18
9340.00	9.34394e-18
9341.00	9.34394e-18
9342.00	1.29239e-17
9343.00	1.1491e-17
9344.00	1.01187e-17
9345.00	8.74487e-18
9346.00	8.35809e-18
9347.00	1.12972e-17
9348.00	9.65535e-18
9349.00	7.65346e-18
9350.00	7.35531e-18
9351.00	7.06893e-18
9352.00	6.80078e-18
9353.00	6.83745e-18
9354.00	7.80948e-18
9355.00	8.79226e-18
9356.00	7.46911e-18
9357.00	3.38849e-18
9358.00	5.49329e-19
9359.00	3.36345e-18
9360.00	9.11374e-18
9361.00	1.34421e-17
9362.00	1.10333e-17
9363.00	8.12146e-18
9364.00	7.29158e-18
9365.00	7.53084e-18
9366.00	8.44908e-18
9367.00	9.1197e-18
9368.00	8.37462e-18
9369.00	9.37237e-18
9370.00	9.03207e-18
9371.00	8.31814e-18
9372.00	1.54614e-17
9373.00	2.25442e-17
9374.00	2.59262e-17
9375.00	2.20844e-17
9376.00	1.55706e-17
9377.00	1.63878e-17
9378.00	2.19739e-17
9379.00	1.04349e-17
9380.00	8.63452e-18
9381.00	1.01215e-17
9382.00	8.26615e-18
9383.00	7.08836e-18
9384.00	7.00371e-18
9385.00	8.43685e-18
9386.00	1.2849e-17
9387.00	1.12334e-17
9388.00	7.40007e-18
9389.00	4.71758e-18
9390.00	5.77271e-18
9391.00	7.08058e-18
9392.00	7.73728e-18
9393.00	7.80077e-18
9394.00	5.99859e-18
9395.00	4.81756e-18
9396.00	5.86301e-18
9397.00	6.86763e-18
9398.00	6.6646e-18
9399.00	6.0154e-18
9400.00	7.31606e-18
9401.00	7.18888e-18
9402.00	6.59009e-18
9403.00	5.93336e-18
9404.00	4.22293e-18
9405.00	5.25139e-18
9406.00	7.81026e-18
9407.00	9.10631e-18
9408.00	6.11153e-18
9409.00	3.70062e-18
9410.00	4.24235e-18
9411.00	5.95372e-18
9412.00	7.83499e-18
9413.00	1.00577e-17
9414.00	1.36484e-17
9415.00	1.15124e-17
9416.00	7.15077e-18
9417.00	2.84683e-18
9418.00	1.58062e-18
9419.00	7.08634e-18
9420.00	1.37185e-17
9421.00	1.3672e-17
9422.00	8.11321e-18
9423.00	4.85496e-18
9424.00	6.05253e-18
9425.00	6.25031e-18
9426.00	7.09208e-18
9427.00	7.90592e-18
9428.00	7.88763e-18
9429.00	3.58269e-18
9430.00	2.84796e-18
9431.00	6.89936e-18
9432.00	1.08824e-17
9433.00	1.14216e-17
9434.00	1.04426e-17
9435.00	9.98088e-18
9436.00	8.51851e-18
9437.00	6.95756e-18
9438.00	4.33082e-18
9439.00	6.14368e-18
9440.00	7.95654e-18
9441.00	9.76939e-18
9442.00	1.15822e-17
9443.00	1.15822e-17
9444.00	1.5559e-17
9445.00	9.65675e-18
9446.00	7.1344e-18
9447.00	8.60553e-18
9448.00	1.19239e-17
9449.00	1.50164e-17
9450.00	1.30632e-17
9451.00	1.04398e-17
9452.00	8.57463e-18
9453.00	8.51791e-18
9454.00	9.02178e-18
9455.00	1.19422e-17
9456.00	1.70515e-17
9457.00	1.25261e-17
9458.00	8.67567e-18
9459.00	6.63915e-18
9460.00	4.99458e-18
9461.00	7.36793e-18
9462.00	9.66974e-18
9463.00	9.47384e-18
9464.00	5.43649e-18
9465.00	4.94602e-18
9466.00	7.27738e-18
9467.00	1.00424e-17
9468.00	8.54622e-18
9469.00	5.91095e-18
9470.00	4.64406e-18
9471.00	1.12676e-17
9472.00	1.3316e-17
9473.00	8.90651e-18
9474.00	7.2687e-18
9475.00	5.6309e-18
9476.00	5.6309e-18
9477.00	1.48657e-17
9478.00	1.4346e-17
9479.00	1.23075e-17
9480.00	9.25005e-18
9481.00	5.00704e-18
9482.00	7.97564e-18
9483.00	1.08538e-17
9484.00	1.16034e-17
9485.00	1.22039e-17
9486.00	1.23171e-17
9487.00	1.18527e-17
9488.00	1.07497e-17
9489.00	1.07755e-17
9490.00	1.12536e-17
9491.00	1.12391e-17
9492.00	8.06789e-18
9493.00	6.87333e-18
9494.00	6.83892e-18
9495.00	7.11404e-18
9496.00	6.35645e-18
9497.00	5.73061e-18
9498.00	5.38786e-18
9499.00	4.68339e-18
9500.00	6.22585e-18
9501.00	8.42692e-18
9502.00	9.84494e-18
9503.00	7.75759e-18
9504.00	7.40668e-18
9505.00	8.40463e-18
9506.00	6.97702e-18
9507.00	7.70868e-18
9508.00	7.53532e-18
9509.00	5.04613e-18
9510.00	5.51919e-18
9511.00	7.26151e-18
9512.00	9.10932e-18
9513.00	8.9223e-18
9514.00	1.04147e-17
9515.00	1.69084e-17
9516.00	2.87983e-17
9517.00	3.66995e-17
9518.00	2.45493e-17
9519.00	5.11267e-18
9520.00	3.5507e-18
9521.00	8.61396e-18
9522.00	1.24402e-17
9523.00	1.10619e-17
9524.00	9.90001e-18
9525.00	6.12895e-18
9526.00	3.49732e-18
9527.00	8.00488e-18
9528.00	1.08583e-17
9529.00	1.18342e-17
9530.00	1.05279e-17
9531.00	7.00828e-18
9532.00	6.41796e-18
9533.00	8.64112e-18
9534.00	1.3159e-17
9535.00	1.28284e-17
9536.00	1.02486e-17
9537.00	7.38829e-18
9538.00	8.92385e-18
9539.00	8.36936e-18
9540.00	7.10788e-18
