# SOURCE  = 'Quimby et al. 2018' /                                                
# OBJECT  = 'PTF10bfz'           /                                                
# Z       =             0.169900 / wavelengths divided by (1 + z)                 
# NORM    =          1.84915E-18 / fluxes divided by norm                         
# CLIPPED =                    1 / galaxy emission lines removed                  
# SMOOTHED=                    1 / spectrum has been smoothed                     
# COLUMN01= 'Wavelength (Angstrom)' /                                             
# COLUMN02= 'Flux Density (erg/s/cm2/A)' /                                        
# COLUMN03= 'Flux Density Uncertainty (erg/s/cm2/A)' /                            
# END                                                                             
# 
# 
# 
# 
# 
# 
# 
# 
# 
# 
   3361.6725187      5.1653190      0.4240032
   3365.0419793      4.9690776      0.4183168
   3368.3994437      4.7260108      0.4115818
   3371.7689043      4.5975156      0.4049965
   3375.1497895      4.3750453      0.3995735
   3378.5192501      4.2031708      0.3931077
   3381.9001355      4.1033969      0.3867140
   3385.2810207      4.0845532      0.3803293
   3388.6621917      3.9684067      0.3750598
   3392.0547874      3.8415215      0.3687798
   3395.4476688      3.6296959      0.3625095
   3398.8402645      3.6214330      0.3562339
   3402.2445707      3.5575204      0.3500781
   3405.6491626      3.4104414      0.3448612
   3409.0534687      3.3064263      0.3387927
   3412.4577749      3.1281488      0.3335445
   3415.8740771      3.0624290      0.3272772
   3419.2900937      3.1408024      0.3210948
   3422.7061104      3.3205805      0.3160798
   3426.1341230      3.3543880      0.3100961
   3429.5618500      3.3112404      0.3044132
   3432.9895770      3.3139155      0.2986841
   3436.4175896      3.4444883      0.2930511
   3439.8570271      3.6005230      0.2877435
   3443.2964645      3.6842003      0.2830777
   3446.7359020      3.9467554      0.2780069
   3450.1870499      4.0582237      0.2728696
   3453.6384834      4.0842199      0.2678495
   3457.0896313      3.9962184      0.2629853
   3460.5524895      3.9966490      0.2584552
   3464.0036374      4.0938196      0.2538554
   3467.4664957      4.1217403      0.2501749
   3470.9413501      4.1520824      0.2458467
   3474.4159188      4.2004733      0.2416923
   3477.8904876      4.2962775      0.2378626
   3481.3650563      4.3408980      0.2340184
   3484.8513355      4.3499780      0.2303190
   3488.3259042      4.2956481      0.2268096
   3491.8238937      4.3025808      0.2234456
   3495.3101729      4.3524647      0.2202788
   3498.8081624      4.3411655      0.2172535
   3502.3061520      4.3045487      0.2144295
   3505.8041416      4.2661958      0.2118146
   3509.3138416      4.1916924      0.2093077
   3512.8235416      4.1590133      0.2069223
   3516.3332416      4.2261014      0.2047331
   3519.8546520      4.1274571      0.2026695
   3523.3760624      4.0136719      0.2007581
   3526.8974729      3.9289999      0.1989314
   3530.4188833      3.9772201      0.1972846
   3533.9520042      3.9514201      0.1956756
   3537.4851250      3.9043350      0.1942468
   3541.0299563      3.8143058      0.1928556
   3544.5630771      3.7645555      0.1916213
   3548.1079084      3.6980863      0.1903973
   3551.6644501      3.6899381      0.1893186
   3555.2089957      3.5983925      0.1883049
   3558.7655374      3.5419948      0.1872620
   3562.3220792      3.4354548      0.1863470
   3565.8903313      3.4091842      0.1853078
   3569.4585834      3.4546001      0.1844554
   3573.0265499      3.4788561      0.1836255
   3576.5948020      3.4358125      0.1827146
   3580.1747645      3.4164622      0.1819062
   3583.7547271      3.3369248      0.1809345
   3587.3346896      3.2422740      0.1801251
   3590.9260770      3.1092746      0.1793075
   3594.5177500      3.0035310      0.1780814
   3598.1094230      2.9489672      0.1772330
   3601.7125207      2.9986601      0.1763644
   3605.3159042      3.0325871      0.1753684
   3608.9192876      3.0315034      0.1744516
   3612.5223854      3.1070802      0.1735087
   3616.1374792      3.1214969      0.1724056
   3619.7525730      3.0997860      0.1714126
   3623.3790916      3.0244095      0.1701205
   3626.9941855      3.0080402      0.1689508
   3630.6209896      2.9841585      0.1678782
   3634.2592187      2.9680886      0.1667808
   3637.8977334      2.9130292      0.1654461
   3641.5242520      2.9274702      0.1642847
   3645.1744771      2.9310577      0.1628088
   3648.8127062      3.0131984      0.1616013
   3652.4629313      3.0531566      0.1602972
   3656.1128707      3.1146207      0.1590581
   3659.7748063      3.1546097      0.1575094
   3663.4364562      3.1588464      0.1561778
   3667.0983917      3.1617866      0.1549052
   3670.7600416      3.1494610      0.1536252
   3674.4336876      3.1897008      0.1523404
   3678.1070479      3.1959772      0.1507632
   3681.7924043      3.2132595      0.1494263
   3685.4657645      3.1965342      0.1481453
   3689.1508354      3.1889780      0.1465865
   3692.8479021      3.2323959      0.1453203
   3696.5329729      3.2738116      0.1439358
   3700.2300396      3.2930317      0.1426707
   3703.9385313      3.3255448      0.1411691
   3707.6353124      3.3676312      0.1399297
   3711.3440896      3.3898842      0.1387044
   3715.0642917      3.4202249      0.1372354
   3718.7727833      3.4368672      0.1362407
   3722.4929854      3.4535525      0.1350039
   3726.2134730      3.4394512      0.1335557
   3729.9453855      3.4412465      0.1323788
   3733.6772979      3.3961184      0.1312279
   3737.4092104      3.3742576      0.1298617
   3741.1414084      3.4384723      0.1287175
   3744.8850313      3.4763007      0.1276382
   3748.6286542      3.4958766      0.1263508
   3752.3839874      3.5082045      0.1253119
   3756.1276104      3.4845703      0.1242892
   3759.8832293      3.4632137      0.1230651
   3763.6502730      3.4444847      0.1220718
   3767.4056063      3.4119112      0.1208788
   3771.1843605      3.3960183      0.1199092
   3774.9514042      3.3775623      0.1189486
   3778.7301583      3.4125779      0.1177409
   3782.5089124      3.3780842      0.1167966
   3786.2876666      3.3609076      0.1156538
   3790.0781312      3.3250556      0.1147219
   3793.8685957      3.2813215      0.1135942
   3797.6590604      3.2829318      0.1126710
   3801.4612354      3.2747338      0.1117508
   3805.2634104      3.2564609      0.1106372
   3809.0655854      3.1837547      0.1097232
   3812.8677604      3.1845417      0.1086153
   3816.6816457      3.1833944      0.1077047
   3820.5072416      3.1859200      0.1066083
   3824.3211270      3.1443818      0.1057033
   3828.1467229      3.1329052      0.1046084
   3831.9723187      3.0909116      0.1037083
   3835.8096250      3.0752647      0.1026331
   3839.6469313      3.0474360      0.1017425
   3843.4842376      3.0137033      0.1006694
   3847.3332543      3.0005295      0.0996199
   3851.1702749      3.0135806      0.0987495
   3855.0310020      3.0215001      0.0977056
   3858.8800187      3.0370882      0.0968528
   3862.7407458      2.9853611      0.0958521
   3866.6014730      2.9680090      0.0950234
   3870.4736249      2.9390039      0.0940514
   3874.3460624      2.9260819      0.0932488
   3878.2185000      2.8948507      0.0922956
   3882.0909376      2.8898244      0.0913843
   3885.9747999      2.8638213      0.0906341
   3889.8589479      2.8764093      0.0897461
   3893.7548063      2.8987670      0.0890352
   3897.6506646      2.9049580      0.0882149
   3901.5462374      2.8967524      0.0874022
   3905.4420958      2.8815324      0.0867588
   3909.3496646      2.9130416      0.0860383
   3913.2569479      2.8847072      0.0853255
   3917.1762271      2.8328609      0.0847569
   3921.0952207      2.8004408      0.0840863
   3925.0145000      2.7953889      0.0834586
   3928.9337793      2.7829850      0.0829683
   3932.8644833      2.7596281      0.0823878
   3936.7954730      2.7549603      0.0818813
   3940.7378874      2.7649815      0.0814715
   3944.6805876      2.7503805      0.0809856
   3948.6230020      2.7541964      0.0805260
   3952.5774126      2.7522626      0.0801922
   3956.5315374      2.7396295      0.0798329
   3960.4859480      2.6935704      0.0794515
   3964.4400729      2.6759944      0.0790996
   3968.4061938      2.6868641      0.0788568
   3972.3720292      2.6990228      0.0785397
   3976.3495749      2.7168460      0.0783007
   3980.3274063      2.7020533      0.0780325
   3984.3049520      2.7134488      0.0778580
   3988.2944938      2.6822069      0.0776035
   3992.2720395      2.7014649      0.0774273
   3996.2730062      2.7124827      0.0772094
   4000.2625480      2.6750991      0.0769781
   4004.2635145      2.6814456      0.0769185
   4008.2761916      2.6541319      0.0766902
   4012.2774438      2.6392086      0.0764810
   4016.2901208      2.6427865      0.0762443
   4020.3027979      2.6556227      0.0760778
   4024.3271854      2.6979485      0.0758476
   4028.3518584      2.6754293      0.0756864
   4032.3879563      2.6583757      0.0753965
   4036.4123437      2.6669407      0.0751138
   4040.4484416      2.6646085      0.0747876
   4044.4962499      2.6655567      0.0745140
   4048.5326334      2.7087190      0.0741663
   4052.5804417      2.6876702      0.0737711
   4056.6399605      2.6540685      0.0735395
   4060.6994792      2.6608033      0.0730947
   4064.7589979      2.6516523      0.0726881
   4068.8185166      2.6773837      0.0722090
   4072.8897457      2.6929531      0.0716895
   4076.9609749      2.7062674      0.0712031
   4081.0442001      2.7178676      0.0706534
   4085.1271396      2.7284513      0.0700783
   4089.2100793      2.7554021      0.0695332
   4093.2930188      2.7669151      0.0689380
   4097.3876688      2.7351654      0.0683672
   4101.4823188      2.7486241      0.0677615
   4105.5886793      2.7384441      0.0671792
   4109.6950396      2.7549791      0.0665607
   4113.8014001      2.7495611      0.0659698
   4117.9191854      2.7537851      0.0653689
   4122.0372562      2.7529459      0.0647418
   4126.1553270      2.7624798      0.0641357
   4130.2851083      2.7482736      0.0635296
   4134.4148895      2.7575977      0.0629043
   4138.5563813      2.7559645      0.0622362
   4142.6861626      2.7444808      0.0615804
   4146.8276543      2.7446270      0.0609398
   4150.9805707      2.7501864      0.0602553
   4155.1337729      2.7489064      0.0595269
   4159.2869750      2.7489028      0.0588112
   4163.4401771      2.7421820      0.0581315
   4167.6050896      2.7252586      0.0573957
   4171.7697166      2.7171514      0.0566530
   4175.9463395      2.7003500      0.0558797
   4180.1229626      2.6824889      0.0551373
   4184.3110104      2.6840770      0.0543314
   4188.4876333      2.6677737      0.0536176
   4192.6759667      2.6535683      0.0529851
   4196.8757249      2.6452425      0.0523288
   4201.0640583      2.6381218      0.0518602
   4205.2641021      2.6219251      0.0512550
   4209.4755707      2.6145799      0.0507465
   4213.6873250      2.6062541      0.0502591
   4217.8990793      2.5890207      0.0499245
   4222.1222583      2.5799592      0.0496936
   4226.3340126      2.5693383      0.0495708
   4230.5689020      2.5525272      0.0495639
   4234.7923667      2.5277712      0.0496511
   4239.0272562      2.5114243      0.0499000
   4243.2741417      2.5109363      0.0502979
   4247.5090312      2.5122833      0.0507887
   4251.7559167      2.5055301      0.0514530
   4256.0142270      2.4988222      0.0522427
   4260.2728230      2.5021622      0.0530985
   4264.5311333      2.4955425      0.0540268
   4268.8014396      2.4905195      0.0551373
   4273.0597500      2.4940979      0.0564475
   4277.3414812      2.4969032      0.0575589
   4281.6117876      2.4834466      0.0589274
   4285.8935187      2.4736924      0.0603708
   4290.1869604      2.4894938      0.0617788
   4294.4689771      2.5067003      0.0633453
   4298.7741292      2.4863970      0.0649676
   4303.0675707      2.4661808      0.0667440
   4307.3730084      2.4533322      0.0681943
   4311.6781605      2.4486208      0.0699049
   4315.9950229      2.4203327      0.0716991
   4320.3001749      2.4321787      0.0733720
   4324.6290334      2.3841951      0.0747290
   4328.9458958      2.3423724      0.0763073
   4333.2861792      2.3737111      0.0777238
   4337.6147520      2.3805003      0.0790116
   4341.9550354      2.4255741      0.0800529
   4346.2956043      2.4348032      0.0810164
   4350.6358876      2.4448960      0.0816346
   4354.9878813      2.4162166      0.0821142
   4359.3515855      2.3590102      0.0825488
   4363.7035792      2.3116660      0.0826721
   4368.0672833      2.2887149      0.0827661
   4372.4426979      2.3671980      0.0824690
   4376.8064020      2.3820069      0.0820374
   4381.1935270      2.4472909      0.0815853
   4385.5689416      2.4587121      0.0807878
   4389.9560666      2.4674077      0.0800120
   4394.3431916      2.5358269      0.0788454
   4398.7420270      2.5487900      0.0777555
   4403.1408624      2.5413685      0.0763428
   4407.5396979      2.5211329      0.0749792
   4411.9502437      2.5562949      0.0732280
   4416.3607895      2.5884347      0.0716278
   4420.7830458      2.6110404      0.0697380
   4425.1935917      2.6432686      0.0679762
   4429.6275584      2.6671348      0.0659919
   4434.0498146      2.6761990      0.0640052
   4438.4834957      2.6926360      0.0618364
   4442.9291729      2.6753154      0.0599406
   4447.3748500      2.6687834      0.0579276
   4451.8205271      2.6780188      0.0558377
   4456.2662043      2.7039418      0.0540672
   4460.7233062      2.7329750      0.0522622
   4465.1924042      2.7330718      0.0506585
   4469.6497917      2.7111259      0.0489455
   4474.1188896      2.7131846      0.0474813
   4478.5994124      2.7319233      0.0462143
   4483.0802208      2.7334175      0.0449140
   4487.5610293      2.7349300      0.0439058
   4492.0415520      2.7379510      0.0429855
   4496.5340708      2.7452097      0.0421602
   4501.0383001      2.7482998      0.0415859
   4505.5422437      2.7559111      0.0411191
   4510.0464730      2.7594528      0.0408468
   4514.5504166      2.7673028      0.0407601
   4519.0663563      2.7654865      0.0408487
   4523.5820104      2.7662187      0.0410689
   4528.1096605      2.7697449      0.0414539
   4532.6370249      2.7855141      0.0420304
   4537.1763855      2.7924895      0.0426405
   4541.7037499      2.7927899      0.0433635
   4546.2548208      2.7988451      0.0442376
   4550.7938957      2.7983437      0.0449956
   4555.3449667      2.8094594      0.0458040
   4559.9074624      2.8204691      0.0466474
   4564.4702438      2.8417759      0.0475519
   4569.0327395      2.8456080      0.0483047
   4573.5952354      2.8594642      0.0491187
   4578.1697271      2.8640928      0.0498588
   4582.7556437      2.8650534      0.0505404
   4587.3298499      2.8743706      0.0510536
   4591.9277626      2.8852375      0.0515744
   4596.5136792      2.8963771      0.0519368
   4601.1113062      2.8807979      0.0523894
   4605.7092188      2.8886418      0.0525991
   4610.3185563      2.9170449      0.0527811
   4614.9278937      2.9231713      0.0528430
   4619.5489416      2.9325395      0.0527980
   4624.1585646      2.9420452      0.0527887
   4628.7913230      2.9432290      0.0526654
   4633.4123708      2.9389379      0.0525350
   4638.0451292      2.9235852      0.0523267
   4642.6895979      2.9300294      0.0520334
   4647.3340666      2.9262884      0.0516859
   4651.9785354      2.8998091      0.0513166
   4656.6350001      2.9191484      0.0509338
   4661.2911793      2.9184630      0.0504872
   4665.9473584      2.8890247      0.0500545
   4670.6152480      2.8806119      0.0496208
   4675.2831376      2.8691840      0.0491493
   4679.9627376      2.8664656      0.0487184
   4684.6423376      2.8632421      0.0482998
   4689.3219376      2.8584983      0.0478622
   4694.0132480      2.8560739      0.0475236
   4698.7045584      2.8515415      0.0471572
   4703.4075793      2.8400550      0.0468152
   4708.1106001      2.8310156      0.0465035
   4712.8250457      2.8055863      0.0462004
   4717.5280666      2.8058167      0.0459551
   4722.2545083      2.7960255      0.0457104
   4726.9809500      2.7928653      0.0455474
   4731.7073917      2.8087442      0.0454453
   4736.4338334      2.7838044      0.0453657
   4741.1716999      2.7653186      0.0453316
   4745.9098520      2.7449310      0.0453759
   4750.6597145      2.7307069      0.0454369
   4755.4095771      2.7100644      0.0455771
   4760.1594396      2.6916018      0.0457038
   4764.9207270      2.6818378      0.0459182
   4769.6940105      2.6931386      0.0461213
   4774.4555834      2.6848333      0.0463846
   4779.2402916      2.6625085      0.0465892
   4784.0135750      2.6541469      0.0468563
   4788.7985688      2.6327724      0.0470537
   4793.5835627      2.6182601      0.0473090
   4798.3796957      2.5984361      0.0475006
   4803.1763999      2.5862658      0.0477100
   4807.9851002      2.5801878      0.0478260
   4812.7932293      2.5602243      0.0479746
   4817.6013583      2.5459661      0.0480014
   4822.4214834      2.5352859      0.0480750
   4827.2416085      2.5089331      0.0481090
   4832.0731584      2.4828496      0.0480634
   4836.9047083      2.4593084      0.0480182
   4841.7362583      2.4871778      0.0478510
   4846.5798042      2.4820602      0.0477307
   4851.4347749      2.4609797      0.0475758
   4856.2783208      2.4413416      0.0473697
   4861.1452877      2.4219687      0.0470968
   4866.0002584      2.4134464      0.0468477
   4870.8672252      2.3880475      0.0465954
   4875.7336207      2.3772454      0.0462641
   4880.6120123      2.3638582      0.0459853
   4885.4909752      2.3541753      0.0457123
   4890.3807916      2.3509982      0.0454441
   4895.2711793      2.3484530      0.0451230
   4900.1729917      2.3472037      0.0448847
   4905.0633793      2.3435130      0.0446688
   4909.9766166      2.3224442      0.0444232
   4914.8784291      2.3211308      0.0442684
   4919.7922376      2.3218355      0.0441490
   4924.7174708      2.3085284      0.0440314
   4929.6427042      2.3118713      0.0439778
   4934.5679374      2.3154628      0.0439562
   4939.5051667      2.2967820      0.0440129
   4944.4418249      2.2727959      0.0441177
   4949.3904791      2.2657342      0.0442205
   4954.3391333      2.2597239      0.0444244
   4959.2997834      2.2596128      0.0446644
   4964.2598623      2.2694421      0.0449703
   4969.2205126      2.2614775      0.0452663
   4974.1925876      2.2596669      0.0456668
   4979.1646626      2.2580266      0.0461122
   4984.1481623      2.2757957      0.0466085
   4989.1322334      2.2771316      0.0471324
   4994.1157333      2.2646878      0.0476689
   4999.1112291      2.2613757      0.0481841
   5004.1067249      2.2582464      0.0487539
   5009.1142167      2.2534704      0.0493500
   5014.1211374      2.2560267      0.0499565
   5019.1400542      2.2472599      0.0505440
   5024.1589708      2.2505169      0.0510914
   5029.1778876      2.2471068      0.0516450
   5034.2082291      2.2333686      0.0520743
   5039.2505666      2.2407234      0.0525647
   5044.2814793      2.2571812      0.0530237
   5049.3352417      2.2488277      0.0534114
   5054.3775793      2.2436967      0.0537946
   5059.4313416      2.2531860      0.0541148
   5064.4971000      2.2571414      0.0543704
   5069.5628584      2.2621665      0.0546229
   5074.6286167      2.2699895      0.0547963
   5079.7058000      2.2559700      0.0549588
   5084.7829833      2.2686639      0.0550318
   5089.8721624      2.2707455      0.0550614
   5094.9613417      2.2707245      0.0550962
   5100.0505209      2.2529602      0.0550429
   5105.1511250      2.2367978      0.0549458
   5110.2637251      2.2257769      0.0548708
   5115.3643292      2.2340834      0.0547131
   5120.4883541      2.2551191      0.0545152
   5125.6009542      2.2558687      0.0543549
   5130.7249791      2.2414887      0.0541196
   5135.8610000      2.2324760      0.0538501
   5140.9970209      2.2533066      0.0535778
   5146.1444667      2.2436039      0.0533438
   5151.2804877      2.2444048      0.0530296
   5156.4393583      2.2517076      0.0527208
   5161.5988000      2.2410569      0.0523897
   5166.7582417      2.2339287      0.0521515
   5171.9171123      2.2357767      0.0518120
   5177.0999750      2.2361307      0.0514859
   5182.2708416      2.2163091      0.0511493
   5187.4537043      2.2164233      0.0508281
   5192.6479917      2.1976373      0.0505017
   5197.8308543      2.1748500      0.0502964
   5203.0365666      2.1557958      0.0499711
   5208.2308541      2.1418264      0.0496829
   5213.4485623      2.1403098      0.0493863
   5218.6548458      2.1393771      0.0490957
   5223.8845502      2.1292918      0.0488193
   5229.1022585      2.1179934      0.0485500
   5234.3313916      2.1195097      0.0483631
   5239.5725207      2.1264164      0.0481116
   5244.8022251      2.0944622      0.0478678
   5250.0547791      2.0884078      0.0476312
   5255.2959083      2.0649648      0.0474233
   5260.5604583      2.0555871      0.0471969
   5265.8135834      2.0549712      0.0469768
   5271.0781334      2.0497594      0.0467600
   5276.3541083      2.0672371      0.0465699
   5281.6306543      2.0603478      0.0463616
   5286.9186251      2.0424297      0.0461569
   5292.1945999      1.9962862      0.0459549
   5297.4945667      1.9868996      0.0457766
   5302.7939624      1.9625936      0.0455808
   5308.0939293      1.9548362      0.0453828
   5313.4047498      1.9398375      0.0452061
   5318.7161415      1.9256684      0.0450127
   5324.0395293      1.9062860      0.0448118
   5329.3623457      1.9017212      0.0446315
   5334.6857335      1.8845000      0.0444368
   5340.0199748      1.8597231      0.0442547
   5345.3667834      1.8496959      0.0440488
   5350.7130207      1.8509883      0.0438556
   5356.0598293      1.8510326      0.0437076
   5361.4174915      1.8537427      0.0435083
   5366.7757249      1.8452295      0.0433268
   5372.1459543      1.8328950      0.0431296
   5377.5156126      1.8329264      0.0429552
   5382.8972667      1.8256238      0.0428056
   5388.2783498      1.8293762      0.0426465
   5393.6720001      1.8101046      0.0425297
   5399.0650792      1.8139695      0.0423773
   5404.4581583      1.8154048      0.0423007
   5409.8632333      1.8089308      0.0422286
   5415.2797333      1.8138211      0.0422078
   5420.6968043      1.8094636      0.0422048
   5426.1133043      1.8124431      0.0422135
   5431.5418002      1.7950221      0.0422414
   5436.9697249      1.8050197      0.0423372
   5442.4096457      1.7977954      0.0424343
   5447.8501377      1.7993721      0.0425443
   5453.3014833      1.8079178      0.0426688
   5458.7534000      1.8218827      0.0428161
   5464.2167416      1.8114942      0.0429448
   5469.6686584      1.7921938      0.0429636
   5475.1434248      1.7850436      0.0430079
   5480.6187624      1.7744774      0.0429519
   5486.1055249      1.7360811      0.0428909
   5491.5922873      1.7264334      0.0428020
   5497.0790498      1.6822470      0.0427808
   5502.5778083      1.6949188      0.0427608
   5508.0765667      1.6710368      0.0427483
   5513.5867501      1.6417392      0.0427949
   5519.0969334      1.6333859      0.0428225
   5524.6185415      1.6229036      0.0428853
   5530.1521457      1.6146109      0.0428902
   5535.6743250      1.6015944      0.0428937
   5541.2079292      1.5740083      0.0428457
   5546.7535293      1.5458410      0.0427417
   5552.2985583      1.5208189      0.0426262
   5557.8555833      1.5116942      0.0424343
   5563.4126083      1.4977210      0.0421755
   5568.9816293      1.4663715      0.0418574
   5574.5386543      1.4507771      0.0413879
   5580.1191002      1.4236326      0.0408980
   5585.6989748      1.3992031      0.0403279
   5591.2914167      1.3722384      0.0396936
   5596.8832873      1.3462700      0.0388501
   5602.4757293      1.3159881      0.0379794
   5608.0795959      1.2931602      0.0370108
   5613.6834627      1.2722895      0.0359257
   5619.2987542      1.2485422      0.0347693
   5624.9140457      1.2264911      0.0333472
   5630.5413333      1.2166028      0.0325225
   5636.1806167      1.1928464      0.0308768
   5641.8193292      1.1726935      0.0293614
   5647.4580415      1.1533018      0.0276326
   5653.0973251      1.1329755      0.0260520
   5658.7594583      1.1146508      0.0245893
   5664.4101667      1.1029717      0.0231043
   5670.0722999      1.0849489      0.0219666
   5675.7464292      1.0700969      0.0210371
   5681.4205584      1.0633495      0.0203389
   5687.1061124      1.0577381      0.0200088
   5692.7916665      1.0512969      0.0198613
   5698.4892166      1.0427155      0.0199353
   5704.1867667      1.0319149      0.0201611
   5709.8843167      1.0200686      0.0205420
   5715.6047165      0.9943708      0.0210045
   5721.3142627      0.9762119      0.0216284
   5727.0346623      0.9557812      0.0223339
   5732.7676293      0.9604893      0.0231746
   5738.5000251      0.9432722      0.0242236
   5744.2324208      0.9316118      0.0254841
   5749.9882374      0.9250607      0.0266997
   5755.7326293      0.9206042      0.0280311
   5761.4884458      0.9075827      0.0292461
   5767.2562585      0.9104930      0.0304382
   5773.0120751      0.9247249      0.0313817
   5778.7913126      0.9466228      0.0322014
   5784.5705500      0.9857879      0.0328304
   5790.3497874      0.9597654      0.0333100
   5796.1410209      0.9690360      0.0334623
   5801.9436793      1.0011030      0.0333993
   5807.7463376      1.0166957      0.0331870
   5813.5489958      0.9897553      0.0329872
   5819.3636502      1.0101599      0.0325909
   5825.1897293      1.0327907      0.0320378
   5831.0158085      1.0283086      0.0313945
   5836.8418877      1.0439242      0.0306610
   5842.6793916      1.0604101      0.0298124
   5848.5174667      1.0528734      0.0289011
   5854.3669667      1.0322858      0.0279112
   5860.2278916      1.0345583      0.0268905
   5866.0893877      1.0098552      0.0258652
   5871.9503124      0.9864988      0.0248190
   5877.8232333      0.9606206      0.0238015
   5883.6961542      0.9426340      0.0227809
   5889.5804998      0.9313866      0.0218141
   5895.4768415      0.9275171      0.0208596
   5901.3731833      0.9069983      0.0199443
   5907.2815209      0.9021262      0.0191058
   5913.1778627      0.9092849      0.0182896
   5919.0976252      0.9219377      0.0175277
   5925.0168165      0.9027221      0.0168519
   5930.9365791      0.8985112      0.0162072
   5936.8683377      0.9020645      0.0156297
   5942.8109498      0.8952545      0.0151496
   5948.7541333      0.8947933      0.0147105
   5954.6973166      0.8917034      0.0143330
   5960.6519248      0.8989083      0.0140018
   5966.6185291      0.9627981      0.0182879
   5972.5851333      0.9472756      0.0165547
   5978.5517376      0.9267800      0.0152170
   5984.5297666      0.9062850      0.0142113
   5990.5197917      0.8881671      0.0136648
   5996.5098167      0.8743251      0.0134972
   6002.5112667      0.8566193      0.0136286
   6008.5127166      0.8556184      0.0139881
   6014.5141665      0.8445469      0.0144882
   6020.5396085      0.8414630      0.0150732
   6026.5524833      0.8456137      0.0156177
   6032.5779252      0.8537345      0.0162411
   6038.6142207      0.8480502      0.0168489
   6044.6510876      0.8478115      0.0174152
   6050.6993792      0.8504853      0.0179610
   6056.7476707      0.8563901      0.0184743
   6062.8079584      0.8511357      0.0189587
   6068.8676748      0.8558961      0.0193658
   6074.9399585      0.8679607      0.0198117
   6081.0116709      0.8697928      0.0202479
   6087.0948083      0.8862032      0.0206288
   6093.1785167      0.8823624      0.0210585
   6099.2736500      0.8996490      0.0214912
   6105.3807793      0.9080640      0.0219206
   6111.4759127      0.9213089      0.0223326
   6117.5944667      0.9598220      0.0226471
   6123.7130209      0.9677702      0.0229516
   6129.8315751      0.9672267      0.0232125
   6135.9615541      0.9529194      0.0234091
   6142.1035291      0.9596391      0.0235458
   6148.2455041      0.9812890      0.0235579
   6154.3874791      0.9937456      0.0235990
   6160.5414501      0.9832650      0.0236023
   6166.7068459      1.0021045      0.0235736
   6172.8722417      1.0119749      0.0235138
   6179.0490624      1.0149002      0.0234186
   6185.2264543      1.0106972      0.0233094
   6191.4146998      1.0150353      0.0231491
   6197.6035165      1.0007151      0.0230124
   6203.8043293      0.9711850      0.0228343
   6210.0045707      0.9346255      0.0226235
   6216.2168083      0.8989224      0.0224288
   6222.4290458      0.8740078      0.0222088
   6228.6527083      0.8714131      0.0219135
   6234.8883666      0.8498231      0.0216342
   6241.1240250      0.8522577      0.0212767
   6247.3596834      0.8563699      0.0209343
   6253.6067666      0.8513551      0.0205631
   6259.8658458      0.8171741      0.0201150
   6266.1249251      0.8094296      0.0196969
   6272.3954292      0.8065786      0.0192088
   6278.6545084      0.7822057      0.0187605
   6284.9370085      0.7616779      0.0182577
   6291.2309334      0.7416062      0.0177958
   6297.5134335      0.7181988      0.0172826
   6303.8187833      0.7079683      0.0168250
   6310.1132793      0.7199576      0.0163267
   6316.4306251      0.7402855      0.0158895
   6322.7479708      0.7596439      0.0154348
   6329.0653166      0.7848738      0.0150335
   6335.3946584      0.7871705      0.0146135
   6341.7354250      0.8044913      0.0142655
   6348.0761916      0.8064598      0.0139071
   6354.4289543      0.8147266      0.0135958
   6360.7811457      0.8292855      0.0133421
   6367.1459043      0.8320591      0.0130999
   6373.5100917      0.8346937      0.0129245
   6379.8857041      0.8467482      0.0127784
   6386.2618876      0.8464567      0.0126741
   6392.6494958      0.8561240      0.0126261
   6399.0371042      0.8654653      0.0126097
   6405.4367085      0.8727513      0.0126497
   6411.8477377      0.8798702      0.0127238
   6418.2587667      0.8863167      0.0128223
   6424.6812207      0.8873255      0.0129362
   6431.1042459      0.8769089      0.0131220
   6437.5386959      0.8749112      0.0132965
   6443.9731459      0.8697016      0.0134986
   6450.4190207      0.8489016      0.0137345
   6456.8654667      0.8480308      0.0139579
   6463.3233377      0.8514479      0.0141765
   6469.7812085      0.8478838      0.0144274
   6476.2505042      0.8519748      0.0146483
   6482.7317958      0.8348216      0.0148844
   6489.2130876      0.8459520      0.0150863
   6495.7058041      0.8362430      0.0152585
   6502.1990917      0.8249137      0.0154396
   6508.7038043      0.8114819      0.0155653
   6515.2199417      0.8050665      0.0156860
   6521.7246543      0.8028431      0.0157429
   6528.2527877      0.7947831      0.0157855
   6534.7803498      0.7719746      0.0157913
   6541.3204793      0.7755864      0.0157320
   6547.8600374      0.7837117      0.0156525
   6554.3995957      0.7914746      0.0155163
   6560.9631459      0.8010552      0.0153601
   6567.5261250      0.8110473      0.0151566
   6574.0891041      0.7975619      0.0149403
   6580.6640792      0.7986347      0.0146939
   6587.2390543      0.8025743      0.0144391
   6593.8254542      0.8139045      0.0141725
   6600.4238501      0.8107451      0.0138908
   6607.0216748      0.8230501      0.0136146
   6613.6320667      0.8257889      0.0133382
   6620.2533123      0.8171557      0.0130663
   6626.8637043      0.8144083      0.0127943
   6633.4969459      0.8103688      0.0125372
   6640.1301876      0.7983627      0.0122915
   6646.7634292      0.7900680      0.0121010
   6653.4200916      0.7868121      0.0118730
   6660.0653293      0.7787240      0.0116677
   6666.7334165      0.7671989      0.0114808
   6673.4020750      0.7600709      0.0113126
   6680.0707335      0.7417332      0.0111884
   6686.7508167      0.7300411      0.0110871
   6693.4423249      0.7315769      0.0110250
   6700.1344043      0.7239884      0.0109964
   6706.8379084      0.7177117      0.0110022
   6713.5414126      0.7132127      0.0110245
   6720.2563415      0.7083640      0.0110998
   6726.9718417      0.7030926      0.0112114
   6733.6987667      0.7014946      0.0113532
   6740.4371165      0.7014752      0.0115217
   6747.1760376      0.7112453      0.0116993
   6753.9263834      0.7071322      0.0119261
   6760.6767293      0.7056614      0.0121780
   6767.4384999      0.7035468      0.0124518
   6774.2008417      0.7030749      0.0127393
   6780.9860333      0.7113487      0.0130394
   6787.7598000      0.7064137      0.0133553
   6794.5569876      0.6945823      0.0136731
   6801.3421791      0.7140957      0.0139987
   6808.1513627      0.7078138      0.0143233
   6814.9599750      0.7026508      0.0146863
   6821.7685873      0.7077395      0.0149632
   6828.5891957      0.7243676      0.0152395
   6835.4218002      0.7337936      0.0154977
   6842.2538334      0.7697570      0.0157560
   6849.0978627      0.7861241      0.0159880
   6855.9533167      0.7926211      0.0162106
   6862.8087707      0.8033401      0.0163963
   6869.6642248      0.8171232      0.0165722
   6876.5436709      0.8184407      0.0167205
   6883.4105498      0.8180256      0.0168250
   6890.3014207      0.8210800      0.0169206
   6897.1922917      0.8192950      0.0169725
   6904.0831627      0.8131580      0.0170210
   6910.9968833      0.8219557      0.0170273
   6917.8997502      0.8201904      0.0170012
   6924.8254667      0.7970056      0.0169656
   6931.7511834      0.8072726      0.0168449
   6938.6769000      0.8147422      0.0167416
   6945.6146127      0.8124048      0.0165997
   6952.5637501      0.8055795      0.0164753
   6959.5128876      0.7974983      0.0163282
   6966.4734498      0.7913256      0.0161774
   6973.4465793      0.7815993      0.0159853
   6980.4191377      0.7690004      0.0157780
   6987.3916959      0.7589137      0.0155846
   6994.3876751      0.7418653      0.0153732
   7001.3836543      0.7348492      0.0151165
   7008.3796334      0.7288210      0.0148648
   7015.3870373      0.7191081      0.0145915
   7022.4064373      0.7281445      0.0143144
   7029.4258373      0.7112621      0.0140745
   7036.4572334      0.7010115      0.0138003
   7043.5000543      0.6907286      0.0135374
   7050.5428751      0.6723658      0.0132741
   7057.5971207      0.6693845      0.0130255
   7064.6519377      0.6665931      0.0127773
   7071.7181793      0.6682084      0.0125538
   7078.7838498      0.6584111      0.0123505
   7085.8620876      0.6508526      0.0121647
   7092.9517501      0.6471220      0.0119593
   7100.0414127      0.6516967      0.0117798
   7107.1425000      0.6352213      0.0116377
   7114.2555834      0.6300667      0.0115175
   7121.3686667      0.6246424      0.0114390
   7128.4931750      0.6288763      0.0114006
   7135.6176833      0.6332134      0.0114742
   7142.7541874      0.6359252      0.0115425
   7149.8906917      0.6377133      0.0116768
   7157.0506167      0.6418887      0.0118778
   7164.2099707      0.6457843      0.0121773
   7171.3698957      0.6502743      0.0125284
   7178.5412457      0.6526646      0.0129900
   7185.7245916      0.6637092      0.0135093
   7192.9079376      0.6588542      0.0141282
   7200.1027083      0.6709900      0.0147075
   7207.2974791      0.6988372      0.0153525
   7214.5042458      0.6979253      0.0160678
   7221.7224374      0.6975736      0.0168997
   7228.9406291      0.6876551      0.0177455
   7236.1708167      0.6948837      0.0186867
   7243.4124292      0.7108958      0.0196847
   7250.6540416      0.7120110      0.0206768
   7257.9076501      0.7196348      0.0218014
   7265.1606873      0.7250686      0.0228545
   7272.4257207      0.7411450      0.0240385
   7279.7027500      0.7630491      0.0252493
   7286.9797793      0.7795573      0.0262334
   7294.2682335      0.7975208      0.0272160
   7301.5681124      0.8025445      0.0280163
   7308.8565666      0.7773874      0.0284021
   7316.1684416      0.7695529      0.0284982
   7323.4923127      0.7696499      0.0283941
   7330.8156124      0.7821520      0.0289830
   7338.1509083      0.7699860      0.0279588
   7345.4862042      0.7755536      0.0242508
   7352.8329248      0.8148215      0.0229453
   7360.1802167      0.8227409      0.0219928
   7367.5389334      0.8339539      0.0212050
   7374.9090749      0.8459873      0.0206841
   7382.2912124      0.8058931      0.0199716
   7389.6733500      0.7933903      0.0192648
   7397.0554876      0.7798783      0.0185186
   7404.4610459      0.7755872      0.0177716
   7411.8666043      0.7735029      0.0169877
   7419.2715915      0.7722577      0.0161469
   7426.6891459      0.7668236      0.0154914
   7434.1181252      0.7609408      0.0146947
   7441.5585293      0.7525715      0.0139066
   7448.9989333      0.7474666      0.0132063
   7456.4393373      0.7419264      0.0121991
   7463.9037335      0.7377779      0.0113200
   7471.3675584      0.7349352      0.0104997
   7478.8433793      0.7290502      0.0087207
   7486.3186291      0.7245727      0.0086954
   7493.8058748      0.7324789      0.0083535
   7501.3051166      0.7321569      0.0085969
   7508.7923623      0.7274957      0.0088413
   7516.3036002      0.7238172      0.0092900
   7523.8256916      0.7218857      0.0095927
   7531.3483543      0.7265967      0.0099285
   7538.8824417      0.7071938      0.0104024
   7546.4165292      0.7060578      0.0108723
   7553.9740374      0.7141253      0.0115213
   7561.5201209      0.7173117      0.0122963
   7569.0776293      0.7164995      0.0131211
   7576.6585584      0.7076427      0.0140514
   7584.2274915      0.7062759      0.0146126
   7591.8084207      0.7084895      0.0154820
   7599.4013458      0.7016277      0.0163950
   7607.0056958      0.6910532      0.0172294
   7614.6100458      0.6840184      0.0180714
   7622.2258207      0.6742656      0.0189448
   7629.8535915      0.6774192      0.0197584
   7637.4813623      0.6675103      0.0205316
   7645.1211293      0.6638653      0.0212692
   7652.7603249      0.6761165      0.0218231
   7660.4115166      0.6794453      0.0224205
   7668.0747043      0.6708359      0.0229471
   7675.7487457      0.6619775      0.0233703
   7683.4233583      0.6661409      0.0237126
   7691.1099667      0.6550406      0.0239675
   7698.7960042      0.6462552      0.0241686
   7706.4940376      0.6611620      0.0242545
   7714.2034957      0.6673328      0.0242758
   7721.9249500      0.6627612      0.0242377
   7729.6464043      0.6532027      0.0241721
   7737.3678585      0.6553768      0.0240922
   7745.1121623      0.6235085      0.0240054
   7752.8570374      0.6456305      0.0239824
   7760.6133373      0.6484557      0.0240348
   7768.3702085      0.6526659      0.0241230
   7776.1379333      0.6710131      0.0243129
   7783.9182252      0.7033505      0.0242434
   7791.6979459      0.6955788      0.0239842
   7799.4890915      0.7044951      0.0237831
   7807.2928043      0.7058773      0.0235976
   7815.0959459      0.7107971      0.0233220
   7822.9105123      0.7365991      0.0230256
   7830.7370748      0.7285736      0.0226958
   7838.5642085      0.7215902      0.0223562
   7846.4021957      0.7116459      0.0219581
   7854.2521791      0.7064500      0.0215613
   7862.1021623      0.6998086      0.0211205
   7869.9755665      0.6986451      0.0206822
   7877.8375458      0.7028895      0.0202267
   7885.7223748      0.6942642      0.0197332
   7893.6077750      0.6894867      0.0192681
   7901.5046000      0.6767269      0.0187912
   7909.4014250      0.6645777      0.0183309
   7917.3096748      0.6545136      0.0178464
   7925.2299207      0.6495004      0.0173807
   7933.1501665      0.6469787      0.0169568
   7941.0938333      0.6377550      0.0165371
   7949.0260751      0.6234185      0.0161590
   7956.9811666      0.6229878      0.0157891
   7964.9368293      0.6183443      0.0154552
   7972.9033457      0.6037791      0.0151282
   7980.8824293      0.5973538      0.0148272
   7988.8609416      0.5883417      0.0145996
   7996.8514500      0.5791948      0.0143179
   8004.8419584      0.5734339      0.0140348
   8012.8438916      0.5700653      0.0137446
   8020.8578208      0.5718758      0.0134593
   8028.8831749      0.5715412      0.0131932
   8036.9091002      0.5664092      0.0128933
   8044.9458791      0.5616768      0.0125952
   8052.9952252      0.5558754      0.0122693
   8061.0440001      0.5520489      0.0119598
   8069.1161958      0.5456054      0.0116519
   8077.1769667      0.5451786      0.0113539
   8085.2605873      0.5345938      0.0110613
   8093.3447792      0.5322368      0.0107693
   8101.4289709      0.5300905      0.0105210
   8109.5360123      0.5261237      0.0103468
   8117.6436250      0.5213156      0.0101647
   8125.7626624      0.5221210      0.0100249
   8133.8936959      0.5197249      0.0099523
   8142.0241583      0.5200993      0.0099377
   8150.1666165      0.5198653      0.0099848
   8158.3210708      0.5294769      0.0101008
   8166.4755252      0.5254415      0.0102859
   8174.6414043      0.5258062      0.0105704
   8182.8187083      0.5080759      0.0108724
   8191.0080083      0.5086706      0.0113416
   8199.1973083      0.4959726      0.0119289
   8207.3866083      0.4951627      0.0125637
   8215.5993292      0.4957505      0.0132547
   8223.8234748      0.4937810      0.0139189
   8232.0361957      0.4916062      0.0145875
   8240.2723373      0.4833103      0.0151921
   8248.5204751      0.4924927      0.0157206
   8256.7566167      0.4992768      0.0162351
   8265.0161793      0.4988992      0.0166949
   8273.2871667      0.5018565      0.0171484
   8281.5581541      0.5028669      0.0175360
   8289.8411374      0.5113350      0.0179040
   8298.1355457      0.5039770      0.0182116
   8306.4305251      0.4986880      0.0185722
   8314.7369293      0.4954873      0.0188169
   8323.0547584      0.5057038      0.0190044
   8331.3725874      0.5125527      0.0191653
   8339.7024126      0.5080580      0.0193048
   8348.0436624      0.5079898      0.0194134
   8356.3969084      0.5287810      0.0195284
   8364.7501543      0.5559849      0.0196137
   8373.1148251      0.5805449      0.0196968
   8381.4909207      0.5932647      0.0197965
   8389.8675874      0.6094573      0.0199120
   8398.2676751      0.6287836      0.0200721
   8406.6671915      0.6546455      0.0202356
   8415.0672792      0.6774951      0.0204316
   8423.4787916      0.6989254      0.0206551
   8431.9137249      0.6947997      0.0208617
   8440.3372334      0.6960545      0.0211147
   8448.7835915      0.7272422      0.0213266
   8457.2305208      0.7507640      0.0214987
   8465.6888750      0.7641996      0.0216563
   8474.1592252      0.7440319      0.0217370
   8482.6290042      0.7509580      0.0217295
   8491.1107792      0.7591538      0.0217171
   8499.6045502      0.7635036      0.0215975
   8508.1091748      0.7686468      0.0212107
   8516.6143707      0.7747495      0.0209333
   8525.1315626      0.7751642      0.0206273
   8533.6601793      0.7665436      0.0202624
   8542.1887959      0.7705693      0.0198833
   8550.7288374      0.7493063      0.0194664
   8559.2808750      0.7492195      0.0190740
   8567.8443373      0.7450143      0.0186275
   8576.4083709      0.7494187      0.0182927
   8584.9838293      0.7435910      0.0180520
   8593.5707126      0.7381358      0.0176711
   8602.1695917      0.7368710      0.0173572
   8610.7678998      0.7354116      0.0170981
   8619.3787751      0.7223467      0.0169305
   8628.0010752      0.7146896      0.0168386
   8636.6348001      0.7182313      0.0168500
   8645.2685250      0.7168744      0.0169556
   8653.9142459      0.7186889      0.0170764
   8662.5593957      0.7163868      0.0173159
   8671.2285374      0.7185377      0.0176104
   8679.8976793      0.7172335      0.0179706
   8688.5782458      0.7102233      0.0183609
   8697.2708085      0.6996104      0.0187457
   8705.9627999      0.6907873      0.0192052
   8714.6667873      0.6884388      0.0196113
   8723.3827708      0.6827210      0.0200565
   8732.1101792      0.6870734      0.0204364
   8740.8495835      0.6948041      0.0207281
   8749.5884166      0.6669254      0.0209608
   8758.3392457      0.6762461      0.0212477
   8767.0900749      0.7057018      0.0205533
   8775.8643249      0.7039676      0.0202859
   8784.6385749      0.6918016      0.0202551
   8793.4248209      0.6791186      0.0197839
   8802.2224917      0.6742679      0.0195840
   8811.0201627      0.6384622      0.0192087
   8819.8292583      0.6252645      0.0189532
   8828.6503500      0.6174894      0.0187784
   8837.4828665      0.6100739      0.0186337
   8846.3159543      0.6088552      0.0185266
   8855.1604667      0.6085814      0.0184041
   8864.0164042      0.6046586      0.0182282
   8872.8843376      0.6041316      0.0180745
   8881.7522709      0.5937763      0.0179177
   8890.6436252      0.5873714      0.0177307
   8899.5344083      0.5834458      0.0175150
   8908.4377585      0.5827093      0.0172529
   8917.3405376      0.5739170      0.0169540
   8926.2553127      0.5669045      0.0165944
   8935.1815126      0.5561025      0.0161171
   8944.1197085      0.5546493      0.0155186
   8953.0693293      0.5481141      0.0149713
   8962.0189500      0.5399425      0.0147123
   8970.9805667      0.5312973      0.0143203
   8979.9536084      0.5203580      0.0137019
   8988.9266500      0.4990389      0.0130280
   8997.9231124      0.4933363      0.0123644
   9006.9195749      0.4923817      0.0116779
   9015.9280334      0.4857221      0.0110717
   9024.9479167      0.4791530      0.0103470
   9033.9678000      0.4751384      0.0097674
   9043.0111042      0.4759826      0.0092301
   9052.0429835      0.4754726      0.0087543
   9061.0977124      0.4768902      0.0082636
   9070.1644374      0.4777991      0.0077973
   9079.2311624      0.4796165      0.0073525
   9088.3098835      0.4811493      0.0070507
   9097.4000293      0.4838288      0.0066822
   9106.5016000      0.4844435      0.0062670
   9115.6031707      0.4860621      0.0054753
   9124.7167373      0.4836503      0.0054071
   9133.8423001      0.4816597      0.0057468
   9142.9792877      0.4835903      0.0064402
   9152.1162752      0.4870321      0.0070307
   9161.2761123      0.4890382      0.0077106
   9170.4365207      0.4897264      0.0084382
   9179.6089252      0.4899305      0.0091966
   9188.7921833      0.4916157      0.0099706
   9197.9760124      0.4877598      0.0106653
   9207.1712665      0.4940425      0.0112976
   9216.3905127      0.4949870      0.0120029
   9225.5971915      0.4924321      0.0126786
   9234.8278624      0.4867375      0.0133298
   9244.0585334      0.4942536      0.0139534
   9253.3126252      0.4910511      0.0145661
   9262.5661457      0.5056496      0.0150900
   9271.8202376      0.5100505      0.0156443
   9281.0977502      0.5179028      0.0161727
   9290.3746916      0.5185385      0.0166131
   9299.6636291      0.5236584      0.0169239
   9308.9645626      0.5287427      0.0173515
   9318.2769208      0.5298826      0.0181210
   9327.5892792      0.5370321      0.0184625
   9336.9250583      0.5485055      0.0187496
   9346.2608374      0.5577236      0.0190153
   9355.6086127      0.5597955      0.0192463
   9364.9678127      0.7505613      0.0408761
   9374.3270127      0.8308551      0.0428434
   9383.7096335      0.8842804      0.0448337
   9393.0922543      0.9161908      0.0468776
   9402.4748752      0.9477695      0.0489744
   9411.8803457      0.9768966      0.0510780
   9421.2983834      0.9904009      0.0530758
   9430.7158499      1.0121702      0.0547259
   9440.1573085      0.9860758      0.0561430
   9449.5861998      1.0036567      0.0568250
   9459.0390833      1.0484520      0.0568750
   9468.5039627      1.0705045      0.0565421
   9477.9682708      1.0472524      0.0557672
   9487.4445751      0.9686165      0.0547560
   9496.9323042      0.9596139      0.0533344
   9506.4320293      0.9008364      0.0514408
   9515.9431792      0.8242033      0.0491664
   9525.4543291      0.8282377      0.0466995
   9534.9774750      0.7999822      0.0443080
   9544.5240417      0.7834250      0.0411943
   9554.0586126      0.7556413      0.0380587
   9563.6166042      0.7316371      0.0351607
   9573.1865917      0.6755785      0.0324743
   9582.7560083      0.6966255      0.0302251
   9592.3379919      0.7069728      0.0284610
   9601.9314004      0.6992298      0.0273058
   9611.5362337      0.6634893      0.0265243
   9621.1524917      0.6657809      0.0260706
   9630.7687499      0.6547269      0.0264336
   9640.3975753      0.6687884      0.0269197
   9650.0366830      0.6639819      0.0280919
   9659.6883580      0.6841896      0.0296474
   9669.3526003      0.6688946      0.0311072
   9679.0157001      0.6766807      0.0323574
   9688.7027920      0.6504654      0.0339308
   9698.3887414      0.6426643      0.0353761
   9708.0872581      0.6662625      0.0365150
   9717.7971996      0.6850600      0.0375067
   9727.5197084      0.6939309      0.0382327
   9737.2410747      0.7072499      0.0386179
   9746.9750083      0.7241531      0.0388498
   9756.7317915      0.7469889      0.0388907
   9766.4771499      0.7236357      0.0389231
   9776.2465004      0.7529766      0.0389320
   9786.0261333      0.7562034      0.0390865
   9795.8183333      0.7596210      0.0395655
   9805.6105334      0.7688265      0.0404000
   9815.4141583      0.8023884      0.0414964
   9825.2292080      0.8612928      0.0424121
   9835.0568250      0.8961269      0.0439429
   9844.8958667      0.8979971      0.0457745
   9854.7349086      0.8901236      0.0479092
   9864.5968000      0.8817850      0.0505702
   9874.4586914      0.9201648      0.0537513
   9884.3331501      0.8620927      0.0574230
   9894.2190336      0.8624896      0.0615773
   9904.1163419      0.9295041      0.0658871
   9914.0250750      0.8985177      0.0700879
   9923.9338081      0.9197239      0.0737304
   9933.8551085      0.9200625      0.0777388
   9943.7878337      0.9198190      0.0815836
   9953.7319837      0.9442248      0.0852692
   9963.6875585      1.1270405      0.0887674
   9973.6545581      1.1498995      0.0921186
   9983.6341250      1.1068054      0.0953375
   9993.6136919      1.0566870      0.0979151
   10003.6046836      1.2538937      0.0988617
   10013.6071001      1.2864026      0.1002922
   10023.6209414      1.3841264      0.1007333
   10033.6473500      1.2939337      0.1008606
   10043.6851834      1.2932854      0.1009339
   10053.7230167      1.2802352      0.1010140
   10063.7836998      1.3395677      0.1013606
   10073.8455253      1.3142684      0.1020829
   10083.9176331      1.4246660      0.1039713
   10094.0023083      1.3771051      0.1062050
   10104.0984081      1.4052837      0.1088726
   10114.2070753      1.3321742      0.1120460
   10124.3146000      1.3372790      0.1159519
   10134.4461167      1.2782745      0.1202727
   10144.5776336      1.1217828      0.1252160
   10154.7205752      1.1819894      0.1308477
   10164.8749416      1.0758634      0.1375352
   10175.0418753      1.1516685      0.1449942
   10185.2190913      1.1180015      0.1537099
   10195.3974498      1.0154628      0.1640811
   10205.5998004      0.8396769      0.1766335
   10215.8124333      0.6163737      0.1918738
   10226.0136414      0.7219143      0.2101065
   10236.2502664      0.7687673      0.2330639
   10246.4868914      0.5820618      0.2631420
   10256.7360837      0.4391670      0.3044772
   10266.9955583      0.1703679      0.3573605
