4351.00	1.39468e-17
4353.60	1.35973e-17
4356.20	1.08396e-17
4358.80	8.71143e-18
4361.40	1.15113e-17
4364.00	1.2725e-17
4366.60	1.35256e-17
4369.20	1.34792e-17
4371.80	1.49073e-17
4374.40	1.27469e-17
4377.00	1.43998e-17
4379.60	1.4533e-17
4382.20	1.05174e-17
4384.80	1.08016e-17
4387.40	1.06601e-17
4390.00	1.13957e-17
4392.60	1.14588e-17
4395.20	1.43326e-17
4397.80	1.48056e-17
4400.40	1.34712e-17
4403.00	1.40942e-17
4405.60	1.1232e-17
4408.20	1.55106e-17
4410.80	1.42392e-17
4413.40	1.37215e-17
4416.00	1.06081e-17
4418.60	1.33712e-17
4421.20	1.12419e-17
4423.80	1.37383e-17
4426.40	1.26089e-17
4429.00	1.46177e-17
4431.60	1.41708e-17
4434.20	1.44569e-17
4436.80	1.42051e-17
4439.40	8.94926e-18
4442.00	1.13829e-17
4444.60	1.2576e-17
4447.20	1.1127e-17
4449.80	1.13945e-17
4452.40	8.66267e-18
4455.00	1.19973e-17
4457.60	1.23952e-17
4460.20	1.43767e-17
4462.80	1.10122e-17
4465.40	8.59089e-18
4468.00	1.21225e-17
4470.60	1.22721e-17
4473.20	8.91408e-18
4475.80	1.21212e-17
4478.40	1.22979e-17
4481.00	1.0561e-17
4483.60	1.0762e-17
4486.20	1.25237e-17
4488.80	8.69724e-18
4491.40	9.76712e-18
4494.00	9.06319e-18
4496.60	9.51351e-18
4499.20	1.23762e-17
4501.80	1.11323e-17
4504.40	1.23911e-17
4507.00	1.13183e-17
4509.60	9.27288e-18
4512.20	1.09141e-17
4514.80	1.35372e-17
4517.40	1.27221e-17
4520.00	1.17331e-17
4522.60	8.53867e-18
4525.20	1.0538e-17
4527.80	1.26121e-17
4530.40	1.05222e-17
4533.00	1.24577e-17
4535.60	1.24473e-17
4538.20	1.12743e-17
4540.80	1.40506e-17
4543.40	1.06388e-17
4546.00	1.00494e-17
4548.60	8.92179e-18
4551.20	9.33958e-18
4553.80	1.29857e-17
4556.40	1.55852e-17
4559.00	2.10525e-17
4561.60	3.77272e-17
4564.20	3.94512e-17
4566.80	2.60112e-17
4569.40	1.32418e-17
4572.00	1.04141e-17
4574.60	1.27368e-17
4577.20	1.02813e-17
4579.80	1.32001e-17
4582.40	1.18941e-17
4585.00	1.25007e-17
4587.60	1.25503e-17
4590.20	1.16666e-17
4592.80	1.2158e-17
4595.40	1.01489e-17
4598.00	1.11997e-17
4600.60	1.23734e-17
4603.20	1.0534e-17
4605.80	1.0325e-17
4608.40	1.23344e-17
4611.00	1.0638e-17
4613.60	9.04641e-18
4616.20	1.24117e-17
4618.80	1.33283e-17
4621.40	1.2011e-17
4624.00	1.22009e-17
4626.60	1.12474e-17
4629.20	1.07162e-17
4631.80	1.1169e-17
4634.40	1.00303e-17
4637.00	1.04929e-17
4639.60	1.34935e-17
4642.20	1.22924e-17
4644.80	9.51059e-18
4647.40	1.25395e-17
4650.00	9.08467e-18
4652.60	1.03225e-17
4655.20	1.24424e-17
4657.80	1.33022e-17
4660.40	1.07656e-17
4663.00	1.13159e-17
4665.60	9.19418e-18
4668.20	8.58671e-18
4670.80	8.57079e-18
4673.40	9.35582e-18
4676.00	1.23515e-17
4678.60	1.1481e-17
4681.20	1.14672e-17
4683.80	1.26849e-17
4686.40	1.20205e-17
4689.00	1.22383e-17
4691.60	1.09595e-17
4694.20	1.12881e-17
4696.80	1.21292e-17
4699.40	1.43381e-17
4702.00	1.14792e-17
4704.60	1.12753e-17
4707.20	1.31887e-17
4709.80	1.32659e-17
4712.40	1.0691e-17
4715.00	9.50691e-18
4717.60	1.0393e-17
4720.20	1.02491e-17
4722.80	7.93859e-18
4725.40	1.07633e-17
4728.00	1.12171e-17
4730.60	1.12363e-17
4733.20	1.09084e-17
4735.80	1.21353e-17
4738.40	1.24536e-17
4741.00	1.0625e-17
4743.60	9.70834e-18
4746.20	1.0913e-17
4748.80	1.17412e-17
4751.40	1.15077e-17
4754.00	1.16097e-17
4756.60	1.03005e-17
4759.20	9.76061e-18
4761.80	1.21421e-17
4764.40	1.20846e-17
4767.00	8.14111e-18
4769.60	1.16021e-17
4772.20	1.12117e-17
4774.80	1.07614e-17
4777.40	1.10901e-17
4780.00	1.19252e-17
4782.60	1.04415e-17
4785.20	1.27155e-17
4787.80	1.08202e-17
4790.40	9.69308e-18
4793.00	1.34798e-17
4795.60	1.27674e-17
4798.20	1.23241e-17
4800.80	1.31056e-17
4803.40	1.1246e-17
4806.00	1.12708e-17
4808.60	1.27185e-17
4811.20	1.32396e-17
4813.80	1.25078e-17
4816.40	1.41659e-17
4819.00	1.13794e-17
4821.60	1.18299e-17
4824.20	1.2604e-17
4826.80	1.29317e-17
4829.40	1.08733e-17
4832.00	1.41023e-17
4834.60	1.16665e-17
4837.20	1.27754e-17
4839.80	1.16193e-17
4842.40	1.27523e-17
4845.00	1.16995e-17
4847.60	1.43326e-17
4850.20	1.38072e-17
4852.80	1.45943e-17
4855.40	1.13951e-17
4858.00	1.31286e-17
4860.60	1.02157e-17
4863.20	1.33048e-17
4865.80	1.36502e-17
4868.40	1.45692e-17
4871.00	1.3253e-17
4873.60	1.43636e-17
4876.20	1.43892e-17
4878.80	1.36794e-17
4881.40	1.16534e-17
4884.00	1.26816e-17
4886.60	1.4126e-17
4889.20	1.4488e-17
4891.80	1.212e-17
4894.40	1.3827e-17
4897.00	1.36505e-17
4899.60	1.37323e-17
4902.20	1.55679e-17
4904.80	1.57617e-17
4907.40	1.48537e-17
4910.00	1.35993e-17
4912.60	1.37317e-17
4915.20	1.28582e-17
4917.80	1.14347e-17
4920.40	1.23138e-17
4923.00	1.23897e-17
4925.60	1.16676e-17
4928.20	1.14753e-17
4930.80	1.2141e-17
4933.40	9.9163e-18
4936.00	1.20517e-17
4938.60	1.35579e-17
4941.20	1.31165e-17
4943.80	1.31905e-17
4946.40	1.20626e-17
4949.00	1.20418e-17
4951.60	1.35219e-17
4954.20	1.19756e-17
4956.80	1.10937e-17
4959.40	1.30896e-17
4962.00	1.23674e-17
4964.60	1.0937e-17
4967.20	1.35933e-17
4969.80	1.09799e-17
4972.40	1.25895e-17
4975.00	1.32028e-17
4977.60	1.41636e-17
4980.20	1.13721e-17
4982.80	1.35067e-17
4985.40	1.13302e-17
4988.00	9.26815e-18
4990.60	1.04966e-17
4993.20	1.03009e-17
4995.80	1.04929e-17
4998.40	9.19469e-18
5001.00	8.67929e-18
5003.60	8.92673e-18
5006.20	7.6314e-18
5008.80	9.90534e-18
5011.40	9.0762e-18
5014.00	9.8279e-18
5016.60	8.86119e-18
5019.20	8.7883e-18
5021.80	9.18261e-18
5024.40	8.87589e-18
5027.00	9.25362e-18
5029.60	8.70276e-18
5032.20	9.72955e-18
5034.80	5.58021e-18
5037.40	6.52023e-18
5040.00	9.0689e-18
5042.60	9.6833e-18
5045.20	8.97982e-18
5047.80	1.00666e-17
5050.40	1.01313e-17
5053.00	7.22458e-18
5055.60	7.27973e-18
5058.20	1.0297e-17
5060.80	8.87005e-18
5063.40	9.93168e-18
5066.00	1.16937e-17
5068.60	8.63054e-18
5071.20	1.00619e-17
5073.80	1.12336e-17
5076.40	1.01188e-17
5079.00	1.14845e-17
5081.60	1.13367e-17
5084.20	1.15152e-17
5086.80	1.23934e-17
5089.40	1.40079e-17
5092.00	1.59073e-17
5094.60	1.52787e-17
5097.20	1.61801e-17
5099.80	1.66444e-17
5102.40	1.75538e-17
5105.00	2.95951e-17
5107.60	4.9292e-17
5110.20	6.46336e-17
5112.80	5.46063e-17
5115.40	2.2281e-17
5118.00	1.24066e-17
5120.60	1.17119e-17
5123.20	1.06898e-17
5125.80	1.20852e-17
5128.40	1.24946e-17
5131.00	1.11976e-17
5133.60	1.055e-17
5136.20	1.14161e-17
5138.80	1.16192e-17
5141.40	1.12493e-17
5144.00	9.77374e-18
5146.60	1.14937e-17
5149.20	1.20518e-17
5151.80	1.22301e-17
5154.40	1.19716e-17
5157.00	1.25489e-17
5159.60	1.33268e-17
5162.20	1.22381e-17
5164.80	1.21951e-17
5167.40	1.47424e-17
5170.00	1.53324e-17
5172.60	1.44859e-17
5175.20	1.41873e-17
5177.80	1.48415e-17
5180.40	1.32038e-17
5183.00	1.3283e-17
5185.60	1.43859e-17
5188.20	1.28372e-17
5190.80	1.03606e-17
5193.40	1.28165e-17
5196.00	1.23942e-17
5198.60	1.12113e-17
5201.20	1.22359e-17
5203.80	1.2441e-17
5206.40	1.3296e-17
5209.00	2.09126e-17
5211.60	3.4333e-17
5214.20	3.16446e-17
5216.80	1.75177e-17
5219.40	1.1146e-17
5222.00	1.08592e-17
5224.60	1.10834e-17
5227.20	1.01529e-17
5229.80	9.10412e-18
5232.40	9.52027e-18
5235.00	1.02145e-17
5237.60	1.02765e-17
5240.20	1.14374e-17
5242.80	1.14014e-17
5245.40	1.14684e-17
5248.00	1.19568e-17
5250.60	1.16397e-17
5253.20	1.30603e-17
5255.80	1.97895e-17
5258.40	4.39318e-17
5261.00	6.89171e-17
5263.60	8.28265e-17
5266.20	5.55573e-17
5268.80	2.22295e-17
5271.40	1.39423e-17
5274.00	1.40471e-17
5276.60	1.4515e-17
5279.20	1.47354e-17
5281.80	1.45513e-17
5284.40	1.32651e-17
5287.00	1.21899e-17
5289.60	1.27139e-17
5292.20	1.15653e-17
5294.80	1.26046e-17
5297.40	1.37858e-17
5300.00	1.35371e-17
5302.60	1.17414e-17
5305.20	1.29604e-17
5307.80	1.35556e-17
5310.40	1.1632e-17
5313.00	1.14894e-17
5315.60	1.14413e-17
5318.20	1.25847e-17
5320.80	1.20639e-17
5323.40	1.20055e-17
5326.00	1.12666e-17
5328.60	9.79795e-18
5331.20	1.18804e-17
5333.80	1.20259e-17
5336.40	1.12427e-17
5339.00	9.58221e-18
5341.60	8.14647e-18
5344.20	1.06048e-17
5346.80	1.06295e-17
5349.40	1.01659e-17
5352.00	9.27725e-18
5354.60	8.97862e-18
5357.20	8.85093e-18
5359.80	8.6898e-18
5362.40	9.44419e-18
5365.00	9.00428e-18
5367.60	8.88907e-18
5370.20	8.16178e-18
5372.80	8.23136e-18
5375.40	7.93903e-18
5378.00	8.68347e-18
5380.60	9.4671e-18
5383.20	8.60222e-18
5385.80	7.87248e-18
5388.40	7.4232e-18
5391.00	9.60934e-18
5393.60	1.06319e-17
5396.20	9.85185e-18
5398.80	8.80492e-18
5401.40	8.34861e-18
5404.00	8.56706e-18
5406.60	8.02638e-18
5409.20	9.19826e-18
5411.80	1.02313e-17
5414.40	9.38568e-18
5417.00	1.03415e-17
5419.60	1.15251e-17
5422.20	1.09808e-17
5424.80	1.00199e-17
5427.40	8.81727e-18
5430.00	8.71246e-18
5432.60	1.02137e-17
5435.20	1.04586e-17
5437.80	1.0587e-17
5440.40	1.12256e-17
5443.00	9.60553e-18
5445.60	1.01286e-17
5448.20	1.18179e-17
5450.80	1.09089e-17
5453.40	9.82275e-18
5456.00	1.14075e-17
5458.60	1.07337e-17
5461.20	1.02685e-17
5463.80	1.14041e-17
5466.40	1.17036e-17
5469.00	1.20371e-17
5471.60	1.0407e-17
5474.20	9.71554e-18
5476.80	1.02807e-17
5479.40	1.0593e-17
5482.00	9.08981e-18
5484.60	8.45555e-18
5487.20	9.18207e-18
5489.80	1.02687e-17
5492.40	1.09263e-17
5495.00	1.10391e-17
5497.60	1.05266e-17
5500.20	9.90674e-18
5502.80	9.49014e-18
5505.40	9.60459e-18
5508.00	9.82302e-18
5510.60	9.39673e-18
5513.20	9.22653e-18
5515.80	9.6817e-18
5518.40	9.03216e-18
5521.00	8.64733e-18
5523.60	9.43118e-18
5526.20	1.04853e-17
5528.80	1.18201e-17
5531.40	9.91044e-18
5534.00	9.5233e-18
5536.60	1.15988e-17
5539.20	1.02464e-17
5541.80	1.09823e-17
5544.40	1.21739e-17
5547.00	1.06053e-17
5549.60	1.06117e-17
5552.20	1.13889e-17
5554.80	1.11709e-17
5557.40	1.09981e-17
5560.00	9.9499e-18
5562.60	9.72866e-18
5565.20	1.09948e-17
5567.80	9.077e-18
5570.40	7.94265e-18
5573.00	7.27832e-18
5575.60	9.04617e-18
5578.20	1.00822e-17
5580.80	1.17091e-17
5583.40	1.18059e-17
5586.00	8.68702e-18
5588.60	1.1183e-17
5591.20	1.05556e-17
5593.80	9.47253e-18
5596.40	1.09516e-17
5599.00	1.15226e-17
5601.60	1.09646e-17
5604.20	1.1358e-17
5606.80	1.24106e-17
5609.40	1.1116e-17
5612.00	1.02766e-17
5614.60	1.05207e-17
5617.20	8.84222e-18
5619.80	9.95905e-18
5622.40	1.12097e-17
5625.00	1.07339e-17
5627.60	1.08681e-17
5630.20	1.0095e-17
5632.80	1.07714e-17
5635.40	1.19561e-17
5638.00	9.77845e-18
5640.60	7.91997e-18
5643.20	9.00534e-18
5645.80	9.42832e-18
5648.40	9.93857e-18
5651.00	1.09812e-17
5653.60	1.02544e-17
5656.20	1.05697e-17
5658.80	1.08755e-17
5661.40	1.00506e-17
5664.00	1.02553e-17
5666.60	1.01465e-17
5669.20	9.86537e-18
5671.80	1.07163e-17
5674.40	1.08331e-17
5677.00	1.01377e-17
5679.60	1.00145e-17
5682.20	1.08621e-17
5684.80	1.1408e-17
5687.40	9.80399e-18
5690.00	9.60508e-18
5692.60	1.122e-17
5695.20	1.09422e-17
5697.80	1.03737e-17
5700.40	1.2351e-17
5703.00	1.26897e-17
5705.60	1.0975e-17
5708.20	1.07531e-17
5710.80	1.07939e-17
5713.40	1.20398e-17
5716.00	1.20424e-17
5718.60	1.1245e-17
5721.20	1.13891e-17
5723.80	1.0725e-17
5726.40	9.91734e-18
5729.00	1.00904e-17
5731.60	1.07115e-17
5734.20	1.03396e-17
5736.80	9.76117e-18
5739.40	1.10333e-17
5742.00	1.08472e-17
5744.60	9.74314e-18
5747.20	1.06338e-17
5749.80	1.13909e-17
5752.40	9.95455e-18
5755.00	1.0149e-17
5757.60	1.06279e-17
5760.20	9.79682e-18
5762.80	1.06353e-17
5765.40	1.1846e-17
5768.00	1.12255e-17
5770.60	1.15961e-17
5773.20	1.00004e-17
5775.80	8.71734e-18
5778.40	1.00135e-17
5781.00	9.60956e-18
5783.60	1.03823e-17
5786.20	1.1271e-17
5788.80	8.87831e-18
5791.40	9.32194e-18
5794.00	1.17405e-17
5796.60	1.16946e-17
5799.20	1.07647e-17
5801.80	1.0971e-17
5804.40	1.07873e-17
5807.00	1.04827e-17
5809.60	1.20524e-17
5812.20	1.13847e-17
5814.80	1.22937e-17
5817.40	1.37716e-17
5820.00	1.31547e-17
5822.60	1.18879e-17
5825.20	1.13315e-17
5827.80	1.20506e-17
5830.40	1.16356e-17
5833.00	1.05568e-17
5835.60	1.07831e-17
5838.20	1.19583e-17
5840.80	1.28186e-17
5843.40	1.37679e-17
5846.00	1.35967e-17
5848.60	1.24593e-17
5851.20	1.07643e-17
5853.80	1.24261e-17
5856.40	1.12962e-17
5859.00	1.15337e-17
5861.60	1.09582e-17
5864.20	1.24219e-17
5866.80	1.18401e-17
5869.40	1.23462e-17
5872.00	1.16643e-17
5874.60	1.09865e-17
5877.20	1.16393e-17
5879.80	1.1321e-17
5882.40	1.15609e-17
5885.00	1.10023e-17
5887.60	1.14184e-17
5890.20	1.10221e-17
5892.80	9.58917e-18
5895.40	9.11049e-18
5898.00	1.20222e-17
5900.60	1.22212e-17
5903.20	9.36682e-18
5905.80	9.9481e-18
5908.40	1.05802e-17
5911.00	9.21745e-18
5913.60	1.01055e-17
5916.20	1.05976e-17
5918.80	9.34536e-18
5921.40	9.68123e-18
5924.00	1.00789e-17
5926.60	1.00343e-17
5929.20	1.04791e-17
5931.80	9.65488e-18
5934.40	8.2914e-18
5937.00	8.64028e-18
5939.60	1.04861e-17
5942.20	9.44244e-18
5944.80	9.06262e-18
5947.40	1.04759e-17
5950.00	1.18117e-17
5952.60	1.38229e-17
5955.20	1.11427e-17
5957.80	9.3545e-18
5960.40	1.09457e-17
5963.00	1.12113e-17
5965.60	1.10267e-17
5968.20	1.07004e-17
5970.80	1.07934e-17
5973.40	7.97113e-18
5976.00	9.64593e-18
5978.60	1.02655e-17
5981.20	9.74073e-18
5983.80	1.00586e-17
5986.40	9.17758e-18
5989.00	8.87094e-18
5991.60	1.03607e-17
5994.20	8.01365e-18
5996.80	7.65797e-18
5999.40	8.6378e-18
6002.00	9.80251e-18
6004.60	8.35708e-18
6007.20	9.77975e-18
6009.80	1.02865e-17
6012.40	9.78795e-18
6015.00	1.02346e-17
6017.60	8.86221e-18
6020.20	7.23186e-18
6022.80	8.22731e-18
6025.40	8.22417e-18
6028.00	8.82089e-18
6030.60	7.40781e-18
6033.20	8.2064e-18
6035.80	8.90791e-18
6038.40	7.77779e-18
6041.00	8.46698e-18
6043.60	8.06173e-18
6046.20	7.45737e-18
6048.80	8.14566e-18
6051.40	8.55877e-18
6054.00	8.65414e-18
6056.60	8.09526e-18
6059.20	6.67069e-18
6061.80	6.88258e-18
6064.40	6.9513e-18
6067.00	6.12753e-18
6069.60	6.90413e-18
6072.20	6.6015e-18
6074.80	6.86585e-18
6077.40	7.0547e-18
6080.00	5.91704e-18
6082.60	6.1102e-18
6085.20	6.75537e-18
6087.80	6.90475e-18
6090.40	7.08126e-18
6093.00	6.03777e-18
6095.60	4.38763e-18
6098.20	6.34793e-18
6100.80	5.25824e-18
6103.40	5.00922e-18
6106.00	6.04783e-18
6108.60	5.30724e-18
6111.20	6.05592e-18
6113.80	5.79466e-18
6116.40	5.77741e-18
6119.00	7.21673e-18
6121.60	7.0154e-18
6124.20	8.29089e-18
6126.80	6.93172e-18
6129.40	7.0971e-18
6132.00	7.62814e-18
6134.60	7.25112e-18
6137.20	6.75032e-18
6139.80	7.37854e-18
6142.40	6.91358e-18
6145.00	7.06332e-18
6147.60	7.95316e-18
6150.20	8.59658e-18
6152.80	6.68583e-18
6155.40	8.69841e-18
6158.00	7.53825e-18
6160.60	8.10842e-18
6163.20	1.09657e-17
6165.80	8.90084e-18
6168.40	9.91955e-18
6171.00	1.4521e-17
6173.60	1.58424e-17
6176.20	1.56493e-17
6178.80	1.16734e-17
6181.40	1.13052e-17
6184.00	1.31339e-17
6186.60	1.15818e-17
6189.20	1.14616e-17
6191.80	1.16803e-17
6194.40	1.20114e-17
6197.00	1.07536e-17
6199.60	1.11283e-17
6202.20	1.11653e-17
6204.80	1.03605e-17
6207.40	1.17323e-17
6210.00	1.08411e-17
6212.60	1.09171e-17
6215.20	1.09787e-17
6217.80	1.06992e-17
6220.40	1.06477e-17
6223.00	1.19298e-17
6225.60	1.21933e-17
6228.20	1.03371e-17
6230.80	9.76504e-18
6233.40	1.08725e-17
6236.00	1.12385e-17
6238.60	1.10555e-17
6241.20	1.13276e-17
6243.80	1.10956e-17
6246.40	1.06549e-17
6249.00	1.00235e-17
6251.60	1.06782e-17
6254.20	1.06106e-17
6256.80	8.64276e-18
6259.40	1.16679e-17
6262.00	9.67207e-18
6264.60	1.04938e-17
6267.20	1.01447e-17
6269.80	9.5159e-18
6272.40	8.69988e-18
6275.00	1.18152e-17
6277.60	1.0399e-17
6280.20	1.00839e-17
6282.80	1.0371e-17
6285.40	1.19237e-17
6288.00	1.0958e-17
6290.60	1.04971e-17
6293.20	1.17073e-17
6295.80	1.23042e-17
6298.40	9.84158e-18
6301.00	1.12976e-17
6303.60	1.06262e-17
6306.20	1.02451e-17
6308.80	1.00075e-17
6311.40	8.91177e-18
6314.00	1.0112e-17
6316.60	9.67472e-18
6319.20	1.01519e-17
6321.80	9.44022e-18
6324.40	8.12696e-18
6327.00	8.71016e-18
6329.60	8.50386e-18
6332.20	9.76944e-18
6334.80	7.98651e-18
6337.40	8.64333e-18
6340.00	7.81086e-18
6342.60	7.77159e-18
6345.20	7.90328e-18
6347.80	1.04096e-17
6350.40	7.22174e-18
6353.00	8.95371e-18
6355.60	8.94632e-18
6358.20	1.09865e-17
6360.80	1.05162e-17
6363.40	7.87061e-18
6366.00	6.82382e-18
6368.60	7.06981e-18
6371.20	8.44525e-18
6373.80	8.74954e-18
6376.40	8.00918e-18
6379.00	8.50768e-18
6381.60	8.13025e-18
6384.20	7.95488e-18
6386.80	7.16785e-18
6389.40	8.62247e-18
6392.00	7.74861e-18
6394.60	9.50562e-18
6397.20	8.9417e-18
6399.80	8.82983e-18
6402.40	8.46483e-18
6405.00	9.07784e-18
6407.60	1.02241e-17
6410.20	8.47021e-18
6412.80	8.94019e-18
6415.40	8.23975e-18
6418.00	8.89899e-18
6420.60	9.00054e-18
6423.20	9.2585e-18
6425.80	9.85694e-18
6428.40	7.81772e-18
6431.00	7.7148e-18
6433.60	9.03259e-18
6436.20	8.90978e-18
6438.80	8.59956e-18
6441.40	9.21524e-18
6444.00	8.93253e-18
6446.60	9.1817e-18
6449.20	7.75799e-18
6451.80	9.87656e-18
6454.40	1.15453e-17
6457.00	9.14309e-18
6459.60	8.33808e-18
6462.20	7.83803e-18
6464.80	9.74941e-18
6467.40	8.97355e-18
6470.00	8.47292e-18
6472.60	9.03329e-18
6475.20	8.46618e-18
6477.80	8.59168e-18
6480.40	8.99845e-18
6483.00	9.15528e-18
6485.60	9.16401e-18
6488.20	8.00874e-18
6490.80	8.01603e-18
6493.40	9.12033e-18
6496.00	9.76548e-18
6498.60	9.4259e-18
6501.20	7.64439e-18
6503.80	8.56121e-18
6506.40	9.17801e-18
6509.00	9.15333e-18
6511.60	1.05069e-17
6514.20	1.01068e-17
6516.80	9.04093e-18
6519.40	7.60421e-18
6522.00	8.99082e-18
6524.60	9.40423e-18
6527.20	8.14008e-18
6529.80	8.67305e-18
6532.40	8.28887e-18
6535.00	8.98372e-18
6537.60	9.75626e-18
6540.20	8.20597e-18
6542.80	8.77262e-18
6545.40	8.94184e-18
6548.00	1.02542e-17
6550.60	1.06215e-17
6553.20	9.65504e-18
6555.80	1.11759e-17
6558.40	8.69977e-18
6561.00	9.39531e-18
6563.60	1.11304e-17
6566.20	1.00895e-17
6568.80	1.00365e-17
6571.40	9.23738e-18
6574.00	9.03223e-18
6576.60	9.82482e-18
6579.20	9.51579e-18
6581.80	9.55832e-18
6584.40	1.03883e-17
6587.00	1.10321e-17
6589.60	8.79556e-18
6592.20	1.05818e-17
6594.80	1.10932e-17
6597.40	1.03331e-17
6600.00	1.00612e-17
6602.60	1.08223e-17
6605.20	1.04028e-17
6607.80	9.87666e-18
6610.40	9.69202e-18
6613.00	9.57988e-18
6615.60	1.17301e-17
6618.20	1.1585e-17
6620.80	1.09041e-17
6623.40	1.06654e-17
6626.00	9.92055e-18
6628.60	1.04165e-17
6631.20	9.67962e-18
6633.80	9.53593e-18
6636.40	9.19279e-18
6639.00	9.74637e-18
6641.60	9.78646e-18
6644.20	1.0794e-17
6646.80	8.23919e-18
6649.40	7.2287e-18
6652.00	9.1234e-18
6654.60	9.53358e-18
6657.20	9.93962e-18
6659.80	1.04515e-17
6662.40	1.07414e-17
6665.00	1.13799e-17
6667.60	1.03383e-17
6670.20	9.70036e-18
6672.80	1.03378e-17
6675.40	9.61746e-18
6678.00	9.49294e-18
6680.60	9.5034e-18
6683.20	9.03917e-18
6685.80	9.64827e-18
6688.40	9.8738e-18
6691.00	9.51191e-18
6693.60	7.93166e-18
6696.20	6.92044e-18
6698.80	8.34388e-18
6701.40	7.14522e-18
6704.00	6.19034e-18
6706.60	7.62803e-18
6709.20	7.06644e-18
6711.80	6.95817e-18
6714.40	8.50616e-18
6717.00	7.18778e-18
6719.60	5.8853e-18
6722.20	5.86208e-18
6724.80	6.79742e-18
6727.40	6.30374e-18
6730.00	6.84177e-18
6732.60	5.76507e-18
6735.20	6.88888e-18
6737.80	5.22545e-18
6740.40	5.36732e-18
6743.00	4.69784e-18
6745.60	5.27299e-18
6748.20	5.59711e-18
6750.80	5.84813e-18
6753.40	5.6387e-18
6756.00	5.75298e-18
6758.60	5.77901e-18
6761.20	6.74648e-18
6763.80	5.30057e-18
6766.40	5.34063e-18
6769.00	5.27104e-18
6771.60	4.84948e-18
6774.20	4.63749e-18
6776.80	5.57278e-18
6779.40	4.97926e-18
6782.00	5.96323e-18
6784.60	7.97793e-18
6787.20	7.42536e-18
6789.80	6.21004e-18
6792.40	6.97094e-18
6795.00	8.01407e-18
6797.60	8.09126e-18
6800.20	9.51834e-18
6802.80	9.92114e-18
6805.40	9.31372e-18
6808.00	1.03338e-17
6810.60	1.19363e-17
6813.20	1.08711e-17
6815.80	1.25885e-17
6818.40	1.36452e-17
6821.00	1.38479e-17
6823.60	1.50318e-17
6826.20	1.51342e-17
6828.80	1.65112e-17
6831.40	1.68651e-17
6834.00	1.8233e-17
6836.60	2.07631e-17
6839.20	2.06499e-17
6841.80	2.12179e-17
6844.40	2.33847e-17
6847.00	2.42787e-17
6849.60	2.48748e-17
6852.20	2.62232e-17
6854.80	2.8372e-17
6857.40	3.06769e-17
6860.00	3.33255e-17
6862.60	3.59241e-17
6865.20	3.70466e-17
6867.80	3.86343e-17
6870.40	3.99859e-17
6873.00	4.28249e-17
6875.60	5.09571e-17
6878.20	5.43091e-17
6880.80	5.5636e-17
6883.40	5.52142e-17
6886.00	6.38773e-17
6888.60	1.00316e-16
6891.20	1.72931e-16
6893.80	2.29516e-16
6896.40	1.976e-16
6899.00	9.53476e-17
6901.60	4.49611e-17
6904.20	4.074e-17
6906.80	4.11742e-17
6909.40	4.18289e-17
6912.00	4.91931e-17
6914.60	5.88603e-17
6917.20	6.19337e-17
6919.80	4.53168e-17
6922.40	3.04357e-17
6925.00	2.78079e-17
6927.60	2.56821e-17
6930.20	2.34497e-17
6932.80	2.34438e-17
6935.40	2.42794e-17
6938.00	2.3529e-17
6940.60	2.23337e-17
6943.20	2.18534e-17
6945.80	1.93938e-17
6948.40	1.9929e-17
6951.00	1.86407e-17
6953.60	1.85281e-17
6956.20	1.89864e-17
6958.80	1.79841e-17
6961.40	1.56659e-17
6964.00	1.54422e-17
6966.60	1.55857e-17
6969.20	1.51117e-17
6971.80	1.48755e-17
6974.40	1.43975e-17
6977.00	1.35372e-17
6979.60	1.27788e-17
6982.20	1.2901e-17
6984.80	1.26699e-17
6987.40	1.40106e-17
6990.00	1.40068e-17
6992.60	1.34958e-17
6995.20	1.25186e-17
6997.80	1.14351e-17
7000.40	1.21821e-17
7003.00	1.25729e-17
7005.60	1.13232e-17
7008.20	1.09304e-17
7010.80	1.22676e-17
7013.40	1.33878e-17
7016.00	1.26218e-17
7018.60	1.05764e-17
7021.20	9.29577e-18
7023.80	9.75046e-18
7026.40	9.95411e-18
7029.00	9.37734e-18
7031.60	9.42043e-18
7034.20	8.85494e-18
7036.80	9.40547e-18
7039.40	1.03139e-17
7042.00	9.10985e-18
7044.60	1.06343e-17
7047.20	1.17493e-17
7049.80	1.30405e-17
7052.40	2.30563e-17
7055.00	3.32059e-17
7057.60	3.47005e-17
7060.20	1.99909e-17
7062.80	1.09106e-17
7065.40	1.37127e-17
7068.00	1.98051e-17
7070.60	2.76505e-17
7073.20	2.55753e-17
7075.80	1.41247e-17
7078.40	8.17312e-18
7081.00	8.19064e-18
7083.60	7.46499e-18
7086.20	8.55383e-18
7088.80	9.03287e-18
7091.40	7.42207e-18
7094.00	7.61836e-18
7096.60	8.00157e-18
7099.20	7.74717e-18
7101.80	7.49462e-18
7104.40	7.46056e-18
7107.00	6.45555e-18
7109.60	6.92318e-18
7112.20	8.04904e-18
7114.80	7.23493e-18
7117.40	8.0983e-18
7120.00	8.16122e-18
7122.60	7.07655e-18
7125.20	5.96781e-18
7127.80	6.14798e-18
7130.40	6.3057e-18
7133.00	7.00872e-18
7135.60	7.20504e-18
7138.20	6.27258e-18
7140.80	6.40461e-18
7143.40	7.18192e-18
7146.00	6.96956e-18
7148.60	7.03288e-18
7151.20	7.61019e-18
7153.80	7.93221e-18
7156.40	6.75675e-18
7159.00	5.76592e-18
7161.60	7.24797e-18
7164.20	7.43911e-18
7166.80	6.33868e-18
7169.40	7.02227e-18
7172.00	7.76545e-18
7174.60	7.84342e-18
7177.20	8.10593e-18
7179.80	7.59878e-18
7182.40	8.9487e-18
7185.00	8.7033e-18
7187.60	6.94677e-18
7190.20	7.3191e-18
7192.80	6.66225e-18
7195.40	6.42048e-18
7198.00	7.50161e-18
7200.60	8.56e-18
7203.20	8.44e-18
7205.80	7.12317e-18
7208.40	6.1716e-18
7211.00	5.22236e-18
7213.60	6.57676e-18
7216.20	7.19003e-18
7218.80	5.77134e-18
7221.40	6.14217e-18
7224.00	7.24867e-18
7226.60	7.78721e-18
7229.20	7.33405e-18
7231.80	6.68501e-18
7234.40	7.01693e-18
7237.00	6.28455e-18
7239.60	6.47805e-18
7242.20	8.22393e-18
7244.80	7.51726e-18
7247.40	7.83974e-18
7250.00	7.26143e-18
7252.60	6.05108e-18
7255.20	6.4325e-18
7257.80	6.24675e-18
7260.40	6.00408e-18
7263.00	8.18631e-18
7265.60	7.90825e-18
7268.20	5.79049e-18
7270.80	5.87207e-18
7273.40	7.50196e-18
7276.00	8.60609e-18
7278.60	7.42728e-18
7281.20	7.14487e-18
7283.80	7.54425e-18
7286.40	6.47554e-18
7289.00	5.84886e-18
7291.60	6.67861e-18
7294.20	7.66912e-18
7296.80	7.4438e-18
7299.40	6.72066e-18
7302.00	7.57184e-18
7304.60	7.5985e-18
7307.20	6.58098e-18
7309.80	5.80343e-18
7312.40	5.79331e-18
7315.00	7.54078e-18
7317.60	7.35166e-18
7320.20	5.80945e-18
7322.80	7.40841e-18
7325.40	7.52829e-18
7328.00	5.13211e-18
7330.60	4.52093e-18
7333.20	6.53066e-18
7335.80	8.20904e-18
7338.40	8.39093e-18
7341.00	8.31935e-18
7343.60	7.41796e-18
7346.20	7.22226e-18
7348.80	7.47575e-18
7351.40	7.19784e-18
7354.00	7.19242e-18
7356.60	7.57734e-18
7359.20	7.11404e-18
7361.80	8.1741e-18
7364.40	8.65748e-18
7367.00	7.13483e-18
7369.60	7.04111e-18
7372.20	6.7506e-18
7374.80	6.36484e-18
7377.40	7.30761e-18
7380.00	8.36203e-18
7382.60	7.1012e-18
7385.20	6.78951e-18
7387.80	8.05017e-18
7390.40	6.93453e-18
7393.00	7.46118e-18
7395.60	7.77879e-18
7398.20	7.35987e-18
7400.80	8.43812e-18
7403.40	8.90471e-18
7406.00	9.95377e-18
7408.60	1.01976e-17
7411.20	9.48124e-18
7413.80	9.7026e-18
7416.40	9.87321e-18
7419.00	9.44086e-18
7421.60	1.07665e-17
7424.20	1.00801e-17
7426.80	9.61542e-18
7429.40	1.11285e-17
7432.00	1.02748e-17
7434.60	8.79826e-18
7437.20	9.57521e-18
7439.80	1.00731e-17
7442.40	8.29683e-18
7445.00	6.99204e-18
7447.60	7.72851e-18
7450.20	9.12295e-18
7452.80	8.0989e-18
7455.40	7.02969e-18
7458.00	8.02051e-18
7460.60	8.98969e-18
7463.20	9.66458e-18
7465.80	9.23595e-18
7468.40	7.98472e-18
7471.00	7.50655e-18
7473.60	7.09368e-18
7476.20	7.6766e-18
7478.80	6.42367e-18
7481.40	6.77439e-18
7484.00	8.92853e-18
7486.60	8.15947e-18
7489.20	8.12971e-18
7491.80	9.58428e-18
7494.40	1.01341e-17
7497.00	8.63579e-18
7499.60	7.75364e-18
7502.20	7.83955e-18
7504.80	7.0943e-18
7507.40	6.14295e-18
7510.00	7.59906e-18
7512.60	9.36898e-18
7515.20	9.61136e-18
7517.80	9.1423e-18
7520.40	7.87548e-18
7523.00	7.04993e-18
7525.60	7.23903e-18
7528.20	8.82891e-18
7530.80	8.58644e-18
7533.40	7.41664e-18
7536.00	8.03236e-18
7538.60	7.59646e-18
7541.20	8.1802e-18
7543.80	8.03437e-18
7546.40	8.11725e-18
7549.00	6.40205e-18
7551.60	7.75965e-18
7554.20	9.29876e-18
7556.80	8.16927e-18
7559.40	7.39847e-18
7562.00	6.70431e-18
7564.60	6.7963e-18
7567.20	7.63288e-18
7569.80	7.97535e-18
7572.40	7.6747e-18
7575.00	8.4395e-18
7577.60	9.96299e-18
7580.20	9.42587e-18
7582.80	8.21632e-18
7585.40	7.97164e-18
7588.00	8.73516e-18
7590.60	1.071e-17
7593.20	1.20283e-17
7595.80	1.34382e-17
7598.40	1.09568e-17
7601.00	7.94499e-18
7603.60	8.42203e-18
7606.20	8.66985e-18
7608.80	6.84472e-18
7611.40	4.18306e-18
7614.00	6.95435e-18
7616.60	8.57808e-18
7619.20	1.02715e-17
7621.80	9.80854e-18
7624.40	9.16848e-18
7627.00	1.10423e-17
7629.60	9.43628e-18
7632.20	8.31829e-18
7634.80	9.91552e-18
7637.40	1.07646e-17
7640.00	9.5103e-18
7642.60	1.01391e-17
7645.20	1.05413e-17
7647.80	9.68544e-18
7650.40	1.10225e-17
7653.00	9.63672e-18
7655.60	1.11824e-17
7658.20	1.13698e-17
7660.80	9.10061e-18
7663.40	1.10782e-17
7666.00	1.09925e-17
7668.60	1.23811e-17
7671.20	1.34971e-17
7673.80	1.28087e-17
7676.40	1.27799e-17
7679.00	1.2776e-17
7681.60	1.15156e-17
7684.20	1.04129e-17
7686.80	1.24146e-17
7689.40	1.32826e-17
7692.00	1.17261e-17
7694.60	1.14654e-17
7697.20	1.12248e-17
7699.80	1.28835e-17
7702.40	1.26641e-17
7705.00	1.17726e-17
7707.60	1.17011e-17
7710.20	1.0486e-17
7712.80	1.07218e-17
7715.40	1.20838e-17
7718.00	1.10129e-17
7720.60	9.8626e-18
7723.20	1.08248e-17
7725.80	9.56052e-18
7728.40	9.4252e-18
7731.00	9.98891e-18
7733.60	8.34475e-18
7736.20	1.04104e-17
7738.80	1.12103e-17
7741.40	1.07567e-17
7744.00	9.85318e-18
7746.60	8.99463e-18
7749.20	9.14148e-18
7751.80	8.42027e-18
7754.40	1.04561e-17
7757.00	1.02889e-17
7759.60	9.36515e-18
7762.20	9.72194e-18
7764.80	8.19947e-18
7767.40	9.72045e-18
7770.00	1.02306e-17
7772.60	9.15457e-18
7775.20	9.4656e-18
7777.80	9.401e-18
7780.40	8.78727e-18
7783.00	9.28796e-18
7785.60	9.9888e-18
7788.20	8.18643e-18
7790.80	8.92057e-18
7793.40	8.11529e-18
7796.00	6.8625e-18
7798.60	7.84812e-18
7801.20	9.89355e-18
7803.80	9.28757e-18
7806.40	8.2427e-18
7809.00	8.45281e-18
7811.60	9.57469e-18
7814.20	1.02673e-17
7816.80	1.14536e-17
7819.40	8.75583e-18
7822.00	8.97472e-18
7824.60	1.008e-17
7827.20	9.8309e-18
7829.80	1.04998e-17
7832.40	8.88404e-18
7835.00	9.61363e-18
7837.60	1.06991e-17
7840.20	8.92155e-18
7842.80	9.17836e-18
7845.40	1.04557e-17
7848.00	1.10931e-17
7850.60	9.03485e-18
7853.20	6.439e-18
7855.80	7.81186e-18
7858.40	9.07872e-18
7861.00	6.95199e-18
7863.60	7.8416e-18
7866.20	7.93908e-18
7868.80	8.89196e-18
7871.40	8.56045e-18
7874.00	8.08387e-18
7876.60	7.65197e-18
7879.20	9.11101e-18
7881.80	9.62009e-18
7884.40	7.90754e-18
7887.00	7.24239e-18
7889.60	8.63012e-18
7892.20	7.08049e-18
7894.80	8.3264e-18
7897.40	8.88161e-18
7900.00	8.6839e-18
7902.60	7.47983e-18
7905.20	9.28076e-18
7907.80	9.69013e-18
7910.40	7.95497e-18
7913.00	7.27207e-18
7915.60	5.97133e-18
7918.20	6.21415e-18
7920.80	8.1854e-18
7923.40	9.06083e-18
7926.00	7.66131e-18
7928.60	9.00015e-18
7931.20	6.64673e-18
7933.80	8.04942e-18
7936.40	9.21222e-18
7939.00	5.40863e-18
7941.60	6.50326e-18
7944.20	6.53971e-18
7946.80	8.02184e-18
7949.40	7.40483e-18
7952.00	6.43775e-18
7954.60	6.07431e-18
7957.20	6.65411e-18
7959.80	7.12136e-18
7962.40	6.98209e-18
7965.00	6.31636e-18
7967.60	7.51654e-18
7970.20	7.18216e-18
7972.80	6.95848e-18
7975.40	5.51403e-18
7978.00	6.01066e-18
7980.60	3.07416e-18
7983.20	6.26674e-18
7985.80	4.85886e-18
7988.40	5.25944e-18
7991.00	5.56348e-18
7993.60	9.19484e-18
7996.20	6.7665e-18
7998.80	5.20302e-18
8001.40	7.30627e-18
8004.00	5.65479e-18
8006.60	6.07768e-18
8009.20	6.97166e-18
8011.80	7.0572e-18
8014.40	6.14394e-18
8017.00	7.0352e-18
8019.60	6.24835e-18
8022.20	6.56202e-18
8024.80	7.48777e-18
8027.40	7.52899e-18
8030.00	9.46973e-18
8032.60	8.52283e-18
8035.20	9.25569e-18
8037.80	8.7223e-18
8040.40	7.49198e-18
8043.00	9.46977e-18
8045.60	6.64368e-18
8048.20	7.73218e-18
8050.80	7.86951e-18
8053.40	1.04018e-17
8056.00	8.2744e-18
8058.60	7.8125e-18
8061.20	8.0286e-18
8063.80	6.73533e-18
8066.40	9.83628e-18
8069.00	1.05029e-17
8071.60	7.3542e-18
8074.20	8.98953e-18
8076.80	6.28473e-18
8079.40	7.96723e-18
8082.00	8.30793e-18
8084.60	8.381e-18
8087.20	7.98423e-18
8089.80	5.85615e-18
8092.40	6.68544e-18
8095.00	5.50877e-18
8097.60	6.27596e-18
8100.20	9.15907e-18
8102.80	7.47918e-18
8105.40	8.68521e-18
8108.00	7.9341e-18
8110.60	7.73149e-18
8113.20	8.62495e-18
8115.80	7.45e-18
8118.40	7.9399e-18
8121.00	7.89091e-18
8123.60	6.72743e-18
8126.20	7.45512e-18
8128.80	7.559e-18
8131.40	8.51277e-18
8134.00	7.5745e-18
8136.60	8.16645e-18
8139.20	8.92172e-18
8141.80	9.08635e-18
8144.40	9.25972e-18
8147.00	9.57602e-18
8149.60	9.2965e-18
8152.20	7.87976e-18
8154.80	8.48738e-18
8157.40	7.58857e-18
8160.00	7.15595e-18
8162.60	1.09788e-17
8165.20	1.02038e-17
8167.80	7.19423e-18
8170.40	7.66222e-18
8173.00	8.32757e-18
8175.60	9.80077e-18
8178.20	9.83281e-18
8180.80	9.87282e-18
8183.40	1.01789e-17
8186.00	9.62918e-18
8188.60	7.51429e-18
8191.20	8.36804e-18
8193.80	8.52756e-18
8196.40	9.22018e-18
8199.00	5.21017e-18
8201.60	9.57766e-18
8204.20	7.88822e-18
8206.80	7.453e-18
8209.40	9.16349e-18
8212.00	9.06887e-18
8214.60	9.08917e-18
8217.20	9.82242e-18
8219.80	8.84648e-18
8222.40	8.43873e-18
8225.00	7.03567e-18
8227.60	7.222e-18
8230.20	7.1919e-18
8232.80	7.3884e-18
8235.40	8.93283e-18
8238.00	9.36604e-18
8240.60	8.61183e-18
8243.20	5.23615e-18
8245.80	7.86598e-18
8248.40	5.05156e-18
8251.00	5.81118e-18
8253.60	8.62161e-18
8256.20	9.31606e-18
8258.80	8.34528e-18
8261.40	6.92552e-18
8264.00	6.01311e-18
8266.60	9.22128e-18
8269.20	5.72562e-18
8271.80	5.8375e-18
8274.40	8.00668e-18
8277.00	6.73734e-18
8279.60	6.67908e-18
8282.20	6.15544e-18
8284.80	6.90355e-18
8287.40	6.63592e-18
8290.00	9.90751e-18
8292.60	7.20213e-18
8295.20	7.53454e-18
8297.80	6.15184e-18
8300.40	7.71001e-18
8303.00	3.84206e-18
8305.60	7.82519e-18
8308.20	6.90799e-18
8310.80	5.44035e-18
8313.40	4.86124e-18
8316.00	7.32637e-18
8318.60	7.56451e-18
8321.20	7.91645e-18
8323.80	6.84054e-18
8326.40	6.50696e-18
8329.00	6.96884e-18
8331.60	5.86999e-18
8334.20	7.42757e-18
8336.80	7.30766e-18
8339.40	7.76082e-18
8342.00	7.73516e-18
8344.60	8.75492e-18
8347.20	7.05052e-18
8349.80	5.18044e-18
8352.40	6.36645e-18
8355.00	5.41803e-18
8357.60	5.55095e-18
8360.20	6.24196e-18
8362.80	8.68129e-18
8365.40	7.09805e-18
8368.00	6.86119e-18
8370.60	6.9778e-18
8373.20	7.40026e-18
8375.80	4.71057e-18
8378.40	5.5384e-18
8381.00	6.63787e-18
8383.60	8.39024e-18
8386.20	8.50721e-18
8388.80	1.08543e-17
8391.40	9.19026e-18
8394.00	8.53726e-18
8396.60	7.16683e-18
8399.20	8.29997e-18
8401.80	7.26473e-18
8404.40	5.42246e-18
8407.00	9.30801e-18
8409.60	9.69026e-18
8412.20	7.44088e-18
8414.80	5.86325e-18
8417.40	4.59798e-18
8420.00	5.20791e-18
8422.60	4.93711e-18
8425.20	7.70355e-18
8427.80	8.49515e-18
8430.40	4.33169e-18
8433.00	3.61645e-18
8435.60	6.68422e-18
8438.20	6.10755e-18
8440.80	8.05636e-18
8443.40	6.84281e-18
8446.00	8.15031e-18
8448.60	8.12338e-18
8451.20	6.88161e-18
8453.80	6.69432e-18
8456.40	8.5622e-18
8459.00	7.26007e-18
8461.60	6.17399e-18
8464.20	6.27232e-18
8466.80	7.54072e-18
8469.40	5.98173e-18
8472.00	5.30618e-18
8474.60	6.71897e-18
8477.20	7.80565e-18
8479.80	7.13149e-18
8482.40	5.62561e-18
8485.00	5.83366e-18
8487.60	6.84214e-18
8490.20	6.43263e-18
8492.80	5.61341e-18
8495.40	7.0582e-18
8498.00	8.60182e-18
8500.60	7.79387e-18
8503.20	6.888e-18
8505.80	6.1741e-18
8508.40	7.8543e-18
8511.00	8.46875e-18
8513.60	6.52506e-18
8516.20	6.54916e-18
8518.80	6.46077e-18
8521.40	6.16603e-18
8524.00	5.60468e-18
8526.60	8.16075e-18
8529.20	6.24065e-18
8531.80	6.29754e-18
8534.40	7.9419e-18
8537.00	5.88702e-18
8539.60	5.01251e-18
8542.20	7.23804e-18
8544.80	6.23852e-18
8547.40	6.52685e-18
8550.00	7.92059e-18
8552.60	6.67644e-18
8555.20	6.9307e-18
8557.80	6.90424e-18
8560.40	6.76827e-18
8563.00	5.40026e-18
8565.60	6.38744e-18
8568.20	7.62694e-18
8570.80	8.09164e-18
8573.40	5.17067e-18
8576.00	4.04981e-18
8578.60	6.45401e-18
8581.20	7.30337e-18
8583.80	6.78084e-18
8586.40	7.67805e-18
8589.00	6.93519e-18
8591.60	5.43079e-18
8594.20	7.72769e-18
8596.80	7.96157e-18
8599.40	6.21448e-18
8602.00	7.14384e-18
8604.60	6.82825e-18
8607.20	6.6427e-18
8609.80	6.05096e-18
8612.40	7.10942e-18
8615.00	7.603e-18
8617.60	7.55314e-18
8620.20	7.5159e-18
8622.80	4.65751e-18
8625.40	5.47451e-18
8628.00	8.83851e-18
8630.60	7.77738e-18
8633.20	7.09381e-18
8635.80	9.78059e-18
8638.40	9.80664e-18
8641.00	5.15045e-18
8643.60	7.16663e-18
8646.20	9.02883e-18
8648.80	8.04926e-18
8651.40	8.57992e-18
8654.00	7.43813e-18
8656.60	8.29515e-18
8659.20	7.84214e-18
8661.80	6.15925e-18
8664.40	5.87953e-18
8667.00	6.17938e-18
8669.60	4.27017e-18
8672.20	6.36833e-18
8674.80	8.85849e-18
8677.40	8.25609e-18
8680.00	6.14692e-18
8682.60	5.23929e-18
8685.20	5.02461e-18
8687.80	4.40374e-18
8690.40	3.59473e-18
8693.00	7.68815e-18
8695.60	8.08515e-18
8698.20	6.14066e-18
8700.80	5.80252e-18
8703.40	5.47267e-18
8706.00	5.73774e-18
8708.60	5.21595e-18
8711.20	4.97482e-18
8713.80	5.22979e-18
8716.40	5.74929e-18
8719.00	7.0751e-18
8721.60	5.51366e-18
8724.20	4.34821e-18
8726.80	4.86638e-18
8729.40	5.64215e-18
8732.00	4.96466e-18
8734.60	6.02474e-18
8737.20	7.03702e-18
8739.80	7.36389e-18
8742.40	7.83357e-18
8745.00	5.20552e-18
8747.60	4.36562e-18
8750.20	6.4649e-18
8752.80	5.21153e-18
8755.40	5.6182e-18
8758.00	8.23909e-18
8760.60	7.33476e-18
8763.20	6.66248e-18
8765.80	9.00334e-18
8768.40	6.87935e-18
8771.00	6.6925e-18
8773.60	1.22652e-17
8776.20	8.77727e-18
8778.80	5.06058e-18
8781.40	4.55141e-18
8784.00	6.84712e-18
8786.60	5.79612e-18
8789.20	5.84312e-18
8791.80	5.77706e-18
8794.40	4.57454e-18
8797.00	3.93954e-18
8799.60	4.25598e-18
8802.20	5.49617e-18
8804.80	5.03387e-18
8807.40	5.02193e-18
8810.00	6.94041e-18
8812.60	7.39437e-18
8815.20	4.74197e-18
8817.80	3.28869e-18
8820.40	6.84328e-18
8823.00	7.7869e-18
8825.60	3.36292e-18
8828.20	6.7634e-18
8830.80	5.40762e-18
8833.40	2.42059e-18
8836.00	4.48271e-18
8838.60	4.88133e-18
8841.20	2.92383e-18
8843.80	2.50881e-18
8846.40	3.19738e-18
8849.00	2.93988e-18
8851.60	6.09458e-18
8854.20	7.29441e-18
8856.80	4.95957e-18
8859.40	5.10679e-18
8862.00	7.77814e-18
8864.60	7.01668e-18
8867.20	4.49607e-18
8869.80	5.17443e-18
8872.40	6.06895e-18
8875.00	5.30939e-18
8877.60	5.66528e-18
