3999.14234689364  7.017882E-18
4000.95797695139  -3.742193E-18
4002.7739253098  3.138994E-18
4004.59019168361  8.801811E-19
4006.40677578767  1.537926E-17
4008.22367733695  8.651309E-18
4010.04089604651  5.566653E-18
4011.85843163154  6.996045E-18
4013.67628380729  1.621547E-17
4015.49445228917  1.441614E-17
4017.31293679267  2.267295E-17
4019.13173703338  1.177523E-17
4020.950852727  -8.304642E-18
4022.77028358936  2.182073E-17
4024.59002933637  1.858267E-17
4026.41008968406  1.077367E-17
4028.23046434857  1.223831E-17
4030.05115304613  1.510124E-17
4031.8721554931  1.463987E-17
4033.69347140593  1.627673E-17
4035.51510050119  1.684860E-17
4037.33704249556  2.019595E-17
4039.15929710582  2.890486E-18
4040.98186404886  2.074241E-17
4042.80474304168  9.949692E-18
4044.62793380139  2.045883E-17
4046.45143604521  3.054158E-17
4048.27524949047  7.656906E-18
4050.09937385459  1.010639E-17
4051.92380885513  1.431396E-17
4053.74855420974  1.438648E-17
4055.57360963619  -1.808762E-19
4057.39897485236  6.974184E-18
4059.22464957622  8.682069E-18
4061.05063352587  2.387764E-18
4062.87692641953  1.070972E-17
4064.70352797549  1.243971E-17
4066.5304379122  1.834360E-17
4068.35765594819  -3.776277E-18
4070.1851818021  -7.214592E-18
4072.01301519271  1.229349E-17
4073.84115583886  3.845427E-18
4075.66960345956  8.177971E-18
4077.49835777389  4.715479E-18
4079.32741850105  9.505589E-18
4081.15678536037  1.061363E-17
4082.98645807128  -5.683348E-19
4084.8164363533  -4.381453E-18
4086.64671992611  1.766101E-19
4088.47730850945  4.447363E-19
4090.30820182322  8.044203E-18
4092.1393995874  2.674201E-18
4093.97090152209  1.407995E-17
4095.80270734751  1.628622E-17
4097.63481678399  1.312330E-17
4099.46722955197  5.789603E-18
4101.29994537202  -5.662172E-18
4103.13296396479  1.270654E-17
4104.96628505107  3.208685E-18
4106.79990835176  1.051779E-17
4108.63383358787  1.807179E-17
4110.46806048052  1.190640E-17
4112.30258875096  1.901341E-17
4114.13741812053  1.461859E-17
4115.97254831071  2.487510E-18
4117.80797904308  1.720235E-17
4119.64371003933  5.632236E-18
4121.47974102127  8.647373E-18
4123.31607171084  8.326956E-18
4125.15270183008  1.692917E-17
4126.98963110115  -5.915145E-18
4128.82685924631  4.289998E-18
4130.66438598796  1.454764E-17
4132.50221104861  1.096549E-18
4134.34033415087  1.854196E-17
4136.17875501747  1.877549E-17
4138.01747337129  1.324712E-18
4139.85648893527  1.352819E-17
4141.69580143251  1.583849E-17
4143.53541058622  5.033253E-18
4145.3753161197  7.672103E-18
4147.2155177564  4.455899E-18
4149.05601521987  1.468159E-17
4150.89680823377  6.202151E-18
4152.7378965219  4.917736E-18
4154.57927980817  1.034526E-17
4156.42095781659  -5.419221E-18
4158.2629302713  -8.922146E-19
4160.10519689655  -3.094359E-18
4161.94775741674  2.898948E-19
4163.79061155635  1.179054E-17
4165.63375903999  1.403826E-17
4167.47719959239  5.315748E-18
4169.32093293841  2.255599E-18
4171.164958803  4.768896E-18
4173.00927691126  -4.659090E-18
4174.8538869884  8.068844E-18
4176.69878875972  5.552442E-18
4178.54398195069  1.427344E-19
4180.38946628686  1.079548E-17
4182.23524149391  1.184433E-17
4184.08130729765  3.103494E-18
4185.92766342399  -1.651903E-18
4187.77430959898  2.344325E-18
4189.62124554878  6.930543E-18
4191.46847099967  5.402090E-18
4193.31598567806  4.203652E-18
4195.16378931045  6.083879E-18
4197.01188162351  5.269151E-18
4198.86026234398  -3.560086E-18
4200.70893119876  7.407607E-18
4202.55788791484  1.756711E-18
4204.40713221936  9.191353E-18
4206.25666383956  1.085259E-17
4208.10648250281  7.378351E-18
4209.95658793659  8.489182E-18
4211.80697986853  1.305699E-17
4213.65765802634  2.336462E-18
4215.50862213789  5.838230E-18
4217.35987193115  9.020097E-18
4219.21140713423  1.441753E-17
4221.06322747533  3.600832E-18
4222.91533268281  7.518666E-19
4224.76772248512  2.402638E-18
4226.62039661087  6.057830E-18
4228.47335478875  5.385066E-18
4230.32659674761  5.510810E-18
4232.18012221639  8.164664E-18
4234.03393092418  8.575721E-18
4235.88802260018  3.699429E-18
4237.74239697371  5.969464E-18
4239.59705377423  -1.130360E-19
4241.45199273131  1.294359E-17
4243.30721357464  8.568483E-18
4245.16271603404  1.243185E-17
4247.01849983947  4.712525E-19
4248.87456472098  8.501344E-18
4250.73091040878  3.876663E-18
4252.58753663317  4.860458E-18
4254.4444431246  4.693753E-18
4256.30162961363  4.261463E-18
4258.15909583097  1.018274E-17
4260.01684150741  3.976761E-18
4261.8748663739  4.690393E-18
4263.73317016152  1.619631E-17
4265.59175260144  1.347911E-17
4267.45061342498  1.234154E-17
4269.3097523636  8.108029E-18
4271.16916914884  1.367805E-17
4273.02886351241  4.718070E-18
4274.88883518613  9.446992E-18
4276.74908390193  6.336222E-18
4278.6096093919  5.532497E-18
4280.47041138822  5.507813E-18
4282.33148962322  1.035918E-17
4284.19284382935  1.101768E-17
4286.05447373919  2.225209E-18
4287.91637908543  3.766120E-18
4289.77855960091  4.473975E-18
4291.64101501858  1.061237E-17
4293.50374507153  4.819088E-18
4295.36674949297  5.876368E-18
4297.23002801623  1.015400E-17
4299.09358037479  7.972598E-18
4300.95740630222  9.433979E-18
4302.82150553226  6.718088E-18
4304.68587779875  1.148329E-17
4306.55052283567  5.598063E-18
4308.41544037712  1.188855E-17
4310.28063015733  6.549121E-18
4312.14609191066  1.181820E-17
4314.0118253716  1.127828E-17
4315.87783027478  6.376467E-18
4317.74410635492  -8.413943E-19
4319.61065334691  1.094590E-17
4321.47747098575  7.814213E-18
4323.34455900658  4.218744E-18
4325.21191714464  5.624218E-18
4327.07954513534  8.578015E-18
4328.94744271419  7.730005E-18
4330.81560961684  8.979369E-18
4332.68404557907  6.572972E-18
4334.55275033678  7.831437E-18
4336.42172362602  2.218336E-18
4338.29096518295  4.627710E-18
4340.16047474386  1.041548E-17
4342.03025204519  7.616125E-18
4343.90029682349  1.715784E-18
4345.77060881545  1.162851E-19
4347.64118775789  4.061209E-18
4349.51203338775  -7.152366E-20
4351.38314544212  6.399667E-18
4353.2545236582  7.914538E-18
4355.12616777333  4.867719E-18
4356.998077525  7.107588E-18
4358.87025265079  3.262603E-18
4360.74269288845  9.312647E-18
4362.61539797584  4.441736E-18
4364.48836765096  6.510627E-18
4366.36160165192  1.499003E-17
4368.23509971701  4.910159E-18
4370.10886158459  8.148634E-18
4371.98288699321  4.244350E-18
4373.85717568151  9.173274E-18
4375.73172738828  5.720860E-18
4377.60654185245  4.625156E-18
4379.48161881305  1.598069E-18
4381.35695800928  4.345336E-18
4383.23255918047  3.182533E-18
4385.10842206604  -2.466253E-18
4386.98454640558  4.462105E-18
4388.86093193882  5.868986E-18
4390.7375784056  5.890373E-18
4392.6144855459  7.595244E-18
4394.49165309983  9.861643E-19
4396.36908080765  2.019954E-18
4398.24676840973  4.104149E-18
4400.12471564658  3.526665E-18
4402.00292225887  1.793531E-18
4403.88138798735  1.641538E-19
4405.76011257296  1.512288E-18
4407.63909575674  3.321088E-18
4409.51833727988  3.263598E-18
4411.39783688368  -2.307165E-19
4413.27759430962  1.165074E-18
4415.15760929926  9.757718E-19
4417.03788159433  3.906957E-18
4418.91841093669  3.874341E-18
4420.79919706833  1.834838E-18
4422.68023973137  7.230183E-18
4424.56153866806  1.501221E-18
4426.44309362081  -1.669845E-18
4428.32490433214  2.409625E-18
4430.20697054472  2.434274E-18
4432.08929200135  3.905472E-18
4433.97186844497  2.383416E-18
4435.85469961863  5.139684E-18
4437.73778526556  2.395280E-18
4439.62112512909  2.301158E-18
4441.5047189527  1.864020E-18
4443.38856648  5.048598E-18
4445.27266745475  7.782300E-18
4447.15702162082  5.409937E-18
4449.04162872225  6.100206E-18
4450.92648850319  8.921931E-19
4452.81160070793  7.879403E-18
4454.69696508091  5.241618E-18
4456.58258136669  4.890475E-18
4458.46844930998  5.664577E-18
4460.35456865561  5.699581E-18
4462.24093914858  4.003120E-18
4464.12756053399  4.893747E-18
4466.0144325571  2.800461E-19
4467.90155496329  5.385456E-18
4469.78892749809  6.524235E-18
4471.67654990716  7.297559E-18
4473.56442193632  6.397506E-18
4475.4525433315  -7.459348E-20
4477.34091383876  7.477385E-18
4479.22953320434  8.145073E-18
4481.11840117458  7.627274E-18
4483.00751749598  1.278892E-17
4484.89688191516  1.164177E-17
4486.78649417888  7.412042E-18
4488.67635403406  5.191677E-18
4490.56646122774  8.660677E-18
4492.4568155071  8.586607E-18
4494.34741661946  6.347340E-18
4496.23826431228  7.805750E-19
4498.12935833316  3.140430E-18
4500.02069842984  5.399773E-18
4501.91228435019  1.910415E-18
4503.80411584223  5.796193E-18
4505.6961926541  5.498356E-18
4507.58851453412  1.482241E-18
4509.48108123071  -2.716879E-18
4511.37389249243  2.307377E-18
4513.26694806801  3.146043E-18
4515.16024770629  5.384049E-18
4517.05379115626  6.747743E-18
4518.94757816707  5.675122E-18
4520.84160848797  1.282976E-18
4522.73588186837  5.449387E-18
4524.63039805784  3.862440E-18
4526.52515680606  2.272443E-18
4528.42015786286  4.699412E-18
4530.31540097821  8.336853E-18
4532.21088590223  6.054978E-18
4534.10661238517  7.446358E-18
4536.00258017742  5.334632E-18
4537.89878902951  5.248078E-18
4539.79523869213  3.285069E-18
4541.69192891609  5.634186E-18
4543.58885945233  5.171382E-18
4545.48603005198  4.167736E-18
4547.38344046625  5.259084E-18
4549.28109044654  3.072319E-18
4551.17897974435  2.083290E-18
4553.07710811137  1.989174E-18
4554.97547529939  3.087015E-18
4556.87408106036  1.001726E-17
4558.77292514636  7.937953E-18
4560.67200730963  -1.035488E-19
4562.57132730254  1.806956E-18
4564.47088487761  -1.969208E-20
4566.37067978748  1.127849E-17
4568.27071178496  4.191833E-18
4570.17098062299  3.595876E-18
4572.07148605464  7.630984E-18
4573.97222783316  1.970633E-18
4575.87320571189  4.690335E-18
4577.77441944436  7.822983E-19
4579.67586878422  9.297863E-18
4581.57755348526  4.786901E-18
4583.47947330142  1.437375E-18
4585.38162798678  4.744591E-18
4587.28401729557  1.768530E-18
4589.18664098216  -1.875725E-19
4591.08949880105  4.411372E-18
4592.9925905069  3.761877E-18
4594.89591585451  6.126964E-18
4596.79947459882  3.327530E-18
4598.70326649491  4.897910E-18
4600.60729129801  1.484387E-18
4602.5115487635  4.860990E-18
4604.41603864688  1.434608E-18
4606.32076070383  4.758778E-18
4608.22571469014  4.048353E-18
4610.13090036175  6.885125E-18
4612.03631747477  6.030449E-18
4613.94196578543  4.432030E-18
4615.8478450501  2.718330E-18
4617.75395502532  8.422493E-18
4619.66029546775  6.313987E-18
4621.5668661342  3.424820E-18
4623.47366678164  6.180839E-18
4625.38069716716  7.138594E-18
4627.28795704801  9.349784E-18
4629.1954461816  6.740800E-18
4631.10316432544  2.943476E-18
4633.01111123723  6.553684E-18
4634.9192866748  7.563865E-18
4636.82769039611  6.355105E-18
4638.73632215929  4.507550E-18
4640.6451817226  7.358509E-18
4642.55426884444  9.197075E-18
4644.46358328337  3.702267E-18
4646.37312479809  5.850001E-18
4648.28289314746  7.672424E-18
4650.19288809044  5.305828E-18
4652.10310938619  8.081498E-18
4654.013556794  8.204522E-18
4655.92423007327  1.003803E-17
4657.8351289836  5.998217E-18
4659.7462532847  7.934814E-18
4661.65760273644  8.496459E-18
4663.56917709884  8.808639E-18
4665.48097613204  5.740170E-18
4667.39299959637  1.835967E-18
4669.30524725227  5.466674E-18
4671.21771886034  5.063453E-18
4673.13041418133  1.089865E-17
4675.04333297613  6.024786E-18
4676.95647500578  3.887334E-18
4678.86984003146  8.246395E-18
4680.78342781452  6.598446E-18
4682.69723811643  3.989935E-18
4684.61127069881  6.256480E-18
4686.52552532345  6.013802E-18
4688.44000175227  2.638398E-18
4690.35469974732  8.889628E-18
4692.26961907084  8.260800E-18
4694.18475948519  4.106348E-18
4696.10012075287  5.889160E-18
4698.01570263655  6.919142E-18
4699.93150489903  9.540350E-18
4701.84752730327  3.592505E-18
4703.76376961238  4.904520E-18
4705.68023158959  4.403437E-18
4707.59691299832  1.133357E-17
4709.5138136021  9.027173E-18
4711.43093316463  5.561592E-18
4713.34827144976  7.400969E-18
4715.26582822147  6.051134E-18
4717.18360324391  5.999146E-18
4719.10159628137  5.509058E-18
4721.01980709827  5.239103E-18
4722.93823545921  7.672269E-18
4724.85688112892  4.558503E-18
4726.77574387227  2.850812E-18
4728.69482345431  5.461706E-18
4730.61411964022  9.531233E-18
4732.53363219531  7.079573E-18
4734.45336088507  3.952344E-18
4736.37330547512  7.266170E-18
4738.29346573125  4.874993E-18
4740.21384141937  9.638404E-18
4742.13443230556  9.122235E-18
4744.05523815605  6.935524E-18
4745.97625873721  9.493133E-18
4747.89749381555  5.814986E-18
4749.81894315775  9.107557E-18
4751.74060653064  5.559620E-18
4753.66248370118  5.227595E-18
4755.5845744365  8.449312E-18
4757.50687850386  8.568555E-18
4759.42939567068  7.188784E-18
4761.35212570454  5.466200E-18
4763.27506837316  7.707157E-18
4765.19822344441  7.959546E-18
4767.1215906863  6.707048E-18
4769.045169867  4.741374E-18
4770.96896075485  4.475001E-18
4772.89296311831  4.853125E-18
4774.81717672599  6.751260E-18
4776.74160134668  5.915863E-18
4778.6662367493  9.277004E-18
4780.59108270291  8.567704E-18
4782.51613897674  3.524459E-18
4784.44140534017  3.059276E-18
4786.36688156272  3.804672E-18
4788.29256741407  7.054169E-18
4790.21846266404  6.028752E-18
4792.14456708261  9.114301E-18
4794.07088043991  7.735282E-18
4795.99740250621  7.094198E-18
4797.92413305196  5.875836E-18
4799.85107184773  8.640740E-18
4801.77821866425  4.083649E-18
4803.7055732724  3.800066E-18
4805.63313544324  4.675164E-18
4807.56090494793  3.872442E-18
4809.48888155782  7.713699E-18
4811.4170650444  8.920668E-18
4813.34545517931  4.987851E-18
4815.27405173435  6.788610E-18
4817.20285448146  8.670805E-18
4819.13186319273  6.415428E-18
4821.06107764042  3.686580E-18
4822.99049759692  3.875071E-18
4824.92012283479  6.625853E-18
4826.84995312673  3.458331E-18
4828.77998824561  5.721117E-18
4830.71022796442  6.570600E-18
4832.64067205632  1.006262E-17
4834.57132029464  7.879944E-18
4836.50217245284  5.784971E-18
4838.43322830453  5.915399E-18
4840.36448762348  7.090065E-18
4842.29595018362  4.520399E-18
4844.22761575903  4.982039E-18
4846.15948412392  7.068796E-18
4848.09155505268  4.115538E-18
4850.02382831985  5.794275E-18
4851.9563037001  5.408578E-18
4853.88898096828  6.027124E-18
4855.82185989938  5.891086E-18
4857.75494026855  5.646033E-18
4859.68822185106  4.407893E-18
4861.6217044224  5.859717E-18
4863.55538775814  6.574764E-18
4865.48927163405  7.100432E-18
4867.42335582605  3.724288E-18
4869.35764011018  1.942189E-18
4871.29212426267  5.157369E-18
4873.22680805989  5.416011E-18
4875.16169127836  5.857363E-18
4877.09677369475  3.387517E-18
4879.0320550859  4.435190E-18
4880.96753522879  6.723823E-18
4882.90321390056  6.314284E-18
4884.83909087849  4.746954E-18
4886.77516594003  3.368147E-18
4888.71143886278  5.007769E-18
4890.64790942449  7.693146E-18
4892.58457740306  7.449124E-18
4894.52144257656  5.374293E-18
4896.4585047232  3.126305E-18
4898.39576362134  5.428156E-18
4900.33321904952  3.754815E-18
4902.27087078639  6.409797E-18
4904.20871861079  4.890705E-18
4906.14676230172  6.215679E-18
4908.08500163829  3.762355E-18
4910.02343639981  7.288230E-18
4911.96206636573  4.737028E-18
4913.90089131564  4.091717E-18
4915.8399110293  4.565319E-18
4917.77912528662  6.252120E-18
4919.71853386767  6.814912E-18
4921.65813655266  7.121416E-18
4923.59793312197  9.802358E-18
4925.53792335612  7.966574E-18
4927.4781070358  4.230943E-18
4929.41848394185  7.614035E-18
4931.35905385527  5.727406E-18
4933.29981655718  4.669190E-18
4935.24077182891  5.101641E-18
4937.18191945191  6.196636E-18
4939.12325920779  6.113385E-18
4941.06479087832  5.074570E-18
4943.00651424541  5.624746E-18
4944.94842909116  4.736015E-18
4946.89053519778  5.037211E-18
4948.83283234768  4.362159E-18
4950.77532032339  6.102448E-18
4952.71799890761  7.927524E-18
4954.6608678832  6.477673E-18
4956.60392703315  6.965743E-18
4958.54717614066  4.788700E-18
4960.49061498902  6.229041E-18
4962.43424336172  4.189136E-18
4964.37806104239  4.817121E-18
4966.32206781481  7.615457E-18
4968.26626346293  2.898371E-18
4970.21064777085  1.236819E-18
4972.15522052281  6.860928E-18
4974.09998150324  5.762485E-18
4976.04493049669  5.931176E-18
4977.9900672879  5.361636E-18
4979.93539166172  3.879424E-18
4981.88090340321  5.267170E-18
4983.82660229755  6.982095E-18
4985.77248813007  8.889777E-18
4987.7185606863  8.558044E-18
4989.66481975188  4.948468E-18
4991.61126511262  5.366846E-18
4993.5578965545  5.071354E-18
4995.50471386365  3.141602E-18
4997.45171682634  3.771891E-18
4999.39890522901  4.141006E-18
5001.34627885826  4.663940E-18
5003.29383750085  6.674177E-18
5005.24158094367  2.046378E-18
5007.1895089738  3.883409E-18
5009.13762137844  4.873294E-18
5011.08591794499  6.016297E-18
5013.03439846098  5.573735E-18
5014.98306271409  5.320982E-18
5016.93191049217  5.896597E-18
5018.88094158323  8.125695E-18
5020.83015577543  6.307090E-18
5022.77955285708  7.843431E-18
5024.72913261665  4.569551E-18
5026.67889484279  6.203358E-18
5028.62883932427  6.897342E-18
5030.57896585004  5.075346E-18
5032.52927420921  5.428331E-18
5034.47976419102  5.752577E-18
5036.4304355849  6.801219E-18
5038.38128818042  6.575417E-18
5040.33232176731  4.966168E-18
5042.28353613545  5.760426E-18
5044.23493107489  4.546516E-18
5046.18650637583  3.974082E-18
5048.13826182862  6.507453E-18
5050.09019722379  7.414242E-18
5052.042312352  6.166303E-18
5053.99460700409  5.585948E-18
5055.94708097104  5.449141E-18
5057.89973404399  1.724750E-18
5059.85256601425  8.040861E-18
5061.80557667327  7.120276E-18
5063.75876581269  4.664680E-18
5065.71213322425  4.314895E-18
5067.66567869991  6.073879E-18
5069.61940203175  5.496705E-18
5071.573303012  5.116857E-18
5073.5273814331  5.198462E-18
5075.48163708758  6.790863E-18
5077.43606976817  2.695329E-18
5079.39067926775  4.303329E-18
5081.34546537936  7.646257E-18
5083.30042789618  5.018603E-18
5085.25556661157  6.313983E-18
5087.21088131903  3.403416E-18
5089.16637181223  7.584936E-18
5091.122037885  5.999269E-18
5093.07787933132  5.572878E-18
5095.03389594533  4.596089E-18
5096.99008752131  7.355546E-18
5098.94645385374  5.713492E-18
5100.90299473723  6.119274E-18
5102.85970996654  8.116507E-18
5104.81659933661  6.173065E-18
5106.77366264252  4.465204E-18
5108.73089967952  5.812463E-18
5110.68831024302  6.472393E-18
5112.64589412857  6.656611E-18
5114.6036511319  5.523927E-18
5116.56158104888  7.243296E-18
5118.51968367556  3.806608E-18
5120.47795880813  4.313096E-18
5122.43640624293  5.319984E-18
5124.39502577649  5.228831E-18
5126.35381720548  5.894340E-18
5128.31278032671  8.112794E-18
5130.27191493719  8.109129E-18
5132.23122083404  7.810524E-18
5134.19069781459  6.661752E-18
5136.15034567628  6.864011E-18
5138.11016421675  4.841144E-18
5140.07015323376  3.077957E-18
5142.03031252526  7.318472E-18
5143.99064188934  6.173256E-18
5145.95114112426  5.632835E-18
5147.91181002843  6.296778E-18
5149.87264840043  5.606151E-18
5151.83365603898  6.609207E-18
5153.79483274297  6.452639E-18
5155.75617831144  5.225922E-18
5157.71769254362  7.325120E-18
5159.67937523886  6.893787E-18
5161.64122619669  4.854624E-18
5163.60324521678  4.319167E-18
5165.56543209898  9.190440E-18
5167.52778664329  4.437613E-18
5169.49030864988  6.094245E-18
5171.45299791905  9.218652E-18
5173.41585425128  5.868506E-18
5175.37887744721  6.621236E-18
5177.34206730764  6.496768E-18
5179.30542363351  4.779971E-18
5181.26894622595  5.593325E-18
5183.23263488621  6.473366E-18
5185.19648941574  7.838198E-18
5187.16050961611  4.217568E-18
5189.12469528909  7.568289E-18
5191.08904623657  4.703086E-18
5193.05356226062  3.992870E-18
5195.01824316347  7.739333E-18
5196.9830887475  7.740946E-18
5198.94809881526  7.757523E-18
5200.91327316944  5.411187E-18
5202.87861161291  8.481754E-18
5204.84411394869  9.407103E-18
5206.80977997996  5.407860E-18
5208.77560951006  7.170949E-18
5210.74160234248  5.169213E-18
5212.70775828089  4.446906E-18
5214.6740771291  4.667101E-18
5216.64055869108  6.631634E-18
5218.60720277097  5.561677E-18
5220.57400917307  7.819972E-18
5222.54097770183  6.198491E-18
5224.50810816186  7.452613E-18
5226.47540035793  8.105769E-18
5228.44285409498  7.060800E-18
5230.41046917809  7.757168E-18
5232.37824541252  8.216622E-18
5234.34618260367  5.371499E-18
5236.31428055711  5.215758E-18
5238.28253907858  7.006959E-18
5240.25095797395  5.785039E-18
5242.21953704927  6.759011E-18
5244.18827611076  6.298698E-18
5246.15717496477  7.779280E-18
5248.12623341783  7.043497E-18
5250.09545127663  7.020820E-18
5252.064828348  6.663343E-18
5254.03436443896  8.103310E-18
5256.00405935666  8.800848E-18
5257.97391290843  7.743133E-18
5259.94392490174  6.027688E-18
5261.91409514424  4.969799E-18
5263.88442344373  7.180206E-18
5265.85490960817  6.804404E-18
5267.82555344568  8.086881E-18
5269.79635476454  6.600607E-18
5271.76731337318  4.343261E-18
5273.7384290802  6.594534E-18
5275.70970169436  7.452050E-18
5277.68113102458  8.246177E-18
5279.65271687994  7.584787E-18
5281.62445906967  5.290502E-18
5283.59635740316  6.090770E-18
5285.56841168998  7.102313E-18
5287.54062173983  7.684099E-18
5289.51298736259  5.670422E-18
5291.4855083683  4.906228E-18
5293.45818456714  8.184391E-18
5295.43101576947  9.114578E-18
5297.40400178581  9.205348E-18
5299.37714242683  5.755158E-18
5301.35043750336  6.610067E-18
5303.32388682638  5.779410E-18
5305.29749020706  5.934678E-18
5307.27124745669  6.924911E-18
5309.24515838676  8.063659E-18
5311.2192228089  5.359651E-18
5313.19344053488  6.010652E-18
5315.16781137667  5.269027E-18
5317.14233514637  4.787405E-18
5319.11701165624  7.713721E-18
5321.09184071873  7.195048E-18
5323.06682214641  8.327325E-18
5325.04195575203  9.433620E-18
5327.0172413485  8.034318E-18
5328.99267874889  8.294339E-18
5330.96826776643  9.386692E-18
5332.94400821449  7.130128E-18
5334.91989990663  8.708252E-18
5336.89594265656  7.503246E-18
5338.87213627812  8.118768E-18
5340.84848058536  8.124349E-18
5342.82497539245  8.386473E-18
5344.80162051375  9.056794E-18
5346.77841576375  9.778078E-18
5348.75536095711  1.088511E-17
5350.73245590866  6.183338E-18
5352.70970043339  1.088544E-17
5354.68709434644  9.168506E-18
5356.6646374631  1.052021E-17
5358.64232959884  1.092845E-17
5360.62017056928  1.066268E-17
5362.5981601902  8.141192E-18
5364.57629827754  7.903186E-18
5366.55458464741  8.628448E-18
5368.53301911606  8.883610E-18
5370.51160149991  1.015787E-17
5372.49033161554  1.129063E-17
5374.46920927969  1.010776E-17
5376.44823430926  1.181536E-17
5378.4274065213  8.276403E-18
5380.40672573305  7.714222E-18
5382.38619176186  1.047344E-17
5384.36580442528  9.853313E-18
5386.345563541  1.180771E-17
5388.32546892689  8.820059E-18
5390.30552040095  1.197432E-17
5392.28571778136  9.517378E-18
5394.26606088646  1.031490E-17
5396.24654953474  1.024620E-17
5398.22718354486  8.507437E-18
5400.20796273563  1.077295E-17
5402.18888692602  9.572707E-18
5404.16995593516  1.152244E-17
5406.15116958235  9.066025E-18
5408.13252768704  9.674010E-18
5410.11403006884  1.039216E-17
5412.09567654752  8.579071E-18
5414.07746694301  8.833303E-18
5416.0594010754  9.649279E-18
5418.04147876494  1.078692E-17
5420.02369983205  1.030023E-17
5422.00606409728  1.213427E-17
5423.98857138136  9.126756E-18
5425.97122150519  8.221150E-18
5427.95401428981  1.046175E-17
5429.93694955642  9.694668E-18
5431.92002712639  8.542843E-18
5433.90324682125  1.191412E-17
5435.88660846268  1.201593E-17
5437.87011187253  8.921056E-18
5439.85375687279  1.143413E-17
5441.83754328563  9.439977E-18
5443.82147093338  9.865643E-18
5445.80553963851  1.168193E-17
5447.78974922366  1.360988E-17
5449.77409951163  9.685455E-18
5451.75859032539  1.346523E-17
5453.74322148806  1.162641E-17
5455.7279928229  9.021471E-18
5457.71290415336  9.436081E-18
5459.69795530303  8.869811E-18
5461.68314609568  1.062409E-17
5463.6684763552  1.183167E-17
5465.65394590569  1.582802E-17
5467.63955457137  1.235361E-17
5469.62530217663  1.040879E-17
5471.61118854603  1.323926E-17
5473.59721350428  1.006026E-17
5475.58337687625  1.403031E-17
5477.56967848696  1.105854E-17
5479.55611816161  9.431168E-18
5481.54269572554  1.005431E-17
5483.52941100426  1.079010E-17
5485.51626382344  1.077209E-17
5487.50325400891  1.168069E-17
5489.49038138663  1.062018E-17
5491.47764578276  9.454533E-18
5493.4650470236  1.256445E-17
5495.45258493562  1.166820E-17
5497.44025934542  1.072078E-17
5499.42807007979  9.873450E-18
5501.41601696568  1.030489E-17
5503.40409983016  9.696173E-18
5505.3923185005  9.341653E-18
5507.38067280412  1.185610E-17
5509.36916256859  1.082557E-17
5511.35778762164  1.050175E-17
5513.34654779116  1.141424E-17
5515.3354429052  1.103131E-17
5517.32447279197  1.061699E-17
5519.31363727984  1.231635E-17
5521.30293619733  8.625143E-18
5523.29236937314  1.135944E-17
5525.28193663609  1.104579E-17
5527.2716378152  1.196086E-17
5529.26147273964  1.068339E-17
5531.25144123871  7.305116E-18
5533.24154314189  9.554974E-18
5535.23177827882  1.075858E-17
5537.22214647931  1.073668E-17
5539.2126475733  1.153246E-17
5541.2032813909  1.046343E-17
5543.19404776239  9.230771E-18
5545.1849465182  9.744341E-18
5547.17597748892  1.078630E-17
5549.16714050528  9.427497E-18
5551.15843539821  8.795603E-18
5553.14986199876  8.517485E-18
5555.14142013815  1.082985E-17
5557.13310964776  1.281970E-17
5559.12493035914  1.281034E-17
5561.11688210398  9.754460E-18
5563.10896471413  1.024137E-17
5565.10117802162  6.253307E-18
5567.09352185861  9.959001E-18
5569.08599605742  5.360888E-18
5571.07860045056  8.993989E-18
5573.07133487067  1.453598E-17
5575.06419915055  6.342652E-18
5577.05719312316  -1.173801E-18
5579.05031662163  1.068607E-17
5581.04356947924  7.377067E-18
5583.03695152941  5.817980E-18
5585.03046260576  9.179009E-18
5587.02410254202  6.676056E-18
5589.01787117211  5.811236E-18
5591.01176833011  9.070665E-18
5593.00579385023  1.116862E-17
5594.99994756687  7.782693E-18
5596.99422931456  9.095365E-18
5598.988638928  8.586781E-18
5600.98317624206  9.029193E-18
5602.97784109175  8.377641E-18
5604.97263331225  8.508022E-18
5606.96755273887  7.561523E-18
5608.96259920712  7.711663E-18
5610.95777255265  1.023737E-17
5612.95307261124  7.110164E-18
5614.94849921888  9.342296E-18
5616.94405221167  8.791544E-18
5618.9397314259  1.051391E-17
5620.935536698  1.212433E-17
5622.93146786455  8.133122E-18
5624.92752476232  9.250802E-18
5626.92370722821  8.361427E-18
5628.92001509927  8.384610E-18
5630.91644821275  8.342474E-18
5632.913006406  1.090574E-17
5634.90968951657  8.707555E-18
5636.90649738215  9.166723E-18
5638.9034298406  8.252510E-18
5640.90048672992  8.902749E-18
5642.89766788828  8.900952E-18
5644.89497315399  9.964711E-18
5646.89240236554  7.936898E-18
5648.88995536156  6.897225E-18
5650.88763198085  9.163574E-18
5652.88543206236  7.497105E-18
5654.88335544519  8.667575E-18
5656.88140196861  7.279065E-18
5658.87957147204  7.014083E-18
5660.87786379505  9.713865E-18
5662.87627877739  1.075923E-17
5664.87481625895  7.004443E-18
5666.87347607976  9.238404E-18
5668.87225808004  7.811960E-18
5670.87116210015  9.192000E-18
5672.8701879806  7.862680E-18
5674.86933556207  7.198112E-18
5676.8686046854  7.231167E-18
5678.86799519157  6.164865E-18
5680.86750692172  6.005994E-18
5682.86713971715  7.913149E-18
5684.86689341933  6.359627E-18
5686.86676786986  6.662458E-18
5688.86676291051  6.945836E-18
5690.86687838322  6.362853E-18
5692.86711413006  7.174030E-18
5694.86746999328  8.714828E-18
5696.86794581526  5.683846E-18
5698.86854143855  5.915474E-18
5700.86925670587  7.148709E-18
5702.87009146008  7.575856E-18
5704.87104554419  7.132105E-18
5706.87211880139  8.295161E-18
5708.87331107499  9.385286E-18
5710.8746222085  8.183185E-18
5712.87605204555  6.544287E-18
5714.87760042993  1.002670E-17
5716.87926720561  5.633348E-18
5718.8810522167  1.017785E-17
5720.88295530745  7.963261E-18
5722.8849763223  9.622552E-18
5724.88711510581  8.835988E-18
5726.88937150272  4.620192E-18
5728.89174535792  6.332255E-18
5730.89423651645  8.981906E-18
5732.89684482351  9.258264E-18
5734.89957012446  8.468332E-18
5736.9024122648  6.563687E-18
5738.90537109019  9.245509E-18
5740.90844644647  7.310882E-18
5742.9116381796  7.530109E-18
5744.91494613571  8.447004E-18
5746.9183701611  9.751193E-18
5748.92191010219  1.066689E-17
5750.92556580559  9.649147E-18
5752.92933711805  1.018561E-17
5754.93322388647  5.325429E-18
5756.93722595792  9.292849E-18
5758.9413431796  6.974113E-18
5760.94557539889  7.787621E-18
5762.94992246332  6.742281E-18
5764.95438422056  6.482081E-18
5766.95896051844  8.543201E-18
5768.96365120497  7.225315E-18
5770.96845612827  8.522472E-18
5772.97337513665  8.278697E-18
5774.97840807856  9.061962E-18
5776.98355480261  8.653263E-18
5778.98881515756  8.812867E-18
5780.99418899232  6.827311E-18
5782.99967615597  6.460391E-18
5785.00527649772  8.502513E-18
5787.01098986697  7.342644E-18
5789.01681611323  7.832075E-18
5791.02275508619  7.522757E-18
5793.02880663571  7.465041E-18
5795.03497061176  1.062937E-17
5797.04124686451  8.441223E-18
5799.04763524424  8.487679E-18
5801.05413560143  9.252539E-18
5803.06074778667  7.087733E-18
5805.06747165073  1.024439E-17
5807.07430704454  6.647279E-18
5809.08125381915  7.018950E-18
5811.0883118258  7.649059E-18
5813.09548091586  7.432284E-18
5815.10276094087  1.080439E-17
5817.11015175251  7.394553E-18
5819.11765320261  7.404695E-18
5821.12526514318  7.255720E-18
5823.13298742635  8.167188E-18
5825.14081990442  8.525718E-18
5827.14876242985  8.089336E-18
5829.15681485524  8.899141E-18
5831.16497703335  6.813745E-18
5833.17324881708  8.020959E-18
5835.18163005951  9.817820E-18
5837.19012061384  8.983791E-18
5839.19872033345  9.991226E-18
5841.20742907185  1.133255E-17
5843.21624668273  1.252306E-17
5845.22517301992  1.094158E-17
5847.23420793738  1.266484E-17
5849.24335128925  9.479367E-18
5851.25260292983  1.121327E-17
5853.26196271354  7.516893E-18
5855.27143049497  7.409283E-18
5857.28100612888  7.062538E-18
5859.29068947014  7.751761E-18
5861.30048037382  7.904966E-18
5863.3103786951  8.277612E-18
5865.32038428935  8.078022E-18
5867.33049701205  7.229488E-18
5869.34071671887  6.699510E-18
5871.35104326562  8.796670E-18
5873.36147650825  4.489719E-18
5875.37201630288  8.109309E-18
5877.38266250576  8.046575E-18
5879.39341497331  9.435369E-18
5881.4042735621  7.465603E-18
5883.41523812884  7.521945E-18
5885.4263085304  8.627055E-18
5887.4374846238  4.255659E-18
5889.44876626622  7.218048E-18
5891.46015331498  1.016083E-17
5893.47164562755  8.681057E-18
5895.48324306155  6.826495E-18
5897.49494547477  6.811726E-18
5899.50675272513  8.601843E-18
5901.51866467072  7.203459E-18
5903.53068116975  6.899804E-18
5905.54280208061  6.753255E-18
5907.55502726183  8.769706E-18
5909.5673565721  5.757264E-18
5911.57978987025  7.561459E-18
5913.59232701526  6.852091E-18
5915.60496786626  7.603058E-18
5917.61771228254  7.474743E-18
5919.63056012354  6.479332E-18
5921.64351124884  7.268410E-18
5923.65656551818  6.019461E-18
5925.66972279144  8.302492E-18
5927.68298292866  8.502101E-18
5929.69634579002  7.287939E-18
5931.70981123587  7.497411E-18
5933.72337912669  5.507147E-18
5935.73704932312  7.132031E-18
5937.75082168594  8.771522E-18
5939.76469607609  6.486985E-18
5941.77867235466  8.284024E-18
5943.79275038288  6.261603E-18
5945.80693002213  6.988631E-18
5947.82121113396  6.040702E-18
5949.83559358005  6.997916E-18
5951.85007722222  8.255468E-18
5953.86466192247  7.612240E-18
5955.87934754293  5.733521E-18
5957.89413394587  6.931160E-18
5959.90902099374  7.147571E-18
5961.9240085491  9.721655E-18
5963.93909647469  9.964001E-18
5965.95428463339  8.306891E-18
5967.96957288822  9.542882E-18
5969.98496110237  8.434692E-18
5972.00044913914  5.111444E-18
5974.01603686202  5.404075E-18
5976.03172413463  7.512827E-18
5978.04751082074  6.567311E-18
5980.06339678427  7.188955E-18
5982.07938188928  6.538242E-18
5984.09546599998  5.090884E-18
5986.11164898076  5.263400E-18
5988.12793069611  6.824134E-18
5990.14431101069  6.593539E-18
5992.16078978932  8.052826E-18
5994.17736689694  9.904970E-18
5996.19404219867  6.660978E-18
5998.21081555976  8.301303E-18
6000.22768684559  8.019916E-18
6002.24465592173  7.804449E-18
6004.26172265387  9.248586E-18
6006.27888690784  6.977705E-18
6008.29614854964  5.479622E-18
6010.31350744541  9.395153E-18
6012.33096346142  7.830157E-18
6014.34851646412  8.961380E-18
6016.36616632007  1.294380E-17
6018.38391289601  1.335140E-17
6020.40175605881  1.827227E-17
6022.41969567549  2.081677E-17
6024.43773161321  2.102878E-17
6026.45586373929  1.644712E-17
6028.47409192119  1.120520E-17
6030.49241602652  1.029431E-17
6032.51083592302  7.239196E-18
6034.5293514786  7.522008E-18
6036.54796256131  7.713697E-18
6038.56666903933  5.961442E-18
6040.58547078101  7.232145E-18
6042.60436765483  9.079061E-18
6044.62335952943  8.430144E-18
6046.64244627357  8.362672E-18
6048.66162775619  9.040535E-18
6050.68090384635  7.040085E-18
6052.70027441327  6.694907E-18
6054.7197393263  9.095330E-18
6056.73929845496  8.550826E-18
6058.75895166889  6.187813E-18
6060.7786988379  7.627191E-18
6062.79853983192  8.715463E-18
6064.81847452104  7.376876E-18
6066.8385027755  6.159626E-18
6068.85862446567  5.967992E-18
6070.87883946208  6.351428E-18
6072.8991476354  8.788800E-18
6074.91954885644  8.628041E-18
6076.94004299615  8.901181E-18
6078.96062992564  9.049836E-18
6080.98130951617  6.734466E-18
6083.00208163911  7.985174E-18
6085.02294616601  7.452612E-18
6087.04390296855  9.728647E-18
6089.06495191855  8.827163E-18
6091.08609288799  8.177195E-18
6093.10732574897  8.230043E-18
6095.12865037376  8.936533E-18
6097.15006663476  9.848364E-18
6099.17157440451  8.047898E-18
6101.1931735557  8.419091E-18
6103.21486396117  9.693447E-18
6105.2366454939  7.451344E-18
6107.258518027  9.877883E-18
6109.28048143374  9.094816E-18
6111.30253558753  6.343860E-18
6113.32468036191  8.030451E-18
6115.34691563059  7.340450E-18
6117.36924126741  9.890877E-18
6119.39165714633  1.030930E-17
6121.41416314149  9.440941E-18
6123.43675912715  9.875854E-18
6125.45944497773  8.360496E-18
6127.48222056777  9.517165E-18
6129.50508577196  7.188283E-18
6131.52804046516  7.725705E-18
6133.55108452233  9.292983E-18
6135.57421781861  1.003146E-17
6137.59744022924  1.096228E-17
6139.62075162965  8.930948E-18
6141.64415189538  9.562072E-18
6143.66764090212  1.035497E-17
6145.6912185257  8.950567E-18
6147.71488464211  7.588838E-18
6149.73863912745  8.695281E-18
6151.76248185799  7.746773E-18
6153.78641271012  8.706221E-18
6155.81043156039  7.123576E-18
6157.83453828549  8.172813E-18
6159.85873276222  8.525397E-18
6161.88301486757  9.522741E-18
6163.90738447863  1.026400E-17
6165.93184147267  1.036955E-17
6167.95638572705  9.399247E-18
6169.98101711932  9.928884E-18
6172.00573552714  9.797982E-18
6174.03054082834  9.484318E-18
6176.05543290085  1.009248E-17
6178.08041162277  8.274040E-18
6180.10547687234  9.249572E-18
6182.13062852792  9.187544E-18
6184.15586646803  7.394258E-18
6186.18119057133  8.781518E-18
6188.20660071661  8.545900E-18
6190.2320967828  8.355850E-18
6192.25767864897  9.969772E-18
6194.28334619435  1.041884E-17
6196.30909929828  8.843452E-18
6198.33493784025  8.980987E-18
6200.3608616999  9.251379E-18
6202.386870757  9.941478E-18
6204.41296489146  8.598876E-18
6206.43914398333  9.564462E-18
6208.4654079128  9.509835E-18
6210.4917565602  1.167650E-17
6212.51818980599  1.099227E-17
6214.54470753079  1.039693E-17
6216.57130961533  1.000821E-17
6218.5979959405  9.881342E-18
6220.62476638732  9.538376E-18
6222.65162083696  9.357793E-18
6224.6785591707  8.133197E-18
6226.70558127  9.437040E-18
6228.73268701642  9.276945E-18
6230.75987629168  1.084361E-17
6232.78714897763  1.097411E-17
6234.81450495625  9.613048E-18
6236.84194410968  1.106909E-17
6238.86946632018  8.498863E-18
6240.89707147015  9.506325E-18
6242.92475944214  8.767203E-18
6244.95253011881  9.735902E-18
6246.98038338299  1.151499E-17
6249.00831911762  1.024117E-17
6251.0363372058  1.024277E-17
6253.06443753074  1.179409E-17
6255.09261997582  9.092576E-18
6257.12088442453  1.053388E-17
6259.14923076051  1.177877E-17
6261.17765886753  1.126376E-17
6263.2061686295  1.137171E-17
6265.23475993046  1.114074E-17
6267.2634326546  9.742916E-18
6269.29218668624  1.078080E-17
6271.32102190982  9.784685E-18
6273.34993820995  1.206705E-17
6275.37893547133  9.814376E-18
6277.40801357885  7.990468E-18
6279.43717241749  1.132145E-17
6281.46641187238  1.312383E-17
6283.4957318288  1.142133E-17
6285.52513217215  1.051354E-17
6287.55461278797  1.282214E-17
6289.58417356193  1.045820E-17
6291.61381437984  8.279628E-18
6293.64353512764  7.392441E-18
6295.67333569142  1.159328E-17
6297.70321595739  7.699803E-18
6299.73317581189  6.962436E-18
6301.76321514142  1.213408E-17
6303.79333383258  1.195252E-17
6305.82353177213  8.953152E-18
6307.85380884695  1.013813E-17
6309.88416494406  1.084492E-17
6311.91459995063  1.096500E-17
6313.94511375393  1.027355E-17
6315.97570624138  1.237695E-17
6318.00637730055  1.219724E-17
6320.03712681912  1.218309E-17
6322.06795468492  1.090174E-17
6324.09886078589  1.364757E-17
6326.12984501013  1.026458E-17
6328.16090724586  1.006948E-17
6330.19204738143  1.045058E-17
6332.22326530534  1.258701E-17
6334.25456090621  9.737324E-18
6336.28593407278  1.051798E-17
6338.31738469394  9.697566E-18
6340.34891265871  1.245989E-17
6342.38051785625  1.098187E-17
6344.41220017584  1.285020E-17
6346.44395950689  1.247710E-17
6348.47579573894  1.098867E-17
6350.50770876169  1.109819E-17
6352.53969846493  1.194128E-17
6354.57176473862  1.063693E-17
6356.60390747283  9.200072E-18
6358.63612655776  9.445240E-18
6360.66842188375  1.357678E-17
6362.70079334127  1.136379E-17
6364.73324082091  1.014981E-17
6366.76576421342  1.301984E-17
6368.79836340965  9.254689E-18
6370.8310383006  1.291133E-17
6372.86378877738  1.272836E-17
6374.89661473126  1.223156E-17
6376.92951605362  1.243027E-17
6378.96249263596  1.083148E-17
6380.99554436994  1.235267E-17
6383.02867114734  1.382127E-17
6385.06187286005  1.158876E-17
6387.09514940011  1.133673E-17
6389.12850065969  1.250675E-17
6391.16192653108  1.101933E-17
6393.19542690671  1.450486E-17
6395.22900167913  1.337121E-17
6397.26265074103  1.260150E-17
6399.2963739852  1.149436E-17
6401.33017130461  1.384740E-17
6403.36404259231  1.389009E-17
6405.39798774151  1.343262E-17
6407.43200664553  1.334886E-17
6409.46609919783  1.278396E-17
6411.500265292  1.502057E-17
6413.53450482175  1.383018E-17
6415.56881768092  1.303028E-17
6417.60320376348  1.257037E-17
6419.63766296353  1.425648E-17
6421.6721951753  1.420308E-17
6423.70680029314  1.086240E-17
6425.74147821153  1.420259E-17
6427.77622882508  1.239895E-17
6429.81105202853  1.314479E-17
6431.84594771674  1.304797E-17
6433.8809157847  1.210854E-17
6435.91595612754  1.291340E-17
6437.95106864048  1.265802E-17
6439.98625321892  1.263340E-17
6442.02150975835  1.119831E-17
6444.05683815438  1.355432E-17
6446.09223830279  1.436079E-17
6448.12771009943  1.300261E-17
6450.16325344033  1.262993E-17
6452.1988682216  1.327990E-17
6454.23455433951  1.204202E-17
6456.27031169043  1.344398E-17
6458.30614017089  1.262319E-17
6460.34203967751  1.379431E-17
6462.37801010704  1.042150E-17
6464.41405135639  1.211148E-17
6466.45016332255  1.266449E-17
6468.48634590266  1.279552E-17
6470.52259899399  1.353715E-17
6472.55892249391  1.276292E-17
6474.59531629995  1.291465E-17
6476.63178030973  1.451279E-17
6478.66831442101  1.485010E-17
6480.70491853168  1.380390E-17
6482.74159253975  1.399880E-17
6484.77833634334  1.380606E-17
6486.81514984072  1.345427E-17
6488.85203293026  1.498308E-17
6490.88898551048  1.364770E-17
6492.92600747999  1.424011E-17
6494.96309873755  1.081926E-17
6497.00025918204  1.354050E-17
6499.03748871245  1.147844E-17
6501.0747872279  1.312284E-17
6503.11215462764  1.363867E-17
6505.14959081104  1.340803E-17
6507.18709567758  1.388887E-17
6509.22466912688  1.337602E-17
6511.26231105867  1.178718E-17
6513.30002137282  1.290117E-17
6515.33779996929  1.199102E-17
6517.3756467482  1.190668E-17
6519.41356160977  1.239005E-17
6521.45154445434  1.601206E-17
6523.48959518238  1.470222E-17
6525.52771369448  1.361199E-17
6527.56589989136  1.114855E-17
6529.60415367383  1.427048E-17
6531.64247494287  1.336448E-17
6533.68086359954  1.348146E-17
6535.71931954503  1.555912E-17
6537.75784268067  1.302134E-17
6539.79643290789  1.414516E-17
6541.83509012825  1.264591E-17
6543.87381424342  1.495438E-17
6545.91260515521  1.331503E-17
6547.95146276554  1.157970E-17
6549.99038697645  1.405878E-17
6552.02937769008  1.389633E-17
6554.06843480872  1.337241E-17
6556.10755823477  1.283511E-17
6558.14674787076  1.475788E-17
6560.1860036193  1.279361E-17
6562.22532538316  1.375127E-17
6564.26471306522  1.412293E-17
6566.30416656847  1.239937E-17
6568.34368579603  1.380816E-17
6570.38327065112  1.267791E-17
6572.42292103709  1.280834E-17
6574.46263685743  1.394694E-17
6576.5024180157  1.414047E-17
6578.54226441563  1.264932E-17
6580.58217596103  1.399254E-17
6582.62215255585  1.570912E-17
6584.66219410413  1.483934E-17
6586.70230051007  1.362559E-17
6588.74247167796  1.601817E-17
6590.78270751221  1.713627E-17
6592.82300791734  1.328044E-17
6594.863372798  1.373580E-17
6596.90380205897  1.481738E-17
6598.94429560511  1.521136E-17
6600.98485334143  1.595288E-17
6603.02547517303  1.540118E-17
6605.06616100515  1.469325E-17
6607.10691074314  1.495926E-17
6609.14772429245  1.388543E-17
6611.18860155867  1.517830E-17
6613.22954244749  1.638150E-17
6615.27054686471  1.526510E-17
6617.31161471627  1.463939E-17
6619.35274590821  1.499636E-17
6621.39394034668  1.577199E-17
6623.43519793795  1.402648E-17
6625.47651858841  1.340296E-17
6627.51790220456  1.296201E-17
6629.55934869301  1.521535E-17
6631.60085796051  1.434722E-17
6633.64242991389  1.469540E-17
6635.68406446011  1.299315E-17
6637.72576150624  1.387217E-17
6639.76752095948  1.410281E-17
6641.80934272713  1.802836E-17
6643.8512267166  1.393261E-17
6645.89317283541  1.359528E-17
6647.93518099123  1.434632E-17
6649.97725109178  1.413423E-17
6652.01938304496  1.474174E-17
6654.06157675873  1.509167E-17
6656.1038321412  1.535501E-17
6658.14614910058  1.564282E-17
6660.18852754517  1.237681E-17
6662.23096738342  1.311064E-17
6664.27346852387  1.558048E-17
6666.31603087518  1.417314E-17
6668.35865434611  1.501829E-17
6670.40133884556  1.337625E-17
6672.44408428251  1.595089E-17
6674.48689056606  1.420540E-17
6676.52975760543  1.478573E-17
6678.57268530996  1.552863E-17
6680.61567358907  1.413774E-17
6682.65872235232  1.583184E-17
6684.70183150937  1.495027E-17
6686.74500096999  1.390920E-17
6688.78823064406  1.598136E-17
6690.83152044157  1.562969E-17
6692.87487027263  1.452210E-17
6694.91828004745  1.265905E-17
6696.96174967635  1.434528E-17
6699.00527906976  1.392184E-17
6701.04886813823  1.268802E-17
6703.09251679242  1.275976E-17
6705.13622494306  1.453685E-17
6707.17999250105  1.398769E-17
6709.22381937736  1.370100E-17
6711.26770548306  1.438677E-17
6713.31165072938  1.196698E-17
6715.35565502761  1.274659E-17
6717.39971828916  1.352627E-17
6719.44384042556  1.366336E-17
6721.48802134844  1.612914E-17
6723.53226096954  1.491420E-17
6725.5765592007  1.367281E-17
6727.62091595388  1.145273E-17
6729.66533114114  1.205900E-17
6731.70980467466  1.230014E-17
6733.7543364667  1.281039E-17
6735.79892642965  1.259860E-17
6737.84357447601  1.302870E-17
6739.88828051837  1.379121E-17
6741.93304446943  1.248642E-17
6743.97786624202  1.244042E-17
6746.02274574903  1.088589E-17
6748.06768290351  1.186524E-17
6750.11267761857  1.151194E-17
6752.15772980746  1.106769E-17
6754.20283938351  1.160811E-17
6756.24800626018  1.192088E-17
6758.29323035102  1.157351E-17
6760.33851156968  1.210703E-17
6762.38384982992  1.195528E-17
6764.42924504562  1.192312E-17
6766.47469713075  1.096262E-17
6768.52020599939  1.258813E-17
6770.56577156571  1.019480E-17
6772.611393744  1.159898E-17
6774.65707244867  1.208928E-17
6776.70280759419  1.196710E-17
6778.74859909517  1.174176E-17
6780.79444686631  1.121397E-17
6782.84035082242  1.228095E-17
6784.88631087841  1.077993E-17
6786.93232694929  1.091806E-17
6788.97839895017  1.185005E-17
6791.02452679627  1.202592E-17
6793.07071040292  1.329916E-17
6795.11694968555  1.104556E-17
6797.16324455967  1.249424E-17
6799.20959494091  1.305155E-17
6801.25600074502  1.258836E-17
6803.30246188781  1.086114E-17
6805.34897828523  1.369275E-17
6807.39554985332  1.178583E-17
6809.4421765082  1.124411E-17
6811.48885816613  1.145853E-17
6813.53559474344  1.128347E-17
6815.58238615657  1.311113E-17
6817.62923232207  1.239639E-17
6819.67613315658  1.341457E-17
6821.72308857685  1.127781E-17
6823.77009849972  1.186402E-17
6825.81716284212  1.180145E-17
6827.86428152112  8.868168E-18
6829.91145445386  1.090235E-17
6831.95868155757  1.166989E-17
6834.00596274961  1.068037E-17
6836.0532979474  1.243937E-17
6838.10068706852  1.210020E-17
6840.14813003058  1.421585E-17
6842.19562675134  1.135740E-17
6844.24317714863  1.112818E-17
6846.29078114038  1.054239E-17
6848.33843864465  1.095629E-17
6850.38614957956  1.276085E-17
6852.43391386335  1.252540E-17
6854.48173141434  1.166809E-17
6856.52960215097  1.181452E-17
6858.57752599176  1.025792E-17
6860.62550285534  1.330464E-17
6862.67353266043  1.018618E-17
6864.72161532584  1.114127E-17
6866.7697507705  1.374231E-17
6868.81793891341  9.900647E-18
6870.86617967369  1.119504E-17
6872.91447297053  1.251568E-17
6874.96281872325  1.131169E-17
6877.01121685124  1.084323E-17
6879.05966727398  1.166560E-17
6881.10816991109  1.257479E-17
6883.15672468222  1.041605E-17
6885.20533150718  1.162632E-17
6887.25399030583  1.165860E-17
6889.30270099815  1.146973E-17
6891.3514635042  1.206201E-17
6893.40027774414  1.199421E-17
6895.44914363823  1.229016E-17
6897.49806110682  1.033150E-17
6899.54703007034  1.202315E-17
6901.59605044935  1.003762E-17
6903.64512216448  1.190018E-17
6905.69424513644  1.021868E-17
6907.74341928606  1.139371E-17
6909.79264453426  1.048864E-17
6911.84192080203  1.091783E-17
6913.89124801048  1.087628E-17
6915.9406260808  1.050880E-17
6917.99005493428  1.007372E-17
6920.03953449229  1.175352E-17
6922.0890646763  1.179741E-17
6924.13864540788  1.063787E-17
6926.18827660868  1.197110E-17
6928.23795820045  1.169031E-17
6930.28769010502  1.114329E-17
6932.33747224432  1.102372E-17
6934.38730454039  1.018133E-17
6936.43718691532  1.223585E-17
6938.48711929132  1.189877E-17
6940.53710159068  1.087308E-17
6942.58713373579  9.912503E-18
6944.63721564913  1.119505E-17
6946.68734725326  1.074283E-17
6948.73752847083  1.130587E-17
6950.7877592246  1.054638E-17
6952.83803943739  1.218368E-17
6954.88836903214  1.194428E-17
6956.93874793185  1.014605E-17
6958.98917605964  1.035565E-17
6961.03965333868  1.187220E-17
6963.09017969228  1.133090E-17
6965.14075504378  1.145067E-17
6967.19137931667  1.117513E-17
6969.24205243447  1.267791E-17
6971.29277432084  9.102128E-18
6973.34354489948  1.254194E-17
6975.39436409423  1.130298E-17
6977.44523182896  1.102938E-17
6979.49614802767  1.054117E-17
6981.54711261444  1.260744E-17
6983.59812551342  1.181742E-17
6985.64918664887  1.152975E-17
6987.70029594512  1.198862E-17
6989.75145332658  1.018106E-17
6991.80265871778  1.123685E-17
6993.8539120433  1.113665E-17
6995.90521322782  1.238339E-17
6997.95656219612  1.145809E-17
7000.00795887303  9.450469E-18
7002.05940318351  1.073547E-17
7004.11089505256  1.270977E-17
7006.16243440531  1.174339E-17
7008.21402116694  9.945012E-18
7010.26565526274  1.070334E-17
7012.31733661805  1.093539E-17
7014.36906515834  8.674520E-18
7016.42084080914  9.381433E-18
7018.47266349605  1.075428E-17
7020.52453314477  1.032094E-17
7022.5764496811  1.135530E-17
7024.62841303089  1.122817E-17
7026.6804231201  8.471108E-18
7028.73247987476  1.103780E-17
7030.78458322098  1.043268E-17
7032.83673308497  1.009903E-17
7034.888929393  9.990644E-18
7036.94117207145  1.091864E-17
7038.99346104674  1.024478E-17
7041.04579624542  9.845331E-18
7043.09817759409  1.017136E-17
7045.15060501945  9.816816E-18
7047.20307844827  1.101959E-17
7049.2555978074  9.425805E-18
7051.30816302378  1.186697E-17
7053.36077402442  8.442784E-18
7055.41343073643  1.130977E-17
7057.46613308697  1.186155E-17
7059.51888100332  9.460541E-18
7061.5716744128  1.061617E-17
7063.62451324283  9.560353E-18
7065.67739742092  9.225788E-18
7067.73032687465  9.798189E-18
7069.78330153166  1.159725E-17
7071.8363213197  1.045914E-17
7073.88938616658  1.078817E-17
7075.9424960002  9.745118E-18
7077.99565074853  1.100763E-17
7080.04885033961  1.025992E-17
7082.1020947016  1.065163E-17
7084.15538376268  9.593263E-18
7086.20871745115  8.920500E-18
7088.26209569537  9.348791E-18
7090.31551842378  9.619065E-18
7092.36898556491  1.125003E-17
7094.42249704734  1.222182E-17
7096.47605279975  1.088515E-17
7098.5296527509  1.050944E-17
7100.5832968296  9.849942E-18
7102.63698496477  1.124785E-17
7104.69071708537  1.167810E-17
7106.74449312047  1.104651E-17
7108.7983129992  1.076075E-17
7110.85217665075  1.062433E-17
7112.90608400443  1.049006E-17
7114.96003498957  1.132336E-17
7117.01402953563  1.206399E-17
7119.06806757209  1.179299E-17
7121.12214902855  1.207003E-17
7123.17627383467  9.088762E-18
7125.23044192016  1.140175E-17
7127.28465321485  9.547865E-18
7129.3389076486  1.036790E-17
7131.39320515137  1.073917E-17
7133.44754565318  1.036319E-17
7135.50192908415  1.191533E-17
7137.55635537443  1.134481E-17
7139.61082445427  1.107264E-17
7141.665336254  1.210337E-17
7143.719890704  1.167402E-17
7145.77448773473  1.110483E-17
7147.82912727674  1.009958E-17
7149.88380926063  1.091176E-17
7151.93853361708  1.040457E-17
7153.99330027683  1.096764E-17
7156.04810917072  1.090734E-17
7158.10296022963  1.180143E-17
7160.15785338453  1.170545E-17
7162.21278856646  1.217274E-17
7164.26776570651  1.268384E-17
7166.32278473587  1.071131E-17
7168.37784558578  9.431393E-18
7170.43294818757  9.811279E-18
7172.4880924726  1.030414E-17
7174.54327837235  1.062023E-17
7176.59850581832  9.331616E-18
7178.65377474213  1.134563E-17
7180.70908507544  1.057990E-17
7182.76443674996  9.878168E-18
7184.81982969751  1.147601E-17
7186.87526384995  1.171025E-17
7188.93073913922  1.159224E-17
7190.98625549733  1.188497E-17
7193.04181285635  1.209214E-17
7195.09741114842  1.054276E-17
7197.15305030574  9.821561E-18
7199.2087302606  1.158220E-17
7201.26445094533  1.075689E-17
7203.32021229235  9.016318E-18
7205.37601423412  1.024599E-17
7207.43185670319  1.100481E-17
7209.48773963217  9.822577E-18
7211.54366295373  1.174780E-17
7213.59962660062  1.111309E-17
7215.65563050563  1.076584E-17
7217.71167460164  1.124646E-17
7219.76775882158  1.041849E-17
7221.82388309846  1.128309E-17
7223.88004736533  9.544926E-18
7225.93625155534  1.161150E-17
7227.99249560167  1.192828E-17
7230.04877943758  1.058527E-17
7232.1051029964  9.222230E-18
7234.16146621151  1.166406E-17
7236.21786901636  1.199612E-17
7238.27431134446  9.958190E-18
7240.3307931294  9.311232E-18
7242.3873143048  1.186174E-17
7244.44387480437  1.008692E-17
7246.50047456188  9.085194E-18
7248.55711351115  1.039020E-17
7250.61379158607  1.051732E-17
7252.67050872059  1.042479E-17
7254.72726484873  1.156181E-17
7256.78405990455  1.140437E-17
7258.84089382219  1.078208E-17
7260.89776653585  9.932101E-18
7262.95467797978  8.651507E-18
7265.0116280883  1.009041E-17
7267.06861679579  9.828769E-18
7269.12564403669  8.722660E-18
7271.18270974549  1.126385E-17
7273.23981385675  8.375200E-18
7275.29695630509  5.797045E-18
7277.35413702519  9.585229E-18
7279.41135595178  9.141921E-18
7281.46861301965  1.058329E-17
7283.52590816367  9.949528E-18
7285.58324131873  9.802364E-18
7287.64061241982  1.091663E-17
7289.69802140196  9.492147E-18
7291.75546820023  1.063133E-17
7293.81295274979  1.011206E-17
7295.87047498582  1.007538E-17
7297.9280348436  1.139641E-17
7299.98563225843  1.290304E-17
7302.04326716569  9.772587E-18
7304.10093950081  9.874907E-18
7306.15864919927  1.137494E-17
7308.21639619662  9.673359E-18
7310.27418042845  8.906934E-18
7312.33200183042  1.084998E-17
7314.38986033823  9.051689E-18
7316.44775588765  1.039659E-17
7318.5056884145  8.798030E-18
7320.56365785465  1.094637E-17
7322.62166414404  9.095750E-18
7324.67970721864  1.180651E-17
7326.7377870145  1.068071E-17
7328.7959034677  1.086598E-17
7330.85405651439  1.171657E-17
7332.91224609077  1.136032E-17
7334.9704721331  9.687660E-18
7337.02873457768  1.323491E-17
7339.08703336086  1.214238E-17
7341.14536841906  8.587449E-18
7343.20373968875  1.224262E-17
7345.26214710644  1.091994E-17
7347.32059060869  1.206112E-17
7349.37907013214  1.226057E-17
7351.43758561344  1.089470E-17
7353.49613698933  1.183654E-17
7355.55472419658  1.201790E-17
7357.61334717202  9.176662E-18
7359.67200585251  1.015581E-17
7361.730700175  1.121931E-17
7363.78943007645  8.540239E-18
7365.84819549389  9.601214E-18
7367.90699636441  9.631967E-18
7369.96583262512  9.531320E-18
7372.02470421321  1.183603E-17
7374.0836110659  1.025997E-17
7376.14255312046  9.600091E-18
7378.20153031423  1.211400E-17
7380.26054258456  1.196482E-17
7382.31958986889  1.161719E-17
7384.37867210468  1.107399E-17
7386.43778922945  1.099968E-17
7388.49694118076  9.167447E-18
7390.55612789623  9.668498E-18
7392.6153493135  1.102090E-17
7394.6746053703  1.024372E-17
7396.73389600437  9.621508E-18
7398.79322115352  1.254026E-17
7400.85258075558  1.068427E-17
7402.91197474845  1.125481E-17
7404.97140307008  1.169952E-17
7407.03086565843  1.146596E-17
7409.09036245155  1.068376E-17
7411.1498933875  1.124573E-17
7413.20945840441  8.559841E-18
7415.26905744044  1.079991E-17
7417.3286904338  1.032007E-17
7419.38835732274  1.090160E-17
7421.44805804556  1.046815E-17
7423.5077925406  9.803211E-18
7425.56756074625  1.175196E-17
7427.62736260093  1.122856E-17
7429.68719804312  1.122009E-17
7431.74706701132  1.015681E-17
7433.80696944411  1.084450E-17
7435.86690528007  1.168769E-17
7437.92687445785  1.148211E-17
7439.98687691614  1.005077E-17
7442.04691259366  1.071936E-17
7444.10698142917  1.138367E-17
7446.16708336149  9.815409E-18
7448.22721832947  1.082832E-17
7450.287386272  1.114921E-17
7452.34758712802  1.093701E-17
7454.40782083648  1.118844E-17
7456.46808733641  1.124818E-17
7458.52838656686  1.019521E-17
7460.58871846692  9.813477E-18
7462.64908297573  1.024429E-17
7464.70948003245  1.064912E-17
7466.7699095763  1.014257E-17
7468.83037154653  1.031320E-17
7470.89086588241  1.053903E-17
7472.95139252329  8.842555E-18
7475.01195140853  1.091480E-17
7477.07254247752  9.891214E-18
7479.13316566971  1.042012E-17
7481.19382092458  1.137404E-17
7483.25450818164  1.132733E-17
7485.31522738044  1.039418E-17
7487.37597846058  1.256588E-17
7489.43676136168  1.195842E-17
7491.49757602339  1.283204E-17
7493.55842238543  1.125302E-17
7495.61930038752  9.532231E-18
7497.68020996943  1.022345E-17
7499.74115107097  9.583743E-18
7501.80212363197  1.132290E-17
7503.86312759232  9.285975E-18
7505.92416289192  1.053141E-17
7507.98522947072  9.587473E-18
7510.04632726869  1.081066E-17
7512.10745622586  1.039788E-17
7514.16861628225  1.123031E-17
7516.22980737796  1.017761E-17
7518.29102945309  1.071319E-17
7520.3522824478  9.899017E-18
7522.41356630226  8.997437E-18
7524.47488095668  1.079243E-17
7526.53622635131  1.118116E-17
7528.59760242642  9.969700E-18
7530.65900912232  1.125882E-17
7532.72044637935  1.084562E-17
7534.78191413789  9.982648E-18
7536.84341233832  1.048076E-17
7538.90494092109  1.223173E-17
7540.96649982666  1.002260E-17
7543.02808899552  1.149300E-17
7545.08970836821  1.219818E-17
7547.15135788526  1.190672E-17
7549.21303748726  1.188710E-17
7551.27474711484  1.125821E-17
7553.33648670863  1.077670E-17
7555.3982562093  1.093015E-17
7557.46005555755  1.046532E-17
7559.52188469412  1.038496E-17
7561.58374355976  1.095467E-17
7563.64563209525  1.107790E-17
7565.70755024141  9.785261E-18
7567.76949793908  1.054319E-17
7569.83147512913  1.244127E-17
7571.89348175245  1.086411E-17
7573.95551774996  1.189561E-17
7576.01758306261  1.286537E-17
7578.07967763138  1.223279E-17
7580.14180139728  1.142646E-17
7582.20395430131  1.258573E-17
7584.26613628454  1.248392E-17
7586.32834728805  1.185456E-17
7588.39058725294  1.045443E-17
7590.45285612033  1.235069E-17
7592.51515383139  1.076681E-17
7594.57748032727  1.166907E-17
7596.6398355492  1.170682E-17
7598.70221943839  1.162213E-17
7600.76463193609  1.126719E-17
7602.82707298357  1.231113E-17
7604.88954252213  1.075070E-17
7606.95204049309  1.201926E-17
7609.01456683779  1.143826E-17
7611.07712149759  1.163039E-17
7613.13970441387  1.164164E-17
7615.20231552806  1.236562E-17
7617.26495478156  1.295836E-17
7619.32762211584  1.309360E-17
7621.39031747237  1.160589E-17
7623.45304079264  1.093286E-17
7625.51579201816  1.116001E-17
7627.57857109048  1.135954E-17
7629.64137795113  9.826684E-18
7631.7042125417  1.154357E-17
7633.76707480379  1.161328E-17
7635.829964679  1.287085E-17
7637.89288210897  1.219995E-17
7639.95582703536  1.198191E-17
7642.01879939982  1.282954E-17
7644.08179914405  1.149582E-17
7646.14482620977  1.266575E-17
7648.20788053869  1.252026E-17
7650.27096207255  1.230902E-17
7652.33407075312  1.229850E-17
7654.39720652218  1.160871E-17
7656.46036932152  1.241249E-17
7658.52355909295  1.368640E-17
7660.5867757783  1.065717E-17
7662.65001931942  1.145552E-17
7664.71328965816  1.270422E-17
7666.77658673641  1.100130E-17
7668.83991049605  1.175174E-17
7670.90326087899  1.123146E-17
7672.96663782716  1.086690E-17
7675.03004128248  1.271557E-17
7677.09347118691  1.133184E-17
7679.15692748243  1.361354E-17
7681.22041011099  1.153085E-17
7683.2839190146  1.332784E-17
7685.34745413527  1.322253E-17
7687.41101541502  1.214804E-17
7689.47460279587  1.240306E-17
7691.53821621988  1.287878E-17
7693.60185562909  1.266497E-17
7695.66552096559  1.390832E-17
7697.72921217146  1.413482E-17
7699.79292918877  1.247534E-17
7701.85667195966  1.283973E-17
7703.92044042622  1.247023E-17
7705.98423453058  1.226551E-17
7708.04805421489  1.292996E-17
7710.1118994213  1.040437E-17
7712.17577009195  9.511882E-18
7714.23966616902  1.170624E-17
7716.30358759469  1.171289E-17
7718.36753431115  1.271269E-17
7720.43150626059  1.242801E-17
7722.49550338521  1.264722E-17
7724.55952562724  1.344558E-17
7726.62357292889  1.400053E-17
7728.68764523239  1.292341E-17
7730.75174247999  1.327480E-17
7732.81586461392  1.411818E-17
7734.88001157645  1.199697E-17
7736.94418330982  1.363266E-17
7739.00837975632  1.381182E-17
7741.07260085821  1.279578E-17
7743.13684655778  1.142871E-17
7745.2011167973  1.518511E-17
7747.26541151907  1.378078E-17
7749.32973066539  1.028807E-17
7751.39407417857  1.345468E-17
7753.4584420009  1.260702E-17
7755.5228340747  1.170046E-17
7757.58725034229  1.295823E-17
7759.65169074599  1.379808E-17
7761.71615522811  1.238429E-17
7763.78064373101  1.426813E-17
7765.84515619699  1.106674E-17
7767.9096925684  1.147181E-17
7769.97425278758  1.157958E-17
7772.03883679686  1.468695E-17
7774.1034445386  1.257872E-17
7776.16807595513  1.355399E-17
7778.2327309888  1.270192E-17
7780.29740958197  1.355419E-17
7782.36211167697  1.415546E-17
7784.42683721617  1.213929E-17
7786.4915861419  1.045200E-17
7788.55635839654  1.152519E-17
7790.62115392242  1.271787E-17
7792.6859726619  8.195178E-18
7794.75081455733  1.270030E-17
7796.81567955106  1.237415E-17
7798.88056758545  1.261546E-17
7800.94547860284  1.234239E-17
7803.01041254559  1.301426E-17
7805.07536935603  1.339254E-17
7807.14034897652  1.116424E-17
7809.20535134939  1.086287E-17
7811.270376417  1.227494E-17
7813.33542412166  1.160737E-17
7815.40049440573  1.243298E-17
7817.46558721152  1.580533E-17
7819.53070248138  1.273982E-17
7821.59584015762  1.268261E-17
7823.66100018256  1.358635E-17
7825.72618249852  1.304445E-17
7827.79138704781  1.318801E-17
7829.85661377274  1.220195E-17
7831.92186261561  1.277089E-17
7833.98713351872  1.307390E-17
7836.05242642435  1.239201E-17
7838.11774127479  1.356878E-17
7840.18307801232  1.303690E-17
7842.24843657922  1.357973E-17
7844.31381691774  1.390845E-17
7846.37921897014  1.031563E-17
7848.44464267868  1.161490E-17
7850.51008798561  1.183713E-17
7852.57555483315  9.948616E-18
7854.64104316353  8.648084E-18
7856.70655291898  1.425826E-17
7858.77208404169  1.030028E-17
7860.83763647389  1.496277E-17
7862.90321015776  1.207443E-17
7864.96880503547  1.216834E-17
7867.03442104922  1.307759E-17
7869.10005814115  1.105484E-17
7871.16571625343  1.344621E-17
7873.2313953282  1.310319E-17
7875.29709530758  1.114560E-17
7877.36281613371  1.292327E-17
7879.42855774868  1.300545E-17
7881.4943200946  1.254332E-17
7883.56010311356  1.116643E-17
7885.62590674763  1.323217E-17
7887.69173093886  1.509645E-17
7889.75757562932  1.587381E-17
7891.82344076103  2.282041E-17
7893.88932627602  2.198655E-17
7895.9552321163  2.293760E-17
7898.02115822386  2.112274E-17
7900.08710454069  1.661768E-17
7902.15307100875  1.240135E-17
7904.21905756999  1.205674E-17
7906.28506416636  8.838285E-18
7908.35109073977  1.190472E-17
7910.41713723212  1.086315E-17
7912.48320358533  9.261170E-18
7914.54928974124  9.205694E-18
7916.61539564174  1.405585E-17
7918.68152122865  1.070524E-17
7920.7476664438  1.370151E-17
7922.81383122901  1.094488E-17
7924.88001552606  9.798242E-18
7926.94621927672  1.239713E-17
7929.01244242275  1.120343E-17
7931.07868490589  1.235899E-17
7933.14494666786  1.008237E-17
7935.21122765035  1.148287E-17
7937.27752779504  1.115051E-17
7939.3438470436  1.098191E-17
7941.41018533766  1.017173E-17
7943.47654261886  1.021192E-17
7945.54291882878  1.088373E-17
7947.60931390901  1.053705E-17
7949.67572780112  1.204250E-17
7951.74216044663  1.190697E-17
7953.80861178707  1.192250E-17
7955.87508176393  1.185654E-17
7957.94157031869  9.736650E-18
7960.00807739279  1.123973E-17
7962.07460292767  9.912039E-18
7964.14114686474  1.016121E-17
7966.20770914537  1.025937E-17
7968.27428971092  1.100757E-17
7970.34088850274  1.080989E-17
7972.40750546214  1.226896E-17
7974.4741405304  1.284615E-17
7976.54079364879  1.154461E-17
7978.60746475854  8.433122E-18
7980.67415380088  9.462276E-18
7982.74086071698  1.262938E-17
7984.80758544802  9.958605E-18
7986.87432793513  8.048757E-18
7988.94108811943  1.105269E-17
7991.00786594198  7.915333E-18
7993.07466134386  8.360341E-18
7995.1414742661  1.144330E-17
7997.2083046497  1.113663E-17
7999.27515243564  1.110972E-17
8001.34201756485  1.104853E-17
8003.40889997826  1.024022E-17
8005.47579961678  1.146121E-17
8007.54271642125  1.079041E-17
8009.60965033251  1.118841E-17
8011.67660129136  1.168905E-17
8013.74356923858  1.151766E-17
8015.81055411492  1.086415E-17
8017.87755586109  9.264429E-18
8019.94457441777  1.067226E-17
8022.01160972562  1.185915E-17
8024.07866172525  1.012042E-17
8026.14573035726  8.262261E-18
8028.21281556221  1.063680E-17
8030.27991728063  1.110309E-17
8032.34703545301  1.057896E-17
8034.41417001981  1.010678E-17
8036.48132092146  9.579654E-18
8038.54848809837  1.146105E-17
8040.61567149089  1.106271E-17
8042.68287103934  1.090970E-17
8044.75008668404  1.066065E-17
8046.81731836524  9.951368E-18
8048.88456602316  1.071300E-17
8050.951829598  8.310143E-18
8053.01910902991  1.033369E-17
8055.08640425902  9.579125E-18
8057.15371522541  1.042966E-17
8059.22104186914  9.462744E-18
8061.2883841302  1.051385E-17
8063.35574194859  1.070674E-17
8065.42311526424  1.074554E-17
8067.49050401705  1.042677E-17
8069.55790814689  1.109046E-17
8071.62532759359  1.019878E-17
8073.69276229693  1.183069E-17
8075.76021219666  1.193076E-17
8077.8276772325  1.100677E-17
8079.89515734413  1.281735E-17
8081.96265247117  1.122060E-17
8084.03016255321  1.112915E-17
8086.09768752982  1.080626E-17
8088.16522734051  9.580237E-18
8090.23278192475  9.874812E-18
8092.30035122197  1.031689E-17
8094.36793517157  1.011573E-17
8096.4355337129  9.195174E-18
8098.50314678526  1.062561E-17
8100.57077432793  9.308399E-18
8102.63841628013  1.088460E-17
8104.70607258104  1.015424E-17
8106.77374316979  8.589322E-18
8108.8414279855  9.592285E-18
8110.9091269672  9.859722E-18
8112.97684005392  1.006827E-17
8115.04456718461  1.046218E-17
8117.11230829819  1.031494E-17
8119.18006333355  9.137403E-18
8121.24783222951  9.973585E-18
8123.31561492486  1.068129E-17
8125.38341135835  1.071950E-17
8127.45122146865  8.061067E-18
8129.51904519443  9.479951E-18
8131.58688247429  9.374430E-18
8133.65473324678  9.271111E-18
8135.72259745041  8.245900E-18
8137.79047502364  9.186793E-18
8139.85836590488  9.471015E-18
8141.9262700325  1.002309E-17
8143.99418734483  1.046028E-17
8146.06211778012  8.251130E-18
8148.1300612766  8.964056E-18
8150.19801777243  8.836649E-18
8152.26598720575  9.712408E-18
8154.33396951462  8.862326E-18
8156.40196463706  9.138045E-18
8158.46997251104  8.386891E-18
8160.53799307449  8.654747E-18
8162.60602626527  7.877804E-18
8164.67407202121  1.006660E-17
8166.74213028007  9.811754E-18
8168.81020097956  9.217303E-18
8170.87828405734  9.451737E-18
8172.94637945104  8.103222E-18
8175.0144870982  9.399101E-18
8177.08260693633  8.841251E-18
8179.15073890288  8.794084E-18
8181.21888293524  8.183932E-18
8183.28703897077  7.560436E-18
8185.35520694675  9.357610E-18
8187.42338680042  7.978974E-18
8189.49157846894  8.519264E-18
8191.55978188945  1.006353E-17
8193.62799699902  9.074011E-18
8195.69622373466  8.943056E-18
8197.76446203332  8.833842E-18
8199.83271183191  8.317313E-18
8201.90097306726  1.029488E-17
8203.96924567618  9.687312E-18
8206.03752959537  9.392930E-18
8208.10582476152  8.851594E-18
8210.17413111123  8.722128E-18
8212.24244858107  8.675629E-18
8214.31077710753  9.376416E-18
8216.37911662704  1.084841E-17
8218.44746707598  9.189337E-18
8220.51582839067  8.300335E-18
8222.58420050738  9.572474E-18
8224.65258336229  1.006907E-17
8226.72097689155  7.790064E-18
8228.78938103123  6.684423E-18
8230.85779571734  8.318254E-18
8232.92622088585  8.849352E-18
8234.99465647264  9.074929E-18
8237.06310241355  8.642413E-18
8239.13155864434  9.307062E-18
8241.20002510072  8.265146E-18
8243.26850171832  8.941710E-18
8245.33698843274  9.687147E-18
8247.40548517948  9.717970E-18
8249.473991894  9.728889E-18
8251.54250851169  9.363866E-18
8253.61103496786  8.676646E-18
8255.67957119777  9.146175E-18
8257.74811713663  8.318141E-18
8259.81667271954  9.003033E-18
8261.88523788158  8.616612E-18
8263.95381255774  9.046747E-18
8266.02239668295  8.713921E-18
8268.09099019207  9.512426E-18
8270.1595930199  9.487073E-18
8272.22820510116  8.998933E-18
8274.29682637051  7.916550E-18
8276.36545676255  6.677704E-18
8278.43409621179  8.033148E-18
8280.5027446527  4.310078E-18
8282.57140201965  5.513057E-18
8284.64006824697  6.746240E-18
8286.70874326889  6.441040E-18
8288.77742701961  6.292802E-18
8290.84611943322  6.228252E-18
8292.91482044376  6.216650E-18
8294.9835299852  8.658961E-18
8297.05224799142  7.264469E-18
8299.12097439625  6.809637E-18
8301.18970913345  7.534876E-18
8303.25845213668  7.337290E-18
8305.32720333956  8.138458E-18
8307.39596267562  1.110354E-17
8309.46473007832  9.850396E-18
8311.53350548104  9.360069E-18
8313.6022888171  1.010233E-17
8315.67108001973  9.166395E-18
8317.73987902211  8.478806E-18
8319.80868575731  8.872580E-18
8321.87750015836  9.441050E-18
8323.94632215818  8.852278E-18
8326.01515168966  8.518835E-18
8328.08398868557  9.730823E-18
8330.15283307862  7.430219E-18
8332.22168480145  8.580632E-18
8334.29054378662  7.570486E-18
8336.3594099666  7.734409E-18
8338.4282832738  3.877971E-18
8340.49716364054  8.925756E-18
8342.56605099907  3.982728E-18
8344.63494528156  3.647527E-18
8346.70384642009  6.268971E-18
8348.77275434667  7.950345E-18
8350.84166899324  7.866878E-18
8352.91059029164  6.983477E-18
8354.97951817364  9.240175E-18
8357.04845257094  8.291586E-18
8359.11739341514  9.217074E-18
8361.18634063776  8.220600E-18
8363.25529417026  9.837349E-18
8365.32425394399  7.872419E-18
8367.39321989024  1.054004E-17
8369.4621919402  7.456001E-18
8371.53117002501  9.623546E-18
8373.60015407568  8.834877E-18
8375.66914402316  8.563261E-18
8377.73813979833  1.038941E-17
8379.80714133196  8.928369E-18
8381.87614855475  6.824580E-18
8383.94516139731  9.644018E-18
8386.01417979017  9.369751E-18
8388.08320366378  8.694085E-18
8390.15223294847  7.696122E-18
8392.22126757454  8.828090E-18
8394.29030747217  1.001902E-17
8396.35935257143  5.447365E-18
8398.42840280236  5.797409E-18
8400.49745809487  8.396668E-18
8402.56651837879  1.003237E-17
8404.63558358387  7.782886E-18
8406.70465363977  7.966776E-18
8408.77372847605  7.527884E-18
8410.84280802221  8.402044E-18
8412.91189220762  8.666607E-18
8414.9809809616  6.182967E-18
8417.05007421334  6.579149E-18
8419.11917189198  9.059081E-18
8421.18827392654  7.693802E-18
8423.25738024596  5.985829E-18
8425.32649077908  8.398246E-18
8427.39560545467  8.397729E-18
8429.46472420139  6.814337E-18
8431.5338469478  6.395247E-18
8433.6029736224  1.070755E-17
8435.67210415355  9.198130E-18
8437.74123846955  1.066784E-17
8439.81037649862  9.876907E-18
8441.87951816883  9.146153E-18
8443.94866340822  7.271641E-18
8446.01781214469  9.595317E-18
8448.08696430605  9.916590E-18
8450.15611982005  7.122811E-18
8452.2252786143  8.537995E-18
8454.29444061634  1.058570E-17
8456.36360575361  9.312200E-18
8458.43277395344  6.845610E-18
8460.50194514308  1.182774E-17
8462.57111924967  8.578184E-18
8464.64029620027  5.425956E-18
8466.70947592181  9.194025E-18
8468.77865834116  1.047527E-17
8470.84784338506  8.017960E-18
8472.91703098017  8.448928E-18
8474.98622105304  1.010827E-17
8477.05541353012  8.067820E-18
8479.12460833777  9.290139E-18
8481.19380540225  9.124234E-18
8483.2630046497  1.043378E-17
8485.33220600618  9.040739E-18
8487.40140939763  9.142273E-18
8489.47061474991  9.486999E-18
8491.53982198877  8.129821E-18
8493.60903103984  8.519634E-18
8495.67824182866  7.552813E-18
8497.74745428068  6.888005E-18
8499.81666832123  7.945713E-18
8501.88588387554  7.505570E-18
8503.95510086873  8.349325E-18
8506.02431922583  8.020123E-18
8508.09353887175  9.524072E-18
8510.16275973131  8.976917E-18
8512.23198172922  9.112837E-18
8514.30120479006  8.466413E-18
8516.37042883834  9.528916E-18
8518.43965379845  9.804084E-18
8520.50887959466  8.613295E-18
8522.57810615114  9.980805E-18
8524.64733339198  8.985909E-18
8526.71656124111  9.512474E-18
8528.78578962239  9.148625E-18
8530.85501845957  8.883294E-18
8532.92424767627  9.689826E-18
8534.99347719601  8.752708E-18
8537.06270694222  9.842820E-18
8539.13193683819  8.561850E-18
8541.20116680711  8.955957E-18
8543.27039677208  7.351136E-18
8545.33962665604  9.322725E-18
8547.40885638188  7.687969E-18
8549.47808587234  9.404208E-18
8551.54731505004  8.206777E-18
8553.61654383752  9.505224E-18
8555.68577215719  8.666375E-18
8557.75499993133  8.737989E-18
8559.82422708214  1.040710E-17
8561.8934535317  8.998474E-18
8563.96267920194  9.468840E-18
8566.03190401472  1.055630E-17
8568.10112789177  9.412322E-18
8570.17035075468  9.969496E-18
8572.23957252496  9.014999E-18
8574.308793124  9.311105E-18
8576.37801247305  7.716393E-18
8578.44723049325  9.530247E-18
8580.51644710565  8.059523E-18
8582.58566223115  7.731537E-18
8584.65487579055  9.440731E-18
8586.72408770454  9.336938E-18
8588.79329789366  1.077380E-17
8590.86250627835  8.024312E-18
8592.93171277895  8.814747E-18
8595.00091731564  9.138041E-18
8597.07011980852  8.501925E-18
8599.13932017754  9.742213E-18
8601.20851834255  9.512648E-18
8603.27771422327  8.806836E-18
8605.3469077393  8.266567E-18
8607.41609881012  8.709500E-18
8609.48528735508  9.950517E-18
8611.55447329342  8.685726E-18
8613.62365654425  9.982541E-18
8615.69283702655  8.684829E-18
8617.7620146592  8.645884E-18
8619.83118936095  9.309713E-18
8621.9003610504  8.162380E-18
8623.96952964604  9.217108E-18
8626.03869506626  9.781265E-18
8628.10785722929  9.305642E-18
8630.17701605325  9.325179E-18
8632.24617145614  8.824416E-18
8634.31532335582  9.528422E-18
8636.38447167004  9.370818E-18
8638.4536163164  9.786457E-18
8640.52275721241  9.040951E-18
8642.59189427539  9.863560E-18
8644.66102742261  8.725883E-18
8646.73015657116  9.439451E-18
8648.79928163801  8.783801E-18
8650.86840254001  8.502727E-18
8652.93751919387  8.009737E-18
8655.00663151619  9.150695E-18
8657.07573942342  1.023000E-17
8659.14484283189  9.998544E-18
8661.21394165778  8.581697E-18
8663.28303581718  8.075465E-18
8665.352125226  1.004796E-17
8667.42120980006  1.078847E-17
8669.49028945502  8.276553E-18
8671.55936410642  9.740426E-18
8673.62843366966  9.425959E-18
8675.69749806002  9.913827E-18
8677.76655719263  1.010281E-17
8679.83561098249  1.042103E-17
8681.90465934448  1.136373E-17
8683.97370219333  9.127012E-18
8686.04273944364  9.509205E-18
8688.11177100987  1.008292E-17
8690.18079680635  8.932362E-18
8692.24981674727  9.051494E-18
8694.3188307467  9.972552E-18
8696.38783871854  9.613152E-18
8698.45684057659  9.909693E-18
8700.52583623448  1.001051E-17
8702.59482560573  1.064267E-17
8704.66380860369  8.547663E-18
8706.73278514161  9.175420E-18
8708.80175513256  9.962630E-18
8710.87071848951  1.069622E-17
8712.93967512527  1.120073E-17
8715.0086249525  1.177205E-17
8717.07756788374  1.062777E-17
8719.14650383137  9.228242E-18
8721.21543270766  1.014021E-17
8723.2843544247  1.066993E-17
8725.35326889446  8.939997E-18
8727.42217602876  1.100568E-17
8729.49107573929  1.080104E-17
8731.55996793759  9.930498E-18
8733.62885253504  1.003390E-17
8735.6977294429  1.024387E-17
8737.76659857228  8.961335E-18
8739.83545983414  1.068433E-17
8741.90431313929  9.794047E-18
8743.97315839842  1.128499E-17
8746.04199552204  8.829227E-18
8748.11082442054  1.059766E-17
8750.17964500415  1.064673E-17
8752.24845718296  1.033622E-17
8754.31726086692  1.050636E-17
8756.38605596581  9.936433E-18
8758.45484238928  7.755445E-18
8760.52362004683  6.824384E-18
8762.59238884782  1.063969E-17
8764.66114870143  8.374716E-18
8766.72989951672  8.301274E-18
8768.7986412026  1.029761E-17
8770.86737366782  9.657746E-18
8772.93609682097  7.992889E-18
8775.00481057051  5.979218E-18
8777.07351482474  6.894027E-18
8779.14220949181  4.931031E-18
8781.21089447971  8.822236E-18
8783.27956969629  7.712098E-18
8785.34823504924  9.018734E-18
8787.4168904461  1.000253E-17
8789.48553579426  1.006391E-17
8791.55417100094  9.306507E-18
8793.62279597323  1.060617E-17
8795.69141061805  8.775799E-18
8797.76001484217  9.728211E-18
8799.8286085522  1.139344E-17
8801.8971916546  1.092331E-17
8803.96576405567  9.557901E-18
8806.03432566157  1.094572E-17
8808.10287637828  9.356451E-18
8810.17141611162  1.032886E-17
8812.23994476729  1.015642E-17
8814.30846225079  9.725491E-18
8816.37696846748  1.008984E-17
8818.44546332257  8.397346E-18
8820.5139467211  7.810311E-18
8822.58241856795  1.344382E-17
8824.65087876784  4.570558E-18
8826.71932722534  5.658595E-18
8828.78776384485  8.143775E-18
8830.85618853062  7.255847E-18
8832.92460118671  4.927126E-18
8834.99300171706  8.337769E-18
8837.06139002542  6.657832E-18
8839.12976601538  1.129489E-17
8841.19812959039  8.074492E-18
8843.2664806537  9.382077E-18
8845.33481910843  8.430620E-18
8847.40314485751  9.616523E-18
8849.47145780373  9.316723E-18
8851.5397578497  8.256483E-18
8853.60804489787  9.266170E-18
8855.67631885052  9.604134E-18
8857.74457960978  9.272393E-18
8859.81282707759  7.543452E-18
8861.88106115574  8.273354E-18
8863.94928174585  9.566361E-18
8866.01748874937  6.901815E-18
8868.08568206759  7.866093E-18
8870.15386160162  9.230911E-18
8872.2220272524  8.476456E-18
8874.29017892073  9.075796E-18
8876.35831650721  8.966187E-18
8878.42643991228  6.631152E-18
8880.49454903621  8.252720E-18
8882.56264377911  6.768886E-18
8884.63072404091  2.214690E-18
8886.69878972135  1.943038E-19
8888.76684072004  3.920950E-18
8890.83487693639  5.722327E-18
8892.90289826964  8.171520E-18
8894.97090461886  7.953428E-18
8897.03889588296  8.902602E-18
8899.10687196066  8.347431E-18
8901.17483275052  6.016301E-18
8903.2427781509  5.476205E-18
8905.31070806002  5.801155E-18
8907.3786223759  6.315098E-18
8909.4465209964  7.083042E-18
8911.51440381919  6.362340E-18
8913.58227074178  3.863429E-18
8915.6501216615  4.936714E-18
8917.71795647549  4.145794E-18
8919.78577508073  3.132770E-18
8921.85357737401  7.154445E-18
8923.92136325194  7.957143E-18
8925.98913261097  6.667883E-18
8928.05688534735  9.034265E-18
8930.12462135718  7.838027E-18
8932.19234053635  7.648971E-18
8934.26004278057  7.830029E-18
8936.3277279854  7.058948E-18
8938.39539604619  7.099035E-18
8940.46304685813  7.076160E-18
8942.53068031621  7.197692E-18
8944.59829631525  6.214721E-18
8946.66589474989  8.705770E-18
8948.73347551458  5.572410E-18
8950.80103850358  6.285513E-18
8952.86858361099  5.837827E-18
8954.93611073071  6.954548E-18
8957.00361975645  6.528838E-18
8959.07111058176  6.830225E-18
8961.13858309997  7.269989E-18
8963.20603720426  5.455458E-18
8965.2734727876  7.303169E-18
8967.34088974279  7.518532E-18
8969.40828796244  8.038085E-18
8971.47566733895  6.876746E-18
8973.54302776457  7.120591E-18
8975.61036913134  7.355975E-18
8977.67769133111  7.729440E-18
8979.74499425556  6.918910E-18
8981.81227779616  7.222590E-18
8983.87954184421  7.162841E-18
8985.94678629081  6.200911E-18
8988.01401102687  5.030399E-18
8990.0812159431  5.989460E-18
8992.14840093004  6.421457E-18
8994.21556587803  5.521487E-18
8996.28271067722  7.816844E-18
8998.34983521756  6.865409E-18
9000.41693938882  4.854364E-18
9002.48402308056  5.907015E-18
9004.55108618218  7.146797E-18
9006.61812858283  8.877325E-18
9008.68515017153  8.081585E-18
9010.75215083707  7.856517E-18
9012.81913046805  7.815327E-18
9014.88608895287  7.229808E-18
9016.95302617975  7.726063E-18
9019.0199420367  7.978720E-18
9021.08683641155  6.976829E-18
9023.15370919191  8.092190E-18
9025.22056026521  8.558959E-18
9027.28738951868  8.460921E-18
9029.35419683935  6.817597E-18
9031.42098211405  9.345810E-18
9033.48774522942  9.271561E-18
9035.55448607189  7.116696E-18
9037.62120452771  5.533416E-18
9039.68790048289  7.137558E-18
9041.75457382328  5.978986E-18
9043.82122443451  7.121038E-18
9045.88785220202  8.018178E-18
9047.95445701104  6.393520E-18
9050.02103874661  5.885792E-18
9052.08759729354  8.320005E-18
9054.15413253647  6.086782E-18
9056.22064435982  6.335160E-18
9058.28713264781  6.530086E-18
9060.35359728445  6.901604E-18
9062.42003815357  6.332797E-18
9064.48645513875  5.557291E-18
9066.55284812342  6.238351E-18
9068.61921699076  5.879574E-18
9070.68556162376  5.731064E-18
9072.75188190522  5.273016E-18
9074.81817771771  6.546296E-18
9076.8844489436  6.361430E-18
9078.95069546506  6.639351E-18
9081.01691716404  5.346691E-18
9083.08311392229  5.172406E-18
9085.14928562135  6.458766E-18
9087.21543214255  5.770020E-18
9089.28155336701  5.499556E-18
9091.34764917565  5.980486E-18
9093.41371944917  7.103891E-18
9095.47976406805  6.052435E-18
9097.54578291259  7.772149E-18
9099.61177586283  5.472112E-18
9101.67774279865  7.186750E-18
9103.74368359969  6.281511E-18
9105.80959814537  7.148130E-18
9107.87548631492  7.071975E-18
9109.94134798735  6.988763E-18
9112.00718304145  7.672224E-18
9114.07299135578  6.531466E-18
9116.13877280872  6.936867E-18
9118.20452727841  6.069707E-18
9120.27025464279  7.119151E-18
9122.33595477957  5.609660E-18
9124.40162756625  7.228638E-18
9126.46727288012  5.937055E-18
9128.53289059824  5.320124E-18
9130.59848059746  6.314631E-18
9132.66404275441  5.452507E-18
9134.72957694551  5.833242E-18
9136.79508304695  6.598694E-18
9138.8605609347  6.352825E-18
9140.92601048452  5.937776E-18
9142.99143157195  6.101196E-18
9145.0568240723  6.568238E-18
9147.12218786067  7.185265E-18
9149.18752281192  5.373120E-18
9151.25282880071  5.032047E-18
9153.31810570148  5.424286E-18
9155.38335338842  5.868172E-18
9157.44857173553  6.708380E-18
9159.51376061656  6.583284E-18
9161.57891990505  7.346790E-18
9163.64404947431  6.823898E-18
9165.70914919744  6.213346E-18
9167.7742189473  6.356287E-18
9169.83925859653  6.475399E-18
9171.90426801755  5.919726E-18
9173.96924708253  5.546490E-18
9176.03419566344  6.865712E-18
9178.09911363202  7.046484E-18
9180.16400085977  6.437546E-18
9182.22885721797  6.942982E-18
9184.29368257768  8.190370E-18
9186.35847680971  7.364557E-18
9188.42323978465  7.773723E-18
9190.48797137288  7.525501E-18
9192.55267144453  7.842420E-18
9194.6173398695  7.254285E-18
9196.68197651746  8.249762E-18
9198.74658125786  7.260994E-18
9200.8111539599  8.345811E-18
9202.87569449258  7.910343E-18
9204.94020272462  7.153125E-18
9207.00467852455  7.854546E-18
9209.06912176065  8.842294E-18
9211.13353230097  7.127141E-18
9213.19791001332  8.069311E-18
9215.26225476528  8.068353E-18
9217.32656642419  7.258671E-18
9219.39084485716  7.967529E-18
9221.45508993107  9.044201E-18
9223.51930151255  8.241033E-18
9225.58347946801  8.705850E-18
9227.6476236636  8.220526E-18
9229.71173396527  7.996353E-18
9231.77581023868  7.138734E-18
9233.83985234931  9.765808E-18
9235.90386016235  7.974989E-18
9237.96783354279  8.420371E-18
9240.03177235535  9.489330E-18
9242.09567646454  8.965512E-18
9244.1595457346  7.974422E-18
9246.22338002955  9.480089E-18
9248.28717921317  9.003054E-18
9250.35094314897  9.809584E-18
9252.41467170027  8.707533E-18
9254.47836473009  9.496917E-18
9256.54202210125  9.530104E-18
9258.6056436763  8.252069E-18
9260.66922931756  8.847337E-18
9262.73277888711  8.640977E-18
9264.79629224678  9.150689E-18
9266.85976925814  1.045750E-17
9268.92320978255  1.015792E-17
9270.98661368109  9.612514E-18
9273.04998081461  8.885596E-18
9275.11331104371  9.576143E-18
9277.17660422874  8.936631E-18
9279.23986022982  8.859133E-18
9281.30307890679  1.042120E-17
9283.36626011927  9.857729E-18
9285.42940372663  9.519659E-18
9287.49250958797  8.860281E-18
9289.55557756215  9.054653E-18
9291.6186075078  7.513340E-18
9293.68159928328  8.577492E-18
9295.74455274668  9.583165E-18
9297.80746775589  9.091244E-18
9299.8703441685  9.942870E-18
9301.93318184188  1.214346E-17
9303.99598063312  1.000050E-17
9306.05874039909  6.688785E-18
9308.12146099637  8.570141E-18
9310.18414228133  8.670010E-18
9312.24678411003  6.853669E-18
9314.30938633833  4.604264E-18
9316.3719488218  8.340806E-18
9318.43447141577  9.970651E-18
9320.49695397531  9.551394E-18
9322.55939635524  6.798826E-18
9324.6217984101  9.331864E-18
9326.6841599942  1.164292E-17
9328.74648096158  8.223310E-18
9330.80876116602  9.649489E-18
9332.87100046106  1.039139E-17
9334.93319869995  7.108309E-18
9336.99535573571  8.182444E-18
9339.05747142108  8.326924E-18
9341.11954560856  7.439270E-18
9343.18157815035  6.474259E-18
9345.24356889845  7.692848E-18
9347.30551770454  9.576296E-18
9349.36742442007  9.417831E-18
9351.42928889622  6.318203E-18
9353.49111098391  5.507720E-18
9355.55289053379  6.479753E-18
9357.61462739626  7.497987E-18
9359.67632142144  7.522864E-18
9361.73797245919  7.442582E-18
9363.79958035911  7.349473E-18
9365.86114497053  5.067820E-18
9367.92266614252  1.314626E-18
9369.98414372389  -7.689032E-19
9372.04557756315  -8.570921E-19
9374.10696750858  -4.091983E-18
9376.16831340818  -3.274162E-18
9378.22961510968  -4.591978E-19
9380.29087246053  4.329744E-18
9382.35208530795  4.880601E-18
9384.41325349884  8.634294E-18
9386.47437687987  7.379722E-18
9388.53545529742  9.283176E-18
9390.5964885976  1.055735E-17
9392.65747662626  9.632848E-18
9394.71841922896  8.247896E-18
9396.77931625102  8.930990E-18
9398.84016753745  6.542485E-18
9400.90097293302  8.703358E-18
9402.96173228219  8.632664E-18
9405.0224454292  8.479136E-18
9407.08311221796  6.552426E-18
9409.14373249213  7.057738E-18
9411.2043060951  6.722776E-18
9413.26483286999  7.595021E-18
9415.32531265962  9.165069E-18
9417.38574530655  9.277710E-18
9419.44613065307  7.316392E-18
9421.50646854118  8.759159E-18
9423.56675881259  8.140295E-18
9425.62700130878  7.377943E-18
9427.68719587089  6.949785E-18
9429.74734233983  8.886764E-18
9431.8074405562  7.089276E-18
9433.86749036034  4.293821E-18
9435.9274915923  3.631072E-18
9437.98744409185  2.014376E-18
9440.04734769849  1.258915E-18
9442.10720225141  3.451682E-18
9444.16700758955  5.435364E-18
9446.22676355155  6.843937E-18
9448.28646997579  1.003550E-17
9450.34612670031  8.728458E-18
9452.40573356294  6.806392E-18
9454.46529040118  8.293827E-18
9456.52479705225  4.660108E-18
9458.58425335309  4.957763E-18
9460.64365914038  7.201447E-18
9462.70301425045  6.386183E-18
9464.76231851942  6.874583E-18
9466.82157178307  7.883590E-18
9468.88077387691  5.582817E-18
9470.93992463616  6.044918E-18
9472.99902389575  7.706875E-18
9475.05807149035  2.892833E-18
9477.11706725428  1.315158E-18
9479.17601102164  7.878915E-18
9481.23490262619  6.532694E-18
9483.29374190141  6.868291E-18
9485.35252868051  9.847457E-18
9487.41126279639  8.486442E-18
9489.46994408166  7.915499E-18
9491.52857236864  7.369043E-18
9493.58714748937  5.485631E-18
9495.64566927557  5.345030E-18
9497.70413755869  9.510778E-18
9499.76255216987  4.221701E-18
9501.82091293997  7.138423E-18
9503.87921969955  6.849110E-18
9505.93747227887  9.434296E-18
9507.9956705079  7.823247E-18
9510.05381421632  9.069329E-18
9512.11190323348  6.912352E-18
9514.16993738848  5.568284E-18
9516.2279165101  6.806346E-18
9518.28584042681  5.293131E-18
9520.34370896681  6.630787E-18
9522.40152195797  6.484239E-18
9524.45927922789  5.385890E-18
9526.51698060384  6.527886E-18
9528.57462591282  6.871445E-18
9530.63221498152  6.635453E-18
9532.6897476363  6.930548E-18
9534.74722370327  7.353581E-18
9536.8046430082  6.643263E-18
9538.86200537657  6.910276E-18
9540.91931063355  6.451349E-18
9542.97655860402  6.431185E-18
9545.03374911255  5.380235E-18
9547.09088198339  5.813201E-18
9549.14795704052  6.990932E-18
9551.20497410758  5.847071E-18
9553.26193300793  3.926901E-18
9555.3188335646  4.676410E-18
9557.37567560034  5.716214E-18
9559.43245893756  4.752637E-18
9561.48918339841  4.517231E-18
9563.54584880469  5.036914E-18
9565.6024549779  2.955667E-18
9567.65900173924  3.732197E-18
9569.71548890961  4.152201E-18
9571.77191630958  5.668962E-18
9573.82828375941  5.416272E-18
9575.88459107908  7.081200E-18
9577.94083808821  6.058574E-18
9579.99702460615  5.098138E-18
9582.05315045192  6.318982E-18
9584.10921544424  5.985392E-18
9586.1652194015  4.721137E-18
9588.22116214178  4.607882E-18
9590.27704348286  4.166172E-18
9592.33286324219  4.184722E-18
9594.38862123691  5.467241E-18
9596.44431728386  5.695804E-18
9598.49995119954  5.739367E-18
9600.55552280015  5.075407E-18
9602.61103190157  4.468109E-18
9604.66647831935  3.356345E-18
9606.72186186875  4.153043E-18
9608.7771823647  4.668488E-18
9610.83243962179  4.715415E-18
9612.88763345432  4.314436E-18
9614.94276367625  5.736649E-18
9616.99783010125  4.100891E-18
9619.05283254264  2.194189E-18
9621.10777081342  3.294699E-18
9623.16264472629  3.506923E-18
9625.21745409362  5.130855E-18
9627.27219872745  2.746761E-18
9629.32687843949  5.533030E-18
9631.38149304117  4.843354E-18
9633.43604234354  5.332417E-18
9635.49052615736  4.141149E-18
9637.54494429306  5.341106E-18
9639.59929656074  4.975985E-18
9641.65358277018  4.164512E-18
9643.70780273083  4.488078E-18
9645.76195625183  4.096114E-18
9647.81604314196  3.786071E-18
9649.8700632097  3.928939E-18
9651.92401626321  4.518792E-18
9653.97790211028  4.264753E-18
9656.03172055841  4.113227E-18
9658.08547141476  3.886394E-18
9660.13915448617  4.104696E-18
9662.19276957913  3.805889E-18
9664.2463164998  3.984120E-18
9666.29979505405  2.761622E-18
9668.35320504735  3.122904E-18
9670.40654628491  3.462011E-18
9672.45981857155  1.875702E-18
9674.51302171179  2.030465E-18
9676.56615550981  2.400348E-18
9678.61921976944  9.362461E-19
9680.67221429422  -6.888101E-19
9682.72513888731  6.151400E-19
9684.77799335154  1.360229E-18
9686.83077748943  4.329697E-18
9688.88349110314  4.999935E-18
9690.93613399452  3.058315E-18
9692.98870596505  3.785477E-19
9695.0412068159  1.249459E-18
9697.09363634788  1.015168E-19
9699.14599436148  5.472053E-19
9701.19828065685  1.571971E-18
9703.25049503379  1.361191E-18
9705.30263729176  1.967106E-18
9707.35470722989  3.240998E-18
9709.40670464696  1.390033E-18
9711.45862934142  1.479769E-18
9713.51048111138  2.655865E-18
9715.56225975458  4.283748E-18
9717.61396506846  4.299210E-19
9719.66559685007  1.115259E-18
9721.71715489616  2.566435E-18
9723.76863900312  8.159969E-19
9725.82004896698  1.690394E-18
9727.87138458344  2.703411E-18
9729.92264564787  2.101042E-18
9731.97383195526  2.248172E-18
9734.02494330027  4.061406E-18
9736.07597947722  3.070675E-18
9738.12694028008  2.387725E-18
9740.17782550247  2.602969E-18
9742.22863493765  3.584367E-18
9744.27936837855  1.544597E-18
9746.33002561776  1.412281E-18
9748.38060644747  3.773655E-18
9750.43111065958  9.046082E-19
9752.48153804561  2.867631E-18
9754.53188839673  2.280444E-18
9756.58216150375  2.003734E-18
9758.63235715716  2.392521E-18
9760.68247514706  2.436679E-18
9762.73251526323  2.480452E-18
9764.78247729506  2.293315E-18
9766.83236103162  2.888447E-18
9768.88216626162  3.737454E-18
9770.93189277339  3.096362E-18
9772.98154035493  2.530226E-18
9775.03110879388  2.804889E-18
9777.08059787752  2.414797E-18
9779.13000739277  2.463185E-18
9781.17933712621  2.558510E-18
9783.22858686403  -1.186824E-18
9785.27775639209  -2.502358E-18
9787.32684549589  -2.546160E-18
9789.37585396054  -3.338643E-18
9791.42478157085  -2.502095E-18
9793.4736281112  -7.166831E-19
9795.52239336566  -7.868998E-19
9797.57107711793  1.878817E-18
9799.61967915132  3.009629E-18
9801.66819924882  2.165218E-18
9803.71663719302  6.971058E-19
9805.76499276618  1.527417E-18
9807.81326575016  3.368033E-18
9809.8614559265  6.144093E-19
9811.90956307633  1.287113E-18
9813.95758698046  2.866421E-18
9816.00552741929  2.844167E-18
9818.05338417289  3.333622E-18
9820.10115702095  3.523905E-18
9822.14884574279  2.184558E-18
9824.19645011737  1.495799E-18
9826.24396992327  2.109364E-18
9828.29140493872  1.696408E-18
9830.33875494156  2.243031E-18
9832.38601970929  3.719191E-18
9834.43319901902  2.039997E-18
9836.48029264748  3.073094E-18
9838.52730037105  2.117644E-18
9840.57422196572  2.190005E-18
9842.62105720715  3.398918E-18
9844.66780587056  1.988596E-18
9846.71446773087  3.033342E-18
9848.76104256256  4.828846E-18
9850.80753013979  2.906794E-18
9852.85393023633  2.320438E-18
9854.90024262555  3.357900E-18
9856.94646708047  3.640959E-18
9858.99260337374  2.161099E-18
9861.03865127762  2.241148E-18
9863.084610564  6.708674E-19
9865.13048100439  -1.076535E-18
9867.17626236991  6.430351E-19
9869.22195443134  -9.424471E-19
9871.26755695903  -7.461280E-19
9873.313069723  -1.659994E-18
9875.35849249286  8.848463E-19
9877.40382503785  1.956453E-18
9879.44906712684  3.787766E-18
9881.49421852829  3.758317E-18
9883.5392790103  4.709871E-18
9885.5842483406  3.140113E-18
9887.62912628651  4.348832E-18
9889.67391261498  3.417059E-18
9891.71860709259  4.667115E-18
9893.76320948551  4.831927E-18
9895.80771955955  3.610756E-18
9897.85213708011  4.544649E-18
9899.89646181223  2.300199E-18
9901.94069352055  4.359503E-18
9903.98483196933  3.733029E-18
9906.02887692244  1.570734E-18
9908.07282814337  -5.644921E-19
9910.1166853952  3.487139E-18
9912.16044844066  -2.141940E-18
9914.20411704205  1.748427E-18
9916.24769096131  3.572591E-18
9918.29116995998  1.705118E-18
9920.33455379921  1.576901E-18
9922.37784223976  3.468420E-18
9924.421035042  4.663249E-18
9926.4641319659  3.486557E-18
9928.50713277106  3.025861E-18
9930.55003721667  3.676961E-18
9932.59284506151  2.826724E-18
9934.63555606401  3.003063E-18
9936.67816998218  1.261407E-18
9938.72068657363  -8.415889E-19
9940.76310559559  -9.853489E-19
9942.80542680487  -5.778379E-18
9944.84764995792  -3.010974E-18
9946.88977481077  -5.815685E-19
9948.93180111906  -1.644205E-18
9950.97372863803  3.491626E-19
9953.01555712251  -2.535925E-18
9955.05728632697  -7.212394E-18
9957.09891600543  1.602119E-18
9959.14044591154  5.258998E-18
9961.18187579856  1.847992E-18
9963.22320541933  4.082245E-18
9965.26443452628  2.567538E-18
9967.30556287148  1.616729E-18
9969.34659020654  4.755721E-18
9971.38751628272  5.082974E-18
9973.42834085085  5.838871E-18
9975.46906366136  2.989257E-18
9977.50968446428  3.374890E-18
9979.55020300923  4.007460E-18
9981.59061904544  3.323411E-18
9983.63093232171  2.981801E-18
9985.67114258646  4.872521E-18
9987.71124958768  4.504759E-18
9989.75125307297  4.046793E-18
9991.79115278951  5.490966E-18
9993.83094848409  4.094653E-18
9995.87063990308  4.314804E-18
9997.91022679243  5.647160E-18
9999.94970889771  4.170863E-18
10001.989085964  4.476474E-18
10004.0283577362  6.698090E-19
10006.0675239584  -1.201681E-19
10008.1065843747  6.621690E-18
10010.1455387285  -1.576588E-18
10012.1843867629  -4.867735E-18
10014.2231282205  1.184361E-18
10016.2617628438  -1.203114E-18
10018.3002903743  2.530670E-18
10020.3387105538  3.165171E-18
10022.377023123  1.511959E-18
10024.4152278227  1.585292E-18
10026.4533243929  -2.502994E-19
10028.4913125736  -4.491317E-19
10030.529192104  5.046480E-18
10032.5669627231  5.045914E-18
10034.6046241693  5.169646E-18
10036.6421761808  3.749165E-18
10038.6796184953  2.396260E-18
10040.71695085  5.767452E-18
10042.7541729817  5.461668E-18
10044.7912846269  7.020160E-18
10046.8282855216  3.378037E-18
10048.8651754013  5.049814E-18
10050.9019540012  7.542718E-18
10052.9386210561  7.922825E-18
10054.9751763002  6.428998E-18
10057.0116194674  4.023916E-18
10059.0479502911  6.348013E-18
10061.0841685045  5.404223E-18
10063.1202738402  4.394233E-18
10065.1562660302  5.503766E-18
10067.1921448064  4.515609E-18
10069.2279099002  6.965250E-18
10071.2635610423  6.353479E-18
10073.2990979633  1.193071E-18
10075.3345203933  -1.016335E-18
10077.3698280619  4.258972E-18
10079.4050206981  2.419812E-18
10081.440098031  4.013585E-18
10083.4750597886  3.467803E-18
10085.509905699  3.749027E-18
10087.5446354897  2.413778E-18
10089.5792488876  6.721685E-18
10091.6137456193  5.213862E-18
10093.6481254112  5.486139E-18
10095.6823879888  7.747446E-18
10097.7165330775  1.007869E-17
10099.7505604021  9.415040E-18
10101.7844696872  7.986841E-18
10103.8182606567  8.230249E-18
10105.8519330342  8.186946E-18
10107.8854865428  7.340770E-18
10109.9189209052  5.618163E-18
10111.9522358436  6.398392E-18
10113.98543108  4.787678E-18
10116.0185063356  7.162280E-18
10118.0514613314  1.023115E-17
10120.0842957879  5.347644E-18
10122.1170094252  5.139939E-18
10124.1496019629  6.992662E-18
10126.1820731202  4.819495E-18
10128.2144226158  4.564766E-18
10130.246650168  9.123890E-18
10132.2787554947  6.902210E-18
10134.3107383133  1.034629E-17
10136.3425983408  4.646074E-18
10138.3743352936  1.019585E-17
10140.4059488879  7.890197E-18
10142.4374388394  1.020332E-17
10144.4688048631  7.220346E-18
10146.5000466739  7.420903E-18
10148.531163986  2.541247E-18
10150.5621565133  7.434257E-18
10152.5930239693  4.794542E-18
10154.6237660668  9.976919E-18
10156.6543825183  1.068764E-17
10158.684873036  7.598718E-18
10160.7152373314  1.062695E-17
10162.7454751157  5.614766E-18
10164.7755860996  4.192943E-18
10166.8055699934  2.168473E-18
10168.8354265069  1.673149E-19
10170.8651553493  4.927786E-19
10172.8947562297  4.529074E-18
10174.9242288564  6.223872E-18
10176.9535729376  1.047413E-17
10178.9827881806  8.456013E-18
10181.0118742925  8.565953E-18
10183.0408309802  7.367557E-18
10185.0696579495  5.718483E-18
10187.0983549064  4.652368E-19
10189.1269215561  7.716315E-18
10191.1553576033  5.658348E-18
10193.1836627525  5.467024E-18
10195.2118367074  7.051405E-18
10197.2398791715  8.743059E-18
10199.2677898479  8.220794E-18
