4099.60670290045  9.126016E-17
4101.37226084513  -1.015359E-16
4103.13811876532  1.002793E-16
4104.90427633182  -1.092619E-17
4106.67073321569  7.578552E-17
4108.43748908829  1.481584E-16
4110.20454362125  1.006820E-16
4111.97189648646  -1.219454E-17
4113.7395473561  1.183456E-16
4115.50749590264  1.153897E-16
4117.27574179881  1.145263E-16
4119.0442847176  1.199129E-18
4120.81312433232  -6.785828E-17
4122.58226031652  -1.641330E-17
4124.35169234405  2.886102E-17
4126.12142008901  1.074809E-16
4127.89144322579  3.979876E-17
4129.66176142907  2.117066E-16
4131.43237437377  1.457483E-16
4133.20328173513  5.394191E-17
4134.97448318862  1.922248E-17
4136.74597841002  1.203050E-16
4138.51776707537  1.919548E-16
4140.28984886098  1.823369E-17
4142.06222344344  1.212468E-17
4143.83489049963  1.220968E-16
4145.60784970668  -1.601418E-17
4147.38110074201  -1.087896E-17
4149.1546432833  6.094794E-17
4150.92847700852  1.786206E-16
4152.70260159591  4.266480E-17
4154.47701672398  6.098899E-17
4156.2517220715  1.239912E-16
4158.02671731754  8.294954E-17
4159.80200214144  1.462234E-17
4161.57757622279  2.695594E-17
4163.35343924147  1.213652E-16
4165.12959087764  7.219489E-17
4166.90603081171  -1.928805E-18
4168.68275872439  1.030920E-16
4170.45977429664  2.769906E-17
4172.23707720971  -3.261796E-17
4174.01466714511  -3.805233E-18
4175.79254378462  1.529403E-16
4177.57070681031  1.224960E-16
4179.34915590451  7.488108E-17
4181.12789074981  1.544923E-17
4182.9069110291  9.246733E-17
4184.68621642551  1.089908E-16
4186.46580662247  1.523415E-16
4188.24568130366  5.271943E-17
4190.02584015305  1.146092E-16
4191.80628285486  1.197840E-16
4193.5870090936  -3.403770E-17
4195.36801855403  9.781690E-17
4197.14931092121  3.720550E-17
4198.93088588044  2.064063E-17
4200.71274311732  2.367976E-17
4202.49488231769  4.440239E-18
4204.27730316768  -1.407110E-17
4206.06000535368  4.109640E-18
4207.84298856237  2.030424E-16
4209.62625248067  1.426787E-17
4211.40979679578  4.462695E-17
4213.19362119519  3.059230E-17
4214.97772536663  5.543325E-17
4216.76210899812  1.004195E-16
4218.54677177794  6.404534E-17
4220.33171339463  1.095104E-16
4222.11693353703  6.712700E-17
4223.90243189421  4.131823E-17
4225.68820815553  1.144025E-16
4227.47426201062  -1.094365E-17
4229.26059314937  9.695683E-17
4231.04720126195  6.789713E-17
4232.83408603878  -5.460860E-19
4234.62124717055  1.057458E-17
4236.40868434825  6.796653E-17
4238.19639726309  2.374740E-17
4239.98438560658  1.832238E-17
4241.77264907049  8.042087E-17
4243.56118734685  6.714543E-17
4245.35000012797  6.627584E-17
4247.13908710641  8.590967E-17
4248.92844797501  1.033980E-16
4250.71808242688  2.099296E-17
4252.50799015539  3.563388E-17
4254.29817085416  7.109898E-17
4256.08862421711  8.142708E-17
4257.87934993841  6.287727E-17
4259.67034771248  4.401956E-17
4261.46161723403  7.934077E-17
4263.25315819803  1.390384E-16
4265.04497029971  6.560825E-17
4266.83705323456  3.992714E-17
4268.62940669836  5.040617E-17
4270.42203038713  5.720530E-17
4272.21492399717  9.218249E-17
4274.00808722503  7.633573E-17
4275.80151976754  8.925301E-17
4277.59522132179  1.250343E-17
4279.38919158513  1.161848E-16
4281.18343025518  6.282881E-17
4282.97793702982  1.098415E-16
4284.77271160721  8.276687E-17
4286.56775368575  9.364009E-17
4288.36306296412  7.267913E-17
4290.15863914126  4.075211E-17
4291.95448191636  9.193528E-17
4293.75059098891  5.247738E-17
4295.54696605862  1.424242E-16
4297.34360682549  1.338296E-16
4299.14051298978  6.495104E-17
4300.937684252  1.011217E-16
4302.73512031295  1.079845E-16
4304.53282087367  3.123834E-17
4306.33078563546  1.018254E-16
4308.1290142999  3.438650E-17
4309.92750656881  1.226210E-16
4311.72626214431  1.188322E-17
4313.52528072873  9.895401E-17
4315.32456202471  -4.855588E-18
4317.12410573513  8.481713E-17
4318.92391156313  1.061068E-16
4320.72397921211  8.880133E-17
4322.52430838575  3.591894E-17
4324.32489878798  3.188706E-17
4326.12575012297  6.307568E-17
4327.92686209518  8.564818E-17
4329.72823440934  8.808584E-17
4331.5298667704  7.575277E-17
4333.3317588836  7.274152E-17
4335.13391045444  7.247441E-17
4336.93632118867  7.822016E-17
4338.73899079231  6.105140E-17
4340.54191897163  2.607450E-17
4342.34510543317  6.057904E-17
4344.14854988372  6.200382E-17
4345.95225203035  8.375069E-17
4347.75621158036  5.375204E-17
4349.56042824133  3.534311E-17
4351.36490172109  9.403301E-17
4353.16963172774  7.182547E-17
4354.97461796964  9.136066E-17
4356.77986015538  8.465356E-17
4358.58535799385  9.716497E-17
4360.39111119417  6.240081E-17
4362.19711946574  -2.973487E-19
4364.00338251819  8.112559E-17
4365.80990006144  1.209954E-16
4367.61667180565  6.778388E-17
4369.42369746124  7.123628E-17
4371.23097673888  7.014585E-17
4373.03850934953  1.158240E-16
4374.84629500437  4.984870E-17
4376.65433341485  5.006149E-17
4378.46262429269  4.725341E-17
4380.27116734985  4.708972E-17
4382.07996229857  3.973705E-17
4383.88900885132  1.154024E-16
4385.69830672084  4.703059E-17
4387.50785562013  5.566926E-17
4389.31765526244  6.143243E-17
4391.12770536129  9.959569E-17
4392.93800563043  5.238815E-17
4394.74855578389  7.151513E-17
4396.55935553595  8.127467E-17
4398.37040460114  6.537633E-17
4400.18170269425  3.627935E-17
4401.99324953034  4.792310E-17
4403.80504482469  8.052328E-17
4405.61708829288  2.312641E-17
4407.42937965071  2.370451E-17
4409.24191861425  4.977592E-17
4411.05470489983  7.112052E-17
4412.86773822401  5.450795E-17
4414.68101830365  7.811293E-17
4416.49454485582  2.506547E-17
4418.30831759787  2.901568E-17
4420.12233624739  3.542004E-17
4421.93660052225  5.648355E-17
4423.75111014053  6.074038E-17
4425.56586482061  4.195479E-17
4427.3808642811  4.629793E-17
4429.19610824085  4.781993E-17
4431.01159641901  1.719809E-17
4432.82732853494  3.231133E-17
4434.64330430827  5.961915E-17
4436.45952345889  2.624839E-17
4438.27598570692  5.962920E-17
4440.09269077276  4.760688E-17
4441.90963837704  4.616112E-17
4443.72682824067  4.145558E-17
4445.54426008479  4.397935E-17
4447.3619336308  4.368242E-17
4449.17984860034  4.514261E-17
4450.99800471533  4.779053E-17
4452.81640169792  1.636268E-17
4454.63503927052  7.675866E-17
4456.45391715579  2.521158E-17
4458.27303507664  5.579910E-17
4460.09239275623  4.816888E-17
4461.91198991798  4.080517E-17
4463.73182628556  1.757710E-17
4465.55190158287  5.535555E-17
4467.3722155341  7.259922E-17
4469.19276786367  4.681039E-17
4471.01355829623  6.877941E-17
4472.83458655672  3.187869E-17
4474.6558523703  4.450890E-17
4476.47735546241  8.432998E-17
4478.2990955587  6.230987E-17
4480.1210723851  3.344012E-17
4481.9432856678  5.523309E-17
4483.7657351332  5.835452E-17
4485.58842050798  5.140348E-17
4487.41134151907  4.505090E-17
4489.23449789364  5.576894E-17
4491.0578893591  4.719801E-17
4492.88151564313  5.117483E-17
4494.70537647365  7.168513E-17
4496.52947157883  4.502878E-17
4498.35380068708  4.018573E-17
4500.17836352708  3.450846E-17
4502.00315982773  3.267576E-17
4503.8281893182  7.012798E-17
4505.6534517279  3.986438E-17
4507.4789467865  6.167324E-17
4509.3046742239  5.270109E-17
4511.13063377025  6.650459E-17
4512.95682515597  4.278826E-17
4514.7832481117  5.117929E-17
4516.60990236834  9.059651E-17
4518.43678765704  3.882714E-17
4520.2639037092  6.409893E-17
4522.09125025646  4.347330E-17
4523.9188270307  4.496631E-17
4525.74663376405  2.917890E-17
4527.57467018892  5.680119E-17
4529.40293603791  7.268570E-17
4531.23143104391  6.134383E-17
4533.06015494004  4.655931E-17
4534.88910745967  5.810954E-17
4536.71828833641  2.453342E-17
4538.54769730412  9.515208E-17
4540.37733409691  6.252156E-17
4542.20719844913  6.491641E-17
4544.03729009538  6.181615E-17
4545.8676087705  3.787311E-17
4547.69815420958  6.506498E-17
4549.52892614796  4.320773E-17
4551.3599243212  5.219629E-17
4553.19114846515  5.291876E-17
4555.02259831586  3.555264E-17
4556.85427360965  7.180179E-17
4558.68617408308  4.235324E-17
4560.51829947295  4.671424E-17
4562.35064951631  6.990980E-17
4564.18322395044  6.384681E-17
4566.01602251289  4.859714E-17
4567.84904494143  3.485444E-17
4569.68229097409  8.190494E-17
4571.51576034913  5.653625E-17
4573.34945280506  5.274767E-17
4575.18336808064  6.538071E-17
4577.01750591486  6.517612E-17
4578.85186604696  6.135363E-17
4580.68644821643  5.161222E-17
4582.52125216299  6.665016E-17
4584.35627762661  5.668163E-17
4586.1915243475  6.552230E-17
4588.02699206612  8.082380E-17
4589.86268052316  6.278036E-17
4591.69858945956  5.064965E-17
4593.53471861649  6.649100E-17
4595.3710677354  4.670905E-17
4597.20763655793  5.837497E-17
4599.04442482599  6.764209E-17
4600.88143228173  8.027360E-17
4602.71865866755  8.831381E-17
4604.55610372607  8.267406E-17
4606.39376720016  6.943317E-17
4608.23164883293  4.197082E-17
4610.06974836774  4.599322E-17
4611.90806554819  7.930478E-17
4613.74660011811  7.474627E-17
4615.58535182157  5.219017E-17
4617.42432040289  5.370134E-17
4619.26350560662  6.857654E-17
4621.10290717757  5.890070E-17
4622.94252486077  8.563551E-17
4624.7823584015  9.468753E-17
4626.62240754527  7.976732E-17
4628.46267203783  9.089770E-17
4630.30315162519  7.259272E-17
4632.14384605358  6.866295E-17
4633.98475506948  7.850908E-17
4635.82587841958  6.656091E-17
4637.66721585086  8.849645E-17
4639.50876711049  8.317308E-17
4641.35053194591  5.725592E-17
4643.19251010479  4.800083E-17
4645.03470133503  7.591342E-17
4646.87710538478  8.441544E-17
4648.71972200242  6.415741E-17
4650.56255093657  8.199414E-17
4652.40559193609  7.403591E-17
4654.24884475008  6.452746E-17
4656.09230912788  9.118945E-17
4657.93598481905  6.547870E-17
4659.77987157341  7.202808E-17
4661.62396914099  7.378176E-17
4663.4682772721  5.693853E-17
4665.31279571724  6.061280E-17
4667.15752422717  6.573131E-17
4669.0024625529  6.301764E-17
4670.84761044564  6.795862E-17
4672.69296765688  7.856540E-17
4674.53853393831  6.154934E-17
4676.38430904187  6.552622E-17
4678.23029271974  7.419711E-17
4680.07648472434  6.847661E-17
4681.9228848083  7.116815E-17
4683.76949272452  6.908923E-17
4685.61630822612  8.801299E-17
4687.46333106645  5.743376E-17
4689.31056099909  6.126247E-17
4691.15799777789  5.819531E-17
4693.00564115689  8.773978E-17
4694.85349089039  6.798476E-17
4696.70154673293  7.432649E-17
4698.54980843926  7.930713E-17
4700.39827576439  7.429512E-17
4702.24694846356  7.540917E-17
4704.09582629222  7.521354E-17
4705.94490900609  4.399148E-17
4707.7941963611  5.940929E-17
4709.64368811342  4.579316E-17
4711.49338401945  6.363778E-17
4713.34328383583  6.009191E-17
4715.19338731944  5.658510E-17
4717.04369422738  7.292101E-17
4718.89420431698  6.054554E-17
4720.74491734582  5.291076E-17
4722.5958330717  6.651631E-17
4724.44695125265  6.025252E-17
4726.29827164696  7.122241E-17
4728.14979401311  4.584037E-17
4730.00151810985  8.359704E-17
4731.85344369614  7.333218E-17
4733.70557053118  7.301930E-17
4735.5578983744  5.846820E-17
4737.41042698547  6.282275E-17
4739.26315612428  5.962264E-17
4741.11608555095  6.753925E-17
4742.96921502585  5.718965E-17
4744.82254430956  6.285802E-17
4746.6760731629  5.841862E-17
4748.52980134693  4.288806E-17
4750.38372862293  5.744083E-17
4752.23785475242  4.612533E-17
4754.09217949713  4.900631E-17
4755.94670261905  5.811818E-17
4757.80142388038  5.037501E-17
4759.65634304355  6.142648E-17
4761.51145987123  5.439251E-17
4763.36677412633  6.317783E-17
4765.22228557195  4.457236E-17
4767.07799397147  6.401260E-17
4768.93389908846  5.659502E-17
4770.79000068675  5.822673E-17
4772.64629853038  6.188294E-17
4774.50279238362  7.099438E-17
4776.35948201097  5.484050E-17
4778.21636717717  7.994681E-17
4780.07344764718  4.622325E-17
4781.93072318619  6.497078E-17
4783.78819355962  6.687730E-17
4785.64585853312  5.034666E-17
4787.50371787256  4.158838E-17
4789.36177134405  5.846946E-17
4791.22001871391  5.881325E-17
4793.07845974872  6.633980E-17
4794.93709421525  6.860583E-17
4796.79592188053  5.889898E-17
4798.6549425118  5.378259E-17
4800.51415587653  7.595270E-17
4802.37356174241  6.552074E-17
4804.23315987738  7.288857E-17
4806.09295004958  5.713115E-17
4807.9529320274  6.303214E-17
4809.81310557944  6.652457E-17
4811.67347047454  6.225450E-17
4813.53402648175  5.627722E-17
4815.39477337037  5.834738E-17
4817.2557109099  5.393617E-17
4819.11683887009  6.710376E-17
4820.9781570209  6.607544E-17
4822.83966513251  5.727034E-17
4824.70136297536  6.404146E-17
4826.56325032007  6.977070E-17
4828.42532693752  6.960479E-17
4830.28759259881  6.363305E-17
4832.15004707524  5.470842E-17
4834.01269013836  8.051255E-17
4835.87552155995  5.515215E-17
4837.738541112  5.729564E-17
4839.60174856671  7.894000E-17
4841.46514369655  5.772736E-17
4843.32872627417  6.548105E-17
4845.19249607247  6.060125E-17
4847.05645286456  5.541773E-17
4848.92059642378  7.009065E-17
4850.7849265237  4.988684E-17
4852.64944293811  5.624926E-17
4854.51414544101  5.223428E-17
4856.37903380665  5.422201E-17
4858.24410780948  6.480939E-17
4860.10936722418  7.400037E-17
4861.97481182566  5.094502E-17
4863.84044138905  6.209485E-17
4865.7062556897  5.415516E-17
4867.57225450318  6.118151E-17
4869.43843760529  7.590592E-17
4871.30480477205  4.872860E-17
4873.1713557797  6.314602E-17
4875.03809040471  5.917441E-17
4876.90500842376  5.709064E-17
4878.77210961375  6.095670E-17
4880.63939375183  6.015038E-17
4882.50686061533  6.103110E-17
4884.37450998184  6.378261E-17
4886.24234162915  5.874517E-17
4888.11035533528  4.707563E-17
4889.97855087846  5.435217E-17
4891.84692803715  6.469490E-17
4893.71548659003  5.386497E-17
4895.584226316  5.486649E-17
4897.45314699418  6.468656E-17
4899.32224840392  5.536155E-17
4901.19153032478  5.534949E-17
4903.06099253654  5.104657E-17
4904.9306348192  5.326129E-17
4906.80045695298  4.982150E-17
4908.67045871833  6.045093E-17
4910.54063989591  6.038722E-17
4912.4110002666  6.582306E-17
4914.28153961151  6.090911E-17
4916.15225771194  6.059278E-17
4918.02315434946  5.511843E-17
4919.89422930581  5.693883E-17
4921.76548236297  6.123514E-17
4923.63691330314  6.102566E-17
4925.50852190874  5.547633E-17
4927.3803079624  4.790385E-17
4929.25227124698  4.966776E-17
4931.12441154554  5.406937E-17
4932.99672864137  5.631808E-17
4934.86922231799  5.696447E-17
4936.74189235912  6.810895E-17
4938.6147385487  5.454767E-17
4940.4877606709  5.001013E-17
4942.36095851009  6.056715E-17
4944.23433185087  5.141934E-17
4946.10788047806  5.670032E-17
4947.98160417668  5.689830E-17
4949.85550273199  6.179496E-17
4951.72957592944  6.100314E-17
4953.60382355472  5.659620E-17
4955.47824539373  6.286276E-17
4957.35284123259  5.688037E-17
4959.22761085762  6.899803E-17
4961.10255405537  5.922345E-17
4962.9776706126  5.884657E-17
4964.85296031631  5.527649E-17
4966.72842295367  6.795516E-17
4968.60405831211  6.126160E-17
4970.47986617925  6.066883E-17
4972.35584634293  5.542720E-17
4974.2319985912  4.111964E-17
4976.10832271236  5.667834E-17
4977.98481849487  6.399450E-17
4979.86148572745  5.491928E-17
4981.73832419902  5.794173E-17
4983.6153336987  5.817491E-17
4985.49251401584  6.269345E-17
4987.36986494  4.974300E-17
4989.24738626097  6.305630E-17
4991.12507776873  5.562206E-17
4993.00293925348  6.367133E-17
4994.88097050565  6.286829E-17
4996.75917131587  6.497769E-17
4998.63754147497  6.132651E-17
5000.51608077403  4.607654E-17
5002.3947890043  5.493024E-17
5004.27366595729  6.344923E-17
5006.15271142469  5.712959E-17
5008.03192519841  6.149438E-17
5009.91130707057  5.436147E-17
5011.79085683351  6.363217E-17
5013.67057427979  6.365627E-17
5015.55045920216  6.520630E-17
5017.43051139361  6.216771E-17
5019.31073064731  4.926683E-17
5021.19111675667  5.462957E-17
5023.0716695153  6.084480E-17
5024.95238871702  5.886248E-17
5026.83327415588  6.905510E-17
5028.7143256261  5.504830E-17
5030.59554292216  5.997158E-17
5032.47692583872  6.424568E-17
5034.35847417066  5.055196E-17
5036.24018771307  4.660560E-17
5038.12206626127  5.839377E-17
5040.00410961075  5.191473E-17
5041.88631755724  5.332094E-17
5043.76868989668  5.417328E-17
5045.65122642522  5.975654E-17
5047.5339269392  6.229346E-17
5049.41679123519  6.374042E-17
5051.29981910998  5.213720E-17
5053.18301036054  4.852589E-17
5055.06636478406  6.238110E-17
5056.94988217796  5.533612E-17
5058.83356233985  4.793973E-17
5060.71740506754  4.664209E-17
5062.60141015908  5.308737E-17
5064.48557741271  5.236396E-17
5066.36990662687  5.359071E-17
5068.25439760022  5.788337E-17
5070.13905013164  4.599589E-17
5072.0238640202  5.090831E-17
5073.90883906518  5.048657E-17
5075.79397506608  5.286082E-17
5077.67927182261  5.312980E-17
5079.56472913466  4.264446E-17
5081.45034680236  5.116708E-17
5083.33612462604  5.894030E-17
5085.22206240622  5.412249E-17
5087.10815994365  5.116115E-17
5088.99441703927  5.667797E-17
5090.88083349424  5.380613E-17
5092.76740910993  4.969880E-17
5094.6541436879  5.354573E-17
5096.54103702993  4.873993E-17
5098.428088938  4.312967E-17
5100.31529921431  5.329328E-17
5102.20266766124  4.183364E-17
5104.0901940814  5.692947E-17
5105.9778782776  4.497343E-17
5107.86572005286  5.119933E-17
5109.75371921039  5.636434E-17
5111.64187555363  5.155111E-17
5113.5301888862  5.240408E-17
5115.41865901194  4.629770E-17
5117.30728573489  4.565364E-17
5119.19606885932  4.734569E-17
5121.08500818965  5.135893E-17
5122.97410353057  4.118941E-17
5124.86335468693  4.202910E-17
5126.7527614638  4.886074E-17
5128.64232366645  3.921338E-17
5130.53204110037  5.183605E-17
5132.42191357122  4.490321E-17
5134.31194088491  5.121534E-17
5136.20212284752  4.766733E-17
5138.09245926534  5.033048E-17
5139.98294994488  4.621564E-17
5141.87359469283  3.810412E-17
5143.76439331611  4.668130E-17
5145.65534562181  4.090095E-17
5147.54645141726  4.429197E-17
5149.43771050998  4.103242E-17
5151.32912270767  3.892352E-17
5153.22068781826  4.192577E-17
5155.11240564988  4.819720E-17
5157.00427601085  3.826262E-17
5158.8962987097  3.848019E-17
5160.78847355518  4.882482E-17
5162.6808003562  4.268251E-17
5164.57327892191  4.085802E-17
5166.46590906166  4.183125E-17
5168.35869058496  4.286618E-17
5170.25162330158  5.444495E-17
5172.14470702146  4.313377E-17
5174.03794155474  4.053783E-17
5175.93132671176  4.427391E-17
5177.82486230309  4.693112E-17
5179.71854813947  4.646642E-17
5181.61238403184  5.124185E-17
5183.50636979136  4.235554E-17
5185.40050522939  4.490726E-17
5187.29479015747  4.172069E-17
5189.18922438736  4.674372E-17
5191.08380773101  5.157189E-17
5192.97854000058  3.860050E-17
5194.87342100843  4.972672E-17
5196.7684505671  4.844620E-17
5198.66362848935  4.551469E-17
5200.55895458813  5.074901E-17
5202.4544286766  4.612673E-17
5204.35005056811  4.503060E-17
5206.24582007621  4.988315E-17
5208.14173701465  4.864490E-17
5210.03780119739  4.479369E-17
5211.93401243857  5.554395E-17
5213.83037055254  4.647832E-17
5215.72687535384  4.403812E-17
5217.62352665723  4.062561E-17
5219.52032427764  5.114830E-17
5221.41726803022  4.960777E-17
5223.31435773031  5.305812E-17
5225.21159319344  4.933636E-17
5227.10897423535  5.699090E-17
5229.00650067198  5.414322E-17
5230.90417231945  4.800052E-17
5232.8019889941  5.161508E-17
5234.69995051244  5.170202E-17
5236.59805669122  5.360509E-17
5238.49630734733  4.927922E-17
5240.39470229791  5.806126E-17
5242.29324136026  5.243084E-17
5244.19192435189  5.330250E-17
5246.09075109052  5.366241E-17
5247.98972139405  4.675640E-17
5249.88883508058  4.934673E-17
5251.78809196839  5.858796E-17
5253.687491876  4.634392E-17
5255.58703462207  5.298911E-17
5257.48672002551  5.258607E-17
5259.38654790539  5.698619E-17
5261.28651808097  5.069617E-17
5263.18663037174  5.114105E-17
5265.08688459736  5.969190E-17
5266.9872805777  5.676374E-17
5268.8878181328  5.251737E-17
5270.78849708291  5.475087E-17
5272.68931724849  5.665964E-17
5274.59027845017  5.493301E-17
5276.49138050879  5.838208E-17
5278.39262324538  5.432420E-17
5280.29400648116  5.478325E-17
5282.19553003755  5.955645E-17
5284.09719373615  6.288715E-17
5285.99899739878  6.073614E-17
5287.90094084744  5.852212E-17
5289.80302390431  5.757233E-17
5291.70524639178  6.476438E-17
5293.60760813243  5.871104E-17
5295.51010894904  5.714113E-17
5297.41274866456  6.177368E-17
5299.31552710216  6.139411E-17
5301.21844408519  5.902370E-17
5303.12149943719  6.410682E-17
5305.0246929819  6.261933E-17
5306.92802454325  6.826712E-17
5308.83149394535  6.471222E-17
5310.73510101253  6.892938E-17
5312.63884556928  6.963111E-17
5314.5427274403  6.190727E-17
5316.44674645049  6.137165E-17
5318.35090242491  6.819792E-17
5320.25519518886  6.757389E-17
5322.15962456777  6.586180E-17
5324.06419038732  6.844861E-17
5325.96889247335  6.632819E-17
5327.87373065188  7.267736E-17
5329.77870474916  7.055654E-17
5331.6838145916  7.238973E-17
5333.5890600058  6.656316E-17
5335.49444081857  7.181812E-17
5337.39995685689  6.932178E-17
5339.30560794795  7.341775E-17
5341.21139391911  7.483737E-17
5343.11731459794  7.636829E-17
5345.02336981217  7.795232E-17
5346.92955938976  6.877620E-17
5348.83588315883  7.257235E-17
5350.74234094769  6.451097E-17
5352.64893258486  6.566236E-17
5354.55565789902  7.892310E-17
5356.46251671908  7.279267E-17
5358.36950887409  6.973502E-17
5360.27663419332  7.096328E-17
5362.18389250623  7.639957E-17
5364.09128364245  7.869780E-17
5365.99880743181  6.506722E-17
5367.90646370432  7.595158E-17
5369.8142522902  7.589835E-17
5371.72217301984  8.218221E-17
5373.63022572381  8.095509E-17
5375.53841023288  7.728761E-17
5377.44672637801  7.659207E-17
5379.35517399033  7.613353E-17
5381.26375290119  7.325091E-17
5383.1724629421  7.819573E-17
5385.08130394476  8.146418E-17
5386.99027574107  8.383572E-17
5388.8993781631  8.580790E-17
5390.80861104312  8.638229E-17
5392.71797421357  8.385088E-17
5394.6274675071  8.405652E-17
5396.53709075653  8.443739E-17
5398.44684379488  8.896983E-17
5400.35672645532  8.502304E-17
5402.26673857126  8.327127E-17
5404.17687997625  8.307967E-17
5406.08715050405  8.624376E-17
5407.9975499886  8.141667E-17
5409.90807826403  8.456186E-17
5411.81873516463  9.122438E-17
5413.72952052491  8.376601E-17
5415.64043417955  9.243965E-17
5417.5514759634  9.228384E-17
5419.46264571153  8.925342E-17
5421.37394325915  8.701040E-17
5423.2853684417  8.476478E-17
5425.19692109477  8.439310E-17
5427.10860105415  8.944963E-17
5429.0204081558  8.710733E-17
5430.9323422359  9.525485E-17
5432.84440313076  8.463233E-17
5434.75659067691  9.206606E-17
5436.66890471106  8.513576E-17
5438.5813450701  7.508680E-17
5440.4939115911  8.455533E-17
5442.40660411132  8.026250E-17
5444.31942246818  8.055460E-17
5446.23236649932  8.330208E-17
5448.14543604254  8.830772E-17
5450.05863093582  8.201405E-17
5451.97195101733  8.410319E-17
5453.88539612543  8.064388E-17
5455.79896609864  8.855535E-17
5457.71266077568  8.645430E-17
5459.62647999545  8.075249E-17
5461.54042359704  8.394427E-17
5463.45449141968  8.145620E-17
5465.36868330284  8.935713E-17
5467.28299908614  8.093465E-17
5469.19743860938  8.231994E-17
5471.11200171254  7.532704E-17
5473.0266882358  7.514054E-17
5474.9414980195  8.684105E-17
5476.85643090417  7.889757E-17
5478.77148673053  8.408124E-17
5480.68666533945  8.003450E-17
5482.60196657202  7.752991E-17
5484.51739026948  8.306876E-17
5486.43293627327  7.553688E-17
5488.34860442499  7.409560E-17
5490.26439456643  7.887824E-17
5492.18030653957  7.627366E-17
5494.09634018656  8.075389E-17
5496.01249534973  7.449535E-17
5497.92877187158  7.777664E-17
5499.8451695948  7.221581E-17
5501.76168836227  7.730774E-17
5503.67832801702  7.846744E-17
5505.59508840228  7.922637E-17
5507.51196936147  7.338465E-17
5509.42897073815  7.493075E-17
5511.34609237608  7.413142E-17
5513.26333411922  7.938057E-17
5515.18069581167  7.007292E-17
5517.09817729774  6.896685E-17
5519.01577842188  7.226356E-17
5520.93349902876  7.829203E-17
5522.85133896321  7.146903E-17
5524.76929807023  6.598251E-17
5526.68737619499  7.225290E-17
5528.60557318288  7.088144E-17
5530.52388887941  7.530335E-17
5532.44232313032  6.623452E-17
5534.36087578147  6.462208E-17
5536.27954667896  7.041495E-17
5538.19833566902  6.925421E-17
5540.11724259808  6.535068E-17
5542.03626731272  6.938033E-17
5543.95540965973  6.586721E-17
5545.87466948606  6.504603E-17
5547.79404663883  6.798700E-17
5549.71354096534  6.543576E-17
5551.63315231308  5.707403E-17
5553.55288052969  6.335293E-17
5555.472725463  6.330772E-17
5557.39268696103  6.371361E-17
5559.31276487194  5.647335E-17
5561.23295904408  6.328145E-17
5563.15326932601  6.205793E-17
5565.0736955664  6.291589E-17
5566.99423761415  5.963324E-17
5568.9148953183  5.670827E-17
5570.83566852809  6.112783E-17
5572.75655709291  6.022589E-17
5574.67756086234  6.255799E-17
5576.59867968613  6.180520E-17
5578.5199134142  6.105223E-17
5580.44126189665  6.029926E-17
5582.36272498376  5.954628E-17
5584.28430252597  6.123220E-17
5586.20599437388  5.803941E-17
5588.12780037831  6.155109E-17
5590.0497203902  6.014670E-17
5591.9717542607  6.374640E-17
5593.89390184112  6.590723E-17
5595.81616298293  5.960229E-17
5597.7385375378  5.958175E-17
5599.66102535755  5.774032E-17
5601.58362629418  6.402429E-17
5603.50634019987  6.184243E-17
5605.42916692695  6.017640E-17
5607.35210632794  5.901540E-17
5609.27515825554  6.171048E-17
5611.19832256259  6.246229E-17
5613.12159910214  6.468231E-17
5615.04498772738  6.790625E-17
5616.96848829169  5.743405E-17
5618.89210064861  5.890384E-17
5620.81582465186  6.622736E-17
5622.73966015531  6.418100E-17
5624.66360701304  5.204242E-17
5626.58766507928  5.609559E-17
5628.5118342084  5.766651E-17
5630.43611425499  6.260376E-17
5632.36050507379  5.878196E-17
5634.2850065197  4.998178E-17
5636.2096184478  5.602639E-17
5638.13434071334  5.640298E-17
5640.05917317174  5.963672E-17
5641.98411567859  5.662992E-17
5643.90916808965  5.747588E-17
5645.83433026083  5.961319E-17
5647.75960204824  5.714379E-17
5649.68498330814  5.710490E-17
5651.61047389697  5.705055E-17
5653.53607367133  5.147048E-17
5655.46178248798  5.627714E-17
5657.38760020388  5.066959E-17
5659.31352667612  5.568704E-17
5661.23956176198  5.413517E-17
5663.16570531892  5.331892E-17
5665.09195720453  4.568445E-17
5667.0183172766  5.774356E-17
5668.94478539308  5.345862E-17
5670.87136141209  5.283412E-17
5672.7980451919  5.128425E-17
5674.72483659097  5.810099E-17
5676.65173546792  5.655386E-17
5678.57874168152  5.313605E-17
5680.50585509074  5.934421E-17
5682.43307555469  5.544130E-17
5684.36040293265  5.126591E-17
5686.28783708408  5.924330E-17
5688.2153778686  5.655667E-17
5690.14302514598  5.673923E-17
5692.07077877619  5.625430E-17
5693.99863861933  5.368954E-17
5695.92660453569  5.788322E-17
5697.85467638572  5.859867E-17
5699.78285403003  5.834796E-17
5701.7111373294  6.004867E-17
5703.63952614478  5.851742E-17
5705.56802033727  6.018097E-17
5707.49661976816  5.854242E-17
5709.42532429887  6.014709E-17
5711.35413379103  5.862152E-17
5713.28304810639  5.347238E-17
5715.21206710689  5.400614E-17
5717.14119065463  6.033937E-17
5719.07041861187  6.291841E-17
5720.99975084104  5.261408E-17
5722.92918720474  5.558975E-17
5724.85872756571  5.557922E-17
5726.78837178688  5.267683E-17
5728.71811973133  5.231110E-17
5730.6479712623  5.236779E-17
5732.57792624321  5.834311E-17
5734.50798453763  5.938422E-17
5736.4381460093  5.164348E-17
5738.3684105221  5.538212E-17
5740.29877794012  5.989724E-17
5742.22924812757  5.647964E-17
5744.15982094884  5.616040E-17
5746.09049626848  5.399948E-17
5748.0212739512  6.004779E-17
5749.95215386188  6.189194E-17
5751.88313586555  5.317988E-17
5753.81421982742  5.603850E-17
5755.74540561284  5.906500E-17
5757.67669308734  5.181673E-17
5759.6080821166  5.881750E-17
5761.53957256647  5.585830E-17
5763.47116430295  5.352849E-17
5765.40285719221  6.374142E-17
5767.33465110058  4.987262E-17
5769.26654589455  5.489093E-17
5771.19854144078  6.196646E-17
5773.13063760607  6.018568E-17
5775.0628342574  6.426511E-17
5776.99513126189  5.568708E-17
5778.92752848685  4.960368E-17
5780.86002579972  5.546225E-17
5782.79262306812  5.235454E-17
5784.72532015982  5.030856E-17
5786.65811694276  5.543578E-17
5788.59101328502  5.520104E-17
5790.52400905486  5.264319E-17
5792.45710412069  5.570415E-17
5794.39029835108  5.356415E-17
5796.32359161476  5.428439E-17
5798.25698378061  6.133415E-17
5800.1904747177  5.821083E-17
5802.12406429521  5.297014E-17
5804.05775238253  5.506269E-17
5805.99153884916  4.800634E-17
5807.9254235648  5.096313E-17
5809.85940639927  5.235798E-17
5811.79348722259  5.077958E-17
5813.72766590491  5.843666E-17
5815.66194231653  5.575401E-17
5817.59631632794  5.325054E-17
5819.53078780975  4.988416E-17
5821.46535663276  5.053048E-17
5823.40002266791  5.501418E-17
5825.33478578631  4.878253E-17
5827.2696458592  5.331206E-17
5829.204602758  5.381215E-17
5831.13965635429  5.067274E-17
5833.07480651979  5.034451E-17
5835.01005312639  4.945128E-17
5836.94539604613  4.879782E-17
5838.88083515121  4.920988E-17
5840.81637031397  4.904274E-17
5842.75200140693  5.034670E-17
5844.68772830276  5.574195E-17
5846.62355087427  5.146687E-17
5848.55946899445  5.209922E-17
5850.49548253641  4.787249E-17
5852.43159137346  5.071787E-17
5854.36779537903  4.758861E-17
5856.30409442673  4.762536E-17
5858.24048839029  5.485857E-17
5860.17697714364  5.205423E-17
5862.11356056083  4.818068E-17
5864.05023851608  5.004967E-17
5865.98701088376  5.223324E-17
5867.9238775384  4.954947E-17
5869.86083835467  4.806856E-17
5871.79789320741  4.923665E-17
5873.73504197161  4.875890E-17
5875.67228452241  4.879038E-17
5877.6096207351  4.959552E-17
5879.54705048513  5.693049E-17
5881.4845736481  4.845082E-17
5883.42219009977  4.886001E-17
5885.35989971605  5.264821E-17
5887.29770237299  5.337351E-17
5889.23559794681  4.813944E-17
5891.17358631388  4.651466E-17
5893.11166735072  5.836771E-17
5895.04984093399  5.326444E-17
5896.98810694052  5.388369E-17
5898.9264652473  5.566452E-17
5900.86491573144  5.500535E-17
5902.80345827023  5.178988E-17
5904.74209274109  5.009818E-17
5906.68081902162  4.806741E-17
5908.61963698955  5.025827E-17
5910.55854652276  4.428347E-17
5912.49754749929  4.674061E-17
5914.43663979734  4.675686E-17
5916.37582329524  4.582506E-17
5918.31509787148  4.861135E-17
5920.2544634047  4.884084E-17
5922.1939197737  5.167361E-17
5924.13346685742  4.434236E-17
5926.07310453496  5.000586E-17
5928.01283268555  4.893758E-17
5929.95265118859  5.007177E-17
5931.89255992363  5.265234E-17
5933.83255877035  4.979913E-17
5935.77264760861  5.011596E-17
5937.71282631839  4.594857E-17
5939.65309477983  4.401464E-17
5941.59345287323  4.229942E-17
5943.53390047904  4.430639E-17
5945.47443747783  4.373495E-17
5947.41506375035  4.996966E-17
5949.35577917748  4.645083E-17
5951.29658364026  4.889146E-17
5953.23747701988  4.886943E-17
5955.17845919768  4.755834E-17
5957.11953005512  4.833364E-17
5959.06068947384  4.883369E-17
5961.00193733562  4.795852E-17
5962.94327352239  4.961909E-17
5964.88469791621  4.957317E-17
5966.82621039931  4.952726E-17
5968.76781085406  4.948134E-17
5970.70949916298  4.943542E-17
5972.65127520871  4.938949E-17
5974.59313887409  4.934356E-17
5976.53509004206  5.469296E-17
5978.47712859573  3.922613E-17
5980.41925441835  4.719212E-17
5982.36146739331  4.639599E-17
5984.30376740417  4.871789E-17
5986.24615433461  5.538967E-17
5988.18862806846  5.146548E-17
5990.13118848971  4.573085E-17
5992.07383548249  5.042213E-17
5994.01656893108  4.890711E-17
5995.95938871988  4.814189E-17
5997.90229473347  5.071555E-17
5999.84528685657  4.705031E-17
6001.78836497401  5.120583E-17
6003.73152897081  5.215898E-17
6005.67477873212  5.154397E-17
6007.61811414322  5.199014E-17
6009.56153508954  5.254889E-17
6011.50504145668  5.175995E-17
6013.44863313036  5.234084E-17
6015.39230999644  5.561825E-17
6017.33607194093  5.016305E-17
6019.27991885001  5.402924E-17
6021.22385060996  5.762464E-17
6023.16786710724  6.171622E-17
6025.11196822843  5.621725E-17
6027.05615386027  5.498684E-17
6029.00042388963  5.123216E-17
6030.94477820353  4.752676E-17
6032.88921668914  5.134061E-17
6034.83373923376  5.388951E-17
6036.77834572484  5.250039E-17
6038.72303604998  5.261730E-17
6040.6678100969  5.125865E-17
6042.61266775348  5.566505E-17
6044.55760890775  5.928167E-17
6046.50263344787  5.232406E-17
6048.44774126213  5.557072E-17
6050.39293223899  5.387056E-17
6052.33820626703  4.840424E-17
6054.28356323499  5.367892E-17
6056.22900303173  5.332738E-17
6058.17452554626  5.203909E-17
6060.12013066775  5.706129E-17
6062.06581828548  5.314564E-17
6064.01158828889  5.729889E-17
6065.95744056757  5.359064E-17
6067.90337501122  5.197539E-17
6069.8493915097  5.722139E-17
6071.79548995303  5.538271E-17
6073.74167023133  5.954066E-17
6075.68793223489  5.159230E-17
6077.63427585412  5.931070E-17
6079.58070097959  5.928923E-17
6081.527207502  5.585413E-17
6083.47379531219  5.275067E-17
6085.42046430114  5.820594E-17
6087.36721435997  5.547590E-17
6089.31404537993  5.878491E-17
6091.26095725243  5.904730E-17
6093.207949869  5.650087E-17
6095.15502312132  5.859565E-17
6097.1021769012  5.590995E-17
6099.04941110061  5.884276E-17
6100.99672561162  5.333140E-17
6102.94412032648  5.740672E-17
6104.89159513755  5.403040E-17
6106.83914993734  6.014361E-17
6108.78678461849  5.643471E-17
6110.7344990738  6.643913E-17
6112.68229319617  6.027137E-17
6114.63016687868  6.178894E-17
6116.57812001452  5.435874E-17
6118.52615249702  5.711875E-17
6120.47426421965  5.610270E-17
6122.42245507603  5.968948E-17
6124.37072495989  5.973288E-17
6126.31907376513  5.891299E-17
6128.26750138576  6.031681E-17
6130.21600771594  6.364876E-17
6132.16459264996  5.995719E-17
6134.11325608225  5.824109E-17
6136.06199790738  6.474535E-17
6138.01081802006  6.590197E-17
6139.9597163151  5.756357E-17
6141.9086926875  6.728886E-17
6143.85774703235  7.169517E-17
6145.80687924491  6.701755E-17
6147.75608922056  6.620237E-17
6149.70537685481  6.727874E-17
6151.65474204332  6.167726E-17
6153.60418468186  6.646895E-17
6155.55370466637  6.193643E-17
6157.50330189289  6.495763E-17
6159.45297625763  6.036145E-17
6161.40272765689  6.880153E-17
6163.35255598715  6.607163E-17
6165.302461145  6.766346E-17
6167.25244302717  7.003282E-17
6169.20250153051  6.685865E-17
6171.15263655203  6.911680E-17
6173.10284798886  6.396079E-17
6175.05313573825  6.831388E-17
6177.00349969762  6.645920E-17
6178.95393976448  6.525916E-17
6180.90445583651  6.846998E-17
6182.8550478115  6.196878E-17
6184.80571558737  6.963640E-17
6186.7564590622  6.577571E-17
6188.70727813419  7.144722E-17
6190.65817270165  6.847658E-17
6192.60914266304  6.743787E-17
6194.56018791698  6.867431E-17
6196.51130836217  7.153472E-17
6198.46250389748  6.928591E-17
6200.41377442189  6.744772E-17
6202.36511983453  6.949525E-17
6204.31654003466  6.534837E-17
6206.26803492165  6.420088E-17
6208.21960439502  7.164451E-17
6210.17124835443  6.561278E-17
6212.12296669965  6.912781E-17
6214.07475933058  6.997982E-17
6216.02662614728  6.849762E-17
6217.97856704991  6.737931E-17
6219.93058193877  7.023471E-17
6221.8826707143  6.862163E-17
6223.83483327706  6.735106E-17
6225.78706952775  6.840552E-17
6227.73937936719  7.060266E-17
6229.69176269632  6.530761E-17
6231.64421941625  6.994637E-17
6233.59674942817  6.945683E-17
6235.54935263344  6.706365E-17
6237.50202893352  6.708863E-17
6239.45477823002  6.924452E-17
6241.40760042467  6.525879E-17
6243.36049541933  6.868042E-17
6245.31346311598  6.772234E-17
6247.26650341675  7.129344E-17
6249.21961622389  6.243029E-17
6251.17280143976  7.096789E-17
6253.12605896687  6.803479E-17
6255.07938870786  7.050584E-17
6257.03279056549  7.136476E-17
6258.98626444263  7.077467E-17
6260.93981024231  6.566977E-17
6262.89342786768  6.865493E-17
6264.84711722201  6.364181E-17
6266.80087820868  7.362237E-17
6268.75471073124  7.082741E-17
6270.70861469334  7.101592E-17
6272.66258999875  6.966516E-17
6274.61663655139  6.686034E-17
6276.57075425529  6.116460E-17
6278.5249430146  6.108553E-17
6280.47920273363  6.766388E-17
6282.43353331679  6.853156E-17
6284.38793466861  6.544582E-17
6286.34240669376  6.442425E-17
6288.29694929705  6.563570E-17
6290.25156238338  6.582343E-17
6292.2062458578  6.907126E-17
6294.16099962549  6.144151E-17
6296.11582359174  5.797112E-17
6298.07071766197  7.723315E-17
6300.02568174174  6.947808E-17
6301.9807157367  6.344798E-17
6303.93581955267  6.856896E-17
6305.89099309556  6.485885E-17
6307.84623627143  6.068334E-17
6309.80154898643  6.950930E-17
6311.75693114688  6.726189E-17
6313.71238265919  6.112104E-17
6315.66790342991  6.886746E-17
6317.6234933657  6.652022E-17
6319.57915237336  6.522852E-17
6321.53488035982  6.832006E-17
6323.49067723209  6.562161E-17
6325.44654289737  6.749916E-17
6327.40247726292  6.553939E-17
6329.35848023617  6.862472E-17
6331.31455172465  6.447547E-17
6333.27069163602  6.722591E-17
6335.22689987805  6.190427E-17
6337.18317635865  6.211639E-17
6339.13952098585  6.869776E-17
6341.0959336678  6.835902E-17
6343.05241431277  6.575200E-17
6345.00896282915  7.133886E-17
6346.96557912546  6.253463E-17
6348.92226311034  7.208428E-17
6350.87901469254  6.309529E-17
6352.83583378096  6.880400E-17
6354.79272028458  6.614526E-17
6356.74967411254  6.286123E-17
6358.70669517409  6.293114E-17
6360.66378337859  7.052393E-17
6362.62093863553  7.520927E-17
6364.57816085452  6.594065E-17
6366.53544994529  7.048933E-17
6368.49280581769  6.469969E-17
6370.4502283817  6.589419E-17
6372.40771754741  6.598752E-17
6374.36527322503  7.152281E-17
6376.32289532489  6.670073E-17
6378.28058375745  6.831710E-17
6380.23833843328  7.050219E-17
6382.19615926308  6.654601E-17
6384.15404615765  7.265106E-17
6386.11199902793  6.788791E-17
6388.07001778497  7.038956E-17
6390.02810233995  7.017573E-17
6391.98625260415  7.265373E-17
6393.94446848898  7.390209E-17
6395.90274990597  7.263327E-17
6397.86109676677  7.075892E-17
6399.81950898314  7.288723E-17
6401.77798646697  7.216822E-17
6403.73652913026  7.044255E-17
6405.69513688514  7.478226E-17
6407.65380964383  7.260440E-17
6409.6125473187  6.677167E-17
6411.57134982223  6.918056E-17
6413.53021706701  7.031602E-17
6415.48914896574  6.887248E-17
6417.44814543126  6.764516E-17
6419.4072063765  7.522079E-17
6421.36633171454  6.752686E-17
6423.32552135855  7.117536E-17
6425.28477522183  7.095503E-17
6427.2440932178  6.994318E-17
6429.20347525997  7.063523E-17
6431.16292126201  6.578240E-17
6433.12243113767  7.347033E-17
6435.08200480083  7.008605E-17
6437.04164216549  7.081037E-17
6439.00134314576  7.091146E-17
6440.96110765586  6.878483E-17
6442.92093561015  7.044339E-17
6444.88082692308  7.000670E-17
6446.84078150922  7.187369E-17
6448.80079928327  7.279256E-17
6450.76088016002  6.713631E-17
6452.72102405441  7.078423E-17
6454.68123088147  7.085767E-17
6456.64150055634  6.993849E-17
6458.60183299429  6.752084E-17
6460.5622281107  6.990883E-17
6462.52268582107  7.002792E-17
6464.48320604101  7.136118E-17
6466.44378868623  6.866121E-17
6468.40443367257  7.019320E-17
6470.36514091599  6.991599E-17
6472.32591033256  7.004714E-17
6474.28674183843  7.022242E-17
6476.24763534992  6.928575E-17
6478.20859078342  6.493243E-17
6480.16960805546  6.585113E-17
6482.13068708267  6.795825E-17
6484.09182778179  6.931930E-17
6486.05303006967  6.454277E-17
6488.0142938633  6.909354E-17
6489.97561907975  6.703914E-17
6491.93700563622  6.900420E-17
6493.89845345001  6.753515E-17
6495.85996243856  6.779871E-17
6497.82153251939  6.928726E-17
6499.78316361014  7.003180E-17
6501.74485562858  6.551238E-17
6503.70660849256  6.712219E-17
6505.66842212008  6.777818E-17
6507.63029642922  6.879400E-17
6509.59223133818  6.956010E-17
6511.55422676529  6.950836E-17
6513.51628262895  6.406652E-17
6515.47839884773  6.705493E-17
6517.44057534024  6.312468E-17
6519.40281202527  6.995595E-17
6521.36510882166  6.820965E-17
6523.32746564841  6.536741E-17
6525.2898824246  6.735692E-17
6527.25235906943  6.958308E-17
6529.21489550221  6.607126E-17
6531.17749164236  6.916021E-17
6533.14014740941  6.841948E-17
6535.10286272299  6.442980E-17
6537.06563750286  6.644367E-17
6539.02847166887  6.312021E-17
6540.99136514099  6.653127E-17
6542.9543178393  6.826610E-17
6544.91732968397  6.527974E-17
6546.88040059531  6.392061E-17
6548.84353049372  6.594057E-17
6550.8067192997  6.142252E-17
6552.76996693388  6.701214E-17
6554.73327331699  6.278908E-17
6556.69663836986  6.403433E-17
6558.66006201343  6.494132E-17
6560.62354416876  6.877653E-17
6562.58708475701  6.992723E-17
6564.55068369945  6.320763E-17
6566.51434091745  6.452741E-17
6568.4780563325  6.945192E-17
6570.44182986618  6.485544E-17
6572.40566144019  6.727435E-17
6574.36955097634  6.751556E-17
6576.33349839654  6.957636E-17
6578.29750362281  6.618985E-17
6580.26156657726  6.864517E-17
6582.22568718214  6.635994E-17
6584.18986535978  6.489454E-17
6586.15410103262  6.940552E-17
6588.11839412322  6.837470E-17
6590.08274455423  6.412740E-17
6592.04715224842  6.727255E-17
6594.01161712864  7.161777E-17
6595.97613911788  6.649590E-17
6597.94071813921  6.622569E-17
6599.90535411582  6.745920E-17
6601.87004697099  6.553613E-17
6603.83479662812  6.714929E-17
6605.79960301072  6.874483E-17
6607.76446604238  6.919700E-17
6609.72938564682  6.839820E-17
6611.69436174784  6.669328E-17
6613.65939426937  6.624708E-17
6615.62448313543  7.162339E-17
6617.58962827014  6.801377E-17
6619.55482959774  6.959013E-17
6621.52008704256  6.775213E-17
6623.48540052904  7.067105E-17
6625.45076998171  6.699155E-17
6627.41619532524  6.572208E-17
6629.38167648435  6.617390E-17
6631.34721338392  6.406404E-17
6633.31280594889  6.576814E-17
6635.27845410431  6.866350E-17
6637.24415777536  6.655337E-17
6639.2099168873  7.187146E-17
6641.17573136549  6.915974E-17
6643.1416011354  6.845066E-17
6645.1075261226  6.371038E-17
6647.07350625277  6.767405E-17
6649.03954145168  6.433539E-17
6651.00563164521  7.279823E-17
6652.97177675934  6.136715E-17
6654.93797672015  6.313772E-17
6656.90423145382  6.467617E-17
6658.87054088664  6.557565E-17
6660.83690494499  6.311599E-17
6662.80332355537  6.548895E-17
6664.76979664435  6.442410E-17
6666.73632413863  6.476927E-17
6668.70290596499  5.974844E-17
6670.66954205033  6.219753E-17
6672.63623232163  6.521970E-17
6674.60297670599  6.470077E-17
6676.56977513061  5.947043E-17
6678.53662752276  6.386190E-17
6680.50353380984  6.331922E-17
6682.47049391935  6.531096E-17
6684.43750777887  6.205095E-17
6686.40457531609  6.543436E-17
6688.37169645881  6.507249E-17
6690.33887113492  6.149997E-17
6692.3060992724  6.134113E-17
6694.27338079934  6.395317E-17
6696.24071564392  6.533336E-17
6698.20810373444  6.509528E-17
6700.17554499928  6.211940E-17
6702.14303936692  6.159092E-17
6704.11058676594  6.243827E-17
6706.07818712502  5.921068E-17
6708.04584037294  6.178666E-17
6710.01354643858  6.303451E-17
6711.98130525091  5.740549E-17
6713.94911673899  6.241117E-17
6715.91698083201  6.062807E-17
6717.88489745923  6.588366E-17
6719.85286655  6.055198E-17
6721.8208880338  6.162455E-17
6723.78896184017  5.869969E-17
6725.75708789879  5.869892E-17
6727.72526613939  6.015862E-17
6729.69349649183  6.382709E-17
6731.66177888606  6.267997E-17
6733.63011325211  5.980692E-17
6735.59849952012  6.314189E-17
6737.56693762034  5.855777E-17
6739.53542748308  6.166043E-17
6741.50396903878  6.054144E-17
6743.47256221797  6.453884E-17
6745.44120695125  6.443935E-17
6747.40990316934  6.676238E-17
6749.37865080305  6.127715E-17
6751.3474497833  5.976749E-17
6753.31630004106  5.902634E-17
6755.28520150745  5.985068E-17
6757.25415411365  6.249056E-17
6759.22315779095  6.204894E-17
6761.19221247072  6.230023E-17
6763.16131808444  5.992296E-17
6765.13047456367  6.195857E-17
6767.09968184009  5.937592E-17
6769.06893984545  6.202381E-17
6771.03824851159  5.922944E-17
6773.00760777046  5.574958E-17
6774.9770175541  6.188591E-17
6776.94647779464  6.291814E-17
6778.91598842431  5.976496E-17
6780.88554937542  6.079521E-17
6782.8551605804  6.425632E-17
6784.82482197173  6.454184E-17
6786.79453348202  6.011118E-17
6788.76429504397  6.169979E-17
6790.73410659035  5.735795E-17
6792.70396805404  6.340768E-17
6794.67387936801  5.932753E-17
6796.64384046532  5.832953E-17
6798.61385127912  6.248782E-17
6800.58391174267  6.084159E-17
6802.55402178928  5.919817E-17
6804.5241813524  5.809264E-17
6806.49439036554  5.958285E-17
6808.46464876232  5.471770E-17
6810.43495647644  5.666527E-17
6812.40531344168  5.780320E-17
6814.37571959195  5.921308E-17
6816.34617486122  5.841695E-17
6818.31667918355  5.741054E-17
6820.2872324931  5.587472E-17
6822.25783472412  5.594058E-17
6824.22848581094  5.873808E-17
6826.19918568801  5.727119E-17
6828.16993428984  6.078563E-17
6830.14073155104  5.725998E-17
6832.11157740631  5.678091E-17
6834.08247179043  5.706096E-17
6836.0534146383  5.385168E-17
6838.02440588487  6.002373E-17
6839.9954454652  6.061762E-17
6841.96653331446  6.038056E-17
6843.93766936786  5.740897E-17
6845.90885356074  6.157923E-17
6847.88008582851  5.580532E-17
6849.85136610668  5.682646E-17
6851.82269433084  5.940487E-17
6853.79407043666  5.554713E-17
6855.76549435992  5.916522E-17
6857.73696603648  5.618237E-17
6859.70848540228  5.643986E-17
6861.68005239335  5.994690E-17
6863.65166694582  6.047495E-17
6865.6233289959  5.823468E-17
6867.59503847988  5.177218E-17
6869.56679533414  5.264813E-17
6871.53859949517  5.758922E-17
6873.51045089951  6.229770E-17
6875.48234948382  5.640667E-17
6877.45429518482  5.547827E-17
6879.42628793934  5.866070E-17
6881.39832768428  5.341711E-17
6883.37041435664  6.133407E-17
6885.34254789349  5.429155E-17
6887.314728232  5.519922E-17
6889.28695530943  5.347346E-17
6891.25922906311  5.739763E-17
6893.23154943046  5.341773E-17
6895.203916349  5.760928E-17
6897.17632975632  5.231987E-17
6899.1487895901  5.711484E-17
6901.12129578811  5.662890E-17
6903.09384828819  5.723259E-17
6905.06644702829  5.463458E-17
6907.03909194643  5.280443E-17
6909.01178298071  5.359349E-17
6910.98452006933  5.647695E-17
6912.95730315055  5.494619E-17
6914.93013216275  5.226424E-17
6916.90300704437  5.543357E-17
6918.87592773392  4.760493E-17
6920.84889417004  5.507866E-17
6922.82190629141  5.397409E-17
6924.79496403682  5.326215E-17
6926.76806734512  5.151034E-17
6928.74121615527  5.084578E-17
6930.7144104063  5.428059E-17
6932.68765003733  5.398290E-17
6934.66093498755  5.332827E-17
6936.63426519624  5.336917E-17
6938.60764060276  5.201985E-17
6940.58106114657  5.128413E-17
6942.5545267672  5.479492E-17
6944.52803740424  4.933120E-17
6946.50159299741  4.720238E-17
6948.47519348647  4.847970E-17
6950.44883881128  5.253361E-17
6952.42252891179  5.448288E-17
6954.39626372801  5.666944E-17
6956.37004320006  5.051988E-17
6958.34386726811  5.224493E-17
6960.31773587244  4.976407E-17
6962.29164895339  5.137947E-17
6964.26560645139  5.261068E-17
6966.23960830695  5.429478E-17
6968.21365446067  5.391177E-17
6970.18774485322  5.310719E-17
6972.16187942535  5.064254E-17
6974.1360581179  4.841361E-17
6976.11028087177  5.634400E-17
6978.08454762797  5.383703E-17
6980.05885832757  4.916957E-17
6982.03321291171  5.125497E-17
6984.00761132166  5.125707E-17
6985.9820534987  4.972297E-17
6987.95653938424  4.760789E-17
6989.93106891975  4.901108E-17
6991.90564204679  5.050890E-17
6993.88025870698  4.912175E-17
6995.85491884204  4.886860E-17
6997.82962239376  5.088650E-17
6999.80436930401  5.108990E-17
7001.77915951474  4.994477E-17
7003.75399296796  5.220379E-17
7005.7288696058  4.935432E-17
7007.70378937043  5.125717E-17
7009.67875220411  4.940082E-17
7011.65375804919  5.053377E-17
7013.62880684807  4.850254E-17
7015.60389854326  4.705575E-17
7017.57903307734  4.734659E-17
7019.55421039294  4.665907E-17
7021.5294304328  5.337157E-17
7023.50469313973  5.016433E-17
7025.4799984566  4.783493E-17
7027.45534632639  4.847298E-17
7029.43073669211  5.123151E-17
7031.40616949689  4.803157E-17
7033.38164468393  4.844562E-17
7035.35716219647  4.774085E-17
7037.33272197787  4.612532E-17
7039.30832397155  5.007232E-17
7041.283968121  4.740809E-17
7043.25965436979  5.147539E-17
7045.23538266158  4.948165E-17
7047.21115294007  4.608558E-17
7049.18696514909  4.611160E-17
7051.16281923248  4.960216E-17
7053.13871513421  4.560366E-17
7055.1146527983  4.847489E-17
7057.09063216885  4.741099E-17
7059.06665319004  4.572782E-17
7061.04271580611  4.735005E-17
7063.01881996138  4.804248E-17
7064.99496560027  4.912191E-17
7066.97115266723  4.774120E-17
7068.94738110682  4.877128E-17
7070.92365086366  4.814995E-17
7072.89996188245  4.922991E-17
7074.87631410795  4.735806E-17
7076.852707485  4.846691E-17
7078.82914195854  4.736452E-17
7080.80561747353  4.572110E-17
7082.78213397506  4.915105E-17
7084.75869140825  4.750425E-17
7086.73528971832  4.925633E-17
7088.71192885055  5.029172E-17
7090.68860875029  4.501066E-17
7092.66532936298  4.846112E-17
7094.64209063411  4.661374E-17
7096.61889250927  4.941684E-17
7098.59573493408  4.807478E-17
7100.57261785429  4.985622E-17
7102.54954121567  4.790105E-17
7104.52650496408  4.758515E-17
7106.50350904547  5.334161E-17
7108.48055340584  4.869232E-17
7110.45763799126  5.075518E-17
7112.43476274789  4.687932E-17
7114.41192762194  4.900279E-17
7116.38913255971  4.755584E-17
7118.36637750756  5.193457E-17
7120.34366241192  5.002482E-17
7122.32098721929  4.685319E-17
7124.29835187626  5.032425E-17
7126.27575632946  4.433782E-17
7128.25320052562  4.816009E-17
7130.23068441151  4.824034E-17
7132.208207934  4.864936E-17
7134.18577104001  4.825105E-17
7136.16337367653  4.621101E-17
7138.14101579064  4.605528E-17
7140.11869732946  4.679772E-17
7142.09641824021  4.641893E-17
7144.07417847014  4.839950E-17
7146.05197796663  4.898994E-17
7148.02981667706  4.859423E-17
7150.00769454892  4.903100E-17
7151.98561152977  4.565492E-17
7153.96356756722  4.834401E-17
7155.94156260896  4.737851E-17
7157.91959660274  5.000637E-17
7159.8976694964  4.588517E-17
7161.87578123781  4.885711E-17
7163.85393177495  4.645444E-17
7165.83212105583  4.858067E-17
7167.81034902857  4.627304E-17
7169.78861564131  4.889966E-17
7171.76692084229  4.402037E-17
7173.74526457981  4.706412E-17
7175.72364680224  4.887838E-17
7177.702067458  4.836615E-17
7179.6805264956  4.673409E-17
7181.65902386361  4.697866E-17
7183.63755951065  4.775029E-17
7185.61613338543  4.546240E-17
7187.59474543672  4.299871E-17
7189.57339561334  4.632374E-17
7191.5520838642  4.885592E-17
7193.53081013826  4.590444E-17
7195.50957438456  4.630856E-17
7197.48837655218  4.556691E-17
7199.4672165903  4.594260E-17
7201.44609444813  4.272512E-17
7203.42501007498  4.465022E-17
7205.40396342021  4.619758E-17
7207.38295443322  4.325230E-17
7209.36198306353  4.721185E-17
7211.34104926067  4.501969E-17
7213.32015297427  4.534712E-17
7215.29929415402  4.469966E-17
7217.27847274966  4.290651E-17
7219.25768871099  4.819755E-17
7221.23694198791  4.906676E-17
7223.21623253035  4.645349E-17
7225.19556028831  4.884308E-17
7227.17492521186  4.500039E-17
7229.15432725113  4.534806E-17
7231.13376635633  4.731854E-17
7233.11324247771  4.336539E-17
7235.09275556558  4.220472E-17
7237.07230557035  4.027857E-17
7239.05189244245  4.636522E-17
7241.03151613241  4.321786E-17
7243.01117659078  4.074170E-17
7244.99087376822  4.667358E-17
7246.97060761542  3.942541E-17
7248.95037808314  4.356173E-17
7250.93018512221  4.620957E-17
7252.91002868352  3.880665E-17
7254.889908718  4.527523E-17
7256.86982517668  4.313112E-17
7258.84977801063  4.340800E-17
7260.82976717099  4.034863E-17
7262.80979260893  4.066104E-17
7264.78985427573  3.983031E-17
7266.7699521227  4.247632E-17
7268.75008610122  4.145586E-17
7270.73025616274  4.250129E-17
7272.71046225874  3.844705E-17
7274.6907043408  4.232586E-17
7276.67098236054  3.753650E-17
7278.65129626964  3.480176E-17
7280.63164601984  4.065207E-17
7282.61203156295  3.529332E-17
7284.59245285083  3.415874E-17
7286.57290983541  3.340021E-17
7288.55340246866  3.660230E-17
7290.53393070263  2.901216E-17
7292.51449448943  3.196794E-17
7294.49509378121  3.393025E-17
7296.4757285302  3.409282E-17
7298.45639868868  3.400817E-17
7300.43710420898  3.472722E-17
7302.41784504351  3.331858E-17
7304.39862114472  3.129369E-17
7306.37943246513  3.499031E-17
7308.36027895731  3.481455E-17
7310.3411605739  3.257194E-17
7312.32207726758  2.963247E-17
7314.30302899111  3.684110E-17
7316.28401569729  3.833021E-17
7318.26503733899  3.121531E-17
7320.24609386913  3.674985E-17
7322.22718524069  3.330768E-17
7324.20831140671  3.413558E-17
7326.18947232028  3.584320E-17
7328.17066793456  3.541679E-17
7330.15189820275  3.697099E-17
7332.13316307812  3.778150E-17
7334.114462514  3.463525E-17
7336.09579646376  3.456556E-17
7338.07716488084  3.657524E-17
7340.05856771874  3.623783E-17
7342.04000493099  3.711603E-17
7344.02147647121  3.514146E-17
7346.00298229307  3.597503E-17
7347.98452235026  3.327565E-17
7349.96609659658  3.914948E-17
7351.94770498584  3.527183E-17
7353.92934747193  3.610646E-17
7355.9110240088  3.466898E-17
7357.89273455043  3.866084E-17
7359.87447905087  3.811849E-17
7361.85625746423  3.595574E-17
7363.83806974468  3.426205E-17
7365.81991584641  3.471259E-17
7367.80179572371  3.860961E-17
7369.78370933089  4.155941E-17
7371.76565662234  3.451940E-17
7373.74763755248  3.974381E-17
7375.72965207581  3.570294E-17
7377.71170014685  3.918091E-17
7379.69378172021  3.790936E-17
7381.67589675054  3.772838E-17
7383.65804519252  3.511442E-17
7385.64022700093  3.640014E-17
7387.62244213056  3.884958E-17
7389.60469053627  3.821680E-17
7391.58697217299  4.328399E-17
7393.56928699568  3.886567E-17
7395.55163495935  3.813854E-17
7397.53401601908  3.526338E-17
7399.51643012999  4.225774E-17
7401.49887724727  4.256149E-17
7403.48135732613  3.844634E-17
7405.46387032186  3.896794E-17
7407.4464161898  3.989078E-17
7409.42899488533  3.791626E-17
7411.41160636389  4.186637E-17
7413.39425058096  3.763027E-17
7415.37692749209  3.888214E-17
7417.35963705286  4.090837E-17
7419.34237921893  3.902531E-17
7421.32515394597  3.766331E-17
7423.30796118975  4.132578E-17
7425.29080090604  3.870639E-17
7427.27367305071  4.114566E-17
7429.25657757964  4.209068E-17
7431.23951444879  3.821309E-17
7433.22248361414  4.123096E-17
7435.20548503175  4.131486E-17
7437.18851865772  3.922615E-17
7439.17158444819  3.707254E-17
7441.15468235936  4.116018E-17
7443.13781234747  4.183923E-17
7445.12097436883  3.963249E-17
7447.10416837978  4.183415E-17
7449.08739433671  3.838170E-17
7451.07065219606  4.237071E-17
7453.05394191434  4.417821E-17
7455.03726344808  4.343704E-17
7457.02061675387  4.128038E-17
7459.00400178836  4.029640E-17
7460.98741850822  4.555787E-17
7462.9708668702  4.503444E-17
7464.95434683107  4.222847E-17
7466.93785834769  4.392970E-17
7468.92140137691  4.132398E-17
7470.90497587567  4.328485E-17
7472.88858180095  3.929692E-17
7474.87221910977  3.960107E-17
7476.85588775919  3.672056E-17
7478.83958770635  3.733976E-17
7480.82331890839  4.228366E-17
7482.80708132254  4.424143E-17
7484.79087490606  4.214118E-17
7486.77469961624  4.163344E-17
7488.75855541044  4.155275E-17
7490.74244224607  4.105260E-17
7492.72636008056  4.161622E-17
7494.71030887141  4.249447E-17
7496.69428857616  4.058438E-17
7498.67829915238  4.351439E-17
7500.66234055771  4.438285E-17
7502.64641274983  4.411886E-17
7504.63051568644  4.420876E-17
7506.61464932533  4.539789E-17
7508.59881362431  4.224285E-17
7510.58300854121  4.279265E-17
7512.56723403396  4.343336E-17
7514.5514900605  4.369051E-17
7516.53577657881  4.486177E-17
7518.52009354694  4.395513E-17
7520.50444092297  4.667716E-17
7522.48881866501  4.655977E-17
7524.47322673125  4.318459E-17
7526.45766507989  4.250468E-17
7528.44213366919  4.561755E-17
7530.42663245746  4.576323E-17
7532.41116140303  4.317283E-17
7534.3957204643  4.323318E-17
7536.3803095997  4.730622E-17
7538.36492876771  4.245219E-17
7540.34957792684  4.533384E-17
7542.33425703566  4.676571E-17
7544.31896605277  4.641579E-17
7546.30370493682  4.372661E-17
7548.2884736465  4.439797E-17
7550.27327214055  4.644912E-17
7552.25810037773  4.509804E-17
7554.24295831688  4.491112E-17
7556.22784591684  4.440812E-17
7558.21276313652  4.574844E-17
7560.19770993487  4.632849E-17
7562.18268627086  4.218767E-17
7564.16769210354  4.148551E-17
7566.15272739196  4.720170E-17
7568.13779209525  4.772028E-17
7570.12288617254  4.721218E-17
7572.10800958304  4.537497E-17
7574.09316228598  4.481989E-17
7576.07834424063  4.581586E-17
7578.06355540631  4.162882E-17
7580.04879574237  4.615244E-17
7582.03406520822  4.607633E-17
7584.01936376328  4.576167E-17
7586.00469136705  4.482703E-17
7587.99004797903  4.689410E-17
7589.97543355878  4.471867E-17
7591.9608480659  4.318642E-17
7593.94629146003  4.320055E-17
7595.93176370085  4.061674E-17
7597.91726474806  3.981025E-17
7599.90279456143  4.403045E-17
7601.88835310076  4.614147E-17
7603.87394032586  4.440937E-17
7605.85955619663  4.182403E-17
7607.84520067297  4.189395E-17
7609.83087371482  4.409491E-17
7611.81657528219  4.247275E-17
7613.80230533509  4.413071E-17
7615.78806383359  4.694434E-17
7617.77385073779  4.984108E-17
7619.75966600785  4.571594E-17
7621.74550960392  4.698479E-17
7623.73138148625  4.725635E-17
7625.71728161507  4.220131E-17
7627.70320995068  4.340817E-17
7629.68916645341  3.893726E-17
7631.67515108364  4.603122E-17
7633.66116380175  4.227438E-17
7635.64720456819  4.352867E-17
7637.63327334345  4.607700E-17
7639.61937008804  4.775664E-17
7641.6054947625  4.313650E-17
7643.59164732743  4.407327E-17
7645.57782774344  4.593286E-17
7647.56403597121  4.499410E-17
7649.55027197142  4.550999E-17
7651.53653570481  4.782455E-17
7653.52282713215  4.404303E-17
7655.50914621423  4.506801E-17
7657.49549291191  4.445013E-17
7659.48186718605  4.602079E-17
7661.46826899757  4.650092E-17
7663.4546983074  4.581243E-17
7665.44115507653  4.326228E-17
7667.42763926598  4.785533E-17
7669.41415083679  4.379411E-17
7671.40068975005  4.519806E-17
7673.38725596688  4.715705E-17
7675.37384944843  4.412004E-17
7677.36047015589  4.404861E-17
7679.34711805048  4.468004E-17
7681.33379309345  4.100888E-17
7683.3204952461  4.203225E-17
7685.30722446975  4.495785E-17
7687.29398072575  4.734690E-17
7689.2807639755  4.749952E-17
7691.26757418042  4.335544E-17
7693.25441130196  4.712084E-17
7695.24127530162  4.228680E-17
7697.22816614092  4.469590E-17
7699.21508378141  4.667605E-17
7701.20202818469  4.800805E-17
7703.18899931237  4.395379E-17
7705.1759971261  4.487010E-17
7707.16302158757  4.606454E-17
7709.15007265851  4.613292E-17
7711.13715030065  4.859048E-17
7713.12425447578  4.526180E-17
7715.11138514572  5.055635E-17
7717.09854227231  4.830638E-17
7719.08572581742  4.195132E-17
7721.07293574296  4.790043E-17
7723.06017201087  4.111994E-17
7725.04743458313  4.294225E-17
7727.03472342173  4.583975E-17
7729.0220384887  4.904802E-17
7731.00937974611  4.628763E-17
7732.99674715605  4.123763E-17
7734.98414068064  4.640071E-17
7736.97156028204  4.457199E-17
7738.95900592244  4.596107E-17
7740.94647756404  4.642026E-17
7742.93397516909  4.519916E-17
7744.92149869987  4.357862E-17
7746.90904811867  4.237523E-17
7748.89662338784  5.111789E-17
7750.88422446973  4.347236E-17
7752.87185132674  4.333563E-17
7754.85950392128  4.194974E-17
7756.84718221581  4.445395E-17
7758.8348861728  5.044540E-17
7760.82261575477  4.694528E-17
7762.81037092425  4.712916E-17
7764.79815164381  4.673837E-17
7766.78595787602  3.984843E-17
7768.77378958354  4.950367E-17
7770.76164672898  4.333089E-17
7772.74952927505  4.775448E-17
7774.73743718444  4.641021E-17
7776.72537041987  4.366909E-17
7778.71332894413  4.652975E-17
7780.70131271999  4.581256E-17
7782.68932171027  4.666327E-17
7784.6773558778  4.307803E-17
7786.66541518547  4.342458E-17
7788.65349959617  4.633178E-17
7790.64160907282  4.061793E-17
7792.62974357837  4.929239E-17
7794.61790307579  4.350364E-17
7796.60608752809  4.321821E-17
7798.59429689831  4.647104E-17
7800.58253114949  3.950354E-17
7802.57079024471  4.497940E-17
7804.55907414709  4.227826E-17
7806.54738281975  4.617867E-17
7808.53571622586  4.644850E-17
7810.5240743286  4.479020E-17
7812.51245709118  4.225234E-17
7814.50086447683  4.442159E-17
7816.48929644881  3.743390E-17
7818.47775297042  4.205658E-17
7820.46623400495  4.900281E-17
7822.45473951574  4.631112E-17
7824.44326946616  4.171922E-17
7826.43182381958  4.321783E-17
7828.42040253941  3.997212E-17
7830.40900558909  4.431889E-17
7832.39763293207  4.484615E-17
7834.38628453183  4.235971E-17
7836.37496035187  4.253652E-17
7838.36366035573  4.133467E-17
7840.35238450694  4.512741E-17
7842.3411327691  4.570509E-17
7844.32990510578  4.164770E-17
7846.31870148063  3.982648E-17
7848.30752185727  4.043576E-17
7850.29636619938  4.274541E-17
7852.28523447064  4.502524E-17
7854.27412663477  3.843904E-17
7856.2630426555  4.539930E-17
7858.25198249659  4.339794E-17
7860.24094612182  3.871545E-17
7862.22993349498  4.350730E-17
7864.21894457991  4.667175E-17
7866.20797934044  4.443349E-17
7868.19703774045  4.108768E-17
7870.18611974382  4.264425E-17
7872.17522531446  4.357684E-17
7874.16435441631  4.425337E-17
7876.1535070133  3.870011E-17
7878.14268306943  4.432536E-17
7880.13188254868  4.336712E-17
7882.12110541507  4.372190E-17
7884.11035163263  3.987577E-17
7886.09962116542  4.175442E-17
7888.08891397752  4.339301E-17
7890.07823003302  4.524919E-17
7892.06756929604  5.296753E-17
7894.05693173072  4.632078E-17
7896.04631730122  4.459915E-17
7898.0357259717  4.225956E-17
7900.02515770637  4.204538E-17
7902.01461246944  3.994741E-17
7904.00409022516  4.333195E-17
7905.99359093776  4.231813E-17
7907.98311457154  4.086089E-17
7909.97266109077  4.011815E-17
7911.96223045977  4.529238E-17
7913.95182264287  3.579908E-17
7915.94143760442  3.842155E-17
7917.93107530879  4.317999E-17
7919.92073572036  3.471805E-17
7921.91041880353  4.102240E-17
7923.90012452273  4.418046E-17
7925.88985284239  3.973947E-17
7927.87960372698  3.809329E-17
7929.86937714097  4.175433E-17
7931.85917304885  3.901292E-17
7933.84899141513  4.244744E-17
7935.83883220434  4.239907E-17
7937.82869538102  4.083973E-17
7939.81858090973  3.954427E-17
7941.80848875506  4.098970E-17
7943.79841888159  3.963591E-17
7945.78837125395  3.940559E-17
7947.77834583674  3.873858E-17
7949.76834259464  4.054882E-17
7951.75836149228  3.786266E-17
7953.74840249435  4.099201E-17
7955.73846556554  4.113179E-17
7957.72855067057  4.007281E-17
7959.71865777415  3.661846E-17
7961.70878684102  4.017575E-17
7963.69893783595  4.208710E-17
7965.68911072369  3.940879E-17
7967.67930546904  4.164614E-17
7969.6695220368  3.995811E-17
7971.65976039178  3.708554E-17
7973.65002049881  4.153371E-17
7975.64030232275  4.072349E-17
7977.63060582844  4.108250E-17
7979.62093098077  3.588264E-17
7981.61127774461  3.746622E-17
7983.60164608488  3.912365E-17
7985.5920359665  3.632239E-17
7987.58244735438  3.956233E-17
7989.57288021348  3.952281E-17
7991.56333450875  4.332418E-17
7993.55381020517  4.046065E-17
7995.54430726772  3.555787E-17
7997.53482566139  4.208825E-17
7999.52536535121  3.454159E-17
8001.51592630218  3.796102E-17
8003.50650847936  3.652220E-17
8005.49711184779  3.842261E-17
8007.48773637252  3.822403E-17
8009.47838201865  3.868976E-17
8011.46904875124  4.075692E-17
8013.45973653541  3.661191E-17
8015.45044533626  4.087451E-17
8017.44117511892  3.858441E-17
8019.43192584851  3.811560E-17
8021.4226974902  3.732322E-17
8023.41349000913  3.838675E-17
8025.40430337047  3.624595E-17
8027.39513753942  4.233730E-17
8029.38599248114  3.866352E-17
8031.37686816086  3.827625E-17
8033.36776454379  3.919130E-17
8035.35868159514  3.759550E-17
8037.34961928016  3.671888E-17
8039.34057756408  3.934186E-17
8041.33155641217  3.731964E-17
8043.32255578969  3.827945E-17
8045.31357566192  3.876954E-17
8047.30461599415  3.578512E-17
8049.29567675166  3.664380E-17
8051.28675789977  3.626574E-17
8053.2778594038  3.582568E-17
8055.26898122905  3.842684E-17
8057.26012334088  3.588999E-17
8059.25128570462  3.800098E-17
8061.24246828563  4.236320E-17
8063.23367104926  3.817550E-17
8065.2248939609  3.389460E-17
8067.21613698591  3.848754E-17
8069.20740008968  3.774559E-17
8071.19868323761  3.696669E-17
8073.1899863951  3.563237E-17
8075.18130952757  3.600573E-17
8077.17265260043  3.816351E-17
8079.16401557912  3.860868E-17
8081.15539842907  3.548167E-17
8083.14680111571  3.712089E-17
8085.13822360451  3.578689E-17
8087.12966586092  3.458894E-17
8089.12112785041  3.552632E-17
8091.11260953845  3.605095E-17
8093.10411089051  3.611264E-17
8095.09563187209  3.630030E-17
8097.08717244867  3.580006E-17
8099.07873258577  3.626196E-17
8101.07031224887  3.616787E-17
8103.0619114035  3.543784E-17
8105.05353001518  3.539198E-17
8107.04516804942  3.838206E-17
8109.03682547177  3.491545E-17
8111.02850224775  3.754213E-17
8113.0201983429  3.208603E-17
8115.01191372278  3.704888E-17
8117.00364835293  3.393774E-17
8118.99540219893  3.188616E-17
8120.98717522632  3.376726E-17
8122.97896740067  3.430976E-17
8124.97077868757  3.414909E-17
8126.96260905259  3.386624E-17
8128.9544584613  3.240083E-17
8130.9463268793  3.186424E-17
8132.93821427218  3.230591E-17
8134.93012060554  3.327984E-17
8136.92204584497  3.224635E-17
8138.91398995608  3.590610E-17
8140.90595290447  3.198350E-17
8142.89793465575  3.072396E-17
8144.88993517555  3.467947E-17
8146.88195442948  3.095320E-17
8148.87399238316  3.165001E-17
8150.86604900221  3.275631E-17
8152.85812425226  3.187116E-17
8154.85021809895  3.186948E-17
8156.84233050791  3.362564E-17
8158.83446144476  3.298797E-17
8160.82661087516  3.228637E-17
8162.81877876474  2.931759E-17
8164.81096507915  2.992475E-17
8166.80316978403  2.897437E-17
8168.79539284502  3.128520E-17
8170.78763422778  3.146674E-17
8172.77989389797  2.904303E-17
8174.77217182122  3.226012E-17
8176.7644679632  3.121601E-17
8178.75678228956  3.198050E-17
8180.74911476595  3.042473E-17
8182.74146535804  3.242879E-17
8184.73383403149  3.057795E-17
8186.72622075195  3.311957E-17
8188.71862548508  3.264649E-17
8190.71104819654  3.510158E-17
8192.70348885201  3.138809E-17
8194.69594741713  3.076128E-17
8196.68842385757  3.119632E-17
8198.68091813899  3.168020E-17
8200.67343022705  2.819098E-17
8202.66596008742  3.082789E-17
8204.65850768575  3.252154E-17
8206.65107298771  3.275140E-17
8208.64365595896  3.202396E-17
8210.63625656515  3.085367E-17
8212.62887477194  3.220469E-17
8214.621510545  3.029973E-17
8216.61416384997  3.322004E-17
8218.60683465252  3.336446E-17
8220.5995229183  2.925700E-17
8222.59222861295  2.796855E-17
8224.58495170213  2.816640E-17
8226.5776921515  2.598981E-17
8228.57044992668  2.567822E-17
8230.56322499334  2.634791E-17
8232.55601731711  2.898955E-17
8234.54882686363  2.684902E-17
8236.54165359855  2.881275E-17
8238.53449748748  2.852585E-17
8240.52735849608  3.185921E-17
8242.52023658997  3.110036E-17
8244.51313173477  3.084986E-17
8246.50604389612  3.385398E-17
8248.49897303962  3.341643E-17
8250.4919191309  3.218908E-17
8252.48488213557  3.269453E-17
8254.47786201925  3.077833E-17
8256.47085874753  3.112254E-17
8258.46387228603  3.124067E-17
8260.45690260033  3.015103E-17
8262.44994965603  3.045977E-17
8264.44301341873  3.219158E-17
8266.43609385401  3.170323E-17
8268.42919092745  2.814131E-17
8270.42230460463  2.765660E-17
8272.41543485111  2.834317E-17
8274.40858163248  2.699219E-17
8276.40174491427  3.049380E-17
8278.39492466207  2.821273E-17
8280.38812084141  3.058158E-17
8282.38133341785  2.845293E-17
8284.37456235691  3.123552E-17
8286.36780762415  3.177689E-17
8288.36106918508  2.874229E-17
8290.35434700523  2.502749E-17
8292.34764105012  2.868867E-17
8294.34095128525  2.745275E-17
8296.33427767613  2.753625E-17
8298.32762018827  2.742220E-17
8300.32097878715  3.130544E-17
8302.31435343824  2.956132E-17
8304.30774410704  2.551713E-17
8306.30115075902  2.884557E-17
8308.29457335963  3.112344E-17
8310.28801187433  3.273962E-17
8312.28146626858  3.093843E-17
8314.27493650781  2.770530E-17
8316.26842255745  2.938150E-17
8318.26192438294  2.780796E-17
8320.25544194969  2.952517E-17
8322.24897522311  3.143800E-17
8324.2425241686  2.926737E-17
8326.23608875156  2.936543E-17
8328.22966893737  3.158787E-17
8330.2232646914  3.003561E-17
8332.21687597903  2.943831E-17
8334.21050276561  2.920251E-17
8336.20414501651  2.860530E-17
8338.19780269704  2.996713E-17
8340.19147577255  3.027746E-17
8342.18516420836  3.967119E-17
8344.17886796978  2.703810E-17
8346.17258702211  2.788548E-17
8348.16632133066  3.269570E-17
8350.16007086069  2.707500E-17
8352.1538355775  3.149104E-17
8354.14761544633  3.304266E-17
8356.14141043244  2.999192E-17
8358.13522050108  2.774846E-17
8360.12904561748  2.988758E-17
8362.12288574686  2.821095E-17
8364.11674085443  3.261059E-17
8366.11061090539  3.066853E-17
8368.10449586493  3.235050E-17
8370.09839569822  3.260015E-17
8372.09231037044  3.135081E-17
8374.08623984674  3.070501E-17
8376.08018409226  2.876246E-17
8378.07414307213  2.829879E-17
8380.06811675148  3.037141E-17
8382.06210509541  2.916931E-17
8384.05610806902  2.979811E-17
8386.05012563739  3.241404E-17
8388.04415776559  2.887036E-17
8390.03820441868  3.064917E-17
8392.03226556172  2.941817E-17
8394.02634115972  3.091903E-17
8396.02043117772  3.333561E-17
8398.01453558071  3.003471E-17
8400.0086543337  2.962134E-17
8402.00278740167  2.883720E-17
8403.99693474958  3.246825E-17
8405.99109634239  2.437122E-17
8407.98527214503  2.817400E-17
8409.97946212244  2.934927E-17
8411.97366623953  3.154122E-17
8413.9678844612  3.528965E-17
8415.96211675232  2.954818E-17
8417.95636307779  2.905612E-17
8419.95062340243  3.344182E-17
8421.94489769111  2.622641E-17
8423.93918590865  3.313238E-17
8425.93348801985  2.839255E-17
8427.92780398952  3.354300E-17
8429.92213378244  2.859656E-17
8431.91647736337  3.120817E-17
8433.91083469707  3.300092E-17
8435.90520574826  2.522225E-17
8437.89959048168  2.935306E-17
8439.89398886203  3.141816E-17
8441.88840085399  2.924326E-17
8443.88282642224  3.019934E-17
8445.87726553143  3.125128E-17
8447.8717181462  2.880155E-17
8449.86618423118  3.258781E-17
8451.86066375098  3.228223E-17
8453.85515667018  2.967100E-17
8455.84966295337  3.151027E-17
8457.84418256508  2.792562E-17
8459.83871546988  3.042118E-17
8461.83326163227  3.429473E-17
8463.82782101677  3.530028E-17
8465.82239358786  2.773314E-17
8467.81697931001  3.221528E-17
8469.81157814768  3.398896E-17
8471.8061900653  2.669162E-17
8473.80081502729  3.081844E-17
8475.79545299804  2.976646E-17
8477.79010394193  3.242619E-17
8479.78476782334  2.980860E-17
8481.7794446066  3.239846E-17
8483.77413425604  3.155323E-17
8485.76883673596  3.073251E-17
8487.76355201065  3.257923E-17
8489.75828004439  2.834356E-17
8491.75302080141  3.112781E-17
8493.74777424595  2.969058E-17
8495.74254034222  3.199842E-17
8497.73731905442  3.023380E-17
8499.73211034671  3.151187E-17
8501.72691418324  3.130150E-17
8503.72173052815  3.169724E-17
8505.71655934554  2.852216E-17
8507.71140059952  2.558377E-17
8509.70625425415  3.088744E-17
8511.70112027349  2.478784E-17
8513.69599862155  3.031141E-17
8515.69088926236  3.113813E-17
8517.6857921599  2.744365E-17
8519.68070727814  2.896708E-17
8521.67563458102  2.885243E-17
8523.67057403247  2.763026E-17
8525.6655255964  3.116662E-17
8527.66048923669  2.914220E-17
8529.65546491719  3.040892E-17
8531.65045260176  2.907951E-17
8533.6454522542  2.875751E-17
8535.64046383832  2.938932E-17
8537.63548731787  2.784268E-17
8539.63052265663  3.187520E-17
8541.6255698183  2.783063E-17
8543.62062876661  2.616450E-17
8545.61569946523  3.050974E-17
8547.61078187782  2.877993E-17
8549.60587596803  3.175602E-17
8551.60098169947  2.921004E-17
8553.59609903572  3.223736E-17
8555.59122794036  2.716707E-17
8557.58636837693  3.026369E-17
8559.58152030895  2.874507E-17
8561.57668369993  3.061110E-17
8563.57185851332  2.744886E-17
8565.56704471259  3.008137E-17
8567.56224226116  3.067830E-17
8569.55745112243  2.914182E-17
8571.55267125978  2.902180E-17
8573.54790263655  2.648912E-17
8575.54314521609  2.912059E-17
8577.53839896168  2.851708E-17
8579.53366383662  2.956071E-17
8581.52893980415  2.765621E-17
8583.52422682749  2.730812E-17
8585.51952486987  2.825152E-17
8587.51483389444  2.963488E-17
8589.51015386437  2.741716E-17
8591.50548474277  2.744290E-17
8593.50082649276  2.842418E-17
8595.4961790774  2.770502E-17
8597.49154245974  2.746406E-17
8599.48691660281  2.770923E-17
8601.4823014696  2.873878E-17
8603.47769702308  2.820012E-17
8605.4731032262  2.876494E-17
8607.46852004186  2.722029E-17
8609.46394743297  2.821474E-17
8611.45938536238  2.581260E-17
8613.45483379293  2.587947E-17
8615.45029268742  2.576202E-17
8617.44576200864  2.758613E-17
8619.44124171935  2.827584E-17
8621.43673178225  2.715395E-17
8623.43223216007  2.831764E-17
8625.42774281545  3.003521E-17
8627.42326371106  2.601590E-17
8629.41879480949  3.161499E-17
8631.41433607334  2.250110E-17
8633.40988746516  3.040427E-17
8635.40544894749  2.386835E-17
8637.40102048282  2.784634E-17
8639.39660203362  2.652424E-17
8641.39219356234  2.701823E-17
8643.38779503139  2.744910E-17
8645.38340640316  2.828366E-17
8647.37902763999  2.693586E-17
8649.37465870421  2.652675E-17
8651.37029955814  2.791539E-17
8653.36595016401  2.751805E-17
8655.36161048408  2.794330E-17
8657.35728048054  2.681913E-17
8659.35296011558  2.791477E-17
8661.34864935134  3.008552E-17
8663.34434814994  2.965251E-17
8665.34005647346  2.589655E-17
8667.33577428396  2.857178E-17
8669.33150154346  3.075495E-17
8671.32723821395  2.283748E-17
8673.3229842574  3.140211E-17
8675.31873963574  2.499403E-17
8677.31450431085  2.628385E-17
8679.31027824463  3.284107E-17
8681.30606139889  2.832921E-17
8683.30185373545  2.836208E-17
8685.29765521609  2.955363E-17
8687.29346580253  2.970592E-17
8689.28928545648  3.068911E-17
8691.28511413964  2.805027E-17
8693.28095181364  2.779081E-17
8695.27679844009  2.763358E-17
8697.27265398057  2.920982E-17
8699.26851839663  2.887950E-17
8701.26439164979  2.786036E-17
8703.26027370152  3.077573E-17
8705.25616451327  2.788995E-17
8707.25206404646  2.802802E-17
8709.24797226247  2.935102E-17
8711.24388912265  2.901700E-17
8713.23981458831  2.842607E-17
8715.23574862074  2.691031E-17
8717.23169118117  2.915888E-17
8719.22764223082  2.540271E-17
8721.22360173087  2.693796E-17
8723.21956964247  2.857315E-17
8725.21554592672  2.754573E-17
8727.21153054471  2.884469E-17
8729.20752345746  2.612386E-17
8731.20352462599  3.023798E-17
8733.19953401127  2.547193E-17
8735.19555157423  2.953511E-17
8737.19157727578  2.767492E-17
8739.18761107677  2.419878E-17
8741.18365293805  2.874357E-17
8743.1797028204  2.756457E-17
8745.17576068458  2.697966E-17
8747.17182649132  2.705389E-17
8749.1679002013  2.803464E-17
8751.16398177518  2.666639E-17
8753.16007117356  2.573861E-17
8755.15616835703  2.534989E-17
8757.15227328613  2.504060E-17
8759.14838592136  2.857482E-17
8761.14450622319  2.672747E-17
8763.14063415205  2.259587E-17
8765.13676966835  2.555739E-17
8767.13291273243  2.395289E-17
8769.12906330461  2.096357E-17
8771.12522134517  2.573246E-17
8773.12138681438  2.725680E-17
8775.11755967242  2.789799E-17
8777.11373987948  2.362162E-17
8779.10992739567  2.620524E-17
8781.1061221811  2.589489E-17
8783.10232419582  2.476689E-17
8785.09853339985  2.056455E-17
8787.09474975316  2.341036E-17
8789.0909732157  2.585904E-17
8791.08720374737  2.642828E-17
8793.08344130804  2.589655E-17
8795.07968585751  2.401621E-17
8797.07593735559  2.197003E-17
8799.072195762  2.491231E-17
8801.06846103647  2.216288E-17
8803.06473313866  2.546983E-17
8805.06101202819  2.422236E-17
8807.05729766465  2.651425E-17
8809.05359000759  2.483980E-17
8811.04988901651  2.301432E-17
8813.04619465089  2.363080E-17
8815.04250687015  2.084333E-17
8817.03882563367  2.311521E-17
8819.03515090079  2.639479E-17
8821.03148263085  2.498364E-17
8823.02782078307  2.526166E-17
8825.0241653167  3.433918E-17
8827.02051619092  2.403032E-17
8829.01687336487  2.186068E-17
8831.01323679764  2.478191E-17
8833.0096064483  1.398235E-17
8835.00598227587  3.222751E-17
8837.00236423931  2.489679E-17
8838.99875229756  2.382916E-17
8840.99514640952  2.611620E-17
8842.99154653403  1.937295E-17
8844.98795262989  2.459248E-17
8846.98436465588  2.562917E-17
8848.98078257072  2.695876E-17
8850.97720633308  2.458029E-17
8852.9736359016  2.280744E-17
8854.97007123488  2.348619E-17
8856.96651229147  2.361407E-17
8858.96295902987  2.458022E-17
8860.95941140855  2.176526E-17
8862.95586938593  2.241865E-17
8864.95233292039  2.970631E-17
8866.94880197026  2.418210E-17
8868.94527649382  2.090242E-17
8870.94175644934  2.358041E-17
8872.93824179501  2.588721E-17
8874.93473248899  2.287957E-17
8876.93122848938  2.388523E-17
8878.92772975427  1.982264E-17
8880.92423624167  2.254707E-17
8882.92074790957  2.452167E-17
8884.91726471589  2.086722E-17
8886.91378661854  2.508346E-17
8888.91031357535  1.911553E-17
8890.90684554413  2.232804E-17
8892.90338248262  1.958276E-17
8894.89992434854  2.259344E-17
8896.89647109955  2.116184E-17
8898.89302269327  2.125191E-17
8900.88957908727  2.624340E-17
8902.88614023907  2.128995E-17
8904.88270610616  2.033892E-17
8906.87927664597  2.467885E-17
8908.87585181588  2.105886E-17
8910.87243157323  2.163565E-17
8912.86901587533  2.236528E-17
8914.8656046794  1.571302E-17
8916.86219794266  2.330571E-17
8918.85879562226  2.418281E-17
8920.8553976753  2.111442E-17
8922.85200405884  2.104905E-17
8924.8486147299  1.909038E-17
8926.84522964543  2.019803E-17
8928.84184876234  2.169712E-17
8930.83847203752  1.958706E-17
8932.83509942778  2.283844E-17
8934.83173088988  2.383748E-17
8936.82836638055  2.219812E-17
8938.82500585648  2.099487E-17
8940.82164927427  2.637256E-17
8942.81829659052  2.012951E-17
8944.81494776175  2.110623E-17
8946.81160274444  2.434765E-17
8948.80826149502  1.991475E-17
8950.80492396988  2.145193E-17
8952.80159012534  1.834886E-17
8954.7982599177  2.240736E-17
8956.79493330317  2.356728E-17
8958.79161023796  2.276383E-17
8960.78829067818  1.927453E-17
8962.78497457994  1.911124E-17
8964.78166189925  1.536293E-17
8966.77835259211  1.997074E-17
8968.77504661445  2.001038E-17
8970.77174392215  2.083507E-17
8972.76844447105  2.025899E-17
8974.76514821692  2.309795E-17
8976.76185511551  2.151092E-17
8978.75856512248  2.023093E-17
8980.75527819347  2.198397E-17
8982.75199428405  2.011825E-17
8984.74871334976  1.643363E-17
8986.74543534607  1.739666E-17
8988.74216022839  1.793624E-17
8990.73888795211  1.767732E-17
8992.73561847254  2.122808E-17
8994.73235174495  1.796117E-17
8996.72908772456  1.907789E-17
8998.72582636652  2.418751E-17
9000.72256762596  1.838429E-17
9002.71931145792  1.864845E-17
9004.71605781742  1.858136E-17
9006.71280665941  2.169837E-17
9008.70955793878  2.084325E-17
9010.70631161038  2.081326E-17
9012.70306762902  1.776961E-17
9014.69982594942  1.956243E-17
9016.69658652627  2.059332E-17
9018.69334931422  2.139084E-17
9020.69011426783  2.274292E-17
9022.68688134163  2.216753E-17
9024.68365049011  2.110540E-17
9026.68042166766  2.072002E-17
9028.67719482866  2.077410E-17
9030.67396992742  2.173711E-17
9032.67074691819  2.074855E-17
9034.66752575517  2.456955E-17
9036.6643063925  2.471951E-17
9038.66108878428  2.322341E-17
9040.65787288454  2.361576E-17
9042.65465864727  2.305773E-17
9044.65144602638  2.103449E-17
9046.64823497574  2.499127E-17
9048.64502544918  2.684229E-17
9050.64181740044  1.998158E-17
9052.63861078324  2.117368E-17
9054.63540555121  2.136443E-17
9056.63220165795  2.112222E-17
9058.628999057  2.100185E-17
9060.62579770182  1.894315E-17
9062.62259754584  2.117244E-17
9064.61939854243  2.263891E-17
9066.6162006449  2.002338E-17
9068.61300380648  2.087981E-17
9070.6098079804  1.926335E-17
9072.60661311976  2.307386E-17
9074.60341917767  2.170608E-17
9076.60022610713  2.454917E-17
9078.59703386113  2.142301E-17
9080.59384239255  2.306618E-17
9082.59065165426  2.260844E-17
9084.58746159904  2.253914E-17
9086.58427217963  2.204600E-17
9088.58108334871  2.205221E-17
9090.57789505889  2.192220E-17
9092.57470726272  2.177843E-17
9094.57151991272  2.123363E-17
9096.56833296132  2.281828E-17
9098.56514636091  2.194621E-17
9100.56196006381  2.125456E-17
9102.55877402228  2.295101E-17
9104.55558818854  2.213383E-17
9106.55240251471  2.142969E-17
9108.54921695291  2.148944E-17
9110.54603145515  2.115006E-17
9112.5428459734  2.055019E-17
9114.53966045956  2.159785E-17
9116.53647486549  2.209274E-17
9118.53328914297  2.032350E-17
9120.53010324373  2.257444E-17
9122.52691711945  1.908260E-17
9124.52373072171  2.348782E-17
9126.52054400208  2.087467E-17
9128.51735691203  2.056324E-17
9130.51416940299  2.178173E-17
9132.51098142633  2.068919E-17
9134.50779293334  1.874648E-17
9136.50460387527  1.987535E-17
9138.50141420329  2.123834E-17
9140.49822386853  2.392207E-17
9142.49503282204  2.393033E-17
9144.49184101481  2.182903E-17
9146.48864839779  2.271158E-17
9148.48545492183  2.250115E-17
9150.48226053774  2.190340E-17
9152.47906519628  1.707042E-17
9154.47586884812  2.098943E-17
9156.4726714439  2.362456E-17
9158.46947293415  2.146990E-17
9160.46627326939  2.067897E-17
9162.46307240004  2.117540E-17
9164.45987027647  2.337248E-17
9166.45666684899  2.303750E-17
9168.45346206784  2.251385E-17
9170.4502558832  2.143417E-17
9172.44704824519  2.084421E-17
9174.44383910385  2.091195E-17
9176.44062840918  1.949263E-17
9178.4374161111  2.107701E-17
9180.43420215947  2.259336E-17
9182.43098650408  2.228784E-17
9184.42776909466  2.248605E-17
9186.42454988089  1.944516E-17
9188.42132881236  2.281600E-17
9190.41810583861  2.385558E-17
9192.41488090911  2.099057E-17
9194.41165397327  2.044289E-17
9196.40842498043  2.193587E-17
9198.40519387988  2.227130E-17
9200.4019606208  2.509699E-17
9202.39872515237  2.199050E-17
9204.39548742364  2.514267E-17
9206.39224738365  2.250289E-17
9208.38900498132  2.247798E-17
9210.38576016556  2.397959E-17
9212.38251288516  2.435524E-17
9214.3792630889  2.182132E-17
9216.37601072543  2.249136E-17
9218.37275574338  2.050278E-17
9220.3694980913  2.426334E-17
9222.36623771768  2.176941E-17
9224.36297457092  2.406350E-17
9226.35970859937  2.231950E-17
9228.35643975133  2.399180E-17
9230.35316797499  2.319324E-17
9232.3498932185  2.322585E-17
9234.34661542995  2.126891E-17
9236.34333455734  2.233028E-17
9238.34005054863  2.310155E-17
9240.33676335167  2.219692E-17
9242.33347291427  2.242704E-17
9244.33017918419  2.312773E-17
9246.32688210907  2.137327E-17
9248.32358163654  2.213650E-17
9250.3202777141  2.448204E-17
9252.31697028924  2.448340E-17
9254.31365930934  2.163246E-17
9256.31034472174  2.283270E-17
9258.30702647367  2.134604E-17
9260.30370451235  2.282646E-17
9262.30037878486  2.240263E-17
9264.29704923828  2.315833E-17
9266.29371581957  2.270841E-17
9268.29037847565  2.499509E-17
9270.28703715334  2.349401E-17
9272.28369179942  2.038942E-17
9274.28034236058  2.142271E-17
9276.27698878346  2.229205E-17
9278.2736310146  2.103247E-17
9280.2702690005  2.225920E-17
9282.26690268756  2.089969E-17
9284.26353202214  1.965627E-17
9286.2601569505  2.297883E-17
9288.25677741885  2.253797E-17
9290.25339337332  2.385662E-17
9292.25000475996  2.344084E-17
9294.24661152476  2.107341E-17
9296.24321361364  2.271762E-17
9298.23981097244  2.086774E-17
9300.23640354694  1.965622E-17
9302.23299128283  2.111304E-17
9304.22957412574  2.116787E-17
9306.22615202123  2.238451E-17
9308.22272491477  2.246205E-17
9310.21929275178  2.529145E-17
9312.2158554776  2.332704E-17
9314.21241303748  1.769029E-17
9316.20896537662  2.097859E-17
9318.20551244014  1.799911E-17
9320.20205417309  1.989056E-17
9322.19859052042  1.992621E-17
9324.19512142705  2.029873E-17
9326.1916468378  2.130217E-17
9328.18816669741  1.913611E-17
9330.18468095056  2.100149E-17
9332.18118954185  2.306970E-17
9334.17769241582  2.073570E-17
9336.17418951691  1.924514E-17
9338.1706807895  2.140204E-17
9340.16716617791  1.972966E-17
9342.16364562635  1.891686E-17
9344.160119079  1.897033E-17
9346.15658647991  2.360433E-17
9348.1530477731  2.415589E-17
9350.1495029025  2.351171E-17
9352.14595181197  2.242729E-17
9354.14239444527  2.141247E-17
9356.13883074612  1.916548E-17
9358.13526065815  2.066202E-17
9360.13168412489  2.241492E-17
9362.12810108984  2.162093E-17
9364.12451149638  2.339240E-17
9366.12091528785  2.110717E-17
9368.11731240748  1.919561E-17
9370.11370279846  1.525729E-17
9372.11008640386  1.930069E-17
9374.10646316671  1.526374E-17
9376.10283302995  1.730383E-17
9378.09919593644  1.761247E-17
9380.09555182897  2.171432E-17
9382.09190065024  1.247043E-17
9384.08824234288  1.998068E-17
9386.08457684946  2.069529E-17
9388.08090411242  2.403083E-17
9390.0772240742  2.005654E-17
9392.07353667709  2.201515E-17
9394.06984186334  2.296653E-17
9396.06613957511  2.062352E-17
9398.06242975449  2.177096E-17
9400.05871234349  2.063214E-17
9402.05498728403  2.129057E-17
9404.05125451795  1.756468E-17
9406.04751398704  2.183479E-17
9408.04376563298  1.708422E-17
9410.04000939738  1.720611E-17
9412.03624522177  2.061409E-17
9414.03247304762  1.751401E-17
9416.02869281628  1.981350E-17
9418.02490446905  1.731181E-17
9420.02110794716  1.666564E-17
9422.01730319173  2.147556E-17
9424.01349014381  1.256333E-17
9426.00966874439  1.211125E-17
9428.00583893434  1.393402E-17
9430.00200065449  1.415256E-17
9431.99815384558  1.668031E-17
9433.99429844824  1.685660E-17
9435.99043440305  1.934194E-17
9437.9865616505  1.782329E-17
9439.98268013099  1.584604E-17
9441.97878978487  1.351769E-17
9443.97489055236  1.388873E-17
9445.97098237365  1.183741E-17
9447.9670651888  1.666853E-17
9449.96313893782  1.732860E-17
9451.95920356063  1.551855E-17
9453.95525899707  1.094987E-17
9455.95130518688  1.479329E-17
9457.94734206975  1.363612E-17
9459.94336958527  1.532821E-17
9461.93938767294  1.589276E-17
9463.93539627218  1.156858E-17
9465.93139532234  1.593962E-17
9467.92738476268  1.771095E-17
9469.92336453237  1.561958E-17
9471.91933457051  1.568780E-17
9473.91529481611  1.897324E-17
9475.91124520809  1.731475E-17
9477.90718568529  1.342747E-17
9479.90311618647  1.400068E-17
9481.89903665032  1.262357E-17
9483.89494701542  1.234374E-17
9485.89084722027  1.543671E-17
9487.8867372033  1.727005E-17
9489.88261690285  1.442800E-17
9491.87848625717  1.656978E-17
9493.87434520443  1.254343E-17
9495.87019368271  1.502836E-17
9497.86603163002  1.158422E-17
9499.86185898426  1.755737E-17
9501.85767568327  1.489565E-17
9503.8534816648  1.469511E-17
9505.84927686649  1.645397E-17
9507.84506122593  1.575080E-17
9509.84083468059  1.818457E-17
9511.83659716789  1.430193E-17
9513.83234862513  1.462385E-17
9515.82808898955  1.578777E-17
9517.82381819828  1.551225E-17
9519.8195361884  1.082710E-17
9521.81524289686  1.231421E-17
9523.81093826055  1.300864E-17
9525.80662221626  1.239392E-17
9527.80229470072  1.435712E-17
9529.79795565053  1.294287E-17
9531.79360500224  1.425729E-17
9533.7892426923  1.574676E-17
9535.78486865706  1.582555E-17
9537.7804828328  1.395287E-17
9539.77608515571  1.363465E-17
9541.77167556188  1.433936E-17
9543.76725398733  1.155636E-17
9545.76282036798  1.556222E-17
9547.75837463966  1.441125E-17
9549.75391673812  1.561278E-17
9551.74944659902  1.469090E-17
9553.74496415793  1.481938E-17
9555.74046935032  1.326319E-17
9557.73596211158  1.530724E-17
9559.73144237704  1.339631E-17
9561.72691008188  1.181714E-17
9563.72236516124  1.581975E-17
9565.71780755016  1.089514E-17
9567.71323718357  1.141332E-17
9569.70865399634  1.252269E-17
9571.70405792323  1.332070E-17
9573.69944889892  1.038862E-17
9575.69482685799  1.467411E-17
9577.69019173495  1.248946E-17
9579.68554346419  1.390497E-17
9581.68088198003  1.214277E-17
9583.6762072167  1.603301E-17
9585.67151910833  1.473098E-17
9587.66681758897  1.314403E-17
9589.66210259257  1.127015E-17
9591.65737405299  1.173988E-17
9593.65263190399  1.064004E-17
9595.64787607927  1.254965E-17
9597.64310651241  1.182539E-17
9599.6383231369  1.601279E-17
9601.63352588615  1.497329E-17
9603.62871469347  1.589549E-17
9605.62388949208  1.434289E-17
9607.61905021512  1.427358E-17
9609.61419679561  1.311767E-17
9611.6093291665  1.201356E-17
9613.60444726065  1.292339E-17
9615.59955101082  1.486083E-17
9617.59464034966  1.442785E-17
9619.58971520975  1.112297E-17
9621.58477552358  1.088749E-17
9623.57982122353  1.427960E-17
9625.5748522419  1.214837E-17
9627.56986851088  1.490020E-17
9629.56486996259  1.392611E-17
9631.55985652903  1.535652E-17
9633.55482814213  1.089440E-17
9635.54978473371  1.250103E-17
9637.54472623551  1.239136E-17
9639.53965257917  1.271835E-17
9641.53456369621  1.343298E-17
9643.52945951811  1.247608E-17
9645.5243399762  9.984006E-18
9647.51920500175  1.132884E-17
9649.51405452593  1.229812E-17
9651.5088884798  1.297514E-17
9653.50370679435  1.247350E-17
9655.49850940044  1.381931E-17
9657.49329622886  1.251711E-17
9659.48806721031  1.038620E-17
9661.48282227538  1.192339E-17
9663.47756135456  1.298592E-17
9665.47228437825  1.488163E-17
9667.46699127677  1.541554E-17
9669.46168198032  1.355362E-17
9671.45635641901  1.136548E-17
9673.45101452286  1.231553E-17
9675.44565622179  1.302783E-17
9677.44028144563  1.604378E-17
9679.43489012411  1.478182E-17
9681.42948218684  1.338589E-17
9683.42405756337  1.210254E-17
9685.41861618313  1.443354E-17
9687.41315797546  1.503392E-17
9689.40768286961  1.381945E-17
9691.40219079471  1.480033E-17
9693.3966816798  9.039613E-18
9695.39115545386  1.493894E-17
9697.3856120457  1.538084E-17
9699.3800513841  1.741555E-17
9701.37447339771  9.812396E-18
9703.36887801508  1.562159E-17
9705.36326516466  1.278414E-17
9707.35763477482  1.395427E-17
9709.35198677381  1.114506E-17
9711.34632108981  1.353310E-17
9713.34063765086  1.341463E-17
9715.33493638494  1.254989E-17
9717.3292172199  1.369357E-17
9719.32348008351  1.546346E-17
9721.31772490343  1.281763E-17
9723.31195160723  1.268969E-17
9725.30616012237  1.024043E-17
9727.30035037623  1.030951E-17
9729.29452229605  1.125772E-17
9731.28867580902  1.207094E-17
9733.28281084219  1.384705E-17
9735.27692732253  1.099094E-17
9737.27102517691  1.329477E-17
9739.26510433207  8.799155E-18
9741.2591647147  1.482990E-17
9743.25320625134  1.074880E-17
9745.24722886846  1.293654E-17
9747.24123249242  1.543545E-17
9749.23521704948  1.149506E-17
9751.22918246578  1.138232E-17
9753.2231286674  1.385499E-17
9755.21705558027  1.207942E-17
9757.21096313025  1.331339E-17
9759.20485124309  9.435286E-18
9761.19871984444  1.348180E-17
9763.19256885984  1.422686E-17
9765.18639821473  1.080518E-17
9767.18020783445  1.381472E-17
9769.17399764424  1.178182E-17
9771.16776756924  1.273260E-17
9773.16151753446  1.186487E-17
9775.15524746486  1.068894E-17
9777.14895728523  1.167644E-17
9779.14264692033  1.220000E-17
9781.13631629475  1.146306E-17
9783.12996533301  1.202698E-17
9785.12359395952  1.187945E-17
9787.1172020986  1.286961E-17
9789.11078967445  1.238239E-17
9791.10435661115  5.617182E-18
9793.09790283272  1.120991E-17
9795.09142826304  9.466495E-18
9797.08493282589  1.181185E-17
9799.07841644496  1.526209E-17
9801.07187904383  1.059141E-17
9803.06532054596  1.004455E-17
9805.05874087473  1.005519E-17
9807.05213995339  9.825726E-18
9809.04551770511  1.229297E-17
9811.03887405292  1.427576E-17
9813.03220891979  1.240892E-17
9815.02552222855  1.591997E-17
9817.01881390193  1.090821E-17
9819.01208386256  1.235032E-17
9821.00533203297  1.068928E-17
9822.99855833556  1.078703E-17
9824.99176269266  9.944497E-18
9826.98494502646  8.887650E-18
9828.97810525907  1.228806E-17
9830.97124331246  1.164465E-17
9832.96435910853  1.032919E-17
9834.95745256905  1.385298E-17
9836.95052361568  9.934355E-18
9838.94357217  1.343217E-17
9840.93659815346  1.379881E-17
9842.9296014874  1.453742E-17
9844.92258209307  1.391510E-17
9846.91553989159  1.546088E-17
9848.90847480399  1.060243E-17
9850.90138675119  1.112983E-17
9852.89427565399  8.625391E-18
9854.88714143309  1.359975E-17
9856.87998400909  1.014413E-17
9858.87280330246  1.392250E-17
9860.86559923359  9.522805E-18
9862.85837172274  1.280992E-17
9864.85112069005  1.001084E-17
9866.84384605559  1.248708E-17
9868.83654773929  1.594404E-17
9870.82922566097  1.191494E-17
9872.82187974036  1.302169E-17
9874.81450989707  9.839640E-18
9876.8071160506  1.160411E-17
9878.79969812033  1.430778E-17
9880.79225602555  1.568872E-17
9882.78478968543  1.481699E-17
9884.77729901903  1.484520E-17
9886.7697839453  1.368648E-17
9888.76224438307  1.215666E-17
9890.75468025108  1.399303E-17
9892.74709146794  1.466116E-17
9894.73947795217  1.588417E-17
9896.73183962215  1.158127E-17
9898.72417639617  9.631420E-18
9900.71648819241  1.111332E-17
9902.70877492893  1.362335E-17
9904.70103652368  1.452946E-17
9906.69327289449  1.244613E-17
9908.6854839591  9.320469E-18
9910.67766963512  1.271460E-17
9912.66982984006  1.113499E-17
9914.66196449129  9.412615E-18
9916.65407350612  1.170888E-17
9918.64615680169  1.181150E-17
9920.63821429507  1.291997E-17
9922.6302459032  1.254551E-17
9924.62225154289  9.867610E-18
9926.61423113088  1.216466E-17
9928.60618458376  1.221164E-17
9930.59811181802  1.120193E-17
9932.59001275003  1.166231E-17
9934.58188729607  1.036600E-17
9936.57373537227  1.063242E-17
9938.56555689467  1.164835E-17
9940.5573517792  9.977319E-18
9942.54911994165  1.156497E-17
9944.54086129774  1.380116E-17
9946.53257576302  8.494381E-18
9948.52426325297  1.202918E-17
9950.51592368293  1.048226E-17
9952.50755696815  1.634713E-17
9954.49916302373  1.327942E-17
9956.49074176469  1.277879E-17
9958.48229310592  1.424342E-17
9960.47381696219  1.542107E-17
9962.46531324816  1.317833E-17
9964.45678187838  8.406184E-18
9966.44822276728  7.249623E-18
9968.43963582916  1.054567E-17
9970.43102097822  1.238092E-17
9972.42237812856  1.096942E-17
9974.41370719412  1.274927E-17
9976.40500808877  1.123828E-17
9978.39628072623  1.382141E-17
9980.38752502012  6.043615E-18
9982.37874088395  1.184592E-17
9984.36992823108  1.269883E-17
9986.36108697479  9.183352E-18
9988.35221702823  7.745894E-18
9990.34331830442  1.222717E-17
9992.3343907163  1.420177E-17
9994.32543417664  1.270957E-17
9996.31644859813  1.292203E-17
9998.30743389334  1.092869E-17
10000.2983899747  1.154219E-17
10002.2893167545  1.270838E-17
10004.2802141451  9.296877E-18
10006.2710820584  9.889599E-18
10008.2619204065  1.451725E-17
10010.2527291012  8.005269E-18
10012.2435080542  1.094927E-17
10014.2342571771  1.859447E-18
10016.2249763816  6.251589E-18
10018.2156655788  1.440417E-17
10020.2063246802  1.262569E-17
10022.1969535968  1.462168E-17
10024.1875522396  9.566120E-18
10026.1781205196  1.399170E-17
10028.1686583476  1.573516E-17
10030.1591656341  1.056657E-17
10032.1496422897  1.555448E-17
10034.140088225  1.137538E-17
10036.1305033501  1.290567E-17
10038.1208875752  9.392069E-18
10040.1112408104  1.085871E-17
10042.1015629657  1.300298E-17
10044.0918539509  1.217697E-17
10046.0821136756  1.097270E-17
10048.0723420494  1.309515E-17
10050.0625389819  9.886213E-18
10052.0527043823  1.222692E-17
10054.0428381598  1.150310E-17
10056.0329402236  1.060542E-17
10058.0230104826  8.663661E-18
10060.0130488457  1.254756E-17
10062.0030552215  1.348189E-17
10063.9930295188  9.316577E-18
10065.982971646  1.171916E-17
10067.9728815113  1.182613E-17
10069.9627590232  1.038285E-17
10071.9526040897  7.111051E-18
10073.9424166188  9.914186E-18
10075.9321965183  8.586028E-18
10077.9219436961  1.520828E-17
10079.9116580597  9.505097E-18
10081.9013395166  1.552109E-17
10083.8909879743  1.242237E-17
10085.88060334  1.393043E-17
10087.8701855207  9.743265E-18
10089.8597344236  1.276800E-17
10091.8492499555  1.229834E-17
10093.8387320232  8.641875E-18
10095.8281805332  1.084561E-17
10097.8175953922  8.358146E-18
10099.8069765065  1.136173E-17
10101.7963237824  9.427341E-18
10103.785637126  1.070759E-17
10105.7749164433  8.501302E-18
10107.7641616402  5.926194E-18
10109.7533726225  1.048696E-17
10111.7425492958  1.031581E-17
10113.7316915656  1.139680E-17
10115.7207993374  9.880096E-18
10117.7098725164  1.049111E-17
10119.6989110076  8.363561E-18
10121.6879147163  8.323253E-18
10123.6768835471  2.985487E-18
10125.665817405  8.970899E-18
10127.6547161944  4.499670E-18
10129.64357982  7.590092E-18
10131.6324081861  1.025210E-17
10133.6212011969  1.122618E-17
10135.6099587567  1.075255E-17
10137.5986807694  8.208911E-18
10139.5873671388  1.083177E-17
10141.5760177687  8.395301E-18
10143.5646325628  1.040090E-17
10145.5532114245  6.429140E-18
10147.5417542572  1.443903E-17
10149.5302609642  7.524918E-18
10151.5187314485  8.599576E-18
10153.5071656131  1.066351E-17
10155.4955633609  1.204895E-17
10157.4839245946  9.978663E-18
10159.4722492169  1.013715E-17
10161.4605371301  1.239154E-17
10163.4487882366  9.906304E-18
10165.4370024387  6.318015E-18
10167.4251796384  8.617056E-18
10169.4133197376  5.463180E-18
10171.4014226383  7.553310E-18
10173.3894882421  7.382236E-18
10175.3775164505  6.522166E-18
10177.3655071651  1.260805E-17
10179.353460287  8.346466E-18
10181.3413757176  1.070825E-17
10183.3292533578  8.467642E-18
10185.3170931085  1.046996E-17
10187.3048948707  7.523339E-18
10189.2926585448  1.173045E-17
10191.2803840315  1.157871E-17
10193.2680712311  7.759989E-18
10195.2557200439  8.430127E-18
10197.2433303701  7.631766E-18
10199.2309021096  8.406946E-18
