3356.  4.046726E-17
3357.95  3.512270E-17
3359.9  2.755365E-17
3361.85  3.555608E-17
3363.8  3.753580E-17
3365.75  2.853847E-17
3367.7  4.077455E-17
3369.65  4.867759E-17
3371.6  4.103236E-17
3373.55  2.905687E-17
3375.5  1.899344E-17
3377.45  2.740326E-17
3379.4  3.424738E-17
3381.35  3.247891E-17
3383.3  3.201625E-17
3385.25  3.842189E-17
3387.2  4.153369E-17
3389.15  3.793369E-17
3391.1  3.276101E-17
3393.05  3.576021E-17
3395.  3.962742E-17
3396.95  4.868538E-17
3398.9  4.925975E-17
3400.85  3.678451E-17
3402.8  4.700541E-17
3404.75  5.945018E-17
3406.7  5.588394E-17
3408.65  3.562642E-17
3410.6  3.193636E-17
3412.55  4.300469E-17
3414.5  3.807449E-17
3416.45  4.012238E-17
3418.4  3.322783E-17
3420.35  2.899145E-17
3422.3  3.889322E-17
3424.25  4.093746E-17
3426.2  3.441549E-17
3428.15  2.556873E-17
3430.1  2.797540E-17
3432.05  3.866164E-17
3434.  3.939841E-17
3435.95  3.419801E-17
3437.9  3.197161E-17
3439.85  3.233098E-17
3441.8  2.893618E-17
3443.75  3.401295E-17
3445.7  4.225149E-17
3447.65  4.030829E-17
3449.6  4.407053E-17
3451.55  5.028443E-17
3453.5  4.290381E-17
3455.45  3.642377E-17
3457.4  4.032075E-17
3459.35  3.548429E-17
3461.3  3.611312E-17
3463.25  4.642609E-17
3465.2  4.385662E-17
3467.15  4.132845E-17
3469.1  4.484244E-17
3471.05  4.240538E-17
3473.  3.339922E-17
3474.95  2.733784E-17
3476.9  3.140299E-17
3478.85  3.873183E-17
3480.8  3.857731E-17
3482.75  4.032781E-17
3484.7  4.729719E-17
3486.65  4.266243E-17
3488.6  3.830392E-17
3490.55  4.458709E-17
3492.5  3.905315E-17
3494.45  3.875016E-17
3496.4  4.858519E-17
3498.35  4.063161E-17
3500.3  3.298004E-17
3502.25  3.074272E-17
3504.2  3.552377E-17
3506.15  4.662031E-17
3508.1  4.106971E-17
3510.05  3.638511E-17
3512.  4.121297E-17
3513.95  4.349759E-17
3515.9  4.299699E-17
3517.85  4.095224E-17
3519.8  4.245235E-17
3521.75  3.629081E-17
3523.7  3.273546E-17
3525.65  4.241668E-17
3527.6  4.052295E-17
3529.55  3.464141E-17
3531.5  3.506125E-17
3533.45  3.432110E-17
3535.4  3.486554E-17
3537.35  3.328297E-17
3539.3  2.834015E-17
3541.25  3.426639E-17
3543.2  2.713783E-17
3545.15  2.348462E-17
3547.1  3.884457E-17
3549.05  4.356541E-17
3551.  4.568678E-17
3552.95  4.181792E-17
3554.9  2.941987E-17
3556.85  3.093325E-17
3558.8  4.192128E-17
3560.75  4.210833E-17
3562.7  4.432322E-17
3564.65  4.133596E-17
3566.6  3.747297E-17
3568.55  4.052699E-17
3570.5  3.907510E-17
3572.45  4.110090E-17
3574.4  4.250398E-17
3576.35  3.868869E-17
3578.3  3.554805E-17
3580.25  2.858018E-17
3582.2  3.156374E-17
3584.15  3.678723E-17
3586.1  3.281882E-17
3588.05  2.748068E-17
3590.  2.305433E-17
3591.95  2.621191E-17
3593.9  2.626237E-17
3595.85  2.404331E-17
3597.8  3.363203E-17
3599.75  3.450163E-17
3601.7  3.792455E-17
3603.65  3.857524E-17
3605.6  3.251701E-17
3607.55  2.873428E-17
3609.5  3.320180E-17
3611.45  3.605395E-17
3613.4  3.117838E-17
3615.35  3.085389E-17
3617.3  2.752588E-17
3619.25  3.532992E-17
3621.2  4.126427E-17
3623.15  3.167540E-17
3625.1  2.946230E-17
3627.05  3.195697E-17
3629.  2.782506E-17
3630.95  2.546212E-17
3632.9  2.128936E-17
3634.85  1.394645E-17
3636.8  2.259862E-17
3638.75  3.205607E-17
3640.7  3.228494E-17
3642.65  3.200613E-17
3644.6  3.126153E-17
3646.55  2.524172E-17
3648.5  2.869157E-17
3650.45  3.802543E-17
3652.4  2.552307E-17
3654.35  2.287462E-17
3656.3  2.873159E-17
3658.25  2.682374E-17
3660.2  3.118141E-17
3662.15  3.713706E-17
3664.1  3.311440E-17
3666.05  2.854517E-17
3668.  2.959990E-17
3669.95  2.865167E-17
3671.9  3.248450E-17
3673.85  3.657401E-17
3675.8  3.090757E-17
3677.75  2.261197E-17
3679.7  2.775566E-17
3681.65  3.783129E-17
3683.6  3.629001E-17
3685.55  2.783034E-17
3687.5  2.565664E-17
3689.45  3.359134E-17
3691.4  3.757879E-17
3693.35  2.915167E-17
3695.3  2.103394E-17
3697.25  2.751341E-17
3699.2  3.581690E-17
3701.15  3.365500E-17
3703.1  3.243939E-17
3705.05  3.814284E-17
3707.  3.807594E-17
3708.95  3.339311E-17
3710.9  2.800574E-17
3712.85  2.772513E-17
3714.8  3.357125E-17
3716.75  4.014647E-17
3718.7  4.330976E-17
3720.65  4.025812E-17
3722.6  3.334134E-17
3724.55  3.354865E-17
3726.5  3.080455E-17
3728.45  3.271226E-17
3730.4  3.866217E-17
3732.35  3.968947E-17
3734.3  3.812416E-17
3736.25  3.947228E-17
3738.2  4.183574E-17
3740.15  3.548303E-17
3742.1  3.393284E-17
3744.05  3.665440E-17
3746.  3.475709E-17
3747.95  3.491749E-17
3749.9  3.712166E-17
3751.85  3.862092E-17
3753.8  3.535656E-17
3755.75  3.412205E-17
3757.7  3.390266E-17
3759.65  3.739577E-17
3761.6  3.912666E-17
3763.55  3.711079E-17
3765.5  4.081043E-17
3767.45  3.864388E-17
3769.4  3.757789E-17
3771.35  3.205549E-17
3773.3  3.246586E-17
3775.25  4.403841E-17
3777.2  3.967683E-17
3779.15  3.562307E-17
3781.1  4.149495E-17
3783.05  3.723735E-17
3785.  3.179933E-17
3786.95  2.917743E-17
3788.9  3.046455E-17
3790.85  3.968795E-17
3792.8  3.645889E-17
3794.75  3.515371E-17
3796.7  4.206406E-17
3798.65  3.605530E-17
3800.6  3.688908E-17
3802.55  3.414502E-17
3804.5  4.012888E-17
3806.45  4.151267E-17
3808.4  3.604643E-17
3810.35  3.496795E-17
3812.3  3.351096E-17
3814.25  3.750253E-17
3816.2  2.983369E-17
3818.15  2.953543E-17
3820.1  3.153007E-17
3822.05  2.864288E-17
3824.  2.882552E-17
3825.95  3.265137E-17
3827.9  2.801315E-17
3829.85  2.434988E-17
3831.8  3.101203E-17
3833.75  3.874586E-17
3835.7  4.138476E-17
3837.65  3.595763E-17
3839.6  3.375276E-17
3841.55  3.574630E-17
3843.5  3.543707E-17
3845.45  3.821072E-17
3847.4  3.435824E-17
3849.35  2.961771E-17
3851.3  3.695644E-17
3853.25  3.822982E-17
3855.2  3.266807E-17
3857.15  3.498565E-17
3859.1  3.977342E-17
3861.05  3.694964E-17
3863.  3.772944E-17
3864.95  3.919872E-17
3866.9  3.981398E-17
3868.85  3.523315E-17
3870.8  3.342910E-17
3872.75  3.394776E-17
3874.7  3.557545E-17
3876.65  3.168291E-17
3878.6  3.213005E-17
3880.55  4.391352E-17
3882.5  4.268535E-17
3884.45  3.436777E-17
3886.4  3.226296E-17
3888.35  3.729664E-17
3890.3  3.549167E-17
3892.25  3.007340E-17
3894.2  3.276242E-17
3896.15  3.465361E-17
3898.1  3.399822E-17
3900.05  3.295707E-17
3902.  3.396176E-17
3903.95  3.393461E-17
3905.9  3.651910E-17
3907.85  3.942040E-17
3909.8  3.908990E-17
3911.75  3.688281E-17
3913.7  3.481238E-17
3915.65  3.319203E-17
3917.6  3.590062E-17
3919.55  4.085900E-17
3921.5  3.692600E-17
3923.45  3.621245E-17
3925.4  3.891014E-17
3927.35  3.806817E-17
3929.3  3.467588E-17
3931.25  3.776976E-17
3933.2  4.091231E-17
3935.15  3.962602E-17
3937.1  4.057910E-17
3939.05  3.860099E-17
3941.  3.178378E-17
3942.95  3.496699E-17
3944.9  4.075720E-17
3946.85  3.530640E-17
3948.8  3.733133E-17
3950.75  4.046228E-17
3952.7  3.642327E-17
3954.65  3.952592E-17
3956.6  4.434066E-17
3958.55  4.429723E-17
3960.5  4.103473E-17
3962.45  3.818000E-17
3964.4  3.797098E-17
3966.35  3.770640E-17
3968.3  3.733010E-17
3970.25  3.668275E-17
3972.2  3.787630E-17
3974.15  4.273462E-17
3976.1  3.693922E-17
3978.05  3.447854E-17
3980.  3.491723E-17
3981.95  3.589460E-17
3983.9  3.862758E-17
3985.85  3.769859E-17
3987.8  3.785790E-17
3989.75  4.099329E-17
3991.7  4.181120E-17
3993.65  4.184250E-17
3995.6  3.985873E-17
3997.55  3.948868E-17
3999.5  4.124014E-17
4001.45  3.825034E-17
4003.4  3.762847E-17
4005.35  4.276557E-17
4007.3  4.459294E-17
4009.25  4.325541E-17
4011.2  4.324710E-17
4013.15  3.876659E-17
4015.1  3.899464E-17
4017.05  3.780185E-17
4019.  3.702347E-17
4020.95  4.073795E-17
4022.9  4.076471E-17
4024.85  4.090496E-17
4026.8  3.867359E-17
4028.75  4.468385E-17
4030.7  4.534512E-17
4032.65  4.175861E-17
4034.6  4.034969E-17
4036.55  3.863579E-17
4038.5  3.877541E-17
4040.45  4.594929E-17
4042.4  3.913168E-17
4044.35  4.523456E-17
4046.3  5.061418E-17
4048.25  4.654513E-17
4050.2  4.341771E-17
4052.15  5.441275E-17
4054.1  4.964114E-17
4056.05  4.381814E-17
4058.  4.050042E-17
4059.95  4.168282E-17
4061.9  4.106747E-17
4063.85  4.130196E-17
4065.8  4.194068E-17
4067.75  4.126546E-17
4069.7  4.193492E-17
4071.65  4.685810E-17
4073.6  4.941407E-17
4075.55  4.969577E-17
4077.5  4.645853E-17
4079.45  4.721695E-17
4081.4  4.244520E-17
4083.35  4.508599E-17
4085.3  4.800349E-17
4087.25  4.851946E-17
4089.2  5.117691E-17
4091.15  4.849757E-17
4093.1  4.651257E-17
4095.05  4.741623E-17
4097.  4.565460E-17
4098.95  4.713621E-17
4100.9  4.557172E-17
4102.85  5.191168E-17
4104.8  5.454545E-17
4106.75  4.984747E-17
4108.7  5.026691E-17
4110.65  5.119183E-17
4112.6  5.271059E-17
4114.55  5.445205E-17
4116.5  5.632342E-17
4118.45  5.247626E-17
4120.4  4.889656E-17
4122.35  4.923277E-17
4124.3  5.043606E-17
4126.25  5.153058E-17
4128.2  5.523429E-17
4130.15  4.896819E-17
4132.1  4.868031E-17
4134.05  5.628694E-17
4136.  6.067736E-17
4137.95  5.938306E-17
4139.9  5.286499E-17
4141.85  5.635278E-17
4143.8  6.362102E-17
4145.75  5.783798E-17
4147.7  5.386671E-17
4149.65  5.944277E-17
4151.6  5.966663E-17
4153.55  5.494864E-17
4155.5  5.305453E-17
4157.45  4.884466E-17
4159.4  4.597018E-17
4161.35  5.333781E-17
4163.3  5.810960E-17
4165.25  6.175546E-17
4167.2  6.518500E-17
4169.15  6.009467E-17
4171.1  5.847062E-17
4173.05  5.508158E-17
4175.  5.292489E-17
4176.95  5.947486E-17
4178.9  6.151913E-17
4180.85  6.022202E-17
4182.8  5.839249E-17
4184.75  6.791133E-17
4186.7  6.714007E-17
4188.65  6.048845E-17
4190.6  5.213447E-17
4192.55  5.366990E-17
4194.5  5.419845E-17
4196.45  5.398509E-17
4198.4  5.721679E-17
4200.35  5.688188E-17
4202.3  5.576582E-17
4204.25  5.683804E-17
4206.2  5.811906E-17
4208.15  5.676702E-17
4210.1  6.270441E-17
4212.05  6.118714E-17
4214.  5.677696E-17
4215.95  6.527295E-17
4217.9  6.382357E-17
4219.85  5.728410E-17
4221.8  5.781755E-17
4223.75  5.357878E-17
4225.7  5.534306E-17
4227.65  5.898354E-17
4229.6  5.409608E-17
4231.55  5.541340E-17
4233.5  6.200606E-17
4235.45  6.122456E-17
4237.4  6.017454E-17
4239.35  5.794510E-17
4241.3  5.792608E-17
4243.25  5.313405E-17
4245.2  5.233640E-17
4247.15  5.816098E-17
4249.1  5.620010E-17
4251.05  5.703590E-17
4253.  5.642622E-17
4254.95  6.117654E-17
4256.9  5.953752E-17
4258.85  6.043061E-17
4260.8  5.907684E-17
4262.75  6.043598E-17
4264.7  6.046495E-17
4266.65  6.362669E-17
4268.6  6.180495E-17
4270.55  6.095216E-17
4272.5  7.072565E-17
4274.45  6.594013E-17
4276.4  6.256279E-17
4278.35  6.542884E-17
4280.3  7.051438E-17
4282.25  6.772198E-17
4284.2  6.563859E-17
4286.15  6.541360E-17
4288.1  6.624938E-17
4290.05  6.833086E-17
4292.  7.051355E-17
4293.95  7.031968E-17
4295.9  6.695438E-17
4297.85  6.851667E-17
4299.8  6.884084E-17
4301.75  6.176397E-17
4303.7  6.415277E-17
4305.65  6.415227E-17
4307.6  6.557360E-17
4309.55  6.621204E-17
4311.5  7.201906E-17
4313.45  7.234774E-17
4315.4  6.958580E-17
4317.35  7.047069E-17
4319.3  6.797591E-17
4321.25  7.164434E-17
4323.2  6.952172E-17
4325.15  6.754745E-17
4327.1  6.891396E-17
4329.05  6.992651E-17
4331.  7.227223E-17
4332.95  7.404127E-17
4334.9  7.064254E-17
4336.85  6.977064E-17
4338.8  7.013747E-17
4340.75  7.014660E-17
4342.7  7.358879E-17
4344.65  7.414328E-17
4346.6  7.503727E-17
4348.55  6.943013E-17
4350.5  7.048786E-17
4352.45  6.712076E-17
4354.4  6.223401E-17
4356.35  7.193171E-17
4358.3  7.825070E-17
4360.25  7.569310E-17
4362.2  7.873611E-17
4364.15  7.225326E-17
4366.1  7.060742E-17
4368.05  7.168910E-17
4370.  6.622455E-17
4371.95  6.242898E-17
4373.9  6.630961E-17
4375.85  7.172478E-17
4377.8  7.006428E-17
4379.75  6.471258E-17
4381.7  6.144790E-17
4383.65  6.100217E-17
4385.6  6.182047E-17
4387.55  6.251282E-17
4389.5  6.533837E-17
4391.45  6.077422E-17
4393.4  6.073697E-17
4395.35  5.569663E-17
4397.3  4.984294E-17
4399.25  5.536462E-17
4401.2  5.687417E-17
4403.15  5.314322E-17
4405.1  5.584325E-17
4407.05  5.754277E-17
4409.  4.803286E-17
4410.95  5.083057E-17
4412.9  5.326682E-17
4414.85  4.894531E-17
4416.8  4.594041E-17
4418.75  5.332492E-17
4420.7  5.071948E-17
4422.65  4.886720E-17
4424.6  5.074218E-17
4426.55  5.078180E-17
4428.5  5.305673E-17
4430.45  4.954996E-17
4432.4  4.536517E-17
4434.35  4.449422E-17
4436.3  5.090273E-17
4438.25  4.617073E-17
4440.2  4.776647E-17
4442.15  4.581066E-17
4444.1  4.324562E-17
4446.05  4.599308E-17
4448.  4.705955E-17
4449.95  4.534211E-17
4451.9  5.100165E-17
4453.85  4.676134E-17
4455.8  4.366225E-17
4457.75  4.480235E-17
4459.7  4.695352E-17
4461.65  4.281675E-17
4463.6  5.307850E-17
4465.55  4.940133E-17
4467.5  4.255840E-17
4469.45  5.338803E-17
4471.4  4.842970E-17
4473.35  5.215614E-17
4475.3  5.271812E-17
4477.25  5.276710E-17
4479.2  5.154706E-17
4481.15  5.011087E-17
4483.1  5.759035E-17
4485.05  5.333370E-17
4487.  5.351419E-17
4488.95  5.671593E-17
4490.9  5.325148E-17
4492.85  5.236687E-17
4494.8  5.059592E-17
4496.75  5.017129E-17
4498.7  4.979054E-17
4500.65  4.642777E-17
4502.6  5.064945E-17
4504.55  4.871183E-17
4506.5  5.700806E-17
4508.45  5.581480E-17
4510.4  5.827114E-17
4512.35  5.835546E-17
4514.3  6.027214E-17
4516.25  5.597829E-17
4518.2  6.279927E-17
4520.15  5.636660E-17
4522.1  5.311930E-17
4524.05  5.576224E-17
4526.  5.927721E-17
4527.95  6.418302E-17
4529.9  6.361428E-17
4531.85  5.799281E-17
4533.8  5.831947E-17
4535.75  6.064524E-17
4537.7  6.311604E-17
4539.65  6.100783E-17
4541.6  6.571086E-17
4543.55  6.553313E-17
4545.5  7.058542E-17
4547.45  6.703828E-17
4549.4  6.416725E-17
4551.35  6.362891E-17
4553.3  6.245839E-17
4555.25  6.134242E-17
4557.2  7.240105E-17
4559.15  6.809603E-17
4561.1  6.219132E-17
4563.05  7.232223E-17
4565.  7.106858E-17
4566.95  6.329962E-17
4568.9  6.842040E-17
4570.85  7.316627E-17
4572.8  6.950821E-17
4574.75  6.711835E-17
4576.7  7.278538E-17
4578.65  6.878309E-17
4580.6  6.481137E-17
4582.55  7.118917E-17
4584.5  6.922912E-17
4586.45  6.913798E-17
4588.4  7.678166E-17
4590.35  8.219374E-17
4592.3  8.487559E-17
4594.25  7.560490E-17
4596.2  7.152095E-17
4598.15  7.402254E-17
4600.1  7.786047E-17
4602.05  7.964636E-17
4604.  7.903890E-17
4605.95  7.535352E-17
4607.9  7.857277E-17
4609.85  7.436701E-17
4611.8  8.085671E-17
4613.75  8.138547E-17
4615.7  7.885948E-17
4617.65  7.951773E-17
4619.6  7.978703E-17
4621.55  8.422391E-17
4623.5  8.049874E-17
4625.45  8.073887E-17
4627.4  8.157127E-17
4629.35  7.985909E-17
4631.3  8.823033E-17
4633.25  8.961509E-17
4635.2  8.537209E-17
4637.15  8.568845E-17
4639.1  8.706311E-17
4641.05  8.738761E-17
4643.  8.274002E-17
4644.95  8.425880E-17
4646.9  8.584479E-17
4648.85  8.517411E-17
4650.8  8.751801E-17
4652.75  8.758374E-17
4654.7  8.728841E-17
4656.65  8.634248E-17
4658.6  9.100582E-17
4660.55  9.072665E-17
4662.5  8.039656E-17
4664.45  8.384481E-17
4666.4  8.394403E-17
4668.35  7.838362E-17
4670.3  8.388119E-17
4672.25  9.100912E-17
4674.2  8.627023E-17
4676.15  8.480689E-17
4678.1  8.236444E-17
4680.05  7.921196E-17
4682.  8.891090E-17
4683.95  8.526025E-17
4685.9  8.260218E-17
4687.85  8.322756E-17
4689.8  8.098008E-17
4691.75  8.384627E-17
4693.7  7.998271E-17
4695.65  8.473405E-17
4697.6  8.554192E-17
4699.55  8.224204E-17
4701.5  8.393448E-17
4703.45  8.286225E-17
4705.4  8.001998E-17
4707.35  8.303514E-17
4709.3  8.457865E-17
4711.25  7.460610E-17
4713.2  8.446710E-17
4715.15  8.401535E-17
4717.1  8.192932E-17
4719.05  7.523961E-17
4721.  8.499273E-17
4722.95  8.020015E-17
4724.9  7.614653E-17
4726.85  8.230340E-17
4728.8  7.608921E-17
4730.75  7.239238E-17
4732.7  7.495609E-17
4734.65  7.549498E-17
4736.6  7.401025E-17
4738.55  7.469191E-17
4740.5  7.575134E-17
4742.45  7.234923E-17
4744.4  7.318939E-17
4746.35  7.760141E-17
4748.3  7.600943E-17
4750.25  6.741353E-17
4752.2  7.317543E-17
4754.15  8.322537E-17
4756.1  6.940545E-17
4758.05  6.885353E-17
4760.  7.278673E-17
4761.95  7.094212E-17
4763.9  7.244972E-17
4765.85  7.002664E-17
4767.8  7.220637E-17
4769.75  6.959799E-17
4771.7  6.651766E-17
4773.65  6.734950E-17
4775.6  6.975550E-17
4777.55  6.694057E-17
4779.5  6.805865E-17
4781.45  7.302812E-17
4783.4  6.937925E-17
4785.35  6.898825E-17
4787.3  6.761387E-17
4789.25  6.425256E-17
4791.2  7.279899E-17
4793.15  7.135364E-17
4795.1  7.248666E-17
4797.05  7.230725E-17
4799.  7.142811E-17
4800.95  7.446157E-17
4802.9  6.905658E-17
4804.85  6.522109E-17
4806.8  7.258121E-17
4808.75  7.397443E-17
4810.7  7.497541E-17
4812.65  7.677800E-17
4814.6  7.216181E-17
4816.55  6.814745E-17
4818.5  6.582608E-17
4820.45  7.174106E-17
4822.4  6.993864E-17
4824.35  7.047630E-17
4826.3  6.938014E-17
4828.25  7.490621E-17
4830.2  7.308245E-17
4832.15  6.791841E-17
4834.1  6.839130E-17
4836.05  6.857618E-17
4838.  7.223627E-17
4839.95  7.248338E-17
4841.9  6.824912E-17
4843.85  6.579905E-17
4845.8  6.723789E-17
4847.75  7.082547E-17
4849.7  6.773734E-17
4851.65  6.793332E-17
4853.6  6.751745E-17
4855.55  6.876569E-17
4857.5  6.832679E-17
4859.45  6.284204E-17
4861.4  6.346425E-17
4863.35  6.196792E-17
4865.3  6.309359E-17
4867.25  6.893048E-17
4869.2  6.859487E-17
4871.15  6.521813E-17
4873.1  6.735485E-17
4875.05  6.427156E-17
4877.  6.620525E-17
4878.95  6.784099E-17
4880.9  6.823458E-17
4882.85  6.578820E-17
4884.8  6.803478E-17
4886.75  6.592755E-17
4888.7  6.652658E-17
4890.65  6.627514E-17
4892.6  6.590732E-17
4894.55  7.075230E-17
4896.5  6.975297E-17
4898.45  7.036757E-17
4900.4  6.587015E-17
4902.35  6.618729E-17
4904.3  6.655624E-17
4906.25  6.487876E-17
4908.2  6.308658E-17
4910.15  6.365399E-17
4912.1  6.684274E-17
4914.05  6.561414E-17
4916.  6.837070E-17
4917.95  6.830648E-17
4919.9  6.700103E-17
4921.85  6.676746E-17
4923.8  6.651895E-17
4925.75  6.577665E-17
4927.7  6.655280E-17
4929.65  6.734614E-17
4931.6  6.575065E-17
4933.55  6.609933E-17
4935.5  6.566677E-17
4937.45  6.092170E-17
4939.4  6.132588E-17
4941.35  6.585311E-17
4943.3  6.879470E-17
4945.25  6.682927E-17
4947.2  6.249910E-17
4949.15  6.432671E-17
4951.1  6.732471E-17
4953.05  6.657670E-17
4955.  6.592818E-17
4956.95  6.265773E-17
4958.9  5.749699E-17
4960.85  6.086128E-17
4962.8  6.474048E-17
4964.75  6.426943E-17
4966.7  6.532609E-17
4968.65  6.583244E-17
4970.6  6.473894E-17
4972.55  6.437047E-17
4974.5  6.651989E-17
4976.45  6.299426E-17
4978.4  6.536772E-17
4980.35  7.021229E-17
4982.3  6.653801E-17
4984.25  6.920576E-17
4986.2  6.598281E-17
4988.15  6.866669E-17
4990.1  6.478288E-17
4992.05  6.596512E-17
4994.  7.217150E-17
4995.95  7.150986E-17
4997.9  6.794080E-17
4999.85  6.641640E-17
5001.8  6.598049E-17
5003.75  6.700451E-17
5005.7  7.294179E-17
5007.65  7.181237E-17
5009.6  6.891105E-17
5011.55  6.828152E-17
5013.5  6.558092E-17
5015.45  7.205299E-17
5017.4  7.218712E-17
5019.35  6.700002E-17
5021.3  6.762397E-17
5023.25  7.141102E-17
5025.2  7.023475E-17
5027.15  7.015825E-17
5029.1  6.604504E-17
5031.05  6.748317E-17
5033.  6.688420E-17
5034.95  7.023075E-17
5036.9  6.960639E-17
5038.85  6.635466E-17
5040.8  6.650356E-17
5042.75  6.573327E-17
5044.7  6.760816E-17
5046.65  6.539282E-17
5048.6  6.276472E-17
5050.55  6.790082E-17
5052.5  6.300553E-17
5054.45  6.371742E-17
5056.4  6.234037E-17
5058.35  6.562185E-17
5060.3  6.630420E-17
5062.25  6.576308E-17
5064.20000000001  6.559350E-17
5066.15  6.519531E-17
5068.1  7.129389E-17
5070.05  6.893214E-17
5072.  6.238756E-17
5073.95  5.928763E-17
5075.9  6.268853E-17
5077.85  5.905575E-17
5079.8  5.904448E-17
5081.75  6.769950E-17
5083.7  6.891060E-17
5085.65  6.529745E-17
5087.6  6.151159E-17
5089.55  6.003034E-17
5091.5  5.554562E-17
5093.45  5.931213E-17
5095.4  6.418263E-17
5097.35  6.648948E-17
5099.3  6.388159E-17
5101.25  5.714314E-17
5103.2  5.433483E-17
5105.15  5.919687E-17
5107.1  6.449789E-17
5109.05  6.579434E-17
5111.  6.256026E-17
5112.95  6.253073E-17
5114.90000000001  6.170532E-17
5116.85  5.587960E-17
5118.8  5.842976E-17
5120.75  5.912185E-17
5122.7  5.985291E-17
5124.65  5.709083E-17
5126.6  5.605867E-17
5128.55  5.819770E-17
5130.50000000001  5.804637E-17
5132.45  5.368973E-17
5134.4  5.846192E-17
5136.35  5.557318E-17
5138.3  5.682041E-17
5140.25  5.972415E-17
5142.2  5.385127E-17
5144.15  5.644684E-17
5146.1  5.871280E-17
5148.05  5.968281E-17
5150.  5.547932E-17
5151.95000000001  5.130029E-17
5153.9  5.279286E-17
5155.85  5.311320E-17
5157.8  5.347764E-17
5159.75  5.554413E-17
5161.7  5.769124E-17
5163.65  5.234421E-17
5165.6  5.070399E-17
5167.55  5.561516E-17
5169.5  5.772369E-17
5171.45  5.983946E-17
5173.4  5.536126E-17
5175.35  5.449324E-17
5177.3  5.305431E-17
5179.25  5.652246E-17
5181.2  5.565247E-17
5183.15  5.129094E-17
5185.1  5.611671E-17
5187.05  6.041141E-17
5189.  5.894966E-17
5190.95  5.858772E-17
5192.9  5.511550E-17
5194.85  5.736795E-17
5196.8  5.944506E-17
5198.75  5.813290E-17
5200.7  5.508383E-17
5202.65  5.304114E-17
5204.6  5.809414E-17
5206.55  6.157964E-17
5208.5  5.984385E-17
5210.45  5.522832E-17
5212.4  5.190816E-17
5214.35  5.506199E-17
5216.3  5.566045E-17
5218.25000000001  5.796243E-17
5220.2  5.702154E-17
5222.15  5.756484E-17
5224.1  5.767187E-17
5226.05  5.888478E-17
5228.  5.962792E-17
5229.95  5.704012E-17
5231.9  5.459368E-17
5233.85  5.825594E-17
5235.8  6.007239E-17
5237.75  6.052537E-17
5239.7  6.321056E-17
5241.65  6.002174E-17
5243.6  5.837135E-17
5245.55  6.147498E-17
5247.5  6.068174E-17
5249.45000000001  6.013400E-17
5251.4  5.999274E-17
5253.35  6.014408E-17
5255.3  5.984556E-17
5257.25  6.376167E-17
5259.2  6.601081E-17
5261.15  6.186291E-17
5263.1  6.321175E-17
5265.05000000001  6.166211E-17
5267.  6.431693E-17
5268.95  6.503608E-17
5270.9  6.613293E-17
5272.85  7.098854E-17
5274.8  7.025755E-17
5276.75000000001  6.929514E-17
5278.7  7.145775E-17
5280.65  7.084867E-17
5282.6  7.011701E-17
5284.55  6.897371E-17
5286.5  7.109488E-17
5288.45  7.042397E-17
5290.4  7.001357E-17
5292.35  7.554423E-17
5294.3  7.747678E-17
5296.25  7.537855E-17
5298.2  7.833043E-17
5300.15  7.861468E-17
5302.1  7.420783E-17
5304.05  7.376031E-17
5306.  7.723360E-17
5307.95  7.937536E-17
5309.9  7.689695E-17
5311.85  7.568741E-17
5313.8  8.115897E-17
5315.75  8.297437E-17
5317.7  8.181727E-17
5319.65  8.202672E-17
5321.6  7.936584E-17
5323.55  8.098870E-17
5325.5  8.089008E-17
5327.45  8.009032E-17
5329.4  8.127042E-17
5331.35  7.750263E-17
5333.3  7.775475E-17
5335.25  8.119599E-17
5337.2  8.585269E-17
5339.15  8.526845E-17
5341.1  8.248834E-17
5343.05  8.272167E-17
5345.  8.676224E-17
5346.95  9.182498E-17
5348.9  8.872842E-17
5350.85  8.943673E-17
5352.8  9.293714E-17
5354.75  9.036139E-17
5356.7  9.395798E-17
5358.65  9.539201E-17
5360.6  9.111539E-17
5362.55  9.312050E-17
5364.50000000001  9.636273E-17
5366.45  9.323353E-17
5368.40000000001  8.997439E-17
5370.35  9.341948E-17
5372.3  9.927583E-17
5374.25000000001  1.000728E-16
5376.2  9.884115E-17
5378.15  9.575983E-17
5380.1  9.571150E-17
5382.05  9.904043E-17
5384.  9.897330E-17
5385.95  9.591638E-17
5387.9  1.011663E-16
5389.85  1.083257E-16
5391.8  1.042925E-16
5393.75  9.908161E-17
5395.7  1.041250E-16
5397.65  1.076812E-16
5399.6  1.036017E-16
5401.55  1.008601E-16
5403.5  9.916286E-17
5405.45  1.045400E-16
5407.4  1.098659E-16
5409.35  1.084381E-16
5411.3  1.092624E-16
5413.25  1.104437E-16
5415.2  1.059863E-16
5417.15  1.060972E-16
5419.10000000001  1.080448E-16
5421.05  1.078544E-16
5423.  1.072275E-16
5424.95  1.052746E-16
5426.9  1.077140E-16
5428.85  1.122561E-16
5430.8  1.085762E-16
5432.75  1.072173E-16
5434.7  1.086710E-16
5436.65  1.086555E-16
5438.6  1.073961E-16
5440.55  1.093356E-16
5442.5  1.087940E-16
5444.45  1.112483E-16
5446.4  1.115581E-16
5448.35  1.005044E-16
5450.3  1.033900E-16
5452.25000000001  1.091047E-16
5454.2  1.182081E-16
5456.15  1.190770E-16
5458.1  1.105606E-16
5460.05  1.073965E-16
5462.00000000001  1.061478E-16
5463.95  1.050846E-16
5465.9  1.052792E-16
5467.85  9.773193E-17
5469.8  9.796184E-17
5471.75  1.003886E-16
5473.7  9.437150E-17
5475.65  9.666126E-17
5477.60000000001  1.009180E-16
5479.55  1.018456E-16
5481.5  1.036828E-16
5483.45  1.049919E-16
5485.4  1.019496E-16
5487.35  1.017118E-16
5489.3  1.030715E-16
5491.25  9.884253E-17
5493.2  9.889945E-17
5495.15  1.008409E-16
5497.1  1.008886E-16
5499.05  9.777406E-17
5501.  9.579710E-17
5502.95  9.778830E-17
5504.9  9.751602E-17
5506.85  9.199183E-17
5508.8  9.202150E-17
5510.75  9.578126E-17
5512.7  1.001071E-16
5514.65000000001  1.010436E-16
5516.6  9.637238E-17
5518.55  9.207777E-17
5520.5  8.723317E-17
5522.45  8.942482E-17
5524.4  9.723768E-17
5526.35  9.170664E-17
5528.3  8.768110E-17
5530.25  9.148700E-17
5532.2  9.098079E-17
5534.15  9.229534E-17
5536.1  8.749307E-17
5538.05  8.387640E-17
5540.  8.710809E-17
5541.95  8.669279E-17
5543.9  8.494544E-17
5545.85  8.399061E-17
5547.8  8.280589E-17
5549.75000000001  8.301781E-17
5551.7  8.055225E-17
5553.65  8.075812E-17
5555.6  7.959427E-17
5557.55  7.869950E-17
5559.5  8.233851E-17
5561.45  8.439718E-17
5563.4  8.079316E-17
5565.35000000001  7.678451E-17
5567.3  8.204280E-17
5569.25  8.211970E-17
5571.2  7.760990E-17
5573.15  8.670256E-17
5575.1  8.170240E-17
5577.05  7.427517E-17
5579.  7.798756E-17
5580.95  8.044842E-17
5582.9  8.042155E-17
5584.85  7.324298E-17
5586.8  7.059795E-17
5588.75  7.198691E-17
5590.7  7.478419E-17
5592.65  7.943392E-17
5594.6  7.956505E-17
5596.55  7.684333E-17
5598.5  7.634941E-17
5600.45  7.560128E-17
5602.40000000001  7.568098E-17
5604.35  7.399084E-17
5606.3  7.527169E-17
5608.25  7.722475E-17
5610.2  7.526371E-17
5612.15000000001  7.227535E-17
5614.1  7.522304E-17
5616.05  7.810094E-17
5618.  7.442188E-17
5619.95  7.345295E-17
5621.9  7.359575E-17
5623.85  7.277371E-17
5625.8  7.655115E-17
5627.75  7.433308E-17
5629.7  6.958296E-17
5631.65  6.995159E-17
5633.6  6.944487E-17
5635.55  7.136550E-17
5637.5  6.949736E-17
5639.45  6.581411E-17
5641.4  6.777421E-17
5643.35  7.020673E-17
5645.3  7.005692E-17
5647.25  7.202455E-17
5649.2  7.163467E-17
5651.15  7.103955E-17
5653.10000000001  7.079822E-17
5655.05  6.909490E-17
5657.  6.662362E-17
5658.95  6.331281E-17
5660.9  6.571927E-17
5662.85  6.828147E-17
5664.8  6.509420E-17
5666.75  6.341733E-17
5668.7  6.616383E-17
5670.65  6.819627E-17
5672.6  6.898038E-17
5674.55  7.113286E-17
5676.5  7.532540E-17
5678.45  7.910878E-17
5680.4  7.513654E-17
5682.35  7.427285E-17
5684.3  7.426422E-17
5686.25  7.113878E-17
5688.2  7.181159E-17
5690.15  7.054339E-17
5692.1  7.367541E-17
5694.05  7.476548E-17
5696.  7.232425E-17
5697.95  7.355661E-17
5699.90000000001  7.804597E-17
5701.85  8.372170E-17
5703.8  7.973416E-17
5705.75  7.720948E-17
5707.7  7.846165E-17
5709.65  7.812831E-17
5711.6  7.917095E-17
5713.55  7.465864E-17
5715.50000000001  7.363955E-17
5717.45  7.786826E-17
5719.4  7.559623E-17
5721.35000000001  6.986450E-17
5723.3  7.068702E-17
5725.25  7.473675E-17
5727.2  7.440242E-17
5729.15  7.363228E-17
5731.1  7.518926E-17
5733.05  7.254923E-17
5735.  6.815913E-17
5736.95  6.710197E-17
5738.9  6.840021E-17
5740.85  7.328446E-17
5742.8  7.324641E-17
5744.75  6.881134E-17
5746.7  6.876587E-17
5748.65  6.895971E-17
5750.6  6.778206E-17
5752.55000000001  6.788970E-17
5754.5  6.969470E-17
5756.45  7.211749E-17
5758.4  6.972683E-17
5760.35  6.844047E-17
5762.3  7.344163E-17
5764.25  7.631827E-17
5766.2  7.554089E-17
5768.15  7.352208E-17
5770.1  7.158843E-17
5772.05  7.230644E-17
5774.  7.187311E-17
5775.95  6.843148E-17
5777.9  6.954564E-17
5779.85  6.717345E-17
5781.8  6.526435E-17
5783.75  6.977961E-17
5785.7  7.065619E-17
5787.65  7.276532E-17
5789.6  7.457973E-17
5791.55  7.435177E-17
5793.5  7.469382E-17
5795.45  7.287892E-17
5797.4  7.018299E-17
5799.35  7.070432E-17
5801.3  7.041505E-17
5803.25000000001  6.888427E-17
5805.2  7.177913E-17
5807.15  7.341619E-17
5809.10000000001  7.395005E-17
5811.05  7.330268E-17
5813.  6.709429E-17
5814.95  6.547383E-17
5816.9  6.972800E-17
5818.85000000001  7.034669E-17
5820.8  7.033110E-17
5822.75  7.355336E-17
5824.7  7.237977E-17
5826.65  6.780108E-17
5828.6  6.943270E-17
5830.55  6.831558E-17
5832.5  6.651958E-17
5834.45000000001  6.723382E-17
5836.4  6.394235E-17
5838.35  6.618685E-17
5840.3  6.896402E-17
5842.25  6.785221E-17
5844.2  6.584614E-17
5846.15  6.493942E-17
5848.1  6.840404E-17
5850.05  6.975005E-17
5852.  6.893657E-17
5853.95  6.804569E-17
5855.9  6.837064E-17
5857.85  6.562052E-17
5859.8  5.970981E-17
5861.75  6.254935E-17
5863.7  6.731732E-17
5865.65  7.076987E-17
5867.60000000001  7.386291E-17
5869.55  7.115779E-17
5871.5  6.741542E-17
5873.45  6.642115E-17
5875.4  6.704594E-17
5877.35  6.700462E-17
5879.3  6.432667E-17
5881.25  6.035961E-17
5883.2  5.845069E-17
5885.15  6.449521E-17
5887.1  6.599492E-17
5889.05  6.529789E-17
5891.  6.834554E-17
5892.95  6.475152E-17
5894.9  6.369169E-17
5896.85000000001  6.273663E-17
5898.8  6.079073E-17
5900.75  6.497054E-17
5902.7  6.718126E-17
5904.65  6.084160E-17
5906.6  5.426884E-17
5908.55  5.396184E-17
5910.5  5.863348E-17
5912.45  6.594841E-17
5914.4  6.706239E-17
5916.35  6.451917E-17
5918.3  6.068670E-17
5920.25  5.444606E-17
5922.2  5.584422E-17
5924.15  6.329251E-17
5926.1  6.268276E-17
5928.05  5.718098E-17
5930.  5.709414E-17
5931.95  5.924566E-17
5933.9  6.444037E-17
5935.85  6.476642E-17
5937.8  5.828238E-17
5939.75  5.721788E-17
5941.7  5.877697E-17
5943.65  5.800121E-17
5945.6  5.813765E-17
5947.55  5.921598E-17
5949.5  5.871639E-17
5951.45  5.541363E-17
5953.40000000001  5.595985E-17
5955.35  5.650620E-17
5957.3  5.705241E-17
5959.25000000001  5.759876E-17
5961.2  5.814512E-17
5963.15  5.869133E-17
5965.10000000001  5.923768E-17
5967.05  5.978390E-17
5969.  6.033025E-17
5970.95  6.087660E-17
5972.9  6.001483E-17
5974.85  6.281655E-17
5976.8  6.051354E-17
5978.75  6.185543E-17
5980.7  6.347094E-17
5982.65  6.168848E-17
5984.60000000001  6.310157E-17
5986.55  6.186418E-17
5988.5  6.001383E-17
5990.45  6.003478E-17
5992.4  6.135640E-17
5994.35  6.178504E-17
5996.3  6.295258E-17
5998.25  6.528654E-17
6000.2  6.186394E-17
6002.15  6.181462E-17
6004.1  6.586849E-17
6006.05  6.608984E-17
6008.  6.845424E-17
6009.95  6.761832E-17
6011.9  6.406028E-17
6013.85  6.568075E-17
6015.8  6.260610E-17
6017.75  6.143723E-17
6019.7  6.873672E-17
6021.65  7.791310E-17
6023.6  7.901058E-17
6025.55  7.382936E-17
6027.5  7.295432E-17
6029.45  7.066024E-17
6031.4  6.158787E-17
6033.35  6.074251E-17
6035.3  6.562181E-17
6037.25  6.439178E-17
6039.2  6.417874E-17
6041.15  6.682721E-17
6043.1  6.732643E-17
6045.05  6.806060E-17
6047.00000000001  6.475827E-17
6048.95  6.152398E-17
6050.9  6.668205E-17
6052.85000000001  6.781643E-17
6054.8  6.746591E-17
6056.75  6.808180E-17
6058.7  6.766983E-17
6060.65  6.979104E-17
6062.60000000001  6.742556E-17
6064.55  6.575416E-17
6066.5  7.016632E-17
6068.45  7.558248E-17
6070.4  7.343113E-17
6072.35  6.572931E-17
6074.3  6.740581E-17
6076.25  6.872438E-17
6078.20000000001  6.701359E-17
6080.15  6.806941E-17
6082.1  6.948360E-17
6084.05  7.162423E-17
6086.  7.033570E-17
6087.95  7.047516E-17
6089.9  7.024362E-17
6091.85  6.901967E-17
6093.8  6.968193E-17
6095.75  6.931867E-17
6097.7  7.038173E-17
6099.65  7.222383E-17
6101.6  7.522558E-17
6103.55  8.044910E-17
6105.5  7.596401E-17
6107.45  7.091596E-17
6109.4  7.520975E-17
6111.35  7.867882E-17
6113.3  7.752830E-17
6115.25  7.402208E-17
6117.2  7.462792E-17
6119.15  7.746928E-17
6121.1  7.506419E-17
6123.05  7.092467E-17
6125.  7.539808E-17
6126.95  8.005746E-17
6128.9  7.804153E-17
6130.85  7.920824E-17
6132.8  8.230799E-17
6134.75000000001  7.969996E-17
6136.7  7.480582E-17
6138.65  7.521727E-17
6140.60000000001  7.857526E-17
6142.55  7.946457E-17
6144.5  7.968507E-17
6146.45  8.003624E-17
6148.4  8.038085E-17
6150.35000000001  8.236109E-17
6152.3  7.895510E-17
6154.25  8.164535E-17
6156.2  8.650924E-17
6158.15  8.363732E-17
6160.1  8.315641E-17
6162.05  8.174377E-17
6164.  8.204235E-17
6165.95000000001  8.182328E-17
6167.9  8.186084E-17
6169.85  8.819516E-17
6171.8  8.599744E-17
6173.75  7.796306E-17
6175.7  7.902712E-17
6177.65  8.874524E-17
6179.6  8.985141E-17
6181.55  8.499610E-17
6183.5  8.764118E-17
6185.45  8.683743E-17
6187.4  8.307634E-17
6189.35  8.237124E-17
6191.3  8.517398E-17
6193.25  8.835497E-17
6195.2  9.236868E-17
6197.15  9.006468E-17
6199.1  8.573206E-17
6201.05  8.802306E-17
6203.00000000001  9.434497E-17
6204.95  9.484791E-17
6206.9  9.124428E-17
6208.85000000001  9.046297E-17
6210.8  8.786453E-17
6212.75  8.522281E-17
6214.7  8.620078E-17
6216.65  8.481643E-17
6218.6  8.755300E-17
6220.55  9.119114E-17
6222.5  8.962313E-17
6224.45  8.665089E-17
6226.4  8.528311E-17
6228.35000000001  8.604802E-17
6230.3  8.815873E-17
6232.25  9.029688E-17
6234.2  9.195430E-17
6236.15  9.129574E-17
6238.1  8.697271E-17
6240.05  8.827986E-17
6242.  9.384727E-17
6243.95  9.324013E-17
6245.9  9.046839E-17
6247.85  9.005032E-17
6249.8  9.462128E-17
6251.75  9.589560E-17
6253.70000000001  9.148558E-17
6255.65  8.862172E-17
6257.6  8.855196E-17
6259.55  8.771090E-17
6261.5  9.304266E-17
6263.45  9.448019E-17
6265.4  9.521303E-17
6267.35  9.746903E-17
6269.3  9.302679E-17
6271.25  9.051644E-17
6273.2  9.008362E-17
6275.15  9.426491E-17
6277.1  9.615511E-17
6279.05  9.151402E-17
6281.  9.060149E-17
6282.95  9.366530E-17
6284.9  9.570299E-17
6286.85  9.583089E-17
6288.8  9.560630E-17
6290.75000000001  9.447189E-17
6292.7  9.371610E-17
6294.65  9.359869E-17
6296.60000000001  9.660501E-17
6298.55  9.924090E-17
6300.50000000001  9.621539E-17
6302.45  9.295639E-17
6304.4  9.531940E-17
6306.35000000001  9.457031E-17
6308.3  9.016850E-17
6310.25  8.968314E-17
6312.2  8.819417E-17
6314.15  8.546966E-17
6316.10000000001  9.289293E-17
6318.05  9.449169E-17
6320.  8.689329E-17
6321.95  8.687713E-17
6323.9  8.989236E-17
6325.85  8.644586E-17
6327.8  8.710987E-17
6329.75  8.602714E-17
6331.7  8.273820E-17
6333.65  8.637421E-17
6335.6  8.671797E-17
6337.55  8.702211E-17
6339.5  9.069546E-17
6341.45  9.026493E-17
6343.4  8.843064E-17
6345.35  8.829439E-17
6347.3  8.476880E-17
6349.25  8.460894E-17
6351.2  8.796874E-17
6353.15  8.780903E-17
6355.1  8.883136E-17
6357.05  9.204351E-17
6359.  9.312616E-17
6360.95  9.115209E-17
6362.9  8.776180E-17
6364.85  8.568935E-17
6366.8  8.770957E-17
6368.75  8.911853E-17
6370.7  8.962831E-17
6372.65  8.991435E-17
6374.6  8.700045E-17
6376.55  8.561594E-17
6378.50000000001  9.289477E-17
6380.45  9.873598E-17
6382.4  9.055367E-17
6384.35000000001  8.825189E-17
6386.3  9.170287E-17
6388.25  9.342537E-17
6390.2  9.364242E-17
6392.15  9.322559E-17
6394.10000000001  9.162966E-17
6396.05  9.130748E-17
6398.  9.256835E-17
6399.95  9.409604E-17
6401.9  9.555510E-17
6403.85000000001  9.556243E-17
6405.8  9.452703E-17
6407.75  9.143260E-17
6409.7  9.403854E-17
6411.65  9.382120E-17
6413.6  9.392242E-17
6415.55  9.572081E-17
6417.5  9.507875E-17
6419.45  9.372208E-17
6421.4  9.290464E-17
6423.35  9.521407E-17
6425.3  9.907390E-17
6427.25  1.013830E-16
6429.2  1.014350E-16
6431.15  8.894389E-17
6433.10000000001  8.552367E-17
6435.05000000001  9.528961E-17
6437.  9.542542E-17
6438.95  9.141682E-17
6440.9  9.197841E-17
6442.85  9.003034E-17
6444.8  9.469160E-17
6446.75000000001  9.488087E-17
6448.7  9.123760E-17
6450.65  9.605334E-17
6452.6  9.589989E-17
6454.55  9.461051E-17
6456.5  9.627613E-17
6458.45  9.543378E-17
6460.4  9.455410E-17
6462.35  9.755564E-17
6464.3  9.655322E-17
6466.25000000001  9.125169E-17
6468.20000000001  9.039812E-17
6470.15  9.352805E-17
6472.1  9.319150E-17
6474.05  9.543739E-17
6476.  9.714332E-17
6477.95  9.437198E-17
6479.9  9.666438E-17
6481.85000000001  9.689522E-17
6483.8  9.381525E-17
6485.75000000001  9.473062E-17
6487.7  9.432898E-17
6489.65  9.345540E-17
6491.6  9.071400E-17
6493.55  8.988277E-17
6495.5  9.437709E-17
6497.45  9.668581E-17
6499.4  1.000216E-16
6501.35000000001  1.031644E-16
6503.3  9.464867E-17
6505.25  8.530933E-17
6507.2  9.261425E-17
6509.15  1.017875E-16
6511.1  9.702881E-17
6513.05  9.541056E-17
6515.  9.300611E-17
6516.95  9.085716E-17
6518.9  9.328559E-17
6520.85000000001  9.400427E-17
6522.8  9.545035E-17
6524.75  9.450890E-17
6526.7  9.265979E-17
6528.65  9.103188E-17
6530.6  9.047952E-17
6532.55  9.034863E-17
6534.50000000001  9.038010E-17
6536.45  9.989678E-17
6538.4  9.516341E-17
6540.35  9.182152E-17
6542.3  9.444833E-17
6544.25  9.105482E-17
6546.2  9.009353E-17
6548.15  8.882919E-17
6550.10000000001  8.903859E-17
6552.05  9.041683E-17
6554.00000000001  9.313131E-17
6555.95  9.537682E-17
6557.9  9.572192E-17
6559.85  9.155847E-17
6561.8  9.046123E-17
6563.75  9.094480E-17
6565.70000000001  9.247634E-17
6567.65  8.862942E-17
6569.60000000001  8.856964E-17
6571.55  9.656722E-17
6573.5  9.275579E-17
6575.45  8.809688E-17
6577.4  9.323023E-17
6579.35  9.458722E-17
6581.3  8.810605E-17
6583.25  9.275383E-17
6585.2  8.943014E-17
6587.15  8.851523E-17
6589.1  9.270369E-17
6591.05  8.806703E-17
6593.  8.584434E-17
6594.95  9.072906E-17
6596.9  8.699592E-17
6598.85  9.055059E-17
6600.8  9.075831E-17
6602.75  9.236755E-17
6604.7  9.180465E-17
6606.65  9.164619E-17
6608.6  9.168524E-17
6610.55  9.013487E-17
6612.5  9.183566E-17
6614.45  8.984061E-17
6616.4  8.398610E-17
6618.35  8.640944E-17
6620.3  9.042707E-17
6622.25  8.970321E-17
6624.2  8.733933E-17
6626.15  8.709350E-17
6628.1  9.093603E-17
6630.05  9.366404E-17
6632.  8.883752E-17
6633.95  8.745888E-17
6635.9  8.853247E-17
6637.85000000001  8.972022E-17
6639.8  9.112527E-17
6641.75  8.941192E-17
6643.7  8.883031E-17
6645.65  9.133526E-17
6647.60000000001  8.957539E-17
6649.55  8.876011E-17
6651.5  8.476648E-17
6653.45000000001  8.853356E-17
6655.4  8.711711E-17
6657.35  8.769953E-17
6659.3  8.905174E-17
6661.25  8.664902E-17
6663.2  8.836927E-17
6665.15  8.945978E-17
6667.1  8.915712E-17
6669.05  8.511428E-17
6671.  8.850991E-17
6672.95  8.905579E-17
6674.9  8.673126E-17
6676.85  8.984281E-17
6678.80000000001  8.501125E-17
6680.75  8.555963E-17
6682.7  8.680248E-17
6684.65  8.482277E-17
6686.6  8.731621E-17
6688.55  8.829345E-17
6690.50000000001  8.384810E-17
6692.45  8.481259E-17
6694.4  8.703363E-17
6696.35  8.306071E-17
6698.3  7.991686E-17
6700.25  7.964456E-17
6702.2  8.634684E-17
6704.15  8.324253E-17
6706.1  8.355381E-17
6708.05  8.481063E-17
6710.  8.174691E-17
6711.95  8.388897E-17
6713.9  8.944530E-17
6715.85  8.195047E-17
6717.8  8.480454E-17
6719.75  8.749697E-17
6721.7  8.559048E-17
6723.65  8.216470E-17
6725.60000000001  7.535251E-17
6727.55  8.002357E-17
6729.5  8.091602E-17
6731.45  8.428012E-17
6733.4  8.266588E-17
6735.35000000001  8.498659E-17
6737.3  8.588500E-17
6739.25  8.441803E-17
6741.2  8.001771E-17
6743.15  8.204556E-17
6745.10000000001  8.211006E-17
6747.05000000001  7.951946E-17
6749.  8.176630E-17
6750.95  8.299338E-17
6752.9  7.789953E-17
6754.85  8.013112E-17
6756.8  7.953061E-17
6758.75  7.871699E-17
6760.7  7.835172E-17
6762.65  8.140633E-17
6764.6  8.164294E-17
6766.55000000001  8.728878E-17
6768.5  8.383978E-17
6770.45  7.698182E-17
6772.4  7.807632E-17
6774.35  7.979038E-17
6776.3  7.969892E-17
6778.25000000001  7.969633E-17
6780.2  7.462139E-17
6782.15000000001  7.938524E-17
6784.1  7.769888E-17
6786.05  7.488135E-17
6788.  7.832683E-17
6789.95  8.188503E-17
6791.9  8.217602E-17
6793.85  7.955449E-17
6795.8  8.017453E-17
6797.75  8.114998E-17
6799.7  7.453994E-17
6801.65  7.636973E-17
6803.6  8.061635E-17
6805.55  7.988793E-17
6807.5  7.822188E-17
6809.45  8.256180E-17
6811.4  7.701292E-17
6813.35000000001  7.897632E-17
6815.30000000001  7.984692E-17
6817.25  8.047125E-17
6819.2  8.571518E-17
6821.15  8.031404E-17
6823.1  7.703161E-17
6825.05  7.332498E-17
6827.  6.885452E-17
6828.95  7.621481E-17
6830.9  8.731926E-17
6832.85000000001  8.343306E-17
6834.80000000001  8.142303E-17
6836.75  8.490132E-17
6838.7  8.630376E-17
6840.65  7.338579E-17
6842.6  7.302914E-17
6844.55  7.883455E-17
6846.5  7.688973E-17
6848.45  7.724762E-17
6850.4  7.517879E-17
6852.35  7.037502E-17
6854.30000000001  7.498918E-17
6856.25  7.037377E-17
6858.2  7.562415E-17
6860.15  7.314308E-17
6862.1  7.958350E-17
6864.05  7.829556E-17
6866.00000000001  7.397808E-17
6867.95  6.871417E-17
6869.90000000001  6.416945E-17
6871.85  7.298986E-17
6873.8  7.445455E-17
6875.75  6.895384E-17
6877.7  6.915714E-17
6879.65  6.968164E-17
6881.6  7.458109E-17
6883.55  6.822901E-17
6885.50000000001  7.148668E-17
6887.45  7.610976E-17
6889.4  6.917410E-17
6891.35000000001  6.843136E-17
6893.3  6.877293E-17
6895.25  6.806935E-17
6897.2  6.862044E-17
6899.15  6.941898E-17
6901.10000000001  6.586262E-17
6903.05000000001  7.134067E-17
6905.  7.406306E-17
6906.95  7.052868E-17
6908.9  7.331769E-17
6910.85  6.847064E-17
6912.8  6.920549E-17
6914.75  7.869252E-17
6916.7  7.390414E-17
6918.65  7.016004E-17
6920.60000000001  6.639506E-17
6922.55  6.905359E-17
6924.5  7.585638E-17
6926.45  7.290730E-17
6928.4  6.816966E-17
6930.35  7.377118E-17
6932.3  7.409441E-17
6934.25  6.993906E-17
6936.2  7.224204E-17
6938.15  7.612941E-17
6940.1  7.387592E-17
6942.05  6.621364E-17
6944.  7.120249E-17
6945.95  7.669339E-17
6947.9  6.812891E-17
6949.85  7.141577E-17
6951.8  7.530944E-17
6953.75000000001  7.011660E-17
6955.7  6.409160E-17
6957.65  6.590087E-17
6959.6  7.147450E-17
6961.55  6.907741E-17
6963.5  6.390897E-17
6965.45  6.539909E-17
6967.4  6.273546E-17
6969.35  6.384823E-17
6971.3  6.763989E-17
6973.25  6.198261E-17
6975.2  6.500218E-17
6977.15  6.629712E-17
6979.10000000001  6.729555E-17
6981.05  7.055260E-17
6983.  7.031692E-17
6984.95  7.294380E-17
6986.9  7.140302E-17
6988.85  7.399355E-17
6990.80000000001  7.384135E-17
6992.75  6.671406E-17
6994.7  6.661388E-17
6996.65  6.830276E-17
6998.6  7.086253E-17
7000.55  6.805758E-17
7002.5  6.739397E-17
7004.45000000001  7.189976E-17
7006.4  7.287406E-17
7008.35  7.392670E-17
7010.3  6.901540E-17
7012.25  6.790004E-17
7014.2  6.902649E-17
7016.15  6.642188E-17
7018.1  6.813536E-17
7020.05  7.253656E-17
7022.  6.772199E-17
7023.95  6.706277E-17
7025.90000000001  6.700414E-17
7027.85  6.744294E-17
7029.8  7.182915E-17
7031.75  7.066528E-17
7033.7  6.301069E-17
7035.65  6.101667E-17
7037.60000000001  6.270346E-17
7039.55  6.466312E-17
7041.5  6.750025E-17
7043.45  7.006062E-17
7045.4  7.104610E-17
7047.35  6.504277E-17
7049.3  6.718288E-17
7051.25  7.156111E-17
7053.2  6.460365E-17
7055.15  6.255806E-17
7057.1  6.270711E-17
7059.05  6.725870E-17
7061.  6.600341E-17
7062.95  6.618391E-17
7064.9  6.630523E-17
7066.85000000001  6.610293E-17
7068.8  7.063976E-17
7070.75  6.453928E-17
7072.7  6.346796E-17
7074.65  7.369895E-17
7076.6  6.678143E-17
7078.55000000001  6.220335E-17
7080.5  7.095121E-17
7082.45  6.919666E-17
7084.4  6.635174E-17
7086.35000000001  6.568979E-17
7088.3  6.795290E-17
7090.25  6.517776E-17
7092.2  6.438573E-17
7094.15  6.267140E-17
7096.1  6.153577E-17
7098.05  6.561754E-17
7100.  6.473048E-17
7101.95  6.256378E-17
7103.9  6.823203E-17
7105.85  6.536728E-17
7107.8  6.247087E-17
7109.75  6.565606E-17
7111.7  7.288116E-17
7113.65000000001  6.526879E-17
7115.6  6.269992E-17
7117.55  6.290270E-17
7119.5  6.224962E-17
7121.45  6.542968E-17
7123.4  6.835629E-17
7125.35  6.806543E-17
7127.3  6.569768E-17
7129.25000000001  6.951601E-17
7131.2  6.807885E-17
7133.15  6.821016E-17
7135.10000000001  6.451539E-17
7137.05  7.119145E-17
7139.  6.363618E-17
7140.95000000001  6.477288E-17
7142.9  6.478418E-17
7144.85  6.542875E-17
7146.8  6.129975E-17
7148.75  6.366704E-17
7150.7  6.260775E-17
7152.65  5.999305E-17
7154.60000000001  6.100040E-17
7156.55  5.857845E-17
7158.5  6.331598E-17
7160.45000000001  6.413831E-17
7162.4  6.465305E-17
7164.35  6.056366E-17
7166.30000000001  6.484021E-17
7168.25  6.736026E-17
7170.20000000001  5.835653E-17
7172.15  6.272258E-17
7174.1  6.659944E-17
7176.05  6.463584E-17
7178.  6.778032E-17
7179.95000000001  6.658173E-17
7181.9  5.707179E-17
7183.85  6.517323E-17
7185.8  6.553904E-17
7187.75  6.316614E-17
7189.7  6.003062E-17
7191.65  5.898453E-17
7193.6  6.262669E-17
7195.55  6.397531E-17
7197.5  6.125967E-17
7199.45  6.112091E-17
7201.40000000001  6.509964E-17
7203.35  6.850523E-17
7205.3  6.323599E-17
7207.25  6.396135E-17
7209.2  6.205584E-17
7211.15  6.341510E-17
7213.1  6.013385E-17
7215.05  6.322880E-17
7217.00000000001  5.915426E-17
7218.95  5.900236E-17
7220.9  5.838687E-17
7222.85  5.574718E-17
7224.8  6.021787E-17
7226.75  6.090184E-17
7228.70000000001  5.435340E-17
7230.65  5.351357E-17
7232.60000000001  5.769525E-17
7234.55  6.085825E-17
7236.5  6.152028E-17
7238.45000000001  5.694594E-17
7240.4  5.345044E-17
7242.35  6.089333E-17
7244.3  6.635974E-17
7246.25  5.937737E-17
7248.20000000001  5.740959E-17
7250.15  6.070661E-17
7252.1  6.474787E-17
7254.05000000001  5.779591E-17
7256.  5.522046E-17
7257.95  5.705526E-17
7259.9  5.009351E-17
7261.85  4.772394E-17
7263.8  5.316898E-17
7265.75  5.662256E-17
7267.70000000001  6.276482E-17
7269.65  6.254800E-17
7271.6  5.972492E-17
7273.55  6.414435E-17
7275.5  6.237497E-17
7277.45  5.614082E-17
7279.4  6.240815E-17
7281.35000000001  6.441518E-17
7283.3  6.478870E-17
7285.25  5.668912E-17
7287.2  5.371352E-17
7289.15000000001  5.956691E-17
7291.1  5.871691E-17
7293.05  5.419012E-17
7295.  5.020207E-17
7296.95  4.994744E-17
7298.9  5.482791E-17
7300.85  5.727744E-17
7302.80000000001  5.695199E-17
7304.75000000001  5.225534E-17
7306.7  4.992787E-17
7308.65  5.464223E-17
7310.6  5.514527E-17
7312.55  5.392744E-17
7314.5  5.502278E-17
7316.45000000001  5.477852E-17
7318.4  5.594418E-17
7320.35000000001  5.467936E-17
7322.3  4.905022E-17
7324.25  4.898784E-17
7326.20000000001  5.281515E-17
7328.15  5.915151E-17
7330.1  6.139767E-17
7332.05  5.595690E-17
7334.  5.086820E-17
7335.95000000001  4.851264E-17
7337.9  4.989604E-17
7339.85  5.214327E-17
7341.8  5.554080E-17
7343.75  5.534709E-17
7345.7  5.468987E-17
7347.65  5.636859E-17
7349.6  5.075635E-17
7351.55000000001  4.970879E-17
7353.5  5.100322E-17
7355.45000000001  4.930251E-17
7357.4  5.632897E-17
7359.35  6.362450E-17
7361.3  5.867364E-17
7363.25  5.445928E-17
7365.2  5.404705E-17
7367.15000000001  5.131701E-17
7369.10000000001  6.184307E-17
7371.05  6.098517E-17
7373.00000000001  5.189441E-17
7374.95  5.362484E-17
7376.9  5.119763E-17
7378.85000000001  5.094960E-17
7380.8  5.109693E-17
7382.75  5.252797E-17
7384.70000000001  5.643102E-17
7386.65  5.513997E-17
7388.6  4.942797E-17
7390.55  5.009354E-17
7392.5  5.188569E-17
7394.45  5.781146E-17
7396.4  5.720209E-17
7398.35  5.614941E-17
7400.3  5.827273E-17
7402.25  6.024989E-17
7404.20000000001  6.225705E-17
7406.15  6.229679E-17
7408.1  5.436618E-17
7410.05  5.282830E-17
7412.  5.285517E-17
7413.95000000001  5.190985E-17
7415.9  4.998165E-17
7417.85  5.264548E-17
7419.8  5.483549E-17
7421.75000000001  5.104222E-17
7423.70000000001  5.533191E-17
7425.65  5.106172E-17
7427.6  5.110106E-17
7429.55  5.566622E-17
7431.5  5.421595E-17
7433.45000000001  5.190581E-17
7435.4  5.364641E-17
7437.35  5.586482E-17
7439.30000000001  6.219261E-17
7441.25  6.383854E-17
7443.2  5.788562E-17
7445.15  5.935145E-17
7447.1  6.320688E-17
7449.05  5.912729E-17
7451.  5.879288E-17
7452.95  5.971639E-17
7454.90000000001  6.183132E-17
7456.85  5.949665E-17
7458.8  6.008756E-17
7460.75000000001  5.803726E-17
7462.7  6.146459E-17
7464.65  6.597887E-17
7466.60000000001  6.228376E-17
7468.55  6.220466E-17
7470.50000000001  6.441226E-17
7472.45  6.536852E-17
7474.4  6.353390E-17
7476.35000000001  6.399461E-17
7478.3  6.098503E-17
7480.25  6.369223E-17
7482.2  6.758569E-17
7484.15  6.717293E-17
7486.1  6.405550E-17
7488.05  6.804031E-17
7490.  6.579704E-17
7491.95000000001  5.859624E-17
7493.90000000001  6.085852E-17
7495.85  6.135440E-17
7497.8  5.841888E-17
7499.75  6.037826E-17
7501.7  6.323043E-17
7503.65000000001  6.576842E-17
7505.6  6.519775E-17
7507.55  6.327090E-17
7509.5  6.453889E-17
7511.45  6.338698E-17
7513.4  6.324647E-17
7515.35  6.477274E-17
7517.3  6.769535E-17
7519.25  7.333531E-17
7521.2  7.511054E-17
7523.15  6.561000E-17
7525.1  6.292485E-17
7527.05  6.816921E-17
7529.  7.214753E-17
7530.95  7.260516E-17
7532.9  7.403736E-17
7534.85  7.565696E-17
7536.8  7.118266E-17
7538.75  6.551168E-17
7540.7  6.752348E-17
7542.65  7.040418E-17
7544.6  7.006285E-17
7546.55000000001  6.764213E-17
7548.50000000001  6.743233E-17
7550.45  7.024641E-17
7552.4  7.081857E-17
7554.35000000001  6.699302E-17
7556.3  6.906490E-17
7558.25  7.177489E-17
7560.2  6.613919E-17
7562.15  6.503807E-17
7564.10000000001  6.984456E-17
7566.05  7.304760E-17
7568.  7.147447E-17
7569.95  6.972098E-17
7571.9  7.290288E-17
7573.85  7.477983E-17
7575.8  7.178463E-17
7577.75  7.044258E-17
7579.70000000001  7.137961E-17
7581.65000000001  7.030008E-17
7583.6  7.265889E-17
7585.55  7.364875E-17
7587.5  7.002898E-17
7589.45000000001  6.968383E-17
7591.40000000001  6.980338E-17
7593.35  7.073204E-17
7595.30000000001  7.703669E-17
7597.25  7.265786E-17
7599.2  8.008613E-17
7601.15  7.272947E-17
7603.1  7.301590E-17
7605.05  7.272947E-17
7607.  6.851462E-17
7608.95  7.420767E-17
7610.9  7.584618E-17
7612.85  7.391263E-17
7614.8  7.368842E-17
7616.75000000001  7.368842E-17
7618.7  6.548781E-17
7620.65  7.368842E-17
7622.6  7.646904E-17
7624.55  7.711133E-17
7626.5  8.198560E-17
7628.45  7.968142E-17
7630.4  7.648567E-17
7632.35  7.450999E-17
7634.30000000001  7.264761E-17
7636.25000000001  7.161536E-17
7638.2  7.539234E-17
7640.15  7.546727E-17
7642.1  7.310733E-17
7644.05  6.541367E-17
7646.  6.936531E-17
7647.95  7.049600E-17
7649.90000000001  6.997311E-17
7651.85000000001  7.415771E-17
7653.8  7.561986E-17
7655.75  7.391616E-17
7657.7  7.065807E-17
7659.65  6.932218E-17
7661.6  6.955617E-17
7663.55  7.537975E-17
7665.5  7.964388E-17
7667.45000000001  7.655672E-17
7669.40000000001  7.601640E-17
7671.35  7.889369E-17
7673.3  7.782964E-17
7675.25  7.644716E-17
7677.2  7.784969E-17
7679.15000000001  8.065310E-17
7681.1  7.774447E-17
7683.05000000001  7.612511E-17
7685.  7.657435E-17
7686.95000000001  7.368011E-17
7688.9  7.427696E-17
7690.85  7.914698E-17
7692.8  7.405835E-17
7694.75  7.277249E-17
7696.7  7.387993E-17
7698.65000000001  7.506162E-17
7700.6  8.176775E-17
7702.55  7.868836E-17
7704.50000000001  7.274990E-17
7706.45  7.549864E-17
7708.4  7.789144E-17
7710.35  7.310603E-17
7712.3  7.921150E-17
7714.25000000001  7.976513E-17
7716.2  8.124566E-17
7718.15  8.616361E-17
7720.10000000001  8.340923E-17
7722.05000000001  7.843706E-17
7724.  7.541339E-17
7725.95  7.547486E-17
7727.9  7.619578E-17
7729.85  7.504531E-17
7731.8  7.663375E-17
7733.75  7.556675E-17
7735.70000000001  7.092014E-17
7737.65000000001  7.120817E-17
7739.60000000001  7.736813E-17
7741.55  7.800093E-17
7743.5  7.389615E-17
7745.45  7.064816E-17
7747.4  7.390303E-17
7749.35  7.956398E-17
7751.3  7.793131E-17
7753.25  7.804135E-17
7755.20000000001  8.372705E-17
7757.15  7.973138E-17
7759.1  7.289813E-17
7761.05  7.363195E-17
7763.  7.449762E-17
7764.95  7.798532E-17
7766.90000000001  7.794965E-17
7768.85000000001  6.940870E-17
7770.80000000001  6.656031E-17
7772.75  7.481910E-17
7774.7  7.889928E-17
7776.65  7.465223E-17
7778.6  7.179543E-17
7780.55  7.662842E-17
7782.5  7.944945E-17
7784.45  7.331134E-17
7786.40000000001  7.224857E-17
7788.35  7.224857E-17
7790.3  7.203760E-17
7792.25000000001  7.686044E-17
7794.2  6.922898E-17
7796.15  6.850121E-17
7798.1  7.167480E-17
7800.05  7.357429E-17
7802.00000000001  7.327213E-17
7803.95  7.299772E-17
7805.9  7.280555E-17
7807.85000000001  7.469862E-17
7809.8  7.768693E-17
7811.75  7.808773E-17
7813.7  7.365849E-17
7815.65  6.914272E-17
7817.60000000001  6.802843E-17
7819.55  7.476731E-17
7821.5  8.413108E-17
7823.45000000001  8.463681E-17
7825.4  7.994075E-17
7827.35  7.491383E-17
7829.3  7.230210E-17
7831.25  7.247174E-17
7833.2  7.421869E-17
7835.15  7.387833E-17
7837.1  7.190296E-17
7839.05000000001  7.050250E-17
7841.  7.004053E-17
7842.95  7.280183E-17
7844.9  6.863138E-17
7846.85  6.677752E-17
7848.8  6.877424E-17
7850.75  7.209256E-17
7852.7  8.081834E-17
7854.65000000001  7.917123E-17
7856.60000000001  7.543480E-17
7858.55  7.491224E-17
7860.50000000001  7.494865E-17
7862.45  7.341739E-17
7864.4  7.569159E-17
7866.35  7.800454E-17
7868.3  7.631996E-17
7870.25  7.345668E-17
7872.2  6.763197E-17
7874.15  6.752342E-17
7876.1  7.361236E-17
7878.05  6.843423E-17
7880.00000000001  6.635671E-17
7881.95  7.702863E-17
7883.9  7.799254E-17
7885.85  7.219877E-17
7887.8  7.259248E-17
7889.75000000001  7.209274E-17
7891.7  7.565994E-17
7893.65000000001  7.606711E-17
7895.60000000001  7.712026E-17
7897.55  7.878233E-17
7899.5  7.406001E-17
7901.45  7.280715E-17
7903.4  7.093537E-17
7905.35000000001  7.064803E-17
7907.3  7.072903E-17
7909.25  7.489544E-17
7911.2  8.138104E-17
7913.15  7.951730E-17
7915.1  7.447870E-17
7917.05  7.204623E-17
7919.  7.193810E-17
7920.95  7.172185E-17
7922.9  6.551198E-17
7924.85  6.461357E-17
7926.80000000001  7.184123E-17
7928.75  7.288428E-17
7930.7  6.842851E-17
7932.65  6.981328E-17
7934.6  7.251873E-17
7936.55000000001  7.117257E-17
7938.5  6.657928E-17
7940.45  6.824595E-17
7942.40000000001  6.899885E-17
7944.35  6.509362E-17
7946.3  6.309443E-17
7948.25000000001  6.558657E-17
7950.2  6.660363E-17
7952.15  6.477518E-17
7954.1  6.376614E-17
7956.05  6.601372E-17
7958.  6.407427E-17
7959.95  6.269356E-17
7961.9  7.200735E-17
7963.85000000001  7.501428E-17
7965.8  6.856070E-17
7967.75000000001  6.955993E-17
7969.7  7.049191E-17
7971.65  7.004612E-17
7973.6  7.136874E-17
7975.55  6.903086E-17
7977.5  6.669439E-17
7979.45000000001  6.559019E-17
7981.40000000001  6.488478E-17
7983.35000000001  6.367554E-17
7985.3  6.833975E-17
7987.25  7.303728E-17
7989.2  7.208438E-17
7991.15  7.397816E-17
7993.1  6.963795E-17
7995.05  6.575550E-17
7997.  7.010260E-17
7998.95  6.697001E-17
8000.90000000001  7.216571E-17
8002.85  6.609918E-17
8004.8  6.609918E-17
8006.75  5.537181E-17
8008.7  6.554511E-17
8010.65  6.217336E-17
8012.6  6.473724E-17
8014.55  6.632247E-17
8016.5  6.522812E-17
8018.45000000001  6.560972E-17
8020.4  6.560492E-17
8022.35  6.313956E-17
8024.3  6.363423E-17
8026.25  6.077870E-17
8028.2  5.964840E-17
8030.15  6.336716E-17
8032.1  6.364617E-17
8034.05  6.269911E-17
8036.00000000001  6.059554E-17
8037.95  6.044471E-17
8039.90000000001  5.981512E-17
8041.85  6.058218E-17
8043.8  6.109175E-17
8045.75  6.092007E-17
8047.7  5.916841E-17
8049.65  5.867072E-17
8051.6  6.600968E-17
8053.55000000001  6.194586E-17
8055.5  5.874942E-17
8057.45  6.242096E-17
8059.4  6.175149E-17
8061.35  6.247513E-17
8063.3  6.151949E-17
8065.25  5.916045E-17
8067.2  5.992867E-17
8069.15  5.807244E-17
8071.10000000001  5.822354E-17
8073.05  5.839973E-17
8075.  6.060597E-17
8076.95  6.330722E-17
8078.9  6.093059E-17
8080.85  5.618406E-17
8082.8  5.755476E-17
8084.75  6.274748E-17
8086.7  6.327281E-17
8088.65000000001  6.327181E-17
8090.6  6.376076E-17
8092.55  6.219095E-17
8094.5  5.936843E-17
8096.45  6.031045E-17
8098.4  6.134686E-17
8100.35  5.684340E-17
8102.3  5.404654E-17
8104.25  5.912935E-17
8106.20000000001  6.542913E-17
8108.15  6.301081E-17
8110.1  6.226366E-17
8112.05  6.081942E-17
8114.  5.724149E-17
8115.95  6.099797E-17
8117.9  6.470968E-17
8119.85  6.351065E-17
8121.8  6.267796E-17
8123.75000000001  6.102387E-17
8125.7  6.230044E-17
8127.65  6.428597E-17
8129.6  6.040072E-17
8131.55  5.697443E-17
8133.5  5.980730E-17
8135.45  5.574876E-17
8137.40000000001  5.326594E-17
8139.35  5.592507E-17
8141.3  6.080729E-17
8143.25  6.549963E-17
8145.2  5.923214E-17
8147.15  5.870838E-17
8149.1  6.107549E-17
8151.05  5.809553E-17
8153.  5.892695E-17
8154.95  6.026960E-17
8156.9  5.746112E-17
8158.85  5.522457E-17
8160.8  5.751068E-17
8162.75  6.214314E-17
8164.7  6.072377E-17
8166.65  5.544759E-17
8168.6  5.926206E-17
8170.55  6.399427E-17
8172.5  6.270237E-17
8174.45  6.034661E-17
8176.4  5.828567E-17
8178.35  5.714859E-17
8180.3  5.871176E-17
8182.25  5.921973E-17
8184.2  5.676759E-17
8186.15000000001  6.200351E-17
8188.1  6.438610E-17
8190.05  6.189389E-17
8192.  5.922813E-17
8193.95  6.393087E-17
8195.90000000001  6.477143E-17
8197.85  6.255070E-17
8199.8  6.032885E-17
8201.75  5.810700E-17
8203.70000000001  5.588515E-17
8205.65000000001  6.233306E-17
8207.6  5.608701E-17
8209.55  5.973822E-17
8211.5  6.020058E-17
8213.45000000001  6.048294E-17
8215.40000000001  5.963050E-17
8217.35  5.124237E-17
8219.3  4.824109E-17
8221.25  5.421742E-17
8223.2  5.922685E-17
8225.15  6.049736E-17
8227.1  6.135860E-17
8229.05  6.231990E-17
8231.  5.744368E-17
8232.95  5.520794E-17
8234.90000000001  5.523237E-17
8236.85  5.771749E-17
8238.8  5.383220E-17
8240.75  5.142867E-17
8242.7  5.092834E-17
8244.65  5.197662E-17
8246.6  5.111510E-17
8248.55  4.831177E-17
8250.5  5.218082E-17
8252.45000000001  4.928983E-17
8254.40000000001  5.004388E-17
8256.35000000001  5.051273E-17
8258.3  5.538062E-17
8260.25  5.362002E-17
8262.2  5.208889E-17
8264.15  5.300200E-17
8266.1  5.336249E-17
8268.05  5.511734E-17
8270.  5.234854E-17
8271.95  4.838571E-17
8273.90000000001  5.828711E-17
8275.85  5.868952E-17
8277.8  6.221577E-17
8279.75  7.018946E-17
8281.7  5.771498E-17
8283.65000000001  4.448476E-17
8285.6  5.526887E-17
8287.55  6.569944E-17
8289.5  7.144007E-17
8291.45  6.830319E-17
8293.40000000001  6.101113E-17
8295.35  5.829408E-17
8297.3  5.331649E-17
8299.25  4.930605E-17
8301.20000000001  4.976562E-17
8303.15000000001  5.138531E-17
8305.10000000001  5.477308E-17
8307.05  5.751978E-17
8309.  5.540735E-17
8310.95000000001  5.623937E-17
8312.9  6.122846E-17
8314.85  5.523783E-17
8316.8  5.164966E-17
8318.75  5.401369E-17
8320.7  5.103306E-17
8322.65000000001  5.138385E-17
8324.6  5.219279E-17
8326.55  5.024316E-17
8328.5  4.817027E-17
8330.45  5.229610E-17
8332.4  5.192331E-17
8334.35  4.938875E-17
8336.3  5.639296E-17
8338.25  6.774145E-17
8340.20000000001  7.023419E-17
8342.15000000001  6.268238E-17
8344.1  6.117206E-17
8346.05  6.019833E-17
8348.  6.076800E-17
8349.95  6.747331E-17
8351.9  7.311236E-17
8353.85000000001  7.073159E-17
8355.8  6.184325E-17
8357.75  6.272856E-17
8359.70000000001  6.466929E-17
8361.65000000001  5.900525E-17
8363.6  6.042971E-17
8365.55  6.370070E-17
8367.5  5.805914E-17
8369.45  5.657387E-17
8371.40000000001  5.424826E-17
8373.35  5.016013E-17
8375.3  5.393524E-17
8377.25  5.781448E-17
8379.2  5.218994E-17
8381.15000000001  4.888315E-17
8383.1  5.617823E-17
8385.05  6.621403E-17
8387.  7.100439E-17
8388.95000000001  6.419882E-17
8390.90000000001  5.710653E-17
8392.85  5.577167E-17
8394.8  5.946114E-17
8396.75  6.707768E-17
8398.70000000001  6.663564E-17
8400.65  6.254147E-17
8402.6  7.201290E-17
8404.55  7.571144E-17
8406.5  6.189753E-17
8408.45000000001  6.068126E-17
8410.40000000001  5.950128E-17
8412.35  5.581176E-17
8414.3  6.069006E-17
8416.25  6.134432E-17
8418.2  5.980153E-17
8420.15000000001  5.990259E-17
8422.1  4.449719E-17
8424.05  4.879232E-17
8426.  7.338468E-17
8427.95  6.705718E-17
8429.90000000001  5.367935E-17
8431.85  5.121351E-17
8433.8  5.598012E-17
8435.75  4.604974E-17
8437.7  4.930279E-17
8439.65  5.627376E-17
8441.6  5.128988E-17
8443.55  5.216905E-17
8445.5  6.267196E-17
8447.45000000001  5.830863E-17
8449.40000000001  5.458610E-17
8451.35000000001  5.079922E-17
8453.3  5.610971E-17
8455.25  5.715295E-17
8457.2  6.042433E-17
8459.15  6.126662E-17
8461.1  5.278610E-17
8463.05  5.612356E-17
8465.  6.359245E-17
8466.95  5.931787E-17
8468.90000000001  5.066255E-17
8470.85  5.346115E-17
8472.8  5.189433E-17
8474.75  5.370043E-17
8476.7  5.990655E-17
8478.65000000001  5.932062E-17
8480.6  6.087746E-17
8482.55  5.689823E-17
8484.5  5.922852E-17
8486.45000000001  6.729548E-17
8488.4  5.700665E-17
8490.35  5.251603E-17
8492.3  5.830838E-17
8494.25  6.110983E-17
8496.20000000001  6.376289E-17
8498.15000000001  5.563823E-17
8500.10000000001  5.406388E-17
8502.05  6.058081E-17
8504.  5.648775E-17
8505.95  4.977896E-17
8507.90000000001  4.927998E-17
8509.85  5.840371E-17
8511.8  5.637833E-17
8513.75  4.774282E-17
8515.7  4.929707E-17
8517.65000000001  5.018420E-17
8519.6  5.122634E-17
8521.55  4.786129E-17
8523.5  5.034467E-17
8525.45  5.458220E-17
8527.4  5.349569E-17
8529.35  5.131976E-17
8531.3  4.765528E-17
8533.25  4.613915E-17
8535.20000000001  4.725555E-17
8537.15000000001  5.184277E-17
8539.10000000001  5.249727E-17
8541.05  4.942896E-17
8543.  5.201021E-17
8544.95  5.156506E-17
8546.9  4.964843E-17
8548.85000000001  5.553986E-17
8550.8  5.612437E-17
8552.75  5.792367E-17
8554.70000000001  5.042729E-17
8556.65000000001  4.476771E-17
8558.6  4.669219E-17
8560.55  5.122910E-17
8562.5  4.935181E-17
8564.45  4.809606E-17
8566.40000000001  4.723979E-17
8568.35  5.132353E-17
8570.3  5.287806E-17
8572.25  5.102771E-17
8574.20000000001  5.003972E-17
8576.15  4.427959E-17
8578.1  4.805024E-17
