5301.359375  1.141205E-18
5304.86681485177  1.019012E-18
5308.37425470353  9.127012E-19
5311.88169455529  9.754490E-19
5315.38913440705  1.086806E-18
5318.89657425881  1.160674E-18
5322.40401411057  9.759193E-19
5325.91145396233  1.016960E-18
5329.41889381409  9.623751E-19
5332.92633366585  1.021577E-18
5336.43377351761  9.891981E-19
5339.94121336937  8.826693E-19
5343.44865322114  8.342699E-19
5346.9560930729  8.506760E-19
5350.46353292466  8.790478E-19
5353.97097277642  9.461442E-19
5357.47841262818  9.916867E-19
5360.98585247994  8.715497E-19
5364.4932923317  9.443623E-19
5368.00073218346  9.797708E-19
5371.50817203522  9.193399E-19
5375.01561188698  1.008929E-18
5378.52305173874  1.031895E-18
5382.03049159051  8.272507E-19
5385.53793144227  7.903713E-19
5389.04537129403  9.478047E-19
5392.55281114579  9.642860E-19
5396.06025099755  9.714822E-19
5399.56769084931  8.103863E-19
5403.07513070107  8.381814E-19
5406.58257055283  7.794540E-19
5410.09001040459  9.049787E-19
5413.59745025635  1.100751E-18
5417.10489010811  1.135720E-18
5420.61232995988  9.550127E-19
5424.11976981163  9.572602E-19
5427.6272096634  8.377475E-19
5431.13464951516  8.809738E-19
5434.64208936692  9.585435E-19
5438.14952921868  1.007992E-18
5441.65696907044  1.071444E-18
5445.1644089222  1.011042E-18
5448.67184877396  1.019026E-18
5452.17928862572  9.857613E-19
5455.68672847748  9.651327E-19
5459.19416832924  9.008532E-19
5462.701608181  6.984571E-19
5466.20904803276  9.015817E-19
5469.71648788453  8.931687E-19
5473.22392773629  8.660568E-19
5476.73136758805  8.767011E-19
5480.23880743981  1.113503E-18
5483.74624729157  1.034249E-18
5487.25368714333  1.043260E-18
5490.76112699509  9.588611E-19
5494.26856684685  9.574176E-19
5497.77600669861  8.893170E-19
5501.28344655037  7.959804E-19
5504.79088640214  8.368560E-19
5508.2983262539  9.714690E-19
5511.80576610566  9.596558E-19
5515.31320595742  9.394305E-19
5518.82064580918  1.010353E-18
5522.32808566094  1.064439E-18
5525.8355255127  1.120271E-18
5529.34296536446  9.953482E-19
5532.85040521622  1.000618E-18
5536.35784506798  9.731502E-19
5539.86528491974  9.246480E-19
5543.37272477151  1.015552E-18
5546.88016462327  9.940865E-19
5550.38760447503  1.015731E-18
5553.89504432679  1.039295E-18
5557.40248417855  9.381163E-19
5560.90992403031  9.542655E-19
5564.41736388207  1.033708E-18
5567.92480373383  1.112102E-18
5571.43224358559  9.734162E-19
5574.93968343735  9.987179E-19
5578.44712328911  9.684863E-19
5581.95456314087  1.041799E-18
5585.46200299263  1.031725E-18
5588.9694428444  8.513269E-19
5592.47688269616  7.678943E-19
5595.98432254792  8.415874E-19
5599.49176239968  9.181129E-19
5602.99920225144  9.343420E-19
5606.5066421032  9.510243E-19
5610.01408195496  9.220167E-19
5613.52152180672  9.439373E-19
5617.02896165848  9.687753E-19
5620.53640151024  9.440167E-19
5624.043841362  9.589180E-19
5627.55128121377  9.349873E-19
5631.05872106553  9.755742E-19
5634.56616091729  9.889468E-19
5638.07360076905  8.659442E-19
5641.58104062081  8.235336E-19
5645.08848047257  8.478762E-19
5648.59592032433  9.255237E-19
5652.10336017609  9.272524E-19
5655.61080002785  9.105414E-19
5659.11823987961  9.007880E-19
5662.62567973137  8.738294E-19
5666.13311958314  8.819842E-19
5669.64055943489  8.902795E-19
5673.14799928666  8.905809E-19
5676.65543913842  8.871413E-19
5680.16287899018  8.809908E-19
5683.67031884194  8.855190E-19
5687.1777586937  8.799462E-19
5690.68519854546  8.890605E-19
5694.19263839722  8.911842E-19
5697.70007824898  8.921708E-19
5701.20751810074  8.867917E-19
5704.7149579525  8.945920E-19
5708.22239780427  8.809578E-19
5711.72983765603  8.347960E-19
5715.23727750779  8.581600E-19
5718.74471735955  8.391653E-19
5722.25215721131  7.988294E-19
5725.75959706307  8.437314E-19
5729.26703691483  7.622715E-19
5732.77447676659  8.934166E-19
5736.28191661835  8.909600E-19
5739.78935647011  8.841937E-19
5743.29679632187  7.571036E-19
5746.80423617364  7.025251E-19
5750.3116760254  8.537092E-19
5753.81911587716  8.708383E-19
5757.32655572892  7.789438E-19
5760.83399558068  8.194916E-19
5764.34143543244  8.495585E-19
5767.8488752842  8.707820E-19
5771.35631513596  8.911880E-19
5774.86375498772  9.146330E-19
5778.37119483948  8.542110E-19
5781.87863469124  8.150371E-19
5785.386074543  8.735005E-19
5788.89351439477  9.222724E-19
5792.40095424653  8.471326E-19
5795.90839409829  8.244188E-19
5799.41583395005  6.264902E-19
5802.92327380181  6.421518E-19
5806.43071365357  8.340582E-19
5809.93815350533  6.973973E-19
5813.44559335709  8.825594E-19
5816.95303320885  7.654523E-19
5820.46047306061  8.257112E-19
5823.96791291237  7.737751E-19
5827.47535276413  7.242883E-19
5830.98279261589  7.751347E-19
5834.49023246766  1.221816E-18
5837.99767231942  1.551227E-18
5841.50511217118  1.960364E-18
5845.01255202294  1.604097E-18
5848.5199918747  1.239196E-18
5852.02743172646  1.196326E-18
5855.53487157822  8.760535E-19
5859.04231142998  8.707516E-19
5862.54975128174  8.112397E-19
5866.0571911335  8.233212E-19
5869.56463098526  8.127500E-19
5873.07207083703  7.129011E-19
5876.57951068879  7.347498E-19
5880.08695054055  7.791065E-19
5883.59439039231  9.400862E-19
5887.10183024407  1.038572E-18
5890.60927009583  7.971527E-19
5894.11670994759  8.495281E-19
5897.62414979935  8.796389E-19
5901.13158965111  8.916314E-19
5904.63902950287  7.403165E-19
5908.14646935464  7.301578E-19
5911.6539092064  8.394937E-19
5915.16134905816  7.955855E-19
5918.66878890992  8.908139E-19
5922.17622876168  8.160660E-19
5925.68366861344  7.653715E-19
5929.1911084652  9.189753E-19
5932.69854831696  7.722747E-19
5936.20598816872  7.392001E-19
5939.71342802048  7.353120E-19
5943.22086787224  7.245916E-19
5946.72830772401  8.004375E-19
5950.23574757576  1.112948E-18
5953.74318742753  1.528191E-18
5957.25062727929  1.845887E-18
5960.75806713105  2.032697E-18
5964.26550698281  1.758585E-18
5967.77294683457  1.313795E-18
5971.28038668633  9.949933E-19
5974.78782653809  7.838989E-19
5978.29526638985  6.640327E-19
5981.80270624161  7.991758E-19
5985.31014609337  8.461498E-19
5988.81758594513  8.398917E-19
5992.32502579689  7.611865E-19
5995.83246564866  8.201898E-19
5999.33990550042  6.707855E-19
6002.84734535218  6.125967E-19
6006.35478520394  1.150887E-18
6009.8622250557  2.440922E-18
6013.36966490746  3.712746E-18
6016.87710475922  4.068049E-18
6020.38454461098  3.589111E-18
6023.89198446274  2.716639E-18
6027.3994243145  1.895294E-18
6030.90686416626  1.241981E-18
6034.41430401803  8.793571E-19
6037.92174386979  8.108229E-19
6041.42918372155  7.602514E-19
6044.93662357331  6.971637E-19
6048.44406342507  7.450271E-19
6051.95150327683  6.834641E-19
6055.45894312859  7.537497E-19
6058.96638298035  7.157477E-19
6062.47382283211  6.892860E-19
6065.98126268387  6.585864E-19
6069.48870253564  7.335954E-19
6072.9961423874  7.643429E-19
6076.50358223916  7.808106E-19
6080.01102209092  7.186094E-19
6083.51846194268  8.244496E-19
6087.02590179444  8.293187E-19
6090.5333416462  8.444638E-19
6094.04078149796  7.818011E-19
6097.54822134972  7.188922E-19
6101.05566120148  8.105486E-19
6104.56310105324  8.467068E-19
6108.070540905  7.115915E-19
6111.57798075676  7.176438E-19
6115.08542060852  7.133671E-19
6118.59286046029  7.233907E-19
6122.10030031205  6.614488E-19
6125.60774016381  6.063872E-19
6129.11518001557  7.779068E-19
6132.62261986733  7.157630E-19
6136.13005971909  7.020538E-19
6139.63749957085  8.252885E-19
6143.14493942261  7.815515E-19
6146.65237927437  8.306560E-19
6150.15981912613  7.444970E-19
6153.6672589779  6.917659E-19
6157.17469882966  7.566101E-19
6160.68213868142  6.456788E-19
6164.18957853318  7.006255E-19
6167.69701838494  7.115656E-19
6171.2044582367  8.165501E-19
6174.71189808846  7.773682E-19
6178.21933794022  7.159270E-19
6181.72677779198  7.455378E-19
6185.23421764374  7.913614E-19
6188.7416574955  6.373327E-19
6192.24909734727  6.643610E-19
6195.75653719902  7.482560E-19
6199.26397705079  7.121248E-19
6202.77141690255  7.320607E-19
6206.27885675431  7.508418E-19
6209.78629660607  6.596247E-19
6213.29373645783  6.556252E-19
6216.80117630959  6.722959E-19
6220.30861616135  6.586021E-19
6223.81605601311  7.345298E-19
6227.32349586487  7.289415E-19
6230.83093571663  7.802065E-19
6234.3383755684  6.559032E-19
6237.84581542016  5.961460E-19
6241.35325527192  7.583502E-19
6244.86069512368  8.499203E-19
6248.36813497544  6.436157E-19
6251.8755748272  6.521805E-19
6255.38301467896  6.434742E-19
6258.89045453072  6.768959E-19
6262.39789438248  7.214154E-19
6265.90533423424  7.182468E-19
6269.412774086  6.622703E-19
6272.92021393777  6.478773E-19
6276.42765378953  7.264647E-19
6279.93509364129  7.099687E-19
6283.44253349305  6.460745E-19
6286.94997334481  7.069283E-19
6290.45741319657  7.455531E-19
6293.96485304833  8.074367E-19
6297.47229290009  7.533436E-19
6300.97973275185  7.129802E-19
6304.48717260361  7.183247E-19
6307.99461245537  7.139160E-19
6311.50205230713  7.125681E-19
6315.0094921589  6.445764E-19
6318.51693201065  7.465754E-19
6322.02437186242  6.960035E-19
6325.53181171418  6.915087E-19
6329.03925156594  7.543297E-19
6332.5466914177  7.303100E-19
6336.05413126946  6.414640E-19
6339.56157112122  5.926220E-19
6343.06901097298  6.596398E-19
6346.57645082474  6.514040E-19
6350.0838906765  7.036808E-19
6353.59133052826  7.243619E-19
6357.09877038002  7.096902E-19
6360.60621023179  7.269999E-19
6364.11365008355  6.599835E-19
6367.62108993531  6.861103E-19
6371.12852978707  6.605786E-19
6374.63596963883  7.205656E-19
6378.14340949059  6.733219E-19
6381.65084934235  6.910178E-19
6385.15828919411  6.247966E-19
6388.66572904587  6.755200E-19
6392.17316889763  6.522273E-19
6395.68060874939  6.951847E-19
6399.18804860116  7.196958E-19
6402.69548845292  6.154318E-19
6406.20292830468  6.759541E-19
6409.71036815644  7.016772E-19
6413.2178080082  6.448759E-19
6416.72524785996  6.391435E-19
6420.23268771172  7.041993E-19
6423.74012756348  7.262047E-19
6427.24756741524  6.987043E-19
6430.755007267  7.765893E-19
6434.26244711876  7.318081E-19
6437.76988697053  6.583307E-19
6441.27732682229  6.736639E-19
6444.78476667405  7.336307E-19
6448.29220652581  6.414093E-19
6451.79964637757  6.645998E-19
6455.30708622933  7.355397E-19
6458.81452608109  6.612909E-19
6462.32196593285  6.059424E-19
6465.82940578461  6.010738E-19
6469.33684563637  6.192031E-19
6472.84428548814  6.854540E-19
6476.35172533989  6.459193E-19
6479.85916519166  7.053572E-19
6483.36660504342  6.027105E-19
6486.87404489518  7.132961E-19
6490.38148474694  7.905749E-19
6493.8889245987  6.319421E-19
6497.39636445046  6.534530E-19
6500.90380430222  7.252552E-19
6504.41124415398  6.896225E-19
6507.91868400574  6.746925E-19
6511.4261238575  6.829217E-19
6514.93356370926  6.805770E-19
6518.44100356102  6.750740E-19
6521.94844341279  6.178181E-19
6525.45588326455  6.477546E-19
6528.96332311631  6.898938E-19
6532.47076296807  6.495156E-19
6535.97820281983  6.641219E-19
6539.48564267159  7.740028E-19
6542.99308252335  7.182801E-19
6546.50052237511  6.670735E-19
6550.00796222687  6.623659E-19
6553.51540207863  6.726874E-19
6557.02284193039  6.570113E-19
6560.53028178216  6.228466E-19
6564.03772163391  6.322103E-19
6567.54516148568  7.409772E-19
6571.05260133744  6.929950E-19
6574.5600411892  6.718336E-19
6578.06748104096  6.342738E-19
6581.57492089272  6.380861E-19
6585.08236074448  7.131544E-19
6588.58980059624  7.094176E-19
6592.097240448  7.372574E-19
6595.60468029976  7.154664E-19
6599.11212015153  6.426595E-19
6602.61956000329  6.388916E-19
6606.12699985505  6.891105E-19
6609.63443970681  6.885194E-19
6613.14187955857  5.664392E-19
6616.64931941033  7.224891E-19
6620.15675926209  6.829772E-19
6623.66419911385  7.382397E-19
6627.17163896561  6.900690E-19
6630.67907881737  6.343491E-19
6634.18651866913  6.324104E-19
6637.69395852089  6.734684E-19
6641.20139837266  7.067705E-19
6644.70883822442  6.826271E-19
6648.21627807618  6.181123E-19
6651.72371792794  6.586295E-19
6655.2311577797  6.740950E-19
6658.73859763146  7.039187E-19
6662.24603748322  7.152225E-19
6665.75347733498  7.116173E-19
6669.26091718674  6.581571E-19
6672.76835703851  5.913511E-19
6676.27579689026  6.305245E-19
6679.78323674203  6.995412E-19
6683.29067659379  6.908270E-19
6686.79811644555  6.838773E-19
6690.30555629731  6.657834E-19
6693.81299614907  6.497131E-19
6697.32043600083  6.324661E-19
6700.82787585259  7.150861E-19
6704.33531570435  6.919793E-19
6707.84275555611  6.199560E-19
6711.35019540787  6.777487E-19
6714.85763525963  6.990431E-19
6718.3650751114  6.418338E-19
6721.87251496316  6.533621E-19
6725.37995481492  6.035307E-19
6728.88739466668  6.526777E-19
6732.39483451844  6.461950E-19
6735.9022743702  6.267979E-19
6739.40971422196  6.398231E-19
6742.91715407372  6.382668E-19
6746.42459392548  6.551395E-19
6749.93203377724  6.613779E-19
6753.439473629  6.099573E-19
6756.94691348076  6.811217E-19
6760.45435333253  6.499201E-19
6763.96179318429  6.386904E-19
6767.46923303605  6.375451E-19
6770.97667288781  6.829883E-19
6774.48411273957  6.970222E-19
6777.99155259133  6.621403E-19
6781.49899244309  5.927573E-19
6785.00643229485  6.043923E-19
6788.51387214661  6.475167E-19
6792.02131199837  6.001693E-19
6795.52875185013  5.733896E-19
6799.0361917019  5.861336E-19
6802.54363155366  6.225318E-19
6806.05107140542  6.477158E-19
6809.55851125718  6.785027E-19
6813.06595110894  7.037542E-19
6816.5733909607  6.592583E-19
6820.08083081246  6.654233E-19
6823.58827066422  6.866270E-19
6827.09571051598  7.177727E-19
6830.60315036774  7.620023E-19
6834.1105902195  5.715006E-19
6837.61803007126  6.362020E-19
6841.12546992302  6.828906E-19
6844.63290977479  6.184959E-19
6848.14034962655  7.070651E-19
6851.64778947831  6.625104E-19
6855.15522933007  6.106706E-19
6858.66266918183  6.748586E-19
6862.17010903359  6.530406E-19
6865.67754888535  6.000968E-19
6869.18498873711  4.521742E-19
6872.69242858887  5.289951E-19
6876.19986844063  5.365970E-19
6879.70730829239  6.327547E-19
6883.21474814416  6.218023E-19
6886.72218799592  6.677593E-19
6890.22962784768  6.499408E-19
6893.73706769944  5.357915E-19
6897.2445075512  6.068473E-19
6900.75194740296  5.788852E-19
6904.25938725472  5.682879E-19
6907.76682710648  7.085802E-19
6911.27426695824  5.766425E-19
6914.78170681  6.189291E-19
6918.28914666176  7.350790E-19
6921.79658651353  7.234955E-19
6925.30402636529  7.004855E-19
6928.81146621705  4.584387E-19
6932.31890606881  7.777886E-19
6935.82634592057  7.748140E-19
6939.33378577233  6.923125E-19
6942.84122562409  5.618532E-19
6946.34866547585  5.447574E-19
6949.85610532761  6.511647E-19
6953.36354517937  7.724040E-19
6956.87098503113  6.612353E-19
6960.3784248829  6.392940E-19
6963.88586473466  6.242168E-19
6967.39330458642  6.610447E-19
6970.90074443818  5.907268E-19
6974.40818428994  6.560013E-19
6977.9156241417  7.388146E-19
6981.42306399346  7.623008E-19
6984.93050384522  6.416282E-19
6988.43794369698  6.563984E-19
6991.94538354874  6.984074E-19
6995.4528234005  6.728204E-19
6998.96026325226  7.179301E-19
7002.46770310402  6.824081E-19
7005.97514295579  7.571044E-19
7009.48258280755  7.458345E-19
7012.99002265931  7.143205E-19
7016.49746251107  6.473625E-19
7020.00490236283  6.084030E-19
7023.51234221459  7.087745E-19
7027.01978206635  6.764255E-19
7030.52722191811  7.110209E-19
7034.03466176987  7.176341E-19
7037.54210162164  6.573745E-19
7041.04954147339  7.157602E-19
7044.55698132516  6.888180E-19
7048.06442117692  6.964910E-19
7051.57186102868  7.131616E-19
7055.07930088044  7.865240E-19
7058.5867407322  7.664179E-19
7062.09418058396  8.453804E-19
7065.60162043572  8.853626E-19
7069.10906028748  8.595243E-19
7072.61650013924  8.103622E-19
7076.123939991  6.955507E-19
7079.63137984276  6.829982E-19
7083.13881969453  7.220086E-19
7086.64625954629  6.959866E-19
7090.15369939805  7.189459E-19
7093.66113924981  8.156034E-19
7097.16857910157  7.110148E-19
7100.67601895333  7.260395E-19
7104.18345880509  7.385070E-19
7107.69089865685  7.487086E-19
7111.19833850861  6.780992E-19
7114.70577836037  6.926796E-19
7118.21321821213  7.021030E-19
7121.72065806389  6.941745E-19
7125.22809791566  7.101401E-19
7128.73553776742  6.791030E-19
7132.24297761918  6.675816E-19
7135.75041747094  6.477359E-19
7139.2578573227  6.602845E-19
7142.76529717446  6.790513E-19
7146.27273702622  6.661863E-19
7149.78017687798  7.004452E-19
7153.28761672974  6.880282E-19
7156.7950565815  7.052039E-19
7160.30249643326  7.226555E-19
7163.80993628502  6.656328E-19
7167.31737613678  7.024111E-19
7170.82481598855  7.402987E-19
7174.33225584031  7.168891E-19
7177.83969569207  7.045300E-19
7181.34713554383  6.264060E-19
7184.85457539559  6.138496E-19
7188.36201524735  6.673377E-19
7191.86945509911  6.700462E-19
7195.37689495087  6.604992E-19
7198.88433480263  6.541806E-19
7202.39177465439  6.749876E-19
7205.89921450616  7.166640E-19
7209.40665435792  6.896796E-19
7212.91409420968  6.639440E-19
7216.42153406144  6.616762E-19
7219.9289739132  7.632632E-19
7223.43641376496  7.368124E-19
7226.94385361672  7.065985E-19
7230.45129346848  6.217922E-19
7233.95873332024  6.984819E-19
7237.466173172  6.585713E-19
7240.97361302376  6.359369E-19
7244.48105287553  7.029483E-19
7247.98849272729  6.925755E-19
7251.49593257905  5.421025E-19
7255.00337243081  5.625551E-19
7258.51081228257  6.289996E-19
7262.01825213433  7.215550E-19
7265.52569198609  7.875952E-19
7269.03313183785  7.951957E-19
7272.54057168961  8.437422E-19
7276.04801154137  7.351315E-19
7279.55545139313  6.702430E-19
7283.06289124489  6.350935E-19
7286.57033109666  6.186486E-19
7290.07777094842  6.697001E-19
7293.58521080018  6.804866E-19
7297.09265065194  6.824317E-19
7300.6000905037  7.147781E-19
7304.10753035546  7.002452E-19
7307.61497020722  6.015244E-19
7311.12241005898  6.082730E-19
7314.62984991074  6.686413E-19
7318.1372897625  7.715260E-19
7321.64472961426  6.837931E-19
7325.15216946603  6.620944E-19
7328.65960931779  6.945885E-19
7332.16704916955  7.455999E-19
7335.67448902131  8.336302E-19
7339.18192887307  6.502497E-19
7342.68936872483  6.406753E-19
7346.19680857659  7.637679E-19
7349.70424842835  6.850075E-19
7353.21168828011  6.508110E-19
7356.71912813187  6.000133E-19
7360.22656798363  6.718537E-19
7363.73400783539  6.858910E-19
7367.24144768715  5.653058E-19
7370.74888753891  6.129975E-19
7374.25632739068  6.742680E-19
7377.76376724244  4.851008E-19
7381.2712070942  5.949978E-19
7384.77864694596  6.656586E-19
7388.28608679772  7.425636E-19
7391.79352664948  6.565360E-19
7395.30096650124  6.747551E-19
7398.808406353  7.208896E-19
7402.31584620476  6.979516E-19
7405.82328605652  7.498705E-19
7409.33072590829  7.028507E-19
7412.83816576005  6.557045E-19
7416.34560561181  6.352930E-19
7419.85304546357  6.546639E-19
7423.36048531533  7.351842E-19
7426.86792516709  6.181301E-19
7430.37536501885  6.146505E-19
7433.88280487061  6.406280E-19
7437.39024472237  6.633262E-19
7440.89768457413  6.357300E-19
7444.40512442589  6.803439E-19
7447.91256427766  5.827138E-19
7451.42000412942  6.640365E-19
7454.92744398118  6.612099E-19
7458.43488383294  6.916631E-19
7461.9423236847  7.191616E-19
7465.44976353646  7.729409E-19
7468.95720338822  6.618113E-19
7472.46464323998  6.707872E-19
7475.97208309174  6.790068E-19
7479.4795229435  6.340981E-19
7482.98696279526  6.880214E-19
7486.49440264702  7.116124E-19
7490.00184249879  7.100937E-19
7493.50928235055  7.269719E-19
7497.01672220231  6.291688E-19
7500.52416205407  6.587601E-19
7504.03160190583  7.054261E-19
7507.53904175759  6.587836E-19
7511.04648160935  6.186721E-19
7514.55392146111  6.585423E-19
7518.06136131287  6.297706E-19
7521.56880116463  6.429371E-19
7525.07624101639  6.756617E-19
7528.58368086815  6.140277E-19
7532.09112071992  6.146630E-19
7535.59856057168  7.341155E-19
7539.10600042344  6.802639E-19
7542.6134402752  6.342605E-19
7546.12088012696  6.322977E-19
7549.62831997872  6.711109E-19
7553.13575983048  7.424155E-19
7556.64319968224  7.370921E-19
7560.150639534  7.518387E-19
7563.65807938576  8.130699E-19
7567.16551923752  8.770982E-19
7570.67295908928  7.848621E-19
7574.18039894105  7.398660E-19
7577.68783879281  7.717721E-19
7581.19527864457  7.485525E-19
7584.70271849633  6.941092E-19
7588.21015834809  6.906082E-19
7591.71759819985  5.375860E-19
7595.22503805161  4.300978E-19
7598.73247790337  3.540617E-19
7602.23991775513  2.776557E-19
7605.74735760689  2.561595E-19
7609.25479745866  3.343289E-19
7612.76223731042  3.273028E-19
7616.26967716218  3.654887E-19
7619.77711701394  4.302428E-19
7623.2845568657  4.845032E-19
7626.79199671746  4.744199E-19
7630.29943656922  3.913653E-19
7633.80687642098  3.750600E-19
7637.31431627274  4.583543E-19
7640.8217561245  5.189571E-19
7644.32919597626  5.777966E-19
7647.83663582802  4.750458E-19
7651.34407567979  6.296935E-19
7654.85151553155  6.030699E-19
7658.35895538331  5.359413E-19
7661.86639523507  5.849713E-19
7665.37383508683  6.698838E-19
7668.88127493859  6.228037E-19
7672.38871479035  6.139649E-19
7675.89615464211  5.718526E-19
7679.40359449387  6.629318E-19
7682.91103434563  5.980199E-19
7686.41847419739  5.204373E-19
7689.92591404915  6.530328E-19
7693.43335390091  6.303691E-19
7696.94079375268  5.970469E-19
7700.44823360444  7.013477E-19
7703.9556734562  7.534576E-19
7707.46311330796  7.934962E-19
7710.97055315972  7.219790E-19
7714.47799301148  7.730304E-19
7717.98543286324  8.872428E-19
7721.492872715  6.406492E-19
7725.00031256676  6.314338E-19
7728.50775241852  5.523516E-19
7732.01519227029  7.618962E-19
7735.52263212204  7.233241E-19
7739.03007197381  7.127579E-19
7742.53751182557  7.413019E-19
7746.04495167733  7.374303E-19
7749.55239152909  7.562482E-19
7753.05983138085  6.569749E-19
7756.56727123261  7.968811E-19
7760.07471108437  4.458533E-19
7763.58215093613  8.400170E-19
7767.08959078789  6.762148E-19
7770.59703063966  6.303640E-19
7774.10447049141  7.457749E-19
7777.61191034318  7.823958E-19
7781.11935019494  8.316951E-19
7784.6267900467  5.216626E-19
7788.13422989846  5.079222E-19
7791.64166975022  6.276213E-19
7795.14910960198  6.777238E-19
7798.65654945374  5.928433E-19
7802.1639893055  6.523120E-19
7805.67142915726  8.564343E-19
7809.17886900902  6.659694E-19
7812.68630886079  7.201968E-19
7816.19374871255  6.826370E-19
7819.70118856431  7.728740E-19
7823.20862841607  6.423895E-19
7826.71606826783  7.694531E-19
7830.22350811959  6.825728E-19
7833.73094797135  8.360885E-19
7837.23838782311  8.050351E-19
7840.74582767487  6.444496E-19
7844.25326752663  6.807649E-19
7847.76070737839  6.503069E-19
7851.26814723015  7.099624E-19
7854.77558708192  8.923385E-19
7858.28302693368  7.882799E-19
7861.79046678544  7.368438E-19
7865.2979066372  8.754300E-19
7868.80534648896  8.703426E-19
7872.31278634072  8.068496E-19
7875.82022619248  7.780715E-19
7879.32766604424  1.229844E-18
7882.835105896  2.586933E-18
7886.34254574776  4.359710E-18
7889.84998559952  5.110893E-18
7893.35742545128  5.089872E-18
7896.86486530304  4.081327E-18
7900.37230515481  2.764063E-18
7903.87974500657  1.863207E-18
7907.38718485833  8.977604E-19
7910.89462471009  9.661499E-19
7914.40206456185  9.727768E-19
7917.90950441361  8.202236E-19
7921.41694426537  5.772470E-19
7924.92438411713  5.740027E-19
7928.43182396889  6.123390E-19
7931.93926382065  6.342983E-19
7935.44670367241  7.060606E-19
7938.95414352418  6.658070E-19
7942.46158337594  6.974327E-19
7945.9690232277  8.300270E-19
7949.47646307946  7.317087E-19
7952.98390293122  8.427644E-19
7956.49134278298  9.284932E-19
7959.99878263474  7.223433E-19
7963.5062224865  7.329789E-19
7967.01366233826  7.651605E-19
7970.52110219002  8.135369E-19
7974.02854204178  7.075961E-19
7977.53598189355  5.870510E-19
7981.04342174531  8.326209E-19
7984.55086159707  8.717559E-19
7988.05830144883  7.751843E-19
7991.56574130059  6.402130E-19
7995.07318115235  6.605981E-19
7998.58062100411  7.749807E-19
8002.08806085587  7.638672E-19
8005.59550070763  5.971131E-19
8009.10294055939  5.989526E-19
8012.61038041115  6.758858E-19
8016.11782026292  5.537800E-19
8019.62526011468  4.542499E-19
8023.13269996644  5.886988E-19
8026.6401398182  6.828664E-19
8030.14757966996  6.688518E-19
8033.65501952172  8.145000E-19
8037.16245937348  6.843118E-19
8040.66989922524  9.011900E-19
8044.177339077  8.448323E-19
8047.68477892876  9.872359E-19
8051.19221878052  8.170094E-19
8054.69965863228  9.089760E-19
8058.20709848404  8.316918E-19
8061.71453833581  6.585424E-19
8065.22197818757  8.658378E-19
8068.72941803933  1.025551E-18
8072.23685789109  1.016984E-18
8075.74429774285  1.249719E-18
8079.25173759461  1.273328E-18
8082.75917744637  1.184605E-18
8086.26661729813  1.132042E-18
8089.77405714989  1.074061E-18
8093.28149700165  1.079327E-18
8096.78893685341  1.086054E-18
8100.29637670518  9.658616E-19
8103.80381655694  9.342811E-19
8107.3112564087  8.527853E-19
8110.81869626046  8.443676E-19
8114.32613611222  8.148056E-19
8117.83357596398  7.374121E-19
8121.34101581574  8.030015E-19
8124.8484556675  8.286798E-19
8128.35589551926  7.586131E-19
8131.86333537102  7.778180E-19
8135.37077522279  7.466129E-19
8138.87821507455  7.096697E-19
8142.3856549263  6.726413E-19
8145.89309477807  6.763844E-19
8149.40053462983  7.136279E-19
8152.90797448159  6.205064E-19
8156.41541433335  6.227643E-19
8159.92285418511  7.062498E-19
8163.43029403687  7.583632E-19
8166.93773388863  7.265115E-19
8170.44517374039  7.368653E-19
8173.95261359215  6.348162E-19
8177.46005344391  6.738289E-19
8180.96749329568  7.203389E-19
8184.47493314744  7.646434E-19
8187.9823729992  7.062311E-19
8191.48981285096  7.008039E-19
8194.99725270272  8.672392E-19
8198.50469255448  8.246933E-19
8202.01213240624  7.254269E-19
8205.519572258  7.475771E-19
8209.02701210976  7.517790E-19
8212.53445196152  8.067932E-19
8216.04189181328  7.911968E-19
8219.54933166504  6.744661E-19
8223.05677151681  7.552566E-19
8226.56421136857  7.289395E-19
8230.07165122033  7.313388E-19
8233.57909107209  7.257015E-19
8237.08653092385  7.457347E-19
8240.59397077561  7.252973E-19
8244.10141062737  7.945784E-19
8247.60885047913  7.438217E-19
8251.11629033089  6.823943E-19
8254.62373018265  6.817166E-19
8258.13117003441  7.298235E-19
8261.63860988617  7.877993E-19
8265.14604973794  7.434020E-19
8268.6534895897  7.998194E-19
8272.16092944146  6.559574E-19
8275.66836929322  5.924828E-19
8279.17580914498  4.100768E-19
8282.68324899674  6.720370E-19
8286.1906888485  7.549388E-19
8289.69812870026  8.161097E-19
8293.20556855202  6.522090E-19
8296.71300840378  6.097387E-19
8300.22044825554  5.980878E-19
8303.72788810731  7.447271E-19
8307.23532795907  6.642771E-19
8310.74276781083  4.848384E-19
8314.25020766259  6.340106E-19
8317.75764751435  7.880407E-19
8321.26508736611  6.286608E-19
8324.77252721787  8.542988E-19
8328.27996706963  7.602214E-19
8331.78740692139  6.183151E-19
8335.29484677315  3.682619E-19
8338.80228662492  1.313706E-18
8342.30972647667  9.347498E-19
8345.81716632844  8.420295E-19
8349.3246061802  8.355214E-19
8352.83204603196  8.320450E-19
8356.33948588372  6.982063E-19
8359.84692573548  6.032983E-19
8363.35436558724  5.244707E-19
8366.861805439  7.823414E-19
8370.36924529076  7.100559E-19
8373.87668514252  7.899227E-19
8377.38412499428  8.710559E-19
8380.89156484604  8.660035E-19
8384.39900469781  9.295635E-19
8387.90644454957  5.076961E-19
8391.41388440133  6.158622E-19
8394.92132425309  6.562557E-19
8398.42876410485  5.870111E-19
8401.93620395661  7.416085E-19
8405.44364380837  9.138690E-19
8408.95108366013  8.750044E-19
8412.45852351189  9.507844E-19
8415.96596336365  9.194605E-19
8419.47340321541  6.539490E-19
8422.98084306717  5.950407E-19
8426.48828291894  7.268159E-19
8429.9957227707  6.860495E-19
8433.50316262246  9.063463E-19
8437.01060247422  1.215461E-18
8440.51804232598  9.666717E-19
8444.02548217774  4.209068E-19
8447.5329220295  7.247724E-19
8451.04036188126  5.931004E-19
8454.54780173302  6.665274E-19
8458.05524158478  7.511761E-19
8461.56268143654  6.468919E-19
8465.0701212883  3.720756E-19
8468.57756114007  3.946600E-19
8472.08500099183  3.370306E-19
8475.59244084359  4.685291E-19
8479.09988069535  2.778950E-19
8482.60732054711  5.044497E-19
8486.11476039887  7.808624E-19
8489.62220025063  8.836911E-19
8493.12964010239  7.101699E-19
8496.63707995415  5.929721E-19
8500.14451980591  5.671214E-19
8503.65195965768  6.617685E-19
8507.15939950944  6.557519E-19
8510.6668393612  9.829704E-19
8514.17427921296  8.539523E-19
8517.68171906472  6.610349E-19
8521.18915891648  6.867638E-19
8524.69659876824  6.810442E-19
8528.20403862  7.523236E-19
8531.71147847176  7.001218E-19
8535.21891832352  6.418471E-19
8538.72635817528  7.455108E-19
8542.23379802705  7.903396E-19
8545.7412378788  7.832860E-19
8549.24867773057  5.308297E-19
8552.75611758233  6.001353E-19
8556.26355743409  4.946187E-19
8559.77099728585  5.851066E-19
8563.27843713761  7.649257E-19
8566.78587698937  7.325895E-19
8570.29331684113  7.277783E-19
8573.80075669289  8.187438E-19
8577.30819654465  7.498208E-19
8580.81563639641  7.417558E-19
8584.32307624817  9.453433E-19
8587.83051609994  8.723929E-19
8591.3379559517  8.462043E-19
8594.84539580346  8.655915E-19
8598.35283565522  8.196334E-19
8601.86027550698  8.191465E-19
8605.36771535874  8.021785E-19
8608.8751552105  8.054659E-19
8612.38259506226  7.796490E-19
8615.89003491402  7.311633E-19
8619.39747476578  5.763194E-19
8622.90491461754  5.097612E-19
8626.41235446931  5.302406E-19
8629.91979432107  5.145366E-19
8633.42723417283  5.519752E-19
8636.93467402459  5.081824E-19
8640.44211387635  6.195012E-19
8643.94955372811  6.685402E-19
8647.45699357987  6.761393E-19
8650.96443343163  7.027656E-19
8654.47187328339  7.015413E-19
8657.97931313515  7.489627E-19
8661.48675298691  8.586937E-19
8664.99419283867  7.049132E-19
8668.50163269043  5.914618E-19
8672.0090725422  7.481817E-19
8675.51651239396  7.926600E-19
8679.02395224572  7.104216E-19
8682.53139209748  6.915721E-19
8686.03883194924  5.941876E-19
8689.546271801  5.827013E-19
8693.05371165276  7.052770E-19
8696.56115150452  7.108130E-19
8700.06859135628  7.349316E-19
8703.57603120804  7.778892E-19
8707.08347105981  6.438653E-19
8710.59091091157  6.893845E-19
8714.09835076333  7.462299E-19
8717.60579061509  7.928044E-19
8721.11323046685  7.157881E-19
8724.62067031861  7.028706E-19
8728.12811017037  6.695287E-19
8731.63555002213  6.661039E-19
8735.14298987389  7.636549E-19
8738.65042972565  7.936997E-19
8742.15786957741  6.601755E-19
8745.66530942917  6.117976E-19
8749.17274928094  7.714101E-19
8752.6801891327  5.598212E-19
8756.18762898446  3.855053E-19
8759.69506883622  6.534706E-19
8763.20250868798  2.658546E-19
8766.70994853974  3.087213E-19
8770.2173883915  7.478112E-19
8773.72482824326  7.546425E-19
8777.23226809502  8.085946E-19
8780.73970794678  9.035342E-19
8784.24714779854  1.066066E-18
8787.7545876503  6.717229E-19
8791.26202750207  6.050485E-19
8794.76946735383  7.041789E-19
8798.27690720559  8.919539E-19
8801.78434705735  6.729230E-19
8805.29178690911  7.778319E-19
8808.79922676087  6.618989E-19
8812.30666661263  1.137546E-18
8815.81410646439  -9.330593E-19
8819.32154631615  2.663344E-19
8822.82898616791  1.224279E-18
8826.33642601967  1.162898E-18
8829.84386587144  9.623678E-19
8833.3513057232  -1.648501E-19
8836.85874557496  -1.560928E-19
8840.36618542672  7.150025E-19
8843.87362527848  -1.688844E-19
8847.38106513024  4.559313E-19
8850.888504982  6.609343E-19
8854.39594483376  6.457133E-19
8857.90338468552  6.995311E-19
8861.41082453728  8.329833E-19
8864.91826438904  7.284567E-19
8868.4257042408  8.700278E-19
8871.93314409257  1.085362E-18
8875.44058394433  1.018422E-18
8878.94802379609  1.120011E-18
8882.45546364785  6.704038E-19
8885.96290349961  2.656692E-19
8889.47034335137  1.466411E-19
8892.97778320313  4.378463E-19
8896.48522305489  8.277098E-19
8899.99266290665  3.595385E-19
8903.50010275841  6.907709E-19
8907.00754261017  7.462105E-19
8910.51498246194  1.620152E-18
8914.0224223137  1.311655E-18
8917.52986216546  7.507051E-19
8921.03730201722  4.494745E-19
8924.54474186898  -3.147763E-19
8928.05218172074  -4.172824E-19
8931.5596215725  -3.264425E-19
8935.06706142426  4.253774E-19
8938.57450127602  5.900537E-19
8942.08194112778  5.487584E-19
8945.58938097954  3.031083E-19
8949.0968208313  5.843886E-19
8952.60426068307  5.284521E-19
8956.11170053483  1.896203E-19
8959.61914038659  1.250644E-18
8963.12658023835  1.138505E-18
8966.63402009011  1.539857E-18
8970.14145994187  3.236797E-19
8973.64889979363  2.546591E-19
8977.15633964539  -3.321949E-19
8980.66377949715  1.879747E-19
8984.17121934891  5.835420E-19
8987.67865920067  5.624485E-19
8991.18609905243  3.086271E-19
8994.6935389042  3.273735E-19
8998.20097875596  1.928382E-19
9001.70841860772  2.138433E-20
9005.21585845948  4.293140E-20
9008.72329831124  -6.748025E-21
9012.230738163  8.846299E-20
9015.73817801476  5.974499E-19
9019.24561786652  3.936655E-19
9022.75305771828  4.672108E-19
9026.26049757004  5.462097E-19
9029.76793742181  4.700451E-19
9033.27537727357  4.496593E-19
9036.78281712532  4.931054E-19
9040.29025697709  6.858703E-19
9043.79769682885  7.892817E-19
9047.30513668061  7.246596E-19
9050.81257653237  7.682430E-19
9054.32001638413  9.243910E-19
9057.82745623589  8.674410E-19
9061.33489608765  7.852823E-19
9064.84233593941  5.915597E-19
9068.34977579117  5.999156E-19
9071.85721564293  6.641376E-19
9075.3646554947  6.100744E-19
9078.87209534646  5.966712E-19
9082.37953519822  5.144350E-19
9085.88697504998  4.963898E-19
9089.39441490174  5.377127E-19
9092.9018547535  5.073311E-19
9096.40929460526  5.250021E-19
9099.91673445702  5.280608E-19
9103.42417430878  5.293655E-19
9106.93161416054  6.415213E-19
9110.4390540123  7.788962E-19
9113.94649386407  7.113600E-19
9117.45393371583  6.023333E-19
9120.96137356759  5.960514E-19
9124.46881341935  5.269314E-19
9127.97625327111  4.843978E-19
9131.48369312287  5.607916E-19
9134.99113297463  5.644402E-19
9138.49857282639  4.637938E-19
9142.00601267815  4.215984E-19
9145.51345252991  4.864285E-19
9149.02089238167  5.784134E-19
9152.52833223343  5.386544E-19
9156.0357720852  5.975396E-19
9159.54321193696  6.500443E-19
9163.05065178872  6.468181E-19
9166.55809164048  6.268326E-19
9170.06553149224  5.659036E-19
9173.572971344  5.513930E-19
9177.08041119576  5.121496E-19
9180.58785104752  6.129277E-19
9184.09529089928  6.506951E-19
9187.60273075104  5.912073E-19
9191.1101706028  4.815298E-19
9194.61761045456  4.554268E-19
9198.12505030633  5.023412E-19
9201.63249015809  5.772738E-19
9205.13993000985  5.918598E-19
9208.64736986161  6.153666E-19
9212.15480971337  5.505188E-19
9215.66224956513  4.629194E-19
9219.16968941689  4.236637E-19
9222.67712926865  4.370837E-19
9226.18456912041  3.622079E-19
9229.69200897217  4.825926E-19
9233.19944882394  4.560932E-19
9236.7068886757  5.183553E-19
9240.21432852746  5.411426E-19
9243.72176837922  5.390098E-19
9247.22920823098  5.659252E-19
9250.73664808274  5.289984E-19
9254.2440879345  5.079275E-19
9257.75152778626  5.211473E-19
9261.25896763802  4.810729E-19
9264.76640748978  4.693559E-19
9268.27384734154  5.084329E-19
9271.7812871933  5.789467E-19
9275.28872704507  5.829101E-19
9278.79616689683  5.588931E-19
9282.30360674859  4.508122E-19
9285.81104660035  3.949358E-19
9289.31848645211  4.961049E-19
9292.82592630387  6.627970E-19
9296.33336615563  8.459639E-19
9299.84080600739  6.901732E-19
9303.34824585915  -9.865850E-19
9306.85568571091  -4.570592E-19
9310.36312556267  2.894194E-19
9313.87056541443  7.280907E-19
9317.3780052662  7.416013E-19
9320.88544511796  6.553459E-19
9324.39288496972  7.511889E-19
9327.90032482148  5.851400E-19
9331.40776467324  4.479502E-19
9334.915204525  3.726335E-19
9338.42264437676  5.382663E-19
9341.93008422852  6.191742E-19
9345.43752408028  6.265534E-19
9348.94496393204  4.778806E-19
9352.4524037838  5.870773E-19
9355.95984363556  5.716202E-19
9359.46728348733  4.881073E-19
9362.97472333909  4.838964E-19
9366.48216319085  4.742731E-19
9369.98960304261  4.661180E-19
9373.49704289437  4.500770E-19
9377.00448274613  4.341748E-19
9380.51192259789  4.194618E-19
9384.01936244965  3.920703E-19
9387.52680230141  3.744935E-19
9391.03424215317  3.542588E-19
9394.54168200493  3.375084E-19
9398.0491218567  3.426335E-19
9401.55656170846  3.806936E-19
