3999.81460161233  7.977606E-18
4001.61052573706  3.587522E-18
4003.40686185236  8.611921E-18
4005.20360936472  -8.755880E-18
4007.00076768139  1.394439E-17
4008.79833621043  1.848762E-17
4010.59631436068  1.524773E-17
4012.39470154176  6.396126E-19
4014.19349716412  7.186266E-18
4015.99270063895  -8.471656E-18
4017.79231137826  1.240697E-17
4019.59232879483  1.722575E-17
4021.39275230224  1.275635E-17
4023.19358131485  1.277169E-17
4024.9948152478  1.166314E-17
4026.79645351701  1.239967E-17
4028.5984955392  -1.939109E-18
4030.40094073187  -6.524718E-19
4032.20378851328  3.671486E-18
4034.0070383025  7.583451E-18
4035.81068951935  6.160556E-18
4037.61474158445  5.583781E-18
4039.4191939192  1.915232E-17
4041.22404594576  1.383532E-17
4043.02929708709  -7.327935E-18
4044.8349467669  2.151496E-17
4046.6409944097  -1.421543E-19
4048.44743944076  5.816853E-18
4050.25428128612  6.576322E-18
4052.06151937261  2.107325E-18
4053.86915312782  -5.658094E-18
4055.67718198011  1.297265E-17
4057.48560535862  -6.781676E-18
4059.29442269326  -1.279089E-18
4061.10363341468  5.533881E-19
4062.91323695435  6.359768E-18
4064.72323274446  9.535008E-18
4066.53362021799  2.048137E-17
4068.34439880868  6.893136E-19
4070.15556795104  4.906979E-18
4071.96712708034  1.103127E-17
4073.77907563262  2.620894E-18
4075.59141304467  4.167225E-18
4077.40413875406  6.575152E-18
4079.2172521991  2.205748E-18
4081.03075281887  -5.596556E-18
4082.84464005322  -5.294968E-18
4084.65891334274  3.363865E-18
4086.4735721288  8.771240E-18
4088.28861585351  1.268397E-17
4090.10404395974  1.501112E-17
4091.91985589113  -2.817670E-18
4093.73605109204  9.318027E-19
4095.55262900763  1.913657E-17
4097.36958908378  6.025868E-18
4099.18693076713  -1.451680E-18
4101.00465350509  8.434803E-18
4102.8227567458  -4.332899E-18
4104.64123993815  9.618638E-19
4106.46010253179  5.027756E-18
4108.27934397712  6.172663E-19
4110.09896372528  -1.450106E-18
4111.91896122817  4.810149E-19
4113.73933593842  1.070153E-17
4115.56008730941  1.436657E-17
4117.38121479528  4.809833E-18
4119.2027178509  7.292930E-19
4121.02459593188  3.208799E-18
4122.84684849459  2.929010E-18
4124.66947499612  9.296886E-18
4126.49247489432  2.408171E-18
4128.31584764776  5.702058E-18
4130.13959271579  -3.177233E-18
4131.96370955844  -9.697254E-19
4133.78819763653  1.795843E-17
4135.6130564116  6.202865E-18
4137.43828534591  8.354585E-18
4139.26388390247  7.354475E-18
4141.08985154504  1.874607E-18
4142.91618773808  -1.317993E-18
4144.74289194682  3.121121E-18
4146.5699636372  6.180801E-19
4148.39740227589  -2.111234E-18
4150.2252073303  3.518962E-18
4152.05337826858  8.888798E-18
4153.88191455959  -3.634428E-19
4155.71081567294  4.714728E-18
4157.54008107894  5.519168E-18
4159.36971024865  2.249908E-18
4161.19970265385  1.150825E-17
4163.03005776706  8.823894E-19
4164.86077506149  4.806491E-18
4166.69185401111  7.698168E-18
4168.52329409059  5.755944E-18
4170.35509477535  -2.301527E-18
4172.1872555415  7.779084E-18
4174.0197758659  1.072388E-17
4175.8526552261  7.190981E-18
4177.68589310039  -3.585175E-18
4179.51948896779  6.345084E-18
4181.35344230802  7.475540E-18
4183.18775260152  4.151622E-18
4185.02241932944  1.426726E-18
4186.85744197367  9.482528E-19
4188.69282001679  2.051501E-18
4190.52855294212  8.095756E-18
4192.36464023366  9.409821E-18
4194.20108137616  7.125356E-18
4196.03787585506  6.635213E-18
4197.8750231565  7.739445E-18
4199.71252276737  5.397776E-18
4201.55037417525  4.956388E-18
4203.3885768684  4.837185E-18
4205.22713033584  2.149866E-18
4207.06603406726  -3.181918E-18
4208.90528755308  9.063739E-18
4210.74489028441  4.135499E-18
4212.58484175308  4.575272E-18
4214.42514145161  3.056919E-18
4216.26578887324  4.327109E-18
4218.1067835119  4.928947E-18
4219.94812486222  1.260380E-18
4221.78981241955  3.032050E-18
4223.63184567994  6.701161E-18
4225.47422414011  1.302629E-18
4227.31694729751  -7.904689E-19
4229.16001465029  2.310459E-18
4231.00342569727  7.764830E-18
4232.847179938  -1.936909E-18
4234.6912768727  -2.327202E-18
4236.53571600232  7.763473E-20
4238.38049682846  1.181548E-18
4240.22561885344  -1.346468E-18
4242.07108158029  1.935483E-18
4243.9168845127  6.003596E-18
4245.76302715507  1.471222E-17
4247.60950901249  5.154416E-20
4249.45632959073  3.780323E-18
4251.30348839627  6.300599E-18
4253.15098493627  2.720961E-18
4254.99881871857  1.174037E-18
4256.84698925171  1.760615E-18
4258.69549604491  7.928258E-18
4260.54433860807  1.222215E-17
4262.3935164518  4.224360E-18
4264.24302908737  5.873560E-18
4266.09287602674  -1.060760E-18
4267.94305678257  4.156693E-18
4269.79357086817  2.713066E-18
4271.64441779756  2.494993E-18
4273.49559708544  5.027725E-18
4275.34710824717  9.542938E-18
4277.1989507988  2.224235E-18
4279.05112425708  1.565335E-18
4280.9036281394  2.176072E-18
4282.75646196386  7.182395E-19
4284.60962524921  3.315695E-18
4286.46311751491  4.362955E-18
4288.31693828105  4.426057E-18
4290.17108706845  3.522940E-18
4292.02556339855  6.875507E-18
4293.88036679349  4.441423E-18
4295.73549677609  1.460236E-18
4297.59095286982  1.826429E-18
4299.44673459884  8.030652E-18
4301.30284148796  3.650506E-19
4303.15927306269  3.132228E-18
4305.01602884918  1.093264E-20
4306.87310837425  3.701381E-18
4308.73051116541  9.940397E-18
4310.58823675082  3.925500E-18
4312.4462846593  4.361307E-18
4314.30465442035  2.109238E-18
4316.16334556412  1.003827E-17
4318.02235762144  -3.405374E-18
4319.88169012379  5.615397E-19
4321.74134260332  3.956874E-18
4323.60131459283  2.087448E-18
4325.4616056258  7.290661E-18
4327.32221523634  7.419317E-18
4329.18314295926  2.017723E-18
4331.04438833  7.466590E-18
4332.90595088466  2.683025E-18
4334.76783016  6.057621E-19
4336.63002569344  7.809137E-18
4338.49253702306  1.041126E-17
4340.35536368759  5.939582E-18
4342.2185052264  4.886297E-18
4344.08196117953  7.526781E-18
4345.94573108768  8.875459E-18
4347.80981449219  3.790095E-18
4349.67421093504  2.304590E-18
4351.53891995889  5.221710E-18
4353.40394110702  2.349195E-18
4355.26927392338  3.273459E-18
4357.13491795257  6.606148E-18
4359.00087273981  4.383820E-18
4360.867137831  -1.530190E-18
4362.73371277266  8.668770E-18
4364.60059711199  2.404541E-18
4366.4677903968  1.710224E-18
4368.33529217555  3.478469E-18
4370.20310199736  2.285934E-18
4372.07121941199  -3.544187E-18
4373.93964396983  -3.100874E-19
4375.80837522192  -4.421989E-19
4377.67741271993  6.868121E-18
4379.54675601618  1.808335E-18
4381.41640466364  3.785679E-18
4383.28635821589  2.752814E-18
4385.15661622717  -1.919307E-18
4387.02717825235  3.455919E-18
4388.89804384694  -1.264608E-18
4390.76921256708  -1.332327E-18
4392.64068396955  5.690522E-18
4394.51245761176  4.845341E-18
4396.38453305176  4.978624E-18
4398.25690984822  9.518348E-19
4400.12958756046  2.487638E-18
4402.00256574841  4.069923E-18
4403.87584397266  5.934581E-18
4405.74942179439  3.188294E-18
4407.62329877546  1.431728E-18
4409.49747447831  1.286519E-18
4411.37194846603  5.891386E-18
4413.24672030235  4.648555E-18
4415.1217895516  7.777582E-18
4416.99715577874  8.408761E-19
4418.87281854939  -6.571424E-19
4420.74877742974  2.382359E-18
4422.62503198665  1.606386E-18
4424.50158178757  -5.021624E-19
4426.3784264006  5.274582E-18
4428.25556539444  1.554264E-18
4430.13299833842  4.270404E-18
4432.01072480249  1.946822E-18
4433.88874435722  2.596793E-18
4435.7670565738  -3.711339E-20
4437.64566102402  4.799311E-18
4439.52455728032  3.039486E-18
4441.40374491573  2.817005E-18
4443.28322350392  6.981832E-18
4445.16299261914  5.098825E-18
4447.04305183628  2.763089E-18
4448.92340073085  3.746216E-18
4450.80403887895  4.550953E-18
4452.68496585732  4.800956E-18
4454.56618124328  6.854151E-18
4456.44768461478  3.671292E-18
4458.32947555039  3.296634E-18
4460.21155362927  2.626301E-18
4462.0939184312  5.263148E-20
4463.97656953655  2.554752E-19
4465.85950652633  4.703990E-18
4467.74272898214  4.930771E-18
4469.62623648618  5.136540E-18
4471.51002862125  4.029723E-18
4473.39410497078  2.725449E-18
4475.27846511879  2.951972E-18
4477.1631086499  7.043847E-19
4479.04803514934  5.957011E-18
4480.93324420293  8.464703E-19
4482.81873539711  3.923328E-18
4484.7045083189  3.975104E-18
4486.59056255593  6.541026E-18
4488.47689769645  7.306760E-18
4490.36351332927  6.433790E-18
4492.25040904382  -2.341580E-19
4494.13758443012  3.788867E-18
4496.0250390788  1.651314E-18
4497.91277258106  5.436914E-19
4499.80078452873  2.619961E-18
4501.68907451421  2.161473E-18
4503.57764213049  1.353869E-18
4505.46648697117  5.462656E-19
4507.35560863044  1.566210E-18
4509.24500670307  2.520527E-18
4511.13468078442  3.604121E-18
4513.02463047046  1.573875E-18
4514.91485535774  4.173295E-18
4516.80535504339  5.786957E-19
4518.69612912513  4.630231E-18
4520.58717720128  1.158159E-18
4522.47849887075  5.035365E-18
4524.370093733  1.860654E-18
4526.26196138813  4.417882E-18
4528.15410143677  5.230034E-18
4530.04651348019  4.750345E-18
4531.93919712019  5.727788E-19
4533.83215195918  1.478218E-18
4535.72537760016  2.041217E-18
4537.6188736467  7.635407E-19
4539.51263970294  2.484808E-18
4541.40667537363  1.998345E-18
4543.30098026406  2.886413E-18
4545.19555398013  2.963874E-18
4547.09039612832  2.954497E-18
4548.98550631565  3.519877E-18
4550.88088414977  -8.540091E-19
4552.77652923886  3.976440E-18
4554.6724411917  2.081561E-18
4556.56861961764  4.291302E-19
4558.4650641266  4.034895E-18
4560.36177432908  2.573539E-18
4562.25874983614  5.492635E-18
4564.15599025943  4.216254E-18
4566.05349521116  3.517064E-18
4567.95126430412  3.174069E-18
4569.84929715164  1.008167E-18
4571.74759336767  1.053350E-18
4573.64615256668  3.868633E-18
4575.54497436374  6.056666E-18
4577.44405837447  4.389710E-18
4579.34340421507  5.987870E-18
4581.2430115023  3.936975E-18
4583.14287985348  3.068801E-18
4585.04300888649  3.163950E-18
4586.9433982198  4.567005E-18
4588.84404747241  -7.508484E-19
4590.74495626391  3.183612E-18
4592.64612421444  5.664479E-18
4594.5475509447  5.639006E-18
4596.44923607595  2.479031E-18
4598.35117923001  4.787804E-18
4600.25338002927  7.426871E-18
4602.15583809668  5.200130E-18
4604.05855305571  1.802852E-18
4605.96152453044  2.969623E-18
4607.86475214548  8.999333E-19
4609.76823552598  7.722397E-18
4611.67197429769  5.874973E-18
4613.57596808687  2.120066E-18
4615.48021652037  4.849868E-18
4617.38471922555  9.950351E-19
4619.28947583037  3.189398E-18
4621.19448596331  4.449052E-18
4623.09974925342  3.983031E-18
4625.00526533029  4.735845E-18
4626.91103382406  2.207910E-18
4628.81705436542  4.894002E-18
4630.72332658562  2.676048E-18
4632.62985011643  2.205868E-18
4634.53662459021  4.541837E-18
4636.44364963982  2.184875E-18
4638.35092489871  3.185645E-18
4640.25845000084  1.847601E-18
4642.16622458073  1.038192E-18
4644.07424827345  3.977453E-18
4645.9825207146  2.265734E-18
4647.89104154033  3.957761E-18
4649.79981038734  2.883515E-18
4651.70882689285  6.226495E-18
4653.61809069464  2.704599E-18
4655.52760143102  2.195927E-18
4657.43735874085  2.298362E-18
4659.34736226352  2.670955E-18
4661.25761163896  2.961174E-18
4663.16810650763  6.451228E-18
4665.07884651055  3.541537E-18
4666.98983128925  3.831831E-18
4668.9010604858  3.196487E-18
4670.81253374283  4.655830E-18
4672.72425070347  4.230325E-18
4674.63621101141  1.948039E-18
4676.54841431085  5.108816E-18
4678.46086024655  5.334264E-18
4680.37354846377  5.587720E-18
4682.28647860833  1.489276E-18
4684.19965032657  2.846736E-18
4686.11306326534  1.171780E-18
4688.02671707205  4.021334E-18
4689.94061139462  4.267962E-18
4691.85474588151  2.373953E-18
4693.76912018169  1.146019E-18
4695.68373394467  -1.821677E-19
4697.59858682049  2.093518E-18
4699.51367845969  5.147250E-18
4701.42900851336  1.150927E-18
4703.34457663311  3.231077E-18
4705.26038247107  7.123607E-18
4707.17642567989  4.712286E-18
4709.09270591273  2.182141E-19
4711.0092228233  6.409376E-18
4712.92597606582  3.826487E-18
4714.84296529501  1.530187E-18
4716.76019016613  2.686232E-18
4718.67765033496  2.070641E-18
4720.59534545778  5.853706E-18
4722.51327519142  3.371054E-19
4724.43143919318  2.044703E-18
4726.34983712092  4.418107E-18
4728.26846863299  3.510454E-18
4730.18733338827  7.613959E-18
4732.10643104614  5.364810E-18
4734.0257612665  6.335427E-18
4735.94532370977  3.164990E-18
4737.86511803687  4.846108E-18
4739.78514390924  2.422988E-18
4741.70540098883  3.641806E-18
4743.6258889381  1.676183E-18
4745.54660742002  2.975167E-18
4747.46755609806  4.231515E-18
4749.38873463621  3.010768E-18
4751.31014269897  4.265361E-18
4753.23177995133  4.784478E-18
4755.15364605881  4.712270E-18
4757.07574068742  5.926544E-18
4758.99806350369  3.076787E-18
4760.92061417463  6.287984E-18
4762.84339236777  5.385779E-18
4764.76639775114  3.371855E-18
4766.68962999329  4.034633E-18
4768.61308876325  6.536628E-18
4770.53677373055  5.590836E-18
4772.46068456523  3.816436E-18
4774.38482093784  2.205592E-18
4776.30918251942  5.600219E-18
4778.2337689815  4.068062E-18
4780.15857999611  3.269161E-18
4782.08361523581  2.563027E-18
4784.00887437361  5.905216E-18
4785.93435708304  2.998448E-18
4787.86006303813  3.695012E-18
4789.7859919134  4.226794E-18
4791.71214338387  3.930417E-18
4793.63851712503  6.024861E-18
4795.5651128129  2.558275E-18
4797.49193012396  5.115224E-18
4799.41896873521  6.182433E-18
4801.34622832412  3.114900E-18
4803.27370856865  4.578040E-18
4805.20140914728  2.284859E-18
4807.12932973894  1.641766E-18
4809.05747002308  2.583132E-18
4810.98582967962  5.136425E-18
4812.91440838897  1.905336E-18
4814.84320583204  2.826335E-18
4816.77222169022  2.912572E-18
4818.70145564537  4.993663E-18
4820.63090737985  3.656938E-18
4822.56057657652  2.529802E-18
4824.49046291869  4.609686E-18
4826.42056609017  3.960865E-18
4828.35088577527  3.026600E-18
4830.28142165876  2.324468E-18
4832.21217342588  2.875574E-18
4834.14314076239  8.559516E-19
4836.0743233545  3.590052E-18
4838.00572088891  5.626834E-18
4839.93733305279  4.026804E-18
4841.86915953381  3.129090E-18
4843.80120002009  2.824732E-18
4845.73345420024  4.904394E-18
4847.66592176336  3.192126E-18
4849.59860239901  3.642567E-18
4851.53149579722  4.336052E-18
4853.46460164851  3.307636E-18
4855.39791964387  4.104897E-18
4857.33144947476  4.594100E-18
4859.26519083311  4.664645E-18
4861.19914341132  3.300198E-18
4863.13330690229  5.936449E-18
4865.06768099935  1.050461E-18
4867.00226539633  4.758138E-18
4868.93705978752  5.980183E-19
4870.87206386767  3.680094E-18
4872.80727733202  4.316988E-18
4874.74269987625  4.641389E-18
4876.67833119654  3.447109E-18
4878.6141709895  4.397328E-18
4880.55021895225  4.273681E-18
4882.48647478233  3.011859E-18
4884.42293817778  2.093848E-18
4886.35960883709  4.156398E-18
4888.29648645921  2.187329E-18
4890.23357074356  7.747470E-18
4892.17086139002  3.022320E-18
4894.10835809893  2.730047E-18
4896.0460605711  2.420116E-18
4897.98396850779  4.081709E-18
4899.92208161073  3.841964E-18
4901.8603995821  4.945981E-18
4903.79892212454  5.139970E-18
4905.73764894115  2.597802E-18
4907.67657973551  3.838750E-18
4909.61571421161  4.550938E-18
4911.55505207393  3.957486E-18
4913.49459302741  2.541274E-18
4915.43433677742  3.301863E-18
4917.37428302981  1.281720E-18
4919.31443149087  5.336483E-18
4921.25478186734  2.264993E-18
4923.19533386642  2.392218E-19
4925.13608719577  4.875107E-18
4927.07704156349  2.750835E-18
4929.01819667813  2.951745E-18
4930.9595522487  3.893408E-18
4932.90110798465  1.874185E-18
4934.84286359588  3.500360E-18
4936.78481879276  5.089283E-18
4938.72697328608  1.841132E-18
4940.66932678708  2.065211E-18
4942.61187900748  2.826164E-18
4944.55462965939  5.616353E-19
4946.49757845542  1.433847E-18
4948.44072510859  2.756781E-18
4950.38406933239  3.323250E-18
4952.32761084074  9.474377E-19
4954.27134934799  3.826949E-18
4956.21528456895  2.726482E-18
4958.15941621888  3.820139E-18
4960.10374401346  2.008310E-18
4962.04826766884  2.942509E-18
4963.99298690157  5.418728E-19
4965.93790142867  1.669522E-18
4967.8830109676  1.345648E-18
4969.82831523623  2.518953E-18
4971.77381395291  1.525511E-18
4973.71950683639  5.673763E-18
4975.66539360588  3.688380E-18
4977.61147398102  4.031264E-18
4979.55774768188  9.891068E-19
4981.50421442896  2.194842E-18
4983.45087394321  2.064297E-18
4985.39772594602  2.226191E-18
4987.34477015919  2.711743E-18
4989.29200630496  2.165832E-18
4991.23943410601  4.420333E-18
4993.18705328544  3.198348E-18
4995.1348635668  1.506861E-18
4997.08286467405  1.504900E-18
4999.03105633159  4.213745E-18
5000.97943826426  1.634601E-18
5002.92801019729  2.807168E-18
5004.87677185639  4.665061E-18
5006.82572296765  4.298674E-18
5008.77486325762  3.213627E-18
5010.72419245327  4.769782E-18
5012.67371028197  2.530722E-18
5014.62341647156  5.156646E-18
5016.57331075027  4.860192E-18
5018.52339284675  5.612481E-18
5020.47366249011  1.950782E-18
5022.42411940985  2.783583E-18
5024.3747633359  2.905009E-18
5026.32559399862  3.075313E-18
5028.27661112877  1.330335E-18
5030.22781445757  3.701182E-18
5032.17920371661  3.478090E-18
5034.13077863795  3.681773E-18
5036.08253895402  5.034117E-19
5038.03448439771  2.533057E-18
5039.9866147023  2.413055E-18
5041.93892960149  2.636287E-18
5043.89142882942  3.017249E-18
5045.84411212061  1.342934E-18
5047.79697921002  3.490508E-18
5049.75002983303  1.868136E-18
5051.70326372541  7.748687E-19
5053.65668062336  4.513445E-18
5055.61028026349  2.028891E-18
5057.56406238282  2.200024E-18
5059.51802671878  1.805985E-18
5061.47217300922  1.006969E-18
5063.4265009924  2.546036E-18
5065.38101040697  1.325387E-18
5067.33570099202  2.369980E-18
5069.29057248702  4.638750E-18
5071.24562463188  6.044460E-18
5073.20085716689  3.380757E-18
5075.15626983276  3.024114E-18
5077.1118623706  2.823057E-18
5079.06763452193  3.935734E-18
5081.02358602868  2.580748E-18
5082.97971663318  3.195924E-18
5084.93602607817  -1.657108E-19
5086.89251410678  2.984543E-18
5088.84918046255  1.183427E-18
5090.80602488944  1.845672E-18
5092.76304713179  2.622907E-18
5094.72024693435  4.699985E-18
5096.67762404226  3.153294E-18
5098.63517820109  3.104885E-18
5100.59290915677  1.733612E-18
5102.55081665566  3.652078E-18
5104.5089004445  1.404995E-18
5106.46716027046  3.939392E-18
5108.42559588105  1.872260E-18
5110.38420702424  2.646036E-18
5112.34299344835  4.703868E-18
5114.30195490213  3.348147E-18
5116.26109113469  3.755270E-18
5118.22040189557  4.767621E-18
5120.17988693468  3.259885E-18
5122.13954600233  3.472642E-18
5124.09937884924  3.651453E-18
5126.05938522649  3.292309E-18
5128.01956488557  2.115956E-18
5129.97991757837  2.651805E-18
5131.94044305717  3.244363E-18
5133.90114107461  4.847613E-18
5135.86201138376  2.630407E-18
5137.82305373805  3.750148E-18
5139.78426789132  3.096747E-18
5141.74565359779  3.486432E-18
5143.70721061205  2.625136E-18
5145.66893868911  2.706518E-18
5147.63083758433  2.662815E-18
5149.5929070535  2.796346E-18
5151.55514685275  2.422582E-18
5153.51755673863  2.751185E-18
5155.48013646804  3.092747E-18
5157.44288579831  2.793739E-18
5159.4058044871  3.309626E-18
5161.3688922925  4.628588E-18
5163.33214897295  3.210614E-18
5165.29557428728  5.094532E-18
5167.25916799471  3.433988E-18
5169.22292985483  3.702105E-18
5171.18685962762  4.076593E-18
5173.15095707343  1.975295E-18
5175.11522195298  3.560005E-18
5177.0796540274  3.370029E-18
5179.04425305816  3.942406E-18
5181.00901880713  2.790139E-18
5182.97395103655  3.666938E-18
5184.93904950904  2.364154E-18
5186.9043139876  4.315245E-18
5188.86974423557  4.198333E-18
5190.83534001672  2.835353E-18
5192.80110109516  1.434578E-18
5194.76702723537  3.246928E-18
5196.73311820221  3.354727E-18
5198.69937376092  3.669153E-18
5200.66579367711  3.798199E-18
5202.63237771674  3.081000E-18
5204.59912564617  3.151412E-18
5206.56603723211  2.451510E-18
5208.53311224165  3.470252E-18
5210.50035044224  2.676913E-18
5212.46775160172  4.482443E-18
5214.43531548825  2.658977E-18
5216.40304187042  4.910406E-18
5218.37093051713  3.495327E-18
5220.33898119769  2.979595E-18
5222.30719368174  3.489842E-18
5224.27556773932  5.478184E-18
5226.2441031408  4.774030E-18
5228.21279965694  3.671996E-18
5230.18165705885  3.265127E-18
5232.15067511802  3.404096E-18
5234.11985360626  2.722816E-18
5236.08919229581  3.261228E-18
5238.05869095919  5.008991E-18
5240.02834936936  3.761301E-18
5241.99816729958  4.443963E-18
5243.96814452351  3.454457E-18
5245.93828081514  3.084822E-18
5247.90857594883  2.409723E-18
5249.87902969931  4.114759E-18
5251.84964184165  4.023146E-18
5253.82041215129  1.408263E-18
5255.79134040401  3.080337E-18
5257.76242637596  3.074102E-18
5259.73366984365  3.431245E-18
5261.70507058393  5.071166E-18
5263.67662837401  2.454824E-18
5265.64834299145  2.638671E-18
5267.62021421418  3.925599E-18
5269.59224182047  3.219591E-18
5271.56442558894  2.735677E-18
5273.53676529855  3.992516E-18
5275.50926072865  4.591984E-18
5277.4819116589  3.550051E-18
5279.45471786934  5.405642E-18
5281.42767914034  4.312625E-18
5283.40079525263  4.564756E-18
5285.37406598727  2.857360E-18
5287.3474911257  3.874335E-18
5289.32107044968  2.795565E-18
5291.29480374133  3.975476E-18
5293.2686907831  5.251708E-18
5295.24273135783  1.444711E-18
5297.21692524864  4.158127E-18
5299.19127223905  2.995335E-18
5301.1657721129  3.930546E-18
5303.14042465437  3.883766E-18
5305.115229648  4.405678E-18
5307.09018687867  4.895082E-18
5309.06529613157  3.648919E-18
5311.04055719228  1.263674E-18
5313.01596984669  4.769363E-18
5314.99153388104  5.098005E-18
5316.96724908192  2.821146E-18
5318.94311523623  3.133341E-18
5320.91913213124  3.072472E-18
5322.89529955454  6.163536E-18
5324.87161729408  3.448959E-18
5326.84808513811  4.994925E-18
5328.82470287526  4.475020E-18
5330.80147029446  4.832000E-18
5332.77838718501  4.988272E-18
5334.75545333651  5.646415E-18
5336.73266853892  6.096931E-18
5338.71003258253  4.341215E-18
5340.68754525795  6.044856E-18
5342.66520635615  4.291789E-18
5344.64301566841  4.250788E-18
5346.62097298634  2.668797E-18
5348.5990781019  3.464127E-18
5350.57733080737  6.526386E-18
5352.55573089537  5.365845E-18
5354.53427815884  4.855222E-18
5356.51297239105  4.903364E-18
5358.49181338561  4.253355E-18
5360.47080093644  3.710061E-18
5362.44993483781  4.400838E-18
5364.42921488431  3.703746E-18
5366.40864087084  5.102392E-18
5368.38821259266  4.810837E-18
5370.36792984533  5.969346E-18
5372.34779242474  5.369210E-18
5374.32780012712  5.397368E-18
5376.30795274899  4.985071E-18
5378.28825008725  5.595782E-18
5380.26869193906  5.674105E-18
5382.24927810196  5.376311E-18
5384.23000837377  5.216736E-18
5386.21088255266  4.488030E-18
5388.19190043711  6.227995E-18
5390.17306182591  5.632511E-18
5392.15436651819  4.737992E-18
5394.1358143134  5.535266E-18
5396.11740501129  5.805522E-18
5398.09913841196  3.319711E-18
5400.08101431579  4.896067E-18
5402.0630325235  4.838004E-18
5404.04519283614  4.429975E-18
5406.02749505506  5.508322E-18
5408.00993898191  4.608049E-18
5409.9925244187  5.845443E-18
5411.97525116772  5.615674E-18
5413.95811903159  5.196513E-18
5415.94112781323  4.662525E-18
5417.9242773159  5.160726E-18
5419.90756734314  6.193294E-18
5421.89099769885  5.524748E-18
5423.87456818718  4.809325E-18
5425.85827861265  6.599247E-18
5427.84212878006  4.373557E-18
5429.82611849453  5.580780E-18
5431.81024756149  4.476456E-18
5433.79451578667  6.118404E-18
5435.77892297614  6.854414E-18
5437.76346893623  4.795056E-18
5439.74815347363  4.749652E-18
5441.7329763953  5.558211E-18
5443.71793750853  4.953278E-18
5445.70303662092  2.653825E-18
5447.68827354034  5.140697E-18
5449.67364807501  5.249181E-18
5451.65916003343  6.774533E-18
5453.64480922441  6.370275E-18
5455.63059545709  7.668519E-18
5457.61651854086  5.545363E-18
5459.60257828547  6.753897E-18
5461.58877450093  5.943408E-18
5463.57510699758  5.986553E-18
5465.56157558606  5.613154E-18
5467.54818007729  6.370084E-18
5469.53492028251  5.215184E-18
5471.52179601326  4.940344E-18
5473.50880708138  4.748044E-18
5475.495953299  4.051382E-18
5477.48323447855  4.626261E-18
5479.47065043278  6.303632E-18
5481.45820097471  7.296750E-18
5483.44588591768  4.841263E-18
5485.43370507531  5.116165E-18
5487.42165826153  5.176405E-18
5489.40974529055  4.697610E-18
5491.39796597689  6.255700E-18
5493.38632013537  5.135679E-18
5495.3748075811  6.921348E-18
5497.36342812946  5.796863E-18
5499.35218159616  5.578529E-18
5501.34106779719  5.266538E-18
5503.33008654882  6.472682E-18
5505.31923766763  5.326964E-18
5507.30852097048  6.623840E-18
5509.29793627453  5.760437E-18
5511.28748339723  5.653002E-18
5513.27716215632  6.127594E-18
5515.26697236981  6.358591E-18
5517.25691385604  4.230854E-18
5519.24698643361  5.893103E-18
5521.23718992141  5.763038E-18
5523.22752413862  7.031361E-18
5525.21798890472  4.908486E-18
5527.20858403946  5.328325E-18
5529.19930936289  4.609696E-18
5531.19016469533  5.253502E-18
5533.18114985741  5.450204E-18
5535.17226467003  5.318526E-18
5537.16350895436  3.132556E-18
5539.15488253188  5.132614E-18
5541.14638522435  5.475853E-18
5543.1380168538  5.064633E-18
5545.12977724255  4.247734E-18
5547.1216662132  5.831610E-18
5549.11368358864  5.066648E-18
5551.10582919203  5.499584E-18
5553.09810284682  4.462943E-18
5555.09050437673  5.201418E-18
5557.08303360578  4.946247E-18
5559.07569035824  4.293445E-18
5561.06847445868  6.134735E-18
5563.06138573195  6.973074E-18
5565.05442400317  5.993037E-18
5567.04758909773  6.468209E-18
5569.04088084132  4.202935E-18
5571.03429905988  2.745780E-18
5573.02784357964  5.457316E-18
5575.02151422711  4.910078E-18
5577.01531082907  5.889200E-18
5579.00923321257  5.489113E-18
5581.00328120494  3.162722E-18
5582.99745463379  4.947474E-18
5584.99175332698  7.894665E-18
5586.98617711267  5.206819E-18
5588.98072581929  3.003472E-18
5590.97539927551  4.996940E-18
5592.97019731032  5.116653E-18
5594.96511975293  5.335790E-18
5596.96016643287  4.137361E-18
5598.95533717989  5.211645E-18
5600.95063182407  5.039601E-18
5602.94605019569  6.441994E-18
5604.94159212536  5.511929E-18
5606.93725744391  3.315483E-18
5608.93304598248  3.971135E-18
5610.92895757244  6.183810E-18
5612.92499204545  4.358212E-18
5614.92114923344  4.791968E-18
5616.91742896858  4.459591E-18
5618.91383108333  5.157460E-18
5620.9103554104  3.404178E-18
5622.90700178277  3.401180E-18
5624.9037700337  3.895872E-18
5626.90065999668  4.880686E-18
5628.89767150549  4.157605E-18
5630.89480439416  3.527429E-18
5632.892058497  4.591972E-18
5634.88943364854  4.076101E-18
5636.88692968363  2.538511E-18
5638.88454643733  4.127365E-18
5640.88228374499  4.796729E-18
5642.8801414422  4.426446E-18
5644.87811936484  3.896218E-18
5646.87621734901  4.251406E-18
5648.87443523109  3.773297E-18
5650.87277284772  3.005435E-18
5652.8712300358  5.504736E-18
5654.86980663246  4.246407E-18
5656.86850247513  4.330043E-18
5658.86731740146  3.541375E-18
5660.86625124937  4.239599E-18
5662.86530385703  3.279382E-18
5664.86447506289  4.679925E-18
5666.86376470561  3.823409E-18
5668.86317262413  3.167635E-18
5670.86269865766  3.783502E-18
5672.86234264563  4.603833E-18
5674.86210442773  4.201538E-18
5676.86198384393  5.471456E-18
5678.86198073442  3.671868E-18
5680.86209493965  3.438720E-18
5682.86232630033  3.684914E-18
5684.8626746574  4.120675E-18
5686.86313985208  4.454097E-18
5688.86372172581  4.008823E-18
5690.86442012031  4.224688E-18
5692.86523487751  5.542735E-18
5694.86616583962  5.802228E-18
5696.86721284908  5.949495E-18
5698.86837574859  3.750798E-18
5700.86965438108  4.108770E-18
5702.87104858976  4.291642E-18
5704.87255821804  4.357243E-18
5706.87418310961  4.100222E-18
5708.87592310839  3.598819E-18
5710.87777805854  3.468005E-18
5712.87974780449  3.706328E-18
5714.88183219089  5.171974E-18
5716.88403106262  5.104256E-18
5718.88634426485  3.713418E-18
5720.88877164295  3.069319E-18
5722.89131304255  3.698553E-18
5724.89396830951  3.647658E-18
5726.89673728995  3.490488E-18
5728.89961983021  4.468464E-18
5730.90261577689  4.625185E-18
5732.90572497681  3.815928E-18
5734.90894727704  4.011861E-18
5736.9122825249  3.826010E-18
5738.91573056792  4.495981E-18
5740.91929125389  3.507218E-18
5742.92296443083  3.046449E-18
5744.92674994699  5.946086E-18
5746.93064765089  2.174089E-18
5748.93465739124  3.911510E-18
5750.93877901702  4.645375E-18
5752.94301237742  2.073175E-18
5754.94735732189  3.929438E-18
5756.9518137001  3.774271E-18
5758.95638136194  3.879080E-18
5760.96106015757  2.858682E-18
5762.96584993736  3.291111E-18
5764.97075055191  3.097556E-18
5766.97576185205  5.030946E-18
5768.98088368887  3.750219E-18
5770.98611591366  4.724494E-18
5772.99145837795  3.546687E-18
5774.9969109335  3.130602E-18
5777.00247343232  4.063706E-18
5779.00814572662  3.317552E-18
5781.01392766885  4.786699E-18
5783.0198191117  4.807130E-18
5785.02581990808  3.486904E-18
5787.03192991111  3.386304E-18
5789.03814897418  2.486497E-18
5791.04447695087  2.797799E-18
5793.05091369499  6.093193E-18
5795.0574590606  3.285164E-18
5797.06411290197  3.814667E-18
5799.07087507359  2.841765E-18
5801.07774543019  3.999736E-18
5803.0847238267  4.029412E-18
5805.09181011831  3.600467E-18
5807.0990041604  4.920658E-18
5809.1063058086  3.860848E-18
5811.11371491874  3.581029E-18
5813.12123134689  2.816154E-18
5815.12885494932  4.585739E-18
5817.13658558256  3.777475E-18
5819.14442310332  5.161672E-18
5821.15236736856  4.986605E-18
5823.16041823544  5.297922E-18
5825.16857556136  3.926229E-18
5827.17683920391  3.550172E-18
5829.18520902094  5.447656E-18
5831.19368487048  4.281780E-18
5833.20226661079  4.502589E-18
5835.21095410037  3.323861E-18
5837.21974719791  4.515615E-18
5839.22864576233  4.094913E-18
5841.23764965276  5.218083E-18
5843.24675872854  4.463734E-18
5845.25597284926  3.990077E-18
5847.26529187468  3.651909E-18
5849.2747156648  5.628514E-18
5851.28424407984  4.798906E-18
5853.2938769802  4.733295E-18
5855.30361422655  2.712429E-18
5857.31345567971  4.136055E-18
5859.32340120077  3.176158E-18
5861.33345065099  3.366284E-18
5863.34360389186  3.418786E-18
5865.35386078508  3.980690E-18
5867.36422119257  5.179775E-18
5869.37468497644  5.550540E-18
5871.38525199902  4.711191E-18
5873.39592212287  5.188538E-18
5875.40669521072  3.824649E-18
5877.41757112555  4.075229E-18
5879.42854973051  4.612730E-18
5881.439630889  5.285858E-18
5883.45081446458  4.524081E-18
5885.46210032107  3.635568E-18
5887.47348832244  4.553881E-18
5889.48497833292  5.541697E-18
5891.49657021692  3.830191E-18
5893.50826383905  4.387087E-18
5895.52005906414  5.225657E-18
5897.53195575722  5.382944E-18
5899.54395378352  3.159278E-18
5901.55605300848  3.701142E-18
5903.56825329774  4.574271E-18
5905.58055451715  1.624572E-18
5907.59295653275  3.260435E-18
5909.6054592108  4.322253E-18
5911.61806241775  4.244990E-18
5913.63076602025  3.784384E-18
5915.64356988516  3.770453E-18
5917.65647387954  3.845043E-18
5919.66947787065  3.359333E-18
5921.68258172594  3.964078E-18
5923.69578531307  4.625194E-18
5925.70908849989  2.408832E-18
5927.72249115447  3.996019E-18
5929.73599314505  3.143217E-18
5931.7495943401  4.699379E-18
5933.76329460826  3.917832E-18
5935.77709381838  5.170989E-18
5937.7909918395  3.229007E-18
5939.80498854086  3.587054E-18
5941.81908379191  2.713278E-18
5943.83327746227  2.769886E-18
5945.84756942178  4.031013E-18
5947.86195954045  2.511697E-18
5949.87644768852  4.613800E-18
5951.89103373637  1.511773E-18
5953.90571755463  2.547324E-18
5955.9204990141  3.386404E-18
5957.93537798576  4.519605E-18
5959.95035434081  5.134895E-18
5961.9654279506  4.777869E-18
5963.98059868673  3.856246E-18
5965.99586642095  3.314850E-18
5968.0112310252  4.211098E-18
5970.02669237164  4.555024E-18
5972.04225033259  3.482995E-18
5974.05790478057  2.812010E-18
5976.0736555883  3.357090E-18
5978.08950262868  4.119900E-18
5980.10544577479  3.658682E-18
5982.12148489992  3.586861E-18
5984.13761987753  3.497828E-18
5986.15385058127  2.852740E-18
5988.17017688498  3.714639E-18
5990.18659866269  3.668882E-18
5992.20311578861  4.453381E-18
5994.21972813714  3.890759E-18
5996.23643558287  3.475902E-18
5998.25323800056  4.396217E-18
6000.27013526517  2.921103E-18
6002.28712725184  2.997062E-18
6004.30421383589  3.348077E-18
6006.32139489283  3.252936E-18
6008.33867029834  3.910327E-18
6010.3560399283  5.036226E-18
6012.37350365877  4.833924E-18
6014.39106136597  2.535026E-18
6016.40871292633  4.933439E-18
6018.42645821646  4.457075E-18
6020.44429711312  3.964209E-18
6022.46222949328  6.093395E-18
6024.48025523408  6.900021E-18
6026.49837421285  6.895585E-18
6028.51658630708  5.886542E-18
6030.53489139446  4.886280E-18
6032.55328935284  2.448276E-18
6034.57178006025  3.892136E-18
6036.59036339492  3.532460E-18
6038.60903923523  3.464926E-18
6040.62780745975  3.171944E-18
6042.64666794724  3.743342E-18
6044.6656205766  3.473783E-18
6046.68466522694  3.321425E-18
6048.70380177753  3.126708E-18
6050.72303010783  4.231308E-18
6052.74235009745  4.372823E-18
6054.76176162619  3.381910E-18
6056.78126457402  4.493161E-18
6058.8008588211  4.067926E-18
6060.82054424773  4.153993E-18
6062.84032073441  4.114860E-18
6064.86018816181  4.121892E-18
6066.88014641076  4.586008E-18
6068.90019536227  2.947601E-18
6070.92033489752  3.969387E-18
6072.94056489786  2.160634E-18
6074.96088524482  3.345264E-18
6076.98129582009  4.654590E-18
6079.00179650552  4.192384E-18
6081.02238718315  4.811514E-18
6083.04306773518  4.720249E-18
6085.06383804398  4.402526E-18
6087.08469799209  3.430477E-18
6089.10564746221  4.453323E-18
6091.12668633723  3.742052E-18
6093.14781450017  4.104193E-18
6095.16903183426  4.407206E-18
6097.19033822285  4.107420E-18
6099.21173354951  3.914023E-18
6101.23321769792  3.656611E-18
6103.25479055197  5.334461E-18
6105.2764519957  3.833307E-18
6107.2982019133  4.257242E-18
6109.32004018914  3.687472E-18
6111.34196670776  4.223159E-18
6113.36398135384  4.827683E-18
6115.38608401226  5.105690E-18
6117.40827456802  5.008509E-18
6119.43055290631  6.208586E-18
6121.45291891248  3.310208E-18
6123.47537247204  3.539866E-18
6125.49791347066  4.155243E-18
6127.52054179416  4.099765E-18
6129.54325732854  4.470984E-18
6131.56605995994  4.216712E-18
6133.58894957469  3.992293E-18
6135.61192605925  4.226060E-18
6137.63498930026  5.169245E-18
6139.6581391845  2.646706E-18
6141.68137559892  5.149732E-18
6143.70469843062  2.168289E-18
6145.72810756689  3.721366E-18
6147.75160289512  4.016512E-18
6149.77518430291  3.557176E-18
6151.79885167799  3.455869E-18
6153.82260490826  5.557087E-18
6155.84644388176  3.859267E-18
6157.87036848669  3.694905E-18
6159.89437861142  2.811257E-18
6161.91847414446  3.671672E-18
6163.94265497449  4.283864E-18
6165.96692099031  3.795936E-18
6167.99127208092  3.433340E-18
6170.01570813545  3.689065E-18
6172.04022904317  4.132985E-18
6174.06483469354  4.582418E-18
6176.08952497613  2.808103E-18
6178.11429978068  4.673546E-18
6180.13915899711  3.714363E-18
6182.16410251544  3.859852E-18
6184.18913022588  3.836237E-18
6186.21424201877  3.605904E-18
6188.23943778462  5.608435E-18
6190.26471741407  5.784954E-18
6192.29008079792  4.779556E-18
6194.31552782712  5.500275E-18
6196.34105839276  5.333167E-18
6198.36667238608  4.951723E-18
6200.39236969849  4.250465E-18
6202.41815022153  6.136777E-18
6204.44401384688  4.977108E-18
6206.46996046637  3.739512E-18
6208.495989972  4.106611E-18
6210.5221022559  4.339441E-18
6212.54829721033  4.225554E-18
6214.57457472773  4.781323E-18
6216.60093470066  3.524647E-18
6218.62737702182  5.064719E-18
6220.6539015841  4.062537E-18
6222.68050828047  5.409044E-18
6224.7071970041  3.519364E-18
6226.73396764826  4.551467E-18
6228.7608201064  4.598010E-18
6230.7877542721  4.393531E-18
6232.81477003907  3.280826E-18
6234.84186730117  6.042002E-18
6236.86904595241  5.354712E-18
6238.89630588694  5.506245E-18
6240.92364699904  5.479756E-18
6242.95106918315  5.072909E-18
6244.97857233384  4.643952E-18
6247.0061563458  4.901296E-18
6249.0338211139  4.659371E-18
6251.06156653313  5.034297E-18
6253.08939249861  5.274314E-18
6255.11729890561  5.269478E-18
6257.14528564954  5.264639E-18
6259.17335262596  5.259803E-18
6261.20149973053  4.737016E-18
6263.22972685908  4.319362E-18
6265.25803390758  4.464221E-18
6267.28642077211  4.855877E-18
6269.31488734891  5.235614E-18
6271.34343353436  5.032619E-18
6273.37205922495  3.572263E-18
6275.40076431733  5.221097E-18
6277.42954870827  5.216258E-18
6279.45841229468  5.211419E-18
6281.48735497362  5.206580E-18
6283.51637664225  5.638649E-18
6285.54547719791  3.869172E-18
6287.57465653803  5.185733E-18
6289.60391456019  5.187221E-18
6291.63325116212  4.552281E-18
6293.66266624166  4.704198E-18
6295.69215969679  5.172699E-18
6297.72173142562  5.133624E-18
6299.7513813264  5.378466E-18
6301.7811092975  5.158176E-18
6303.81091523742  5.153335E-18
6305.84079904481  2.998571E-18
6307.87076061844  5.623917E-18
6309.90079985719  5.138810E-18
6311.93091666011  5.133967E-18
6313.96111092634  5.129126E-18
6315.99138255517  5.124283E-18
6318.02173144602  5.119439E-18
6320.05215749842  5.114597E-18
6322.08266061206  4.608160E-18
6324.11324068673  4.997832E-18
6326.14389762236  5.100067E-18
6328.17463131901  5.095223E-18
6330.20544167684  5.061270E-18
6332.23632859618  5.085536E-18
6334.26729197745  5.080692E-18
6336.29833172122  4.778462E-18
6338.32944772816  4.991239E-18
6340.3606398991  5.066158E-18
6342.39190813496  5.653355E-18
6344.4232523368  4.487376E-18
6346.45467240582  4.737137E-18
6348.48616824331  5.265584E-18
6350.51773975072  4.420514E-18
6352.54938682959  6.690493E-18
6354.5811093816  5.764233E-18
6356.61290730856  5.495215E-18
6358.64478051239  5.412208E-18
6360.67672889512  5.818651E-18
6362.70875235894  4.049812E-18
6364.74085080613  5.896829E-18
6366.7730241391  5.149020E-18
6368.80527226037  4.550500E-18
6370.8375950726  6.159455E-18
6372.86999247857  5.423405E-18
6374.90246438116  6.395167E-18
6376.93501068337  5.655972E-18
6378.96763128835  4.916981E-18
6381.00032609934  4.239294E-18
6383.03309501971  5.617728E-18
6385.06593795294  6.477353E-18
6387.09885480264  5.376659E-18
6389.13184547252  5.976852E-18
6391.16490986642  4.820268E-18
6393.19804788831  6.077167E-18
6395.23125944225  5.041053E-18
6397.26454443244  7.170903E-18
6399.29790276316  7.382627E-18
6401.33133433886  6.087009E-18
6403.36483906406  5.034304E-18
6405.3984168434  5.629053E-18
6407.43206758167  5.563197E-18
6409.46579118374  6.612893E-18
6411.4995875546  5.495511E-18
6413.53345659937  4.596038E-18
6415.56739822325  4.210470E-18
6417.6014123316  6.380402E-18
6419.63549882986  4.995293E-18
6421.66965762359  5.201679E-18
6423.70388861846  5.085075E-18
6425.73819172027  4.482531E-18
6427.7725668349  5.256447E-18
6429.80701386836  5.216336E-18
6431.84153272678  5.227575E-18
6433.87612331639  5.265125E-18
6435.91078554353  5.276059E-18
6437.94551931466  5.744071E-18
6439.98032453632  5.174558E-18
6442.0152011152  5.839874E-18
6444.05014895808  4.626668E-18
6446.08516797184  5.785700E-18
6448.12025806349  5.464745E-18
6450.15541914013  5.294536E-18
6452.19065110898  4.974557E-18
6454.22595387736  5.013722E-18
6456.2613273527  6.088089E-18
6458.29677144254  5.792915E-18
6460.33228605453  5.973015E-18
6462.36787109641  4.491994E-18
6464.40352647606  6.718952E-18
6466.43925210142  5.358263E-18
6468.47504788057  5.376762E-18
6470.51091372169  5.687201E-18
6472.54684953306  5.480503E-18
6474.58285522306  5.633443E-18
6476.61893070018  6.043988E-18
6478.65507587301  5.173418E-18
6480.69129065027  6.018332E-18
6482.72757494074  5.856499E-18
6484.76392865334  5.458473E-18
6486.80035169707  6.180284E-18
6488.83684398105  5.763555E-18
6490.87340541448  5.430680E-18
6492.91003590669  5.172067E-18
6494.9467353671  5.173726E-18
6496.98350370522  6.890526E-18
6499.02034083067  5.173079E-18
6501.05724665319  5.407009E-18
6503.09422108259  6.741994E-18
6505.13126402879  6.386054E-18
6507.16837540182  5.566135E-18
6509.20555511181  4.949232E-18
6511.24280306898  4.913705E-18
6513.28011918365  4.544921E-18
6515.31750336624  5.065369E-18
6517.35495552727  4.889975E-18
6519.39247557737  4.141655E-18
6521.43006342726  5.962579E-18
6523.46771898774  5.616161E-18
6525.50544216973  6.206238E-18
6527.54323288424  4.332561E-18
6529.58109104238  6.413507E-18
6531.61901655535  5.658561E-18
6533.65700933446  5.922645E-18
6535.6950692911  4.579594E-18
6537.73319633677  5.277530E-18
6539.77139038304  5.507270E-18
6541.80965134162  4.987610E-18
6543.84797912427  5.129819E-18
6545.88637364287  4.949832E-18
6547.92483480939  5.928556E-18
6549.9633625359  5.655280E-18
6552.00195673454  5.332710E-18
6554.04061731757  5.802050E-18
6556.07934419733  5.244958E-18
6558.11813728626  4.824108E-18
6560.1569964969  5.303383E-18
6562.19592174185  5.434124E-18
6564.23491293384  5.715101E-18
6566.27396998567  5.550993E-18
6568.31309281025  5.140180E-18
6570.35228132055  6.109470E-18
6572.39153542966  3.731505E-18
6574.43085505076  4.890812E-18
6576.47024009711  5.180226E-18
6578.50969048205  6.069565E-18
6580.54920611903  6.604925E-18
6582.58878692159  5.086559E-18
6584.62843280334  4.528285E-18
6586.66814367801  5.126098E-18
6588.70791945938  4.566963E-18
6590.74776006135  5.943363E-18
6592.78766539789  5.889884E-18
6594.82763538307  6.017745E-18
6596.86766993104  6.014105E-18
6598.90776895605  5.820532E-18
6600.94793237243  4.933294E-18
6602.98816009458  5.219780E-18
6605.02845203701  6.649826E-18
6607.06880811432  6.096184E-18
6609.10922824117  4.849729E-18
6611.14971233232  5.419486E-18
6613.19026030263  5.302970E-18
6615.23087206702  5.563888E-18
6617.27154754052  6.006564E-18
6619.31228663822  5.877225E-18
6621.35308927532  5.896482E-18
6623.39395536707  5.504581E-18
6625.43488482885  5.723931E-18
6627.47587757609  6.381502E-18
6629.5169335243  6.278302E-18
6631.55805258911  5.571105E-18
6633.59923468619  6.449806E-18
6635.64047973132  5.708359E-18
6637.68178764036  4.767895E-18
6639.72315832924  5.816994E-18
6641.76459171397  4.807107E-18
6643.80608771067  6.073097E-18
6645.84764623551  5.147558E-18
6647.88926720476  4.493857E-18
6649.93095053475  4.213387E-18
6651.97269614192  5.658715E-18
6654.01450394277  6.075249E-18
6656.05637385389  5.567561E-18
6658.09830579194  5.231742E-18
6660.14029967367  3.801826E-18
6662.18235541589  6.212261E-18
6664.22447293552  4.764327E-18
6666.26665214954  5.395110E-18
6668.30889297501  5.680127E-18
6670.35119532906  5.791066E-18
6672.39355912892  5.465054E-18
6674.43598429188  5.915241E-18
6676.47847073531  6.265706E-18
6678.52101837667  4.036834E-18
6680.56362713347  4.057099E-18
6682.60629692333  5.487745E-18
6684.64902766393  6.157731E-18
6686.69181927302  5.491178E-18
6688.73467166844  5.159147E-18
6690.77758476809  5.862301E-18
6692.82055848995  6.019979E-18
6694.8635927521  5.048488E-18
6696.90668747266  5.182175E-18
6698.94984256984  4.503393E-18
6700.99305796193  5.430815E-18
6703.03633356729  4.504865E-18
6705.07966930434  5.954918E-18
6707.12306509159  4.977330E-18
6709.16652084763  4.750944E-18
6711.21003649111  3.929268E-18
6713.25361194074  4.678218E-18
6715.29724711533  4.743628E-18
6717.34094193376  4.266776E-18
6719.38469631496  5.537504E-18
6721.42851017796  5.063583E-18
6723.47238344183  4.816686E-18
6725.51631602573  3.746726E-18
6727.5603078489  5.540003E-18
6729.60435883064  4.177017E-18
6731.64846889032  5.015103E-18
6733.69263794739  4.460623E-18
6735.73686592134  3.546793E-18
6737.78115273178  4.632886E-18
6739.82549829834  4.686966E-18
6741.86990254077  4.531901E-18
6743.91436537883  4.790532E-18
6745.9588867324  4.506900E-18
6748.0034665214  4.369989E-18
6750.04810466584  3.605492E-18
6752.09280108577  4.715092E-18
6754.13755570134  3.644113E-18
6756.18236843275  4.134279E-18
6758.22723920026  4.105313E-18
6760.27216792422  4.121654E-18
6762.31715452502  4.047375E-18
6764.36219892314  4.018410E-18
6766.40730103913  3.676514E-18
6768.45246079357  3.528110E-18
6770.49767810715  3.931507E-18
6772.5429529006  3.231338E-18
6774.58828509472  3.873562E-18
6776.63367461038  4.368495E-18
6778.67912136852  4.168774E-18
6780.72462529013  4.496412E-18
6782.77018629627  4.162428E-18
6784.81580430808  3.483471E-18
6786.86147924674  3.277820E-18
6788.90721103352  4.748111E-18
6790.95299958972  4.272617E-18
6792.99884483674  3.722458E-18
6795.04474669601  3.597407E-18
6797.09070508906  4.828811E-18
6799.13671993745  3.494601E-18
6801.18279116283  3.773409E-18
6803.22891868687  4.411039E-18
6805.27510243135  4.617631E-18
6807.32134231809  4.992289E-18
6809.36763826898  4.524627E-18
6811.41399020594  4.693783E-18
6813.46039805101  2.932681E-18
6815.50686172623  3.708141E-18
6817.55338115375  4.648889E-18
6819.59995625574  4.084024E-18
6821.64658695446  4.310113E-18
6823.69327317221  3.928149E-18
6825.74001483138  4.235335E-18
6827.78681185438  5.426213E-18
6829.8336641637  4.568567E-18
6831.88057168189  3.448318E-18
6833.92753433156  3.566890E-18
6835.97455203538  3.532902E-18
6838.02162471606  4.557216E-18
6840.06875229639  3.113306E-18
6842.11593469922  3.992098E-18
6844.16317184743  4.403483E-18
6846.21046366398  5.402743E-18
6848.2578100719  4.591667E-18
6850.30521099423  4.289996E-18
6852.35266635413  3.381465E-18
6854.40017607476  3.293089E-18
6856.44774007938  4.398668E-18
6858.49535829127  4.435775E-18
6860.54303063379  3.395703E-18
6862.59075703035  3.386371E-18
6864.63853740442  3.634630E-18
6866.6863716795  3.341004E-18
6868.73425977919  3.051051E-18
6870.7822016271  3.418471E-18
6872.83019714693  4.372393E-18
6874.87824626242  3.041347E-18
6876.92634889735  4.077069E-18
6878.97450497557  2.935746E-18
6881.022714421  3.173026E-18
6883.07097715757  3.880239E-18
6885.1192931093  3.383060E-18
6887.16766220026  2.887830E-18
6889.21608435456  4.405111E-18
6891.26455949637  4.007353E-18
6893.3130875499  2.996566E-18
6895.36166843943  2.374332E-18
6897.41030208929  3.021161E-18
6899.45898842385  4.479037E-18
6901.50772736754  3.339685E-18
6903.55651884485  3.958574E-18
6905.60536278029  3.239778E-18
6907.65425909847  3.902994E-18
6909.703207724  3.685489E-18
6911.75220858158  4.560300E-18
6913.80126159594  3.339789E-18
6915.85036669186  3.762302E-18
6917.89952379418  4.269138E-18
6919.94873282778  3.703787E-18
6921.99799371761  3.762495E-18
6924.04730638863  3.415531E-18
6926.09667076589  4.166795E-18
6928.14608677447  3.960733E-18
6930.1955543395  3.565024E-18
6932.24507338615  4.256335E-18
6934.29464383966  4.139909E-18
6936.34426562531  2.359367E-18
6938.39393866841  3.939642E-18
6940.44366289434  2.553772E-18
6942.49343822852  4.028864E-18
6944.54326459641  4.240586E-18
6946.59314192353  3.570660E-18
6948.64307013543  3.195045E-18
6950.69304915774  3.107680E-18
6952.74307891609  3.360543E-18
6954.79315933619  3.659060E-18
6956.84329034379  2.868113E-18
6958.89347186469  3.754614E-18
6960.9437038247  3.037389E-18
6962.99398614973  4.454271E-18
6965.0443187657  3.836651E-18
6967.09470159858  4.101309E-18
6969.1451345744  4.473430E-18
6971.19561761921  3.988913E-18
6973.24615065913  4.189754E-18
6975.2967336203  2.429183E-18
6977.34736642892  3.339182E-18
6979.39804901125  3.928857E-18
6981.44878129355  4.082446E-18
6983.49956320215  2.491476E-18
6985.55039466343  4.030211E-18
6987.6012756038  4.222149E-18
6989.65220594973  2.848621E-18
6991.7031856277  3.555823E-18
6993.75421456426  3.913396E-18
6995.80529268599  3.467904E-18
6997.85641991953  4.461668E-18
6999.90759619154  4.603023E-18
7001.95882142872  3.785746E-18
7004.01009555785  4.131898E-18
7006.0614185057  3.812567E-18
7008.11279019911  3.954225E-18
7010.16421056496  2.999694E-18
7012.21567953016  4.290065E-18
7014.26719702167  3.372505E-18
7016.31876296649  3.632167E-18
7018.37037729165  3.777278E-18
7020.42203992424  3.562035E-18
7022.47375079137  3.192665E-18
7024.52550982019  3.933243E-18
7026.57731693791  4.331442E-18
7028.62917207176  3.072269E-18
7030.68107514902  2.941938E-18
7032.733026097  2.989152E-18
7034.78502484304  2.824104E-18
7036.83707131455  2.228294E-18
7038.88916543895  3.776749E-18
7040.94130714371  3.826133E-18
7042.99349635633  3.411587E-18
7045.04573300436  3.554089E-18
7047.09801701538  3.751466E-18
7049.150348317  3.651780E-18
7051.20272683689  3.627828E-18
7053.25515250273  4.736068E-18
7055.30762524226  3.423444E-18
7057.36014498324  3.161113E-18
7059.41271165346  3.944174E-18
7061.46532518078  3.424810E-18
7063.51798549306  3.543001E-18
7065.57069251822  3.054020E-18
7067.6234461842  2.979485E-18
7069.67624641899  2.851763E-18
7071.72909315059  4.198530E-18
7073.78198630708  4.645043E-18
7075.83492581652  4.041953E-18
7077.88791160705  3.012699E-18
7079.94094360682  3.292478E-18
7081.99402174402  3.101217E-18
7084.04714594688  2.542607E-18
7086.10031614366  5.057992E-18
7088.15353226265  3.879525E-18
7090.20679423219  3.524786E-18
7092.26010198062  3.322131E-18
7094.31345543636  3.201362E-18
7096.36685452781  4.089162E-18
7098.42029918346  3.844504E-18
7100.47378933178  2.779985E-18
7102.52732490131  3.161990E-18
7104.5809058206  3.538660E-18
7106.63453201825  4.272579E-18
7108.68820342288  4.401924E-18
7110.74191996315  3.362644E-18
7112.79568156775  3.633416E-18
7114.84948816538  2.700828E-18
7116.90333968481  4.278916E-18
7118.95723605482  3.104621E-18
7121.01117720422  4.631195E-18
7123.06516306185  3.162922E-18
7125.11919355659  3.874081E-18
7127.17326861734  3.244912E-18
7129.22738817305  3.826279E-18
7131.28155215267  3.764174E-18
7133.33576048521  2.944099E-18
7135.39001309968  4.052137E-18
7137.44430992516  3.967025E-18
7139.49865089072  3.580687E-18
7141.55303592547  3.477525E-18
7143.60746495857  2.973894E-18
7145.66193791919  3.456422E-18
7147.71645473653  3.684881E-18
7149.77101533981  4.039026E-18
7151.82561965831  3.858116E-18
7153.88026762131  4.511231E-18
7155.93495915814  4.200884E-18
7157.98969419812  3.190623E-18
7160.04447267064  4.538814E-18
7162.09929450509  3.255016E-18
7164.15415963091  4.060055E-18
7166.20906797756  4.994145E-18
7168.26401947451  3.511086E-18
7170.31901405127  4.713029E-18
7172.37405163739  4.034339E-18
7174.42913216243  3.218315E-18
7176.48425555597  3.737788E-18
7178.53942174765  3.625853E-18
7180.59463066709  3.830521E-18
7182.64988224397  3.846182E-18
7184.705176408  3.499685E-18
7186.76051308888  3.897358E-18
7188.81589221636  3.163077E-18
7190.87131372023  3.504963E-18
7192.92677753028  3.062719E-18
7194.98228357633  2.841695E-18
7197.03783178823  3.404027E-18
7199.09342209586  3.525134E-18
7201.14905442911  2.765456E-18
7203.20472871791  3.265312E-18
7205.2604448922  4.069224E-18
7207.31620288197  4.082711E-18
7209.3720026172  3.400071E-18
7211.42784402791  3.421617E-18
7213.48372704416  2.623781E-18
7215.53965159599  3.807483E-18
7217.59561761352  3.378586E-18
7219.65162502685  3.188599E-18
7221.70767376612  4.110542E-18
7223.7637637615  3.564241E-18
7225.81989494315  3.400631E-18
7227.87606724131  3.537637E-18
7229.93228058618  4.381447E-18
7231.98853490803  3.037834E-18
7234.04483013712  2.905317E-18
7236.10116620377  2.279880E-18
7238.15754303827  3.229994E-18
7240.21396057097  5.569505E-18
7242.27041873225  3.218354E-18
7244.32691745247  3.391278E-18
7246.38345666204  3.264503E-18
7248.4400362914  4.244374E-18
7250.49665627098  3.810340E-18
7252.55331653126  3.598486E-18
7254.61001700272  4.263691E-18
7256.66675761588  4.146349E-18
7258.72353830127  4.133474E-18
7260.78035898943  3.763544E-18
7262.83721961095  3.252947E-18
7264.8941200964  2.673456E-18
7266.9510603764  4.684486E-18
7269.00804038159  3.171432E-18
7271.0650600426  3.753477E-18
7273.12211929012  1.712963E-18
7275.17921805484  4.811074E-18
7277.23635626746  4.524031E-18
7279.29353385871  3.597849E-18
7281.35075075934  3.066814E-18
7283.40800690011  5.239075E-18
7285.46530221181  3.391258E-18
7287.52263662524  4.137623E-18
7289.58001007123  3.209699E-18
7291.63742248061  3.705207E-18
7293.69487378424  3.817012E-18
7295.75236391301  3.404042E-18
7297.80989279779  4.365443E-18
7299.86746036951  3.725899E-18
7301.9250665591  4.409148E-18
7303.98271129749  3.537374E-18
7306.04039451566  4.299584E-18
7308.09811614459  3.482015E-18
7310.15587611527  4.540267E-18
7312.21367435872  3.530304E-18
7314.27151080598  3.179423E-18
7316.32938538809  5.237707E-18
7318.38729803611  2.876337E-18
7320.44524868113  2.489420E-18
7322.50323725425  3.931124E-18
7324.56126368658  1.725358E-18
7326.61932790925  2.448658E-18
7328.67742985341  6.285091E-18
7330.73556945021  4.165294E-18
7332.79374663085  3.441536E-18
7334.8519613265  3.540065E-18
7336.91021346837  3.521947E-18
7338.9685029877  2.384622E-18
7341.02682981571  3.711579E-18
7343.08519388367  7.164177E-18
7345.14359512283  3.072494E-18
7347.20203346449  3.655211E-18
7349.26050883994  3.462010E-18
7351.31902118048  2.899427E-18
7353.37757041746  4.355095E-18
7355.4361564822  4.608104E-18
7357.49477930606  5.107930E-18
7359.55343882041  3.802682E-18
7361.61213495664  2.465429E-18
7363.67086764613  3.728011E-18
7365.7296368203  3.385842E-18
7367.78844241057  3.487505E-18
7369.84728434837  4.089706E-18
7371.90616256516  2.315918E-18
7373.96507699239  3.774316E-18
7376.02402756155  4.709919E-18
7378.08301420411  4.279574E-18
7380.14203685159  5.945317E-18
7382.20109543548  4.200615E-18
7384.26018988733  4.148194E-18
7386.31932013867  4.906243E-18
7388.37848612103  4.543610E-18
7390.437687766  3.498172E-18
7392.49692500514  4.816849E-18
7394.55619777005  4.165023E-18
7396.6155059923  3.800697E-18
7398.67484960352  6.064575E-18
7400.73422853534  5.221104E-18
7402.79364271936  5.638178E-18
7404.85309208725  3.846967E-18
7406.91257657066  4.027029E-18
7408.97209610125  4.131583E-18
7411.0316506107  3.858115E-18
7413.09124003069  4.327678E-18
7415.15086429293  4.084246E-18
7417.21052332912  3.872968E-18
7419.27021707099  4.222555E-18
7421.32994545024  4.097083E-18
7423.38970839865  4.393576E-18
7425.44950584794  4.296678E-18
7427.50933772988  3.435249E-18
7429.56920397624  3.686248E-18
7431.6291045188  3.272354E-18
7433.68903928934  3.554503E-18
7435.74900821967  3.575133E-18
7437.80901124159  2.873003E-18
7439.86904828691  3.509427E-18
7441.92911928748  4.580130E-18
7443.98922417511  4.397536E-18
7446.04936288166  3.926635E-18
7448.10953533899  3.297515E-18
7450.16974147894  4.889921E-18
7452.22998123339  3.774990E-18
7454.29025453422  4.243064E-18
7456.35056131332  3.335204E-18
7458.41090150258  3.807477E-18
7460.47127503391  3.141072E-18
7462.53168183923  3.422548E-18
7464.59212185044  3.923154E-18
7466.65259499949  4.051122E-18
7468.71310121829  3.732594E-18
7470.77364043881  3.891094E-18
7472.83421259299  5.236871E-18
7474.89481761279  3.130478E-18
7476.95545543017  3.472662E-18
7479.01612597711  4.592999E-18
7481.07682918559  3.815284E-18
7483.1375649876  4.663097E-18
7485.19833331514  3.507464E-18
7487.25913410019  4.811201E-18
7489.31996727478  4.205510E-18
7491.38083277092  4.686705E-18
7493.44173052063  4.117354E-18
7495.50266045593  5.418764E-18
7497.56362250886  4.247029E-18
7499.62461661147  4.209666E-18
7501.6856426958  3.788064E-18
7503.7467006939  4.799377E-18
7505.80779053783  3.800698E-18
7507.86891215966  3.735611E-18
7509.93006549146  3.980108E-18
7511.9912504653  4.635063E-18
7514.05246701327  4.466437E-18
7516.11371506745  4.407159E-18
7518.17499455994  4.520037E-18
7520.23630542283  3.147113E-18
7522.29764758823  4.750032E-18
7524.35902098824  4.038142E-18
7526.42042555499  3.705719E-18
7528.48186122058  4.441916E-18
7530.54332791715  6.448097E-18
7532.60482557682  5.057401E-18
7534.66635413172  3.717686E-18
7536.72791351398  5.067421E-18
7538.78950365576  4.915646E-18
7540.8511244892  3.800173E-18
7542.91277594645  3.374963E-18
7544.97445795965  3.611870E-18
7547.03617046098  4.385339E-18
7549.09791338259  4.275620E-18
7551.15968665665  4.750922E-18
7553.22149021534  4.865604E-18
7555.28332399081  4.091311E-18
7557.34518791526  3.958822E-18
7559.40708192087  3.572200E-18
7561.46900593981  4.199026E-18
7563.53095990428  4.599763E-18
7565.59294374646  3.595262E-18
7567.65495739857  3.110300E-18
7569.71700079278  3.685558E-18
7571.7790738613  5.544564E-18
7573.84117653634  3.596011E-18
7575.90330875011  4.307589E-18
7577.9654704348  4.479251E-18
7580.02766152264  3.905664E-18
7582.08988194584  4.117546E-18
7584.15213163662  4.825373E-18
7586.21441052719  5.213238E-18
7588.27671854978  3.774632E-18
7590.33905563662  4.879253E-18
7592.40142171993  4.112290E-18
7594.46381673194  4.589598E-18
7596.52624060487  4.457835E-18
7598.58869327097  4.337521E-18
7600.65117466247  3.604250E-18
7602.71368471161  4.064858E-18
7604.77622335061  4.116717E-18
7606.83879051173  4.842470E-18
7608.90138612721  4.269922E-18
7610.96401012928  3.908813E-18
7613.02666245019  3.722431E-18
7615.0893430222  4.349053E-18
7617.15205177754  4.605376E-18
7619.21478864846  4.300473E-18
7621.27755356722  3.843825E-18
7623.34034646606  4.554404E-18
7625.40316727723  4.688807E-18
7627.46601593299  3.671240E-18
7629.52889236559  4.316063E-18
7631.59179650729  3.551328E-18
7633.65472829034  4.461626E-18
7635.71768764699  4.498356E-18
7637.7806745095  4.043063E-18
7639.84368881012  4.306000E-18
7641.90673048112  4.621897E-18
7643.96979945474  4.920163E-18
7646.03289566325  3.813867E-18
7648.09601903891  4.130993E-18
7650.15916951396  4.393411E-18
7652.22234702067  4.557213E-18
7654.2855514913  4.384802E-18
7656.34878285809  4.250131E-18
7658.41204105332  4.597700E-18
7660.47532600923  4.911274E-18
7662.53863765808  3.514216E-18
7664.60197593213  3.864254E-18
7666.66534076363  3.954151E-18
7668.72873208484  5.280381E-18
7670.79214982801  4.307088E-18
7672.85559392539  3.713258E-18
7674.91906430924  3.981214E-18
7676.98256091182  4.439193E-18
7679.04608366536  4.940818E-18
7681.10963250212  3.778326E-18
7683.17320735436  4.033060E-18
7685.23680815432  4.330164E-18
7687.30043483424  5.030805E-18
7689.36408732637  4.831117E-18
7691.42776556296  3.630415E-18
7693.49146947625  3.207125E-18
7695.55519899848  3.866078E-18
7697.6189540619  5.159951E-18
7699.68273459874  4.108586E-18
7701.74654054123  4.397611E-18
7703.81037182163  4.345667E-18
7705.87422837215  4.733183E-18
7707.93811012503  4.935698E-18
7710.00201701251  3.894210E-18
7712.06594896681  4.716566E-18
7714.12990592016  3.771639E-18
7716.19388780478  3.012868E-18
7718.2578945529  3.951208E-18
7720.32192609673  2.450106E-18
7722.38598236851  4.301334E-18
7724.45006330043  5.328629E-18
7726.51416882472  4.300104E-18
7728.5782988736  3.026894E-18
7730.64245337926  4.068542E-18
7732.70663227392  4.865088E-18
7734.77083548977  4.126637E-18
7736.83506295903  5.380158E-18
7738.8993146139  4.831287E-18
7740.96359038656  4.104410E-18
7743.02789020922  3.011931E-18
7745.09221401407  5.283359E-18
7747.15656173328  2.686036E-18
7749.22093329907  5.757374E-18
7751.28532864359  4.584996E-18
7753.34974769904  2.303143E-18
7755.41419039758  1.935763E-18
7757.4786566714  4.372233E-18
7759.54314645268  3.984699E-18
7761.60765967356  4.337887E-18
7763.67219626622  4.952329E-18
7765.73675616282  3.734981E-18
7767.80133929552  4.532707E-18
7769.86594559646  4.269937E-18
7771.93057499782  4.610041E-18
7773.99522743173  3.737258E-18
7776.05990283033  5.115273E-18
7778.12460112577  3.537073E-18
7780.18932225019  5.207646E-18
7782.25406613571  4.005997E-18
7784.31883271447  3.978526E-18
7786.3836219186  3.934159E-18
7788.44843368021  4.516192E-18
7790.51326793144  4.025195E-18
7792.57812460438  5.429846E-18
7794.64300363115  4.493582E-18
7796.70790494386  5.021023E-18
7798.77282847462  3.872203E-18
7800.83777415552  5.268616E-18
7802.90274191866  3.985446E-18
7804.96773169612  5.585458E-18
7807.03274342  4.912720E-18
7809.09777702237  3.607401E-18
7811.16283243532  3.762826E-18
7813.22790959093  3.982522E-18
7815.29300842125  4.991928E-18
7817.35812885836  2.965646E-18
7819.42327083432  4.428568E-18
7821.48843428118  7.440361E-18
7823.55361913099  4.647924E-18
7825.61882531582  1.914512E-18
7827.68405276769  3.902399E-18
7829.74930141864  3.376384E-18
7831.81457120072  2.604701E-18
7833.87986204595  3.556025E-18
7835.94517388635  4.457356E-18
7838.01050665395  4.161680E-18
7840.07586028076  4.655420E-18
7842.14123469879  5.339553E-18
7844.20662984006  3.612819E-18
7846.27204563655  3.072544E-18
7848.33748202026  4.623180E-18
7850.40293892319  3.760211E-18
7852.46841627733  4.821121E-18
7854.53391401465  3.220401E-18
7856.59943206713  3.730080E-18
7858.66497036675  4.984213E-18
7860.73052884546  6.331991E-18
7862.79610743523  2.594903E-18
7864.86170606802  3.540629E-18
7866.92732467578  4.730730E-18
7868.99296319045  5.372444E-18
7871.05862154397  4.167836E-18
7873.12429966828  5.391360E-18
7875.18999749531  2.833572E-18
7877.25571495699  3.200699E-18
7879.32145198523  3.519840E-18
7881.38720851195  3.196642E-18
7883.45298446905  4.241316E-18
7885.51877978845  3.321485E-18
7887.58459440203  3.601862E-18
7889.6504282417  4.777739E-18
7891.71628123933  5.351616E-18
7893.78215332681  5.209079E-18
7895.84804443601  4.863305E-18
7897.91395449882  6.961959E-18
7899.97988344708  6.311654E-18
7902.04583121266  6.252768E-18
7904.11179772742  4.007998E-18
7906.1777829232  1.771120E-18
7908.24378673185  4.357165E-18
7910.30980908519  3.095742E-18
7912.37584991507  3.133487E-18
7914.44190915331  4.224953E-18
7916.50798673172  9.978774E-19
7918.57408258213  1.411616E-18
7920.64019663634  4.273867E-18
7922.70632882614  9.554845E-19
7924.77247908335  4.024821E-18
7926.83864733975  2.224217E-18
7928.90483352712  3.438592E-18
7930.97103757724  3.441373E-18
7933.03725942189  3.220251E-18
7935.10349899284  2.828891E-18
7937.16975622184  2.904856E-18
7939.23603104064  2.176277E-18
7941.30232338101  3.278205E-18
7943.36863317468  4.312297E-18
7945.4349603534  3.128123E-18
7947.50130484888  4.366485E-18
7949.56766659286  5.297208E-18
7951.63404551706  3.698049E-18
7953.70044155319  3.273783E-18
7955.76685463296  3.484384E-18
7957.83328468806  2.532227E-18
7959.8997316502  4.576952E-18
7961.96619545106  2.463359E-18
7964.03267602233  3.204284E-18
7966.09917329569  1.894037E-18
7968.1656872028  3.595399E-18
7970.23221767533  3.128114E-18
7972.29876464493  1.593438E-18
7974.36532804327  2.159406E-18
7976.43190780198  3.566209E-18
7978.49850385272  3.420863E-18
7980.5651161271  2.703876E-18
7982.63174455676  3.264193E-18
7984.69838907332  3.657096E-18
7986.7650496084  4.349040E-18
7988.83172609361  5.103174E-18
7990.89841846054  3.588749E-18
7992.9651266408  6.230448E-18
7995.03185056598  1.812215E-18
7997.09859016765  4.850377E-18
7999.16534537741  3.836332E-18
8001.23211612682  2.228406E-18
8003.29890234744  3.054309E-18
8005.36570397085  4.331196E-18
8007.43252092858  3.083136E-18
8009.49935315219  2.636848E-18
8011.56620057322  4.000267E-18
8013.63306312321  4.331484E-18
8015.69994073367  4.534549E-18
8017.76683333614  3.684613E-18
8019.83374086213  3.826151E-18
8021.90066324315  3.398049E-18
8023.9676004107  2.414112E-18
8026.03455229628  3.743137E-18
8028.10151883139  3.137843E-18
8030.1684999475  4.093921E-18
8032.2354955761  3.804059E-18
8034.30250564865  3.327383E-18
8036.36953009663  2.842408E-18
8038.43656885149  3.805485E-18
8040.50362184469  3.369473E-18
8042.57068900768  3.455538E-18
8044.63777027189  3.235985E-18
8046.70486556876  2.813056E-18
8048.77197482973  2.078837E-18
8050.8390979862  2.639028E-18
8052.90623496961  3.066812E-18
8054.97338571135  2.512149E-18
8057.04055014284  2.226293E-18
8059.10772819547  3.648966E-18
8061.17491980064  2.539326E-18
8063.24212488973  4.097673E-18
8065.30934339411  3.303799E-18
8067.37657524517  2.523593E-18
8069.44382037426  4.115726E-18
8071.51107871275  2.271956E-18
8073.57835019201  2.621168E-18
8075.64563474337  3.467395E-18
8077.71293229817  4.005828E-18
8079.78024278776  3.791329E-18
8081.84756614346  4.230092E-18
8083.91490229661  2.994109E-18
8085.9822511785  2.521743E-18
8088.04961272048  3.297413E-18
8090.11698685383  3.113930E-18
8092.18437350986  3.181391E-18
8094.25177261985  2.478013E-18
8096.31918411512  2.903589E-18
8098.38660792692  2.129505E-18
8100.45404398655  3.887493E-18
8102.52149222526  4.498611E-18
8104.58895257433  3.715779E-18
8106.65642496502  2.987209E-18
8108.72390932858  2.949020E-18
8110.79140559625  2.693969E-18
8112.85891369928  3.169471E-18
8114.9264335689  3.123024E-18
8116.99396513633  3.466891E-18
8119.06150833282  2.879618E-18
8121.12906308957  2.571823E-18
8123.1966293378  3.027270E-18
8125.26420700871  2.980490E-18
8127.3317960335  2.915558E-18
8129.39939634338  2.850642E-18
8131.46700786952  2.746679E-18
8133.53463054311  2.807581E-18
8135.60226429534  2.655877E-18
8137.66990905736  2.960763E-18
8139.73756476036  2.526014E-18
8141.80523133549  2.567124E-18
8143.87290871391  2.556117E-18
8145.94059682677  2.777388E-18
8148.00829560521  1.907819E-18
8150.07600498038  2.201386E-18
8152.1437248834  2.935507E-18
8154.21145524541  2.780704E-18
8156.27919599752  3.763619E-18
8158.34694707086  2.441761E-18
8160.41470839655  2.697165E-18
8162.48247990568  2.739729E-18
8164.55026152936  3.252781E-18
8166.61805319868  2.886161E-18
8168.68585484474  2.739300E-18
8170.75366639862  2.409068E-18
8172.82148779141  3.503071E-18
8174.88931895417  2.558880E-18
8176.95715981799  3.318700E-18
8179.02501031393  2.448763E-18
8181.09287037304  2.118088E-18
8183.16073992638  3.705707E-18
8185.22861890501  1.981857E-18
8187.29650723996  2.392481E-18
8189.36440486229  2.008065E-18
8191.43231170302  2.746380E-18
8193.50022769319  2.282846E-18
8195.56815276382  2.359401E-18
8197.63608684593  2.700601E-18
8199.70402987055  2.893006E-18
8201.77198176867  2.899967E-18
8203.83994247132  3.442976E-18
8205.90791190949  2.497124E-18
8207.97589001417  1.919952E-18
8210.04387671638  2.998113E-18
8212.11187194708  2.729501E-18
8214.17987563727  2.799140E-18
8216.24788771792  3.438858E-18
8218.31590812002  2.841930E-18
8220.38393677453  3.239285E-18
8222.45197361241  3.127394E-18
8224.52001856464  2.203793E-18
8226.58807156217  1.625173E-18
8228.65613253594  2.993328E-18
8230.72420141692  2.244186E-18
8232.79227813604  2.306630E-18
8234.86036262425  2.920998E-18
8236.92845481249  2.497227E-18
8238.99655463168  2.742427E-18
8241.06466201276  2.493412E-18
8243.13277688665  2.506626E-18
8245.20089918427  2.673903E-18
8247.26902883654  2.339851E-18
8249.33716577438  3.515466E-18
8251.40530992868  2.888831E-18
8253.47346123037  2.012454E-18
8255.54161961033  2.616504E-18
8257.60978499947  2.056668E-18
8259.67795732869  2.970593E-18
8261.74613652887  2.518901E-18
8263.8143225309  3.318513E-18
8265.88251526567  3.172668E-18
8267.95071466406  1.799398E-18
8270.01892065693  2.573646E-18
8272.08713317518  2.209094E-18
8274.15535214967  2.176720E-18
8276.22357751126  2.802480E-18
8278.29180919083  3.475672E-18
8280.36004711922  1.525869E-18
8282.42829122731  2.782636E-18
8284.49654144594  2.406827E-18
8286.56479770597  3.328055E-18
8288.63305993825  7.369428E-19
8290.70132807361  1.056179E-18
8292.76960204292  2.009922E-18
8294.837881777  3.210234E-18
8296.90616720669  1.854211E-18
8298.97445826284  2.397979E-18
8301.04275487626  2.292852E-18
8303.1110569778  2.443504E-18
8305.17936449828  2.674354E-18
8307.24767736852  1.348454E-18
8309.31599551934  3.895186E-18
8311.38431888158  3.577626E-18
8313.45264738604  2.167972E-18
8315.52098096354  2.258312E-18
8317.58931954489  2.481272E-18
8319.65766306091  2.275200E-18
8321.7260114424  2.951776E-18
8323.79436462017  2.180723E-18
8325.86272252503  2.182240E-18
8327.93108508778  1.960596E-18
8329.99945223923  2.330000E-18
8332.06782391016  2.582404E-18
8334.13620003138  2.439913E-18
8336.20458053369  2.288554E-18
8338.27296534787  1.637593E-18
8340.34135440473  1.898182E-18
8342.40974763505  2.103135E-18
8344.47814496963  -3.217188E-19
8346.54654633926  -8.698198E-19
8348.61495167471  -5.316218E-19
8350.68336090678  7.762293E-19
8352.75177396625  1.438215E-19
8354.82019078391  2.075371E-18
8356.88861129054  2.307517E-18
8358.95703541692  3.845102E-18
8361.02546309383  2.254204E-18
8363.09389425205  3.084636E-18
8365.16232882237  4.488532E-18
8367.23076673555  2.334569E-18
8369.29920792239  1.452598E-18
8371.36765231365  2.630457E-18
8373.43609984011  1.821194E-18
8375.50455043255  2.289758E-18
8377.57300402175  2.880250E-18
8379.64146053848  1.868715E-18
8381.70991991351  2.460350E-18
8383.77838207762  2.137201E-18
8385.84684696159  2.150829E-18
8387.91531449619  3.302471E-18
8389.9837846122  1.531242E-18
8392.05225724039  1.722214E-18
8394.12073231153  2.357501E-18
8396.18920975641  2.885679E-18
8398.2576895058  4.315183E-18
8400.32617149046  1.571108E-19
8402.39465564119  8.949150E-19
8404.46314188876  2.393758E-18
8406.53163016395  2.303799E-18
8408.60012039753  -5.102528E-19
8410.66861252028  3.103109E-18
8412.73710646299  2.514538E-18
8414.80560215642  4.119428E-18
8416.87409953138  1.992505E-18
8418.94259851864  2.671550E-18
8421.01109904898  2.632180E-18
8423.07960105318  6.850222E-19
8425.14810446204  1.030319E-18
8427.21660920635  3.339783E-18
8429.28511521688  6.581899E-18
8431.35362242444  2.925467E-18
8433.42213075981  2.386852E-18
8435.49064015379  3.006373E-18
8437.55915053717  1.389748E-18
8439.62766184076  2.299203E-18
8441.69617399534  3.149134E-18
8443.76468693173  2.330958E-18
8445.83320058073  2.595230E-18
8447.90171487313  2.702603E-18
8449.97022973975  3.971418E-18
8452.03874511141  3.883735E-18
8454.1072609189  2.585697E-18
8456.17577709306  4.675777E-18
8458.24429356468  2.890668E-18
8460.3128102646  2.695175E-18
8462.38132712363  3.704742E-18
8464.44984407261  2.899415E-18
8466.51836104236  4.454312E-18
8468.58687796371  2.474116E-18
8470.65539476749  2.964391E-18
8472.72391138456  2.031640E-18
8474.79242774573  1.987106E-18
8476.86094378186  2.963168E-18
8478.92945942381  2.504673E-18
8480.9979746024  2.693720E-18
8483.06648924851  2.955633E-18
8485.13500329299  3.066635E-18
8487.20351666671  2.238886E-18
8489.27202930052  2.501413E-18
8491.3405411253  2.942578E-18
8493.40905207192  3.082743E-18
8495.47756207126  2.787455E-18
8497.5460710542  2.315462E-18
8499.61457895163  3.315237E-18
8501.68308569444  1.431768E-18
8503.75159121352  5.652735E-18
8505.82009543977  1.825102E-18
8507.8885983041  2.511866E-18
8509.95709973742  1.367266E-18
8512.02559967064  2.844667E-18
8514.09409803468  2.092061E-18
8516.16259476047  2.811253E-18
8518.23108977893  2.801450E-18
8520.29958302099  2.247934E-18
8522.36807441759  2.823253E-18
8524.4365638997  2.598840E-18
8526.50505139824  2.959780E-18
8528.57353684418  2.161242E-18
8530.64202016848  1.824120E-18
8532.71050130211  2.997893E-18
8534.77898017604  2.555368E-18
8536.84745672125  3.135079E-18
8538.91593086872  2.759523E-18
8540.98440254945  2.390677E-18
8543.05287169443  2.959355E-18
8545.12133823468  3.052768E-18
8547.18980210119  2.306336E-18
8549.258263225  2.587183E-18
8551.32672153711  3.669408E-18
8553.39517696856  2.901264E-18
8555.4636294504  3.077393E-18
8557.53207891366  2.628474E-18
8559.60052528939  3.498755E-18
8561.66896850867  2.924449E-18
8563.73740850254  2.521718E-18
8565.80584520209  2.679668E-18
8567.87427853839  2.453246E-18
8569.94270844255  2.300531E-18
8572.01113484564  2.750694E-18
8574.07955767877  2.636595E-18
8576.14797687307  1.961899E-18
8578.21639235964  2.221282E-18
8580.28480406962  3.194696E-18
8582.35321193415  2.755640E-18
8584.42161588436  2.815377E-18
8586.49001585141  2.982405E-18
8588.55841176647  3.763660E-18
8590.6268035607  2.651206E-18
8592.69519116528  2.735115E-18
8594.7635745114  2.783495E-18
8596.83195353026  2.254458E-18
8598.90032815307  2.450605E-18
8600.96869831104  3.320526E-18
8603.03706393538  2.797287E-18
8605.10542495735  2.670597E-18
8607.17378130819  3.765066E-18
8609.24213291914  2.644087E-18
8611.31047972147  2.142676E-18
8613.37882164645  2.649060E-18
8615.44715862537  3.658269E-18
8617.51549058952  2.515976E-18
8619.58381747019  2.518655E-18
8621.65213919872  2.891999E-18
8623.72045570641  3.419440E-18
8625.78876692461  3.067566E-18
8627.85707278466  2.393797E-18
8629.92537321792  3.648570E-18
8631.99366815575  2.214809E-18
8634.06195752953  3.113095E-18
8636.13024127065  1.999099E-18
8638.19851931052  3.302201E-18
8640.26679158053  2.726614E-18
8642.33505801212  3.085791E-18
8644.40331853673  2.886002E-18
8646.47157308579  3.976867E-18
8648.53982159077  3.243504E-18
8650.60806398313  2.961365E-18
8652.67630019437  2.685623E-18
8654.74453015597  3.751094E-18
8656.81275379944  3.172017E-18
8658.8809710563  3.282519E-18
8660.94918185809  3.116863E-18
8663.01738613634  3.249360E-18
8665.08558382262  3.566522E-18
8667.1537748485  3.349890E-18
8669.22195914555  2.973316E-18
8671.29013664538  3.602723E-18
8673.3583072796  3.046349E-18
8675.42647097983  3.285666E-18
8677.49462767771  3.947688E-18
8679.56277730488  2.089679E-18
8681.63091979301  4.296735E-18
8683.69905507379  2.861976E-18
8685.7671830789  2.428692E-18
8687.83530374005  2.922175E-18
8689.90341698896  2.590975E-18
8691.97152275737  3.627082E-18
8694.03962097702  2.733797E-18
8696.10771157968  3.168684E-18
8698.17579449714  2.805365E-18
8700.24386966118  2.525587E-18
8702.31193700362  2.082380E-18
8704.37999645627  2.744265E-18
8706.44804795098  2.955080E-18
8708.51609141961  3.229921E-18
8710.58412679403  4.208836E-18
8712.65215400611  3.238284E-18
8714.72017298778  2.903728E-18
8716.78818367094  3.617107E-18
8718.85618598752  3.405215E-18
8720.92417986949  2.505055E-18
8722.9921652488  3.969104E-18
8725.06014205744  3.197958E-18
8727.12811022742  2.230323E-18
8729.19606969075  2.548732E-18
8731.26402037946  2.617302E-18
8733.33196222561  2.848999E-18
8735.39989516126  3.094146E-18
8737.4678191185  2.191575E-18
8739.53573402943  3.986618E-18
8741.60363982618  3.364950E-18
8743.67153644088  2.970338E-18
8745.73942380569  2.845247E-18
8747.80730185278  1.862296E-18
8749.87517051436  2.422754E-18
8751.94302972261  3.584552E-18
8754.01087940979  2.392060E-18
8756.07871950814  3.378793E-18
8758.14654994991  4.088655E-18
8760.21437066741  3.303265E-18
8762.28218159292  9.427461E-19
8764.34998265878  2.957160E-18
8766.41777379734  2.242136E-18
8768.48555494094  3.011968E-18
8770.55332602199  8.437635E-19
8772.62108697286  2.104072E-18
8774.68883772599  1.530914E-18
8776.75657821382  3.927303E-18
8778.82430836882  2.793953E-18
8780.89202812345  4.526539E-18
8782.95973741023  1.786869E-18
8785.02743616168  1.307684E-18
8787.09512431034  1.802989E-18
8789.16280178877  2.928301E-18
8791.23046852957  3.012420E-18
8793.29812446533  3.706136E-18
8795.3657695287  1.971301E-18
8797.4334036523  3.083372E-18
8799.50102676882  3.556560E-18
8801.56863881096  2.394823E-18
8803.63623971141  3.384543E-18
8805.70382940293  2.413113E-18
8807.77140781826  3.724220E-18
8809.83897489019  2.642872E-18
8811.90653055154  3.778625E-18
8813.9740747351  2.491230E-18
8816.04160737375  2.773343E-18
8818.10912840035  2.672984E-18
8820.17663774779  1.954559E-18
8822.244135349  1.266173E-18
8824.31162113692  3.334727E-18
8826.3790950445  2.720646E-18
8828.44655700475  1.692966E-18
8830.51400695067  2.201497E-19
8832.5814448153  2.798638E-18
8834.64887053169  -1.168632E-19
8836.71628403295  8.649920E-19
8838.78368525217  1.719757E-18
8840.85107412249  3.046444E-18
8842.91845057707  2.506550E-18
8844.98581454909  1.660313E-18
8847.05316597176  3.126025E-18
8849.12050477832  4.784772E-18
8851.18783090203  3.897781E-18
8853.25514427617  3.342631E-18
8855.32244483405  2.775723E-18
8857.38973250901  3.079700E-18
8859.45700723441  3.406433E-18
8861.52426894364  3.687653E-18
8863.59151757012  3.991630E-18
8865.6587530473  4.295606E-18
8867.72597530863  3.312846E-18
8869.79318428761  3.816151E-18
8871.86037991776  1.822161E-18
8873.92756213265  2.996780E-18
8875.99473086584  1.241953E-18
8878.06188605093  2.651396E-18
8880.12902762156  3.111745E-18
8882.1961555114  2.122725E-18
8884.26326965412  4.794648E-18
8886.33036998344  3.852864E-18
8888.39745643312  3.917308E-18
8890.46452893691  1.687578E-18
8892.53158742863  2.056412E-18
8894.5986318421  -9.196290E-19
8896.66566211118  3.065874E-18
8898.73267816976  2.597052E-18
8900.79967995177  2.991365E-18
8902.86666739114  3.013390E-18
8904.93364042185  1.055653E-18
8907.00059897791  2.515829E-18
8909.06754299335  4.224442E-18
8911.13447240225  1.379046E-18
8913.2013871387  1.642119E-18
8915.26828713683  2.081665E-18
8917.33517233079  6.234354E-18
8919.40204265477  1.220312E-18
8921.46889804301  1.460858E-18
8923.53573842973  2.386121E-18
8925.60256374924  -4.518241E-19
8927.66937393584  -1.298485E-19
8929.73616892388  2.204171E-18
8931.80294864773  2.087382E-18
8933.8697130418  1.773691E-18
8935.93646204055  2.013370E-18
8938.00319557844  1.222989E-18
8940.06991358997  3.729063E-18
8942.13661600969  3.662991E-18
8944.20330277217  2.278330E-18
8946.26997381201  1.006934E-18
8948.33662906386  -7.685630E-19
8950.40326846239  7.181439E-20
8952.46989194229  1.568994E-18
8954.53649943832  2.350571E-18
8956.60309088524  3.936972E-18
8958.66966621787  2.569639E-18
8960.73622537103  1.623055E-19
8962.80276827962  1.038617E-18
8964.86929487854  4.195865E-19
8966.93580510273  1.441972E-18
8969.00229888719  3.262026E-18
8971.06877616691  2.592411E-18
8973.13523687696  1.741069E-18
8975.20168095242  1.994607E-18
8977.26810832842  2.118157E-18
8979.33451894011  2.274420E-18
8981.40091272269  1.522384E-18
8983.46728961139  2.005585E-18
8985.53364954147  2.240823E-18
8987.59999244825  2.478684E-18
8989.66631826706  1.851636E-18
8991.73262693329  3.280054E-18
8993.79891838233  1.697322E-18
8995.86519254966  2.604768E-18
8997.93144937075  3.847225E-18
8999.99768878114  4.926889E-18
9002.0639107164  3.214266E-18
9004.13011511212  9.820787E-19
9006.19630190395  1.763476E-18
9008.26247102758  1.855049E-18
9010.32862241871  1.863622E-18
9012.39475601312  2.313907E-18
9014.46087174659  2.092166E-18
9016.52696955496  2.536136E-18
9018.59304937412  2.887503E-18
9020.65911113997  2.002882E-18
9022.72515478848  2.793428E-18
9024.79118025564  1.052055E-18
9026.85718747748  2.059213E-18
9028.92317639008  2.720548E-18
9030.98914692956  1.210423E-18
9033.05509903207  1.712348E-18
9035.12103263383  2.027916E-18
9037.18694767106  2.376698E-18
9039.25284408004  2.694477E-18
9041.31872179711  2.569973E-18
9043.38458075863  2.104721E-18
9045.45042090099  1.703023E-18
9047.51624216066  1.542430E-18
9049.58204447412  1.743596E-18
9051.6478277779  1.149382E-18
9053.7135920086  6.392188E-19
9055.77933710281  2.385186E-18
9057.8450629972  2.091783E-18
9059.9107696285  1.695186E-18
9061.97645693343  2.330178E-18
9064.04212484879  2.136303E-18
9066.10777331143  2.097288E-18
9068.17340225821  2.305165E-18
9070.23901162609  2.150438E-18
9072.30460135201  1.874620E-18
9074.37017137299  2.274627E-18
9076.43572162609  2.232469E-18
9078.50125204842  1.806281E-18
9080.56676257712  1.096682E-18
9082.63225314941  1.916199E-18
9084.69772370251  2.339815E-18
9086.76317417371  1.513410E-18
9088.82860450035  2.207047E-18
9090.8940146198  2.828216E-18
9092.9594044695  2.151393E-18
9095.02477398691  1.052922E-18
9097.09012310955  2.626721E-18
9099.155451775  2.647543E-18
9101.22075992087  3.022942E-18
9103.28604748482  1.963453E-18
9105.35131440455  2.143840E-18
9107.41656061783  1.620944E-18
9109.48178606247  1.044523E-18
9111.54699067631  1.433262E-18
9113.61217439726  1.513259E-18
9115.67733716328  2.466997E-18
9117.74247891235  1.959606E-18
9119.80759958254  2.364924E-18
9121.87269911194  1.581401E-18
9123.93777743871  2.623844E-18
9126.00283450103  2.064607E-18
9128.06787023716  2.454269E-18
9130.1328845854  2.316650E-18
9132.1978774841  2.104237E-18
9134.26284887165  1.609508E-18
9136.32779868651  1.769868E-18
9138.39272686719  1.517850E-18
9140.45763335223  1.711133E-18
9142.52251808024  1.576036E-18
9144.58738098988  1.841056E-18
9146.65222201985  1.524676E-18
9148.71704110892  1.576020E-18
9150.7818381959  2.330206E-18
9152.84661321966  2.801575E-18
9154.91136611911  1.086294E-18
9156.97609683324  1.527278E-18
9159.04080530104  2.128338E-18
9161.10549146163  1.213698E-18
9163.17015525411  1.914072E-18
9165.23479661769  1.725303E-18
9167.2994154916  1.265124E-18
9169.36401181512  2.624815E-18
9171.42858552763  2.432697E-18
9173.49313656851  1.787958E-18
9175.55766487722  1.266421E-18
9177.62217039329  1.216780E-18
9179.68665305627  1.855586E-18
9181.7511128058  1.941887E-18
9183.81554958156  2.133088E-18
9185.87996332328  2.427536E-18
9187.94435397076  1.777618E-18
9190.00872146384  1.520461E-18
9192.07306574244  2.093412E-18
9194.13738674651  1.818319E-18
9196.20168441609  2.211219E-18
9198.26595869123  2.010999E-18
9200.33020951209  3.440249E-18
9202.39443681886  2.358179E-18
9204.45864055179  1.922429E-18
9206.52282065118  2.980609E-18
9208.58697705741  2.050909E-18
9210.65110971091  2.382650E-18
9212.71521855216  2.175966E-18
9214.7793035217  2.701823E-18
9216.84336456015  2.535595E-18
9218.90740160817  2.272738E-18
9220.97141460648  3.322502E-18
9223.03540349587  1.584797E-18
9225.09936821717  2.512434E-18
9227.16330871131  3.089946E-18
9229.22722491925  2.680678E-18
9231.29111678201  1.298361E-18
9233.35498424068  1.854207E-18
9235.41882723641  2.382475E-18
9237.48264571042  2.460043E-18
9239.54643960398  2.403996E-18
9241.61020885843  1.970190E-18
9243.67395341516  2.016445E-18
9245.73767321563  2.767894E-18
9247.80136820139  1.960497E-18
9249.865038314  2.397333E-18
9251.92868349512  2.225129E-18
9253.99230368646  1.627502E-18
9256.05589882981  2.590157E-18
9258.11946886701  2.200823E-18
9260.18301373996  2.189450E-18
9262.24653339063  2.420419E-18
9264.31002776106  2.133090E-18
9266.37349679336  2.263893E-18
9268.43694042969  2.840361E-18
9270.50035861227  2.133371E-18
9272.56375128341  2.922950E-18
9274.62711838548  1.879790E-18
9276.69045986089  2.076609E-18
9278.75377565216  2.237566E-18
9280.81706570183  2.275214E-18
9282.88032995255  2.525232E-18
9284.943568347  2.972446E-18
9287.00678082796  3.315237E-18
9289.06996733825  1.620994E-18
9291.13312782078  2.431089E-18
9293.1962622185  3.944920E-18
9295.25937047447  2.454757E-18
9297.32245253178  1.659095E-18
9299.3855083336  2.094822E-18
9301.44853782319  1.617423E-18
9303.51154094386  3.293518E-18
9305.57451763897  2.645669E-18
9307.63746785199  9.720815E-20
9309.70039152645  2.289996E-18
9311.76328860592  4.036750E-18
9313.82615903408  -6.867579E-20
9315.88900275465  -5.517709E-19
9317.95181971144  1.672436E-18
9320.01460984834  -2.333910E-19
9322.07737310928  1.125200E-18
9324.14010943827  1.356330E-18
9326.20281877943  2.472820E-18
9328.26550107691  3.255155E-18
9330.32815627493  1.999627E-18
9332.39078431783  1.456980E-18
9334.45338514997  2.567666E-18
9336.51595871581  2.685897E-18
9338.57850495988  2.222188E-18
9340.64102382678  1.586905E-18
9342.70351526119  2.685963E-18
9344.76597920785  1.378142E-18
9346.8284156116  2.070962E-18
9348.89082441734  1.612114E-18
9350.95320557004  2.407262E-18
9353.01555901474  1.309448E-18
9355.07788469658  2.424331E-18
9357.14018256076  1.709157E-18
9359.20245255256  2.493308E-18
9361.26469461732  1.407576E-18
9363.32690870048  1.695428E-18
9365.38909474756  2.240301E-18
9367.45125270412  1.040461E-18
9369.51338251584  5.300732E-19
9371.57548412845  1.323052E-18
9373.63755748778  1.946999E-18
9375.69960253971  -1.078063E-18
9377.76161923022  -4.017973E-18
9379.82360750537  -4.514646E-18
9381.88556731128  -1.557327E-18
9383.94749859416  -1.420703E-18
9386.00940130031  3.430877E-18
9388.0712753761  2.959750E-18
9390.13312076797  2.487684E-18
9392.19493742245  2.142008E-18
9394.25672528615  3.133762E-18
9396.31848430577  2.414351E-18
9398.38021442808  3.550526E-18
9400.44191559992  4.557590E-18
9402.50358776824  1.934859E-18
9404.56523088005  3.972500E-18
9406.62684488244  2.292120E-18
9408.6884297226  2.627124E-18
9410.74998534779  1.914209E-18
9412.81151170536  2.524528E-18
9414.87300874274  2.775621E-18
9416.93447640743  3.027966E-18
9418.99591464703  4.081204E-18
9421.05732340923  2.039618E-18
9423.11870264178  1.652290E-18
9425.18005229254  2.150900E-18
9427.24137230943  1.275392E-18
9429.30266264048  2.730153E-18
9431.36392323378  1.283142E-18
9433.42515403753  6.493788E-19
9435.48635500001  8.857541E-19
9437.54752606956  3.864107E-18
9439.60866719464  1.841519E-18
9441.66977832377  7.878995E-19
9443.73085940559  2.612861E-18
9445.79191038879  8.088644E-19
9447.85293122217  2.407327E-19
9449.91392185461  2.655869E-18
9451.97488223508  2.412112E-18
9454.03581231264  1.823189E-18
9456.09671203644  2.306666E-18
9458.15758135571  2.461132E-18
9460.21842021976  1.410662E-18
9462.27922857803  1.906900E-18
9464.34000638  2.074264E-18
9466.40075357528  1.401943E-18
9468.46147011354  1.660530E-18
9470.52215594455  1.325212E-18
9472.58281101819  1.281284E-18
9474.6434352844  1.550166E-18
9476.70402869324  7.892957E-19
9478.76459119483  7.750602E-19
9480.8251227394  -2.421606E-19
9482.88562327729  -9.990567E-19
9484.94609275889  -1.105655E-19
9487.00653113472  2.023080E-18
9489.06693835538  2.349911E-18
9491.12731437155  2.126257E-18
9493.18765913402  2.136279E-18
9495.24797259367  1.738478E-18
9497.30825470148  2.044857E-18
9499.3685054085  1.206249E-18
9501.42872466591  3.561870E-18
9503.48891242495  1.660257E-18
9505.54906863698  -1.676954E-19
9507.60919325345  4.148354E-19
9509.6692862259  7.386095E-19
9511.72934750596  1.151624E-18
9513.78937704537  3.073417E-18
9515.84937479596  3.086145E-18
9517.90934070967  3.940425E-18
9519.9692747385  1.211476E-18
9522.0291768346  1.889676E-18
9524.08904695017  1.764442E-18
9526.14888503754  1.740999E-18
9528.20869104912  1.631212E-18
9530.26846493742  2.578475E-18
9532.32820665506  1.962171E-18
9534.38791615475  2.200674E-18
9536.44759338931  2.380754E-18
9538.50723831164  3.122441E-18
9540.56685087476  1.606045E-18
9542.62643103178  1.138177E-18
9544.6859787359  1.770765E-18
9546.74549394045  1.337889E-18
9548.80497659884  1.409586E-18
9550.86442666457  2.971146E-18
9552.92384409128  2.013550E-18
9554.98322883268  3.434253E-19
9557.04258084258  1.866080E-18
9559.10190007493  8.009034E-19
9561.16118648373  6.869814E-19
9563.22044002312  2.362019E-18
9565.27966064734  2.970035E-18
9567.33884831072  1.499901E-18
9569.3980029677  2.100098E-18
9571.45712457283  2.204939E-18
9573.51621308076  2.671764E-18
9575.57526844624  8.113676E-19
9577.63429062414  2.805399E-18
9579.69327956941  1.919378E-18
9581.75223523713  1.452133E-18
9583.81115758249  1.831017E-18
9585.87004656075  1.890199E-18
9587.92890212732  1.235340E-18
9589.98772423769  1.504696E-18
9592.04651284746  1.263125E-18
9594.10526791235  1.178625E-18
9596.16398938818  1.325421E-18
9598.22267723088  1.523627E-18
9600.28133139648  1.997666E-18
9602.33995184113  1.489280E-18
9604.39853852109  2.736709E-18
9606.45709139271  2.018782E-18
9608.51561041248  1.262270E-18
9610.57409553697  1.323607E-18
9612.63254672289  2.185962E-18
9614.69096392703  1.572968E-18
9616.74934710631  2.417511E-18
9618.80769621777  2.098112E-18
9620.86601121852  1.797249E-18
9622.92429206584  1.185548E-18
9624.98253871708  2.107894E-18
9627.04075112971  1.877813E-18
9629.09892926132  1.028363E-18
9631.15707306962  1.665664E-18
9633.21518251241  1.814599E-18
9635.27325754762  1.048712E-18
9637.3312981333  1.523024E-18
9639.3893042276  1.192878E-18
9641.4472757888  1.906051E-18
9643.50521277527  9.442620E-19
9645.56311514552  4.214475E-19
9647.62098285816  1.722816E-18
9649.67881587192  7.564153E-19
9651.73661414566  1.525568E-18
9653.79437763833  1.742370E-18
9655.85210630901  1.256718E-18
9657.90980011692  1.651228E-18
9659.96745902135  7.429727E-19
9662.02508298174  1.104067E-18
9664.08267195765  7.179299E-19
9666.14022590874  1.686108E-18
9668.19774479481  2.357900E-18
9670.25522857574  1.416007E-18
9672.31267721159  2.910647E-19
9674.37009066248  1.534207E-18
9676.42746888868  1.700477E-18
9678.48481185059  1.547014E-18
9680.5421195087  2.516113E-18
9682.59939182364  4.783829E-19
9684.65662875616  2.306182E-18
9686.71383026713  1.570560E-18
9688.77099631754  7.613095E-19
9690.8281268685  -4.940005E-19
9692.88522188125  8.977983E-19
9694.94228131714  2.694571E-18
9696.99930513767  2.481869E-18
9699.05629330443  1.217991E-19
9701.11324577914  -9.937041E-19
9703.17016252367  -1.180013E-18
9705.22704349999  5.202496E-19
9707.2838886702  1.603307E-18
9709.34069799653  9.394908E-19
9711.39747144132  3.683753E-19
9713.45420896706  5.534593E-19
9715.51091053634  -6.065717E-19
9717.5675761119  2.390035E-18
9719.6242056566  -6.944870E-19
9721.6807991334  1.263265E-18
9723.73735650543  -1.291942E-18
9725.79387773592  -2.152494E-19
9727.85036278824  -2.111075E-19
9729.90681162587  7.072022E-19
9731.96322421244  6.618670E-19
9734.01960051171  1.164801E-18
9736.07594048755  1.264136E-18
9738.13224410396  8.748515E-19
9740.18851132509  6.862797E-19
9742.24474211522  3.055270E-18
9744.30093643872  7.272064E-19
9746.35709426014  1.696596E-18
9748.41321554415  1.763062E-18
9750.46930025552  2.254642E-18
9752.52534835918  1.699374E-18
9754.5813598202  2.368890E-19
9756.63733460376  8.468213E-19
9758.69327267519  1.497631E-18
9760.74917399992  6.685913E-19
9762.80503854357  3.183250E-19
9764.86086627184  1.232914E-18
9766.9166571506  6.683502E-20
9768.97241114583  5.167614E-19
9771.02812822366  4.546921E-19
9773.08380835034  7.824021E-19
9775.13945149229  8.264602E-19
9777.19505761602  -4.673245E-20
9779.2506266882  1.879900E-18
9781.30615867564  6.798525E-19
9783.36165354529  2.674908E-19
9785.41711126421  1.213332E-18
9787.47253179962  1.936035E-18
9789.52791511887  2.437475E-18
9791.58326118947  1.208420E-18
9793.63856997902  6.012536E-19
9795.69384145531  1.507198E-18
9797.74907558624  1.956550E-18
9799.80427233986  1.719039E-19
9801.85943168435  2.428060E-19
9803.91455358804  6.271615E-19
9805.9696380194  5.713995E-19
9808.02468494703  -6.114590E-19
9810.0796943397  1.128181E-18
9812.13466616627  1.657375E-18
9814.18960039579  1.770007E-18
9816.24449699743  1.332812E-18
9818.29935594051  2.099290E-18
9820.35417719449  1.898678E-18
9822.40896072898  1.861477E-18
9824.4637065137  2.373799E-18
9826.51841451857  1.344119E-18
9828.57308471361  4.809634E-19
9830.627717069  7.597475E-19
9832.68231155507  1.098403E-18
9834.73686814228  6.864840E-19
9836.79138680126  8.115472E-19
9838.84586750275  8.424885E-19
9840.90031021767  4.068327E-19
9842.95471491708  8.020569E-19
9845.00908157216  1.361074E-21
9847.06341015427  3.243748E-19
9849.11770063492  1.879883E-18
9851.17195298573  2.545098E-19
9853.22616717851  3.032906E-19
9855.28034318518  1.499679E-18
9857.33448097784  9.128046E-19
9859.38858052875  1.387039E-18
9861.44264181026  1.057457E-18
9863.49666479494  4.949647E-19
9865.55064945547  1.988448E-19
9867.60459576469  2.546150E-18
9869.65850369558  1.872495E-18
9871.71237322131  2.414441E-18
9873.76620431515  1.723577E-18
9875.81999695055  -7.752736E-19
9877.87375110113  -2.922206E-18
9879.92746674062  3.678299E-19
9881.98114384293  7.843563E-19
9884.03478238213  3.794573E-18
9886.08838233242  2.006625E-19
9888.14194366818  9.801028E-19
9890.19546636393  2.073231E-18
9892.24895039435  3.320901E-18
9894.30239573425  4.025504E-19
9896.35580235865  -1.064216E-18
9898.40917024268  7.314954E-19
9900.46249936164  -2.060401E-18
9902.515789691  -1.135075E-18
9904.56904120636  9.610560E-19
9906.6222538835  1.776041E-18
9908.67542769835  5.741662E-19
9910.72856262701  3.788288E-18
9912.78165864571  7.050766E-19
9914.83471573086  4.173472E-18
9916.88773385904  2.496602E-18
9918.94071300696  1.662639E-18
9920.99365315151  1.044101E-18
9923.04655426974  -1.087659E-18
9925.09941633886  1.166516E-18
9927.15223933623  1.071085E-18
9929.20502323939  1.411988E-18
9931.25776802602  2.368087E-18
9933.31047367398  -1.142475E-18
9935.36314016129  1.826341E-18
9937.41576746612  1.861817E-18
9939.46835556683  3.500150E-19
9941.52090444191  4.166055E-18
9943.57341407003  -7.761406E-19
9945.62588443003  -1.428802E-18
9947.67831550092  -3.294608E-18
9949.73070726185  -2.368690E-18
9951.78305969217  3.684409E-19
9953.83537277134  1.042964E-18
9955.88764647906  7.989509E-19
9957.93988079515  -1.124884E-18
9959.99207569959  -5.983037E-19
9962.04423117256  -7.530273E-19
9964.09634719439  -6.142192E-19
9966.14842374558  -2.043222E-18
9968.20046080679  3.124182E-19
9970.25245835886  1.465769E-19
9972.3044163828  1.447935E-18
9974.35633485979  4.529702E-19
9976.40821377117  1.991770E-18
9978.46005309845  2.899582E-19
9980.51185282333  1.565822E-18
9982.56361292765  -3.325887E-19
9984.61533339346  1.627937E-18
9986.66701420295  1.697649E-18
9988.7186553385  1.193061E-18
9990.77025678265  8.121254E-19
9992.82181851812  1.078284E-21
9994.8733405278  2.043020E-18
9996.92482279476  1.674441E-18
9998.97626530225  7.432679E-20
10001.0276680337  1.377236E-18
10003.0790309726  1.811985E-18
10005.1303541028  -8.133622E-20
10007.1816374083  3.960733E-20
10009.2328808731  -1.585715E-18
10011.2840844815  3.162930E-20
10013.3352482181  -5.174937E-18
10015.3863720674  -1.440828E-18
10017.4374560143  -6.384551E-18
10019.4885000437  -2.680970E-19
10021.5395041409  1.220785E-19
10023.5904682913  1.238379E-18
10025.6413924803  2.836037E-18
10027.6922766936  2.976473E-18
10029.7431209173  -1.449886E-19
10031.7939251372  -3.471184E-19
10033.8446893398  1.113264E-18
10035.8954135114  8.131701E-19
10037.9460976387  1.329420E-18
10039.9967417085  8.362333E-19
10042.0473457077  1.477804E-18
10044.0979096235  1.848321E-18
10046.1484334433  8.919717E-19
10048.1989171546  8.629038E-19
10050.2493607451  9.214566E-19
10052.2997642027  1.088126E-18
10054.3501275155  6.021879E-19
10056.4004506717  1.644550E-18
10058.4507336599  2.283955E-18
10060.5009764686  1.848884E-18
10062.5511790868  -6.694156E-19
10064.6013415033  1.909178E-18
10066.6514637074  1.388103E-18
10068.7015456885  1.256613E-18
10070.7515874361  2.082678E-19
10072.8015889401  -3.744092E-20
10074.8515501903  9.709043E-19
10076.9014711769  7.628506E-19
10078.9513518902  7.723776E-19
10081.0011923208  1.418655E-18
10083.0509924594  2.427441E-18
10085.1007522968  2.177710E-18
10087.1504718241  1.439610E-18
10089.2001510326  5.752846E-19
10091.2497899139  1.272300E-19
10093.2993884594  9.397694E-19
10095.3489466612  1.219837E-18
10097.3984645112  8.706810E-19
10099.4479420017  6.172686E-19
10101.4973791251  1.282324E-18
10103.5467758741  1.962691E-18
10105.5961322414  1.102126E-18
10107.6454482201  6.084119E-19
10109.6947238034  1.708578E-18
10111.7439589847  4.141983E-19
10113.7931537576  8.588602E-19
10115.8423081159  4.915174E-19
10117.8914220536  4.971140E-19
10119.9404955648  1.587136E-18
10121.989528644  8.235781E-20
10124.0385212858  6.794928E-19
10126.0874734849  -5.955547E-19
10128.1363852364  -6.552589E-19
10130.1852565353  7.585199E-20
10132.2340873771  5.038702E-19
10134.2828777574  3.962848E-19
10136.331627672  1.007363E-18
10138.3803371168  7.330407E-19
10140.429006088  9.348160E-19
10142.4776345819  1.124422E-18
10144.5262225953  1.562320E-18
10146.5747701248  9.350489E-19
10148.6232771675  1.226514E-18
10150.6717437206  7.484101E-19
10152.7201697814  1.371708E-18
10154.7685553476  1.315517E-18
10156.8169004169  7.631266E-19
10158.8652049874  1.253720E-18
10160.9134690573  6.028414E-19
10162.961692625  3.930287E-19
10165.0098756891  5.340692E-19
10167.0580182485  1.360895E-18
10169.1061203022  5.135881E-19
10171.1541818494  5.436510E-19
10173.2022028897  -3.730336E-19
10175.2501834226  -4.502991E-19
10177.298123448  1.979880E-19
10179.3460229661  3.631540E-20
10181.393881977  3.082074E-19
10183.4417004814  1.080455E-18
10185.4894784798  8.137949E-19
10187.5372159733  7.866734E-19
10189.584912963  2.588618E-20
10191.6325694501  -1.284342E-19
10193.6801854363  3.436216E-19
10195.7277609233  -1.151691E-19
10197.775295913  6.714161E-19
10199.8227904078  1.012097E-18
