3674.0	7.11958e-18
3675.924388	-5.81738e-18
3677.848776	-2.62841e-17
3679.773163	-1.41394e-17
3681.697551	-1.30661e-17
3683.621939	2.41219e-17
3685.546327	2.41104e-17
3687.470715	1.35102e-17
3689.395102	2.77068e-18
3691.31949	-6.25892e-18
3693.243878	4.63427e-18
3695.168266	1.33331e-17
3697.092654	-6.97493e-18
3699.017041	-1.9423e-17
3700.941429	-8.18228e-19
3702.865817	2.76336e-18
3704.790205	-9.54446e-18
3706.714593	-4.12627e-18
3708.63898	-7.81207e-18
3710.563368	-8.78206e-19
3712.487756	7.65285e-18
3714.412144	4.12619e-18
3716.336532	1.23213e-17
3718.260919	1.06238e-17
3720.185307	6.79703e-18
3722.109695	5.80141e-18
3724.034083	-2.12057e-19
3725.958471	-4.76194e-18
3727.882858	2.19168e-18
3729.807246	9.73565e-19
3731.731634	1.3756e-17
3733.656022	-1.34061e-17
3735.580409	1.2715e-20
3737.504797	5.26042e-18
3739.429185	2.42422e-18
3741.353573	2.46984e-19
3743.277961	-4.77454e-18
3745.202348	6.17424e-18
3747.126736	2.2527e-17
3749.051124	1.87143e-17
3750.975512	1.7783e-17
3752.8999	1.07433e-17
3754.824287	7.82311e-18
3756.748675	1.2253e-17
3758.673063	-9.51254e-19
3760.597451	2.57233e-18
3762.521839	7.16602e-18
3764.446226	-3.1993e-18
3766.370614	-1.26118e-17
3768.295002	-3.33335e-18
3770.21939	-3.25646e-18
3772.143778	-1.42337e-17
3774.068165	-1.18893e-18
3775.992553	7.21452e-18
3777.916941	1.92864e-19
3779.841329	1.13678e-17
3781.765717	1.27068e-18
3783.690104	-6.07425e-19
3785.614492	6.44893e-18
3787.53888	-1.73582e-18
3789.463268	-6.59531e-19
3791.387656	-5.98908e-18
3793.312043	-5.08685e-18
3795.236431	9.89354e-18
3797.160819	1.40464e-17
3799.085207	1.14311e-17
3801.009595	-1.1449e-18
3802.933982	-3.46579e-18
3804.85837	-9.12047e-21
3806.782758	8.96108e-18
3808.707146	2.38898e-18
3810.631534	6.24936e-18
3812.555921	7.63423e-18
3814.480309	7.19087e-18
3816.404697	-3.09239e-19
3818.329085	-5.73742e-18
3820.253473	8.68486e-18
3822.17786	1.00816e-17
3824.102248	2.62483e-18
3826.026636	1.24149e-17
3827.951024	3.05499e-18
3829.875412	-7.77234e-18
3831.799799	-7.49104e-18
3833.724187	1.09232e-17
3835.648575	1.51159e-17
3837.572963	2.73263e-18
3839.49735	-2.02233e-18
3841.421738	-1.6604e-18
3843.346126	-2.96551e-18
3845.270514	5.87363e-18
3847.194902	4.70202e-18
3849.119289	1.17217e-17
3851.043677	9.1169e-18
3852.968065	-4.40513e-18
3854.892453	4.80052e-18
3856.816841	1.2535e-17
3858.741228	1.06846e-18
3860.665616	-3.97014e-18
3862.590004	-2.66138e-18
3864.514392	4.85734e-18
3866.43878	5.84762e-18
3868.363167	8.67496e-18
3870.287555	6.11891e-18
3872.211943	8.96146e-18
3874.136331	8.07931e-18
3876.060719	1.11597e-18
3877.985106	6.85947e-19
3879.909494	1.35923e-18
3881.833882	8.65754e-18
3883.75827	1.20128e-17
3885.682658	9.19957e-18
3887.607045	4.02521e-18
3889.531433	9.82839e-18
3891.455821	1.86841e-17
3893.380209	1.46579e-17
3895.304597	1.11052e-17
3897.228984	5.5402e-18
3899.153372	1.17149e-17
3901.07776	8.83137e-18
3903.002148	6.90117e-18
3904.926536	-4.67352e-18
3906.850923	-2.09177e-18
3908.775311	6.57643e-18
3910.699699	4.13862e-18
3912.624087	1.63446e-18
3914.548475	1.20331e-17
3916.472862	1.11851e-17
3918.39725	5.26404e-18
3920.321638	2.99995e-18
3922.246026	2.27024e-18
3924.170414	7.14006e-18
3926.094801	4.15162e-18
3928.019189	5.06332e-18
3929.943577	1.2251e-17
3931.867965	7.77362e-18
3933.792353	7.06496e-18
3935.71674	1.12604e-17
3937.641128	7.90411e-18
3939.565516	5.18666e-19
3941.489904	-5.63133e-18
3943.414291	7.89242e-19
3945.338679	7.72688e-18
3947.263067	6.05684e-18
3949.187455	2.87385e-18
3951.111843	-1.6643e-18
3953.03623	-7.59887e-18
3954.960618	-3.17347e-18
3956.885006	6.90834e-18
3958.809394	6.56863e-18
3960.733782	4.54841e-18
3962.658169	2.72863e-18
3964.582557	7.03223e-19
3966.506945	2.88127e-18
3968.431333	8.3432e-19
3970.355721	1.11801e-18
3972.280108	3.51476e-18
3974.204496	4.5341e-18
3976.128884	3.19246e-18
3978.053272	4.16722e-18
3979.97766	7.55556e-18
3981.902047	1.461e-17
3983.826435	6.74831e-18
3985.750823	3.44359e-18
3987.675211	6.64583e-18
3989.599599	5.78358e-18
3991.523986	2.46472e-18
3993.448374	1.09054e-17
3995.372762	6.70182e-18
3997.29715	3.169e-18
3999.221538	2.89587e-18
4001.145925	1.33681e-18
4003.070313	-3.38242e-19
4004.994701	-5.03546e-18
4006.919089	2.94469e-18
4008.843477	4.52323e-18
4010.767864	6.70074e-18
4012.692252	-1.30667e-19
4014.61664	4.16107e-18
4016.541028	8.14931e-18
4018.465416	3.0535e-18
4020.389803	3.85874e-19
4022.314191	4.88143e-18
4024.238579	2.79473e-18
4026.162967	-1.03402e-18
4028.087355	2.77463e-18
4030.011742	5.23259e-18
4031.93613	1.85766e-18
4033.860518	3.9574e-18
4035.784906	5.98794e-18
4037.709294	2.45356e-18
4039.633681	2.67896e-18
4041.558069	5.16234e-18
4043.482457	3.55508e-18
4045.406845	4.65117e-20
4047.331232	9.15863e-18
4049.25562	6.28591e-18
4051.180008	6.62625e-18
4053.104396	5.39974e-18
4055.028784	1.72453e-18
4056.953171	-1.06385e-18
4058.877559	5.68038e-18
4060.801947	1.08613e-18
4062.726335	-8.20518e-18
4064.650723	-2.43595e-18
4066.57511	7.46848e-19
4068.499498	-1.64263e-18
4070.423886	1.62659e-18
4072.348274	-4.40467e-18
4074.272662	-6.38799e-18
4076.197049	5.13918e-18
4078.121437	1.11749e-17
4080.045825	2.36165e-18
4081.970213	8.01563e-18
4083.894601	3.31996e-18
4085.818988	7.6323e-18
4087.743376	1.01917e-17
4089.667764	4.99822e-18
4091.592152	8.67196e-18
4093.51654	4.12485e-18
4095.440927	2.95578e-19
4097.365315	5.3397e-18
4099.289703	6.08933e-18
4101.214091	-2.00162e-18
4103.138479	6.44447e-18
4105.062866	5.37218e-18
4106.987254	2.18742e-18
4108.911642	7.33409e-18
4110.83603	1.44425e-17
4112.760418	8.07591e-18
4114.684805	9.07677e-18
4116.609193	6.43793e-18
4118.533581	5.16673e-18
4120.457969	7.54994e-18
4122.382357	6.36299e-18
4124.306744	4.85065e-18
4126.231132	6.92024e-18
4128.15552	9.37957e-18
4130.079908	9.61148e-18
4132.004296	9.9732e-18
4133.928683	6.78546e-18
4135.853071	1.01317e-17
4137.777459	1.68234e-17
4139.701847	1.48279e-17
4141.626235	8.45969e-18
4143.550622	1.01375e-17
4145.47501	8.1794e-18
4147.399398	8.14906e-18
4149.323786	4.1229e-18
4151.248173	3.41808e-19
4153.172561	7.28918e-18
4155.096949	7.8808e-18
4157.021337	8.40713e-18
4158.945725	5.13427e-18
4160.870112	2.39349e-18
4162.7945	9.65137e-18
4164.718888	1.12726e-17
4166.643276	8.79332e-18
4168.567664	5.34135e-18
4170.492051	9.13881e-18
4172.416439	8.53298e-18
4174.340827	1.11899e-17
4176.265215	1.70394e-17
4178.189603	1.66129e-17
4180.11399	1.25202e-17
4182.038378	8.76689e-18
4183.962766	7.9464e-18
4185.887154	5.96946e-18
4187.811542	2.78617e-18
4189.735929	6.9954e-18
4191.660317	3.841e-18
4193.584705	5.44024e-18
4195.509093	7.00502e-18
4197.433481	5.66366e-18
4199.357868	4.13924e-18
4201.282256	5.80055e-18
4203.206644	6.77231e-18
4205.131032	2.35913e-18
4207.05542	-3.19029e-18
4208.979807	9.79185e-18
4210.904195	6.70214e-18
4212.828583	1.0559e-18
4214.752971	4.95609e-18
4216.677359	9.68544e-18
4218.601746	7.58823e-18
4220.526134	7.86634e-18
4222.450522	6.60249e-18
4224.37491	6.86767e-18
4226.299298	6.05858e-18
4228.223685	2.00294e-18
4230.148073	3.98669e-18
4232.072461	5.86204e-18
4233.996849	8.47235e-18
4235.921237	3.35327e-18
4237.845624	5.43636e-19
4239.770012	3.81703e-18
4241.6944	3.49367e-18
4243.618788	-4.48983e-19
4245.543176	1.82878e-18
4247.467563	5.2393e-18
4249.391951	6.93317e-18
4251.316339	8.66344e-18
4253.240727	7.21973e-18
4255.165114	7.70923e-18
4257.089502	5.34317e-18
4259.01389	3.67008e-18
4260.938278	2.78177e-18
4262.862666	5.62849e-18
4264.787053	6.61009e-18
4266.711441	2.95417e-18
4268.635829	3.20461e-18
4270.560217	6.34103e-18
4272.484605	7.52147e-18
4274.408992	7.32877e-18
4276.33338	5.92676e-18
4278.257768	3.5555e-18
4280.182156	5.16303e-18
4282.106544	1.01514e-17
4284.030931	1.25882e-17
4285.955319	7.55248e-18
4287.879707	6.48893e-18
4289.804095	1.03651e-17
4291.728483	1.04506e-17
4293.65287	1.25289e-17
4295.577258	9.37222e-18
4297.501646	1.51951e-17
4299.426034	5.1709e-18
4301.350422	9.79574e-18
4303.274809	1.03992e-17
4305.199197	8.94685e-18
4307.123585	8.34756e-18
4309.047973	1.02949e-17
4310.972361	5.91121e-18
4312.896748	5.91468e-18
4314.821136	5.34563e-18
4316.745524	4.90578e-18
4318.669912	5.7025e-18
4320.5943	7.01645e-18
4322.518687	5.77757e-18
4324.443075	5.25649e-18
4326.367463	9.69388e-18
4328.291851	6.70107e-18
4330.216239	6.86477e-18
4332.140626	1.22861e-17
4334.065014	1.14375e-17
4335.989402	6.68247e-18
4337.91379	5.33922e-18
4339.838178	4.16243e-18
4341.762565	9.87085e-18
4343.686953	7.46932e-18
4345.611341	3.93259e-18
4347.535729	6.11964e-18
4349.460117	6.01019e-18
4351.384504	3.0907e-18
4353.308892	4.69993e-18
4355.23328	4.09854e-18
4357.157668	3.37806e-18
4359.082055	4.60986e-18
4361.006443	7.87421e-18
4362.930831	6.29717e-18
4364.855219	2.0772e-18
4366.779607	3.48489e-18
4368.703994	7.08209e-18
4370.628382	9.33998e-18
4372.55277	9.72139e-18
4374.477158	9.34447e-18
4376.401546	5.36492e-18
4378.325933	7.47664e-18
4380.250321	8.00206e-18
4382.174709	7.51943e-18
4384.099097	7.63357e-18
4386.023485	8.88173e-18
4387.947872	7.54918e-18
4389.87226	5.693e-18
4391.796648	5.79015e-18
4393.721036	5.33136e-18
4395.645424	6.15431e-18
4397.569811	4.44754e-18
4399.494199	6.50202e-18
4401.418587	8.78605e-18
4403.342975	8.2223e-18
4405.267363	1.94343e-18
4407.19175	1.93335e-18
4409.116138	1.29933e-18
4411.040526	-5.00667e-19
4412.964914	2.87814e-18
4414.889302	4.24566e-18
4416.813689	6.12768e-18
4418.738077	5.18853e-18
4420.662465	2.77587e-18
4422.586853	8.47389e-18
4424.511241	9.02436e-18
4426.435628	7.90863e-18
4428.360016	2.44032e-18
4430.284404	3.78646e-18
4432.208792	6.5817e-18
4434.13318	7.71885e-18
4436.057567	8.88711e-18
4437.981955	7.23035e-18
4439.906343	4.17529e-18
4441.830731	3.44763e-18
4443.755119	6.17097e-18
4445.679506	7.10994e-18
4447.603894	9.70937e-18
4449.528282	9.18089e-18
4451.45267	4.09883e-18
4453.377058	5.11635e-18
4455.301445	3.88862e-18
4457.225833	4.04446e-18
4459.150221	6.50544e-18
4461.074609	2.66135e-18
4462.998996	-1.21484e-18
4464.923384	1.82825e-18
4466.847772	4.94465e-18
4468.77216	5.80882e-18
4470.696548	6.05712e-18
4472.620935	6.56603e-18
4474.545323	4.81424e-18
4476.469711	4.06661e-18
4478.394099	3.48825e-18
4480.318487	6.52948e-18
4482.242874	7.11058e-18
4484.167262	2.71758e-18
4486.09165	2.44079e-18
4488.016038	6.00175e-18
4489.940426	5.27608e-18
4491.864813	-4.79807e-19
4493.789201	1.05466e-18
4495.713589	4.3154e-18
4497.637977	4.66208e-18
4499.562365	8.75233e-18
4501.486752	8.45727e-18
4503.41114	4.3203e-18
4505.335528	5.50691e-18
4507.259916	6.49208e-18
4509.184304	4.39495e-18
4511.108691	4.03163e-18
4513.033079	8.04712e-18
4514.957467	9.3082e-18
4516.881855	9.1893e-18
4518.806243	8.17006e-18
4520.73063	6.57925e-18
4522.655018	6.52085e-18
4524.579406	7.6797e-18
4526.503794	6.72026e-18
4528.428182	5.95002e-18
4530.352569	6.95958e-18
4532.276957	6.58054e-18
4534.201345	8.17074e-18
4536.125733	3.87239e-18
4538.050121	5.23113e-18
4539.974508	7.48743e-18
4541.898896	3.76944e-18
4543.823284	3.38599e-18
4545.747672	5.97271e-18
4547.67206	8.17584e-18
4549.596447	7.14352e-18
4551.520835	2.74952e-18
4553.445223	5.29132e-18
4555.369611	8.16178e-18
4557.293999	5.12113e-18
4559.218386	5.39534e-18
4561.142774	7.2195e-18
4563.067162	6.81642e-18
4564.99155	8.51648e-18
4566.915937	8.26957e-18
4568.840325	9.25076e-18
4570.764713	8.59566e-18
4572.689101	6.68317e-18
4574.613489	8.37635e-18
4576.537876	4.99226e-18
4578.462264	4.67535e-18
4580.386652	6.96429e-18
4582.31104	7.00163e-18
4584.235428	6.54122e-18
4586.159815	6.06261e-18
4588.084203	7.30483e-18
4590.008591	7.42991e-18
4591.932979	6.30954e-18
4593.857367	7.7242e-18
4595.781754	8.82318e-18
4597.706142	9.06892e-18
4599.63053	7.54911e-18
4601.554918	7.07918e-18
4603.479306	6.43676e-18
4605.403693	3.6771e-18
4607.328081	4.22116e-18
4609.252469	8.73889e-18
4611.176857	1.07709e-17
4613.101245	7.47224e-18
4615.025632	6.30381e-18
4616.95002	8.22795e-18
4618.874408	9.46641e-18
4620.798796	6.49649e-18
4622.723184	5.42356e-18
4624.647571	6.68317e-18
4626.571959	9.13832e-18
4628.496347	6.96162e-18
4630.420735	3.44464e-18
4632.345123	6.04883e-18
4634.26951	5.72241e-18
4636.193898	5.84424e-18
4638.118286	8.21235e-18
4640.042674	1.06509e-17
4641.967062	1.09237e-17
4643.891449	7.98492e-18
4645.815837	4.32586e-18
4647.740225	4.45166e-18
4649.664613	4.71673e-18
4651.589001	4.03323e-18
4653.513388	6.34625e-18
4655.437776	8.4998e-18
4657.362164	6.91684e-18
4659.286552	5.99114e-18
4661.21094	8.12875e-18
4663.135327	7.36728e-18
4665.059715	6.72079e-18
4666.984103	8.34379e-18
4668.908491	6.59097e-18
4670.832879	5.42716e-18
4672.757266	6.98085e-18
4674.681654	4.96023e-18
4676.606042	7.01724e-18
4678.53043	9.3686e-18
4680.454817	9.49883e-18
4682.379205	6.14531e-18
4684.303593	5.78277e-18
4686.227981	7.02163e-18
4688.152369	6.94068e-18
4690.076756	7.61393e-18
4692.001144	9.92697e-18
4693.925532	8.76533e-18
4695.84992	7.55204e-18
4697.774308	3.41593e-18
4699.698695	4.65496e-18
4701.623083	5.57009e-18
4703.547471	6.4158e-18
4705.471859	7.91847e-18
4707.396247	6.00147e-18
4709.320634	4.64306e-18
4711.245022	8.08947e-18
4713.16941	7.09763e-18
4715.093798	4.33639e-18
4717.018186	5.31091e-18
4718.942573	5.61098e-18
4720.866961	6.67429e-18
4722.791349	8.19412e-18
4724.715737	7.08379e-18
4726.640125	6.69543e-18
4728.564512	7.77503e-18
4730.4889	6.6894e-18
4732.413288	4.12664e-18
4734.337676	5.88046e-18
4736.262064	7.82639e-18
4738.186451	9.78553e-18
4740.110839	7.84397e-18
4742.035227	7.15675e-18
4743.959615	7.47611e-18
4745.884003	7.37526e-18
4747.80839	8.62591e-18
4749.732778	9.00511e-18
4751.657166	1.0066e-17
4753.581554	1.01898e-17
4755.505942	8.17617e-18
4757.430329	9.53514e-18
4759.354717	1.0347e-17
4761.279105	1.09733e-17
4763.203493	9.3475e-18
4765.127881	1.08005e-17
4767.052268	1.29558e-17
4768.976656	9.477e-18
4770.901044	9.74638e-18
4772.825432	1.17443e-17
4774.74982	1.095e-17
4776.674207	1.03474e-17
4778.598595	1.19217e-17
4780.522983	1.40243e-17
4782.447371	1.00041e-17
4784.371758	9.48268e-18
4786.296146	1.1351e-17
4788.220534	1.3124e-17
4790.144922	1.64591e-17
4792.06931	1.39447e-17
4793.993697	9.05003e-18
4795.918085	9.62926e-18
4797.842473	1.49566e-17
4799.766861	1.52017e-17
4801.691249	1.33124e-17
4803.615636	1.40755e-17
4805.540024	1.12415e-17
4807.464412	1.06314e-17
4809.3888	1.23563e-17
4811.313188	1.33233e-17
4813.237575	1.40351e-17
4815.161963	1.18537e-17
4817.086351	1.10966e-17
4819.010739	1.07745e-17
4820.935127	1.13352e-17
4822.859514	1.16439e-17
4824.783902	1.03612e-17
4826.70829	9.94269e-18
4828.632678	1.10193e-17
4830.557066	1.06408e-17
4832.481453	9.38442e-18
4834.405841	1.24936e-17
4836.330229	1.27941e-17
4838.254617	1.31253e-17
4840.179005	1.16975e-17
4842.103392	1.2886e-17
4844.02778	1.33194e-17
4845.952168	9.99955e-18
4847.876556	1.1746e-17
4849.800944	1.24243e-17
4851.725331	1.02514e-17
4853.649719	1.27263e-17
4855.574107	1.24273e-17
4857.498495	1.23193e-17
4859.422883	1.24018e-17
4861.34727	1.17057e-17
4863.271658	1.19154e-17
4865.196046	1.10883e-17
4867.120434	1.43458e-17
4869.044822	1.30235e-17
4870.969209	1.2462e-17
4872.893597	1.36686e-17
4874.817985	1.1744e-17
4876.742373	1.20795e-17
4878.666761	1.19661e-17
4880.591148	1.31891e-17
4882.515536	1.45473e-17
4884.439924	1.25169e-17
4886.364312	1.22826e-17
4888.288699	1.02234e-17
4890.213087	1.10122e-17
4892.137475	1.39255e-17
4894.061863	1.40667e-17
4895.986251	1.52875e-17
4897.910638	1.40698e-17
4899.835026	1.16597e-17
4901.759414	1.38144e-17
4903.683802	1.20197e-17
4905.60819	1.26292e-17
4907.532577	1.88142e-17
4909.456965	1.61202e-17
4911.381353	1.24743e-17
4913.305741	1.24162e-17
4915.230129	9.12153e-18
4917.154516	8.93883e-18
4919.078904	7.31209e-18
4921.003292	7.37463e-18
4922.92768	8.97489e-18
4924.852068	9.76105e-18
4926.776455	9.09368e-18
4928.700843	8.65017e-18
4930.625231	9.78805e-18
4932.549619	1.09551e-17
4934.474007	7.97059e-18
4936.398394	7.71353e-18
4938.322782	1.20266e-17
4940.24717	1.09295e-17
4942.171558	5.62748e-18
4944.095946	7.20998e-18
4946.020333	5.69178e-18
4947.944721	5.95663e-18
4949.869109	6.77631e-18
4951.793497	8.24662e-18
4953.717885	7.20766e-18
4955.642272	3.71117e-18
4957.56666	6.18503e-18
4959.491048	7.01303e-18
4961.415436	8.77702e-18
4963.339824	6.41178e-18
4965.264211	6.04051e-18
4967.188599	7.71351e-18
4969.112987	7.93591e-18
4971.037375	8.01392e-18
4972.961763	7.47426e-18
4974.88615	6.45897e-18
4976.810538	4.27055e-18
4978.734926	3.65383e-18
4980.659314	5.52176e-18
4982.583702	5.70453e-18
4984.508089	3.72346e-18
4986.432477	3.37062e-18
4988.356865	1.36221e-18
4990.281253	1.50954e-18
4992.20564	6.01654e-18
4994.130028	7.02283e-18
4996.054416	4.319e-18
4997.978804	5.52621e-18
4999.903192	6.73299e-18
5001.827579	6.09826e-18
5003.751967	9.26827e-18
5005.676355	8.11473e-18
5007.600743	4.98913e-18
5009.525131	5.47747e-18
5011.449518	8.56886e-18
5013.373906	7.90836e-18
5015.298294	7.26421e-18
5017.222682	7.04914e-18
5019.14707	7.10139e-18
5021.071457	5.06832e-18
5022.995845	7.00831e-18
5024.920233	8.52308e-18
5026.844621	7.4633e-18
5028.769009	7.88919e-18
5030.693396	6.95969e-18
5032.617784	9.59299e-18
5034.542172	1.14451e-17
5036.46656	1.09246e-17
5038.390948	1.0593e-17
5040.315335	1.25481e-17
5042.239723	1.08437e-17
5044.164111	8.37685e-18
5046.088499	7.33887e-18
5048.012887	9.82258e-18
5049.937274	1.1285e-17
5051.861662	1.32989e-17
5053.78605	1.28038e-17
5055.710438	1.00809e-17
5057.634826	1.1769e-17
5059.559213	1.50029e-17
5061.483601	1.28635e-17
5063.407989	1.08404e-17
5065.332377	1.24844e-17
5067.256765	1.62526e-17
5069.181152	1.64878e-17
5071.10554	1.56438e-17
5073.029928	1.74054e-17
5074.954316	2.13334e-17
5076.878704	1.97985e-17
5078.803091	1.67233e-17
5080.727479	1.51065e-17
5082.651867	1.67333e-17
5084.576255	1.53447e-17
5086.500643	1.53581e-17
5088.42503	1.47321e-17
5090.349418	1.32428e-17
5092.273806	1.1549e-17
5094.198194	1.40191e-17
5096.122581	1.95224e-17
5098.046969	1.51014e-17
5099.971357	1.36551e-17
5101.895745	1.41932e-17
5103.820133	1.24749e-17
5105.74452	1.36058e-17
5107.668908	1.6401e-17
5109.593296	1.38617e-17
5111.517684	1.28002e-17
5113.442072	1.30761e-17
5115.366459	1.15514e-17
5117.290847	9.82364e-18
5119.215235	1.32265e-17
5121.139623	1.59092e-17
5123.064011	1.61249e-17
5124.988398	1.40852e-17
5126.912786	1.50619e-17
5128.837174	1.26726e-17
5130.761562	1.31759e-17
5132.68595	1.41615e-17
5134.610337	1.0788e-17
5136.534725	1.00892e-17
5138.459113	1.30321e-17
5140.383501	1.15089e-17
5142.307889	1.24991e-17
5144.232276	1.43123e-17
5146.156664	1.26551e-17
5148.081052	1.03223e-17
5150.00544	1.08956e-17
5151.929828	1.19285e-17
5153.854215	1.28888e-17
5155.778603	1.21177e-17
5157.702991	1.30064e-17
5159.627379	1.61122e-17
5161.551767	1.52965e-17
5163.476154	1.32618e-17
5165.400542	1.11411e-17
5167.32493	1.18094e-17
5169.249318	1.53839e-17
5171.173706	1.37803e-17
5173.098093	1.09574e-17
5175.022481	1.41437e-17
5176.946869	1.85473e-17
5178.871257	1.61185e-17
5180.795645	1.35531e-17
5182.720032	1.21603e-17
5184.64442	1.31971e-17
5186.568808	1.36791e-17
5188.493196	1.43916e-17
5190.417584	1.43551e-17
5192.341971	1.31448e-17
5194.266359	1.36391e-17
5196.190747	1.29199e-17
5198.115135	1.37662e-17
5200.039522	1.43954e-17
5201.96391	1.14975e-17
5203.888298	1.1171e-17
5205.812686	1.40227e-17
5207.737074	1.20528e-17
5209.661461	1.28696e-17
5211.585849	1.21695e-17
5213.510237	1.07891e-17
5215.434625	1.18287e-17
5217.359013	1.25137e-17
5219.2834	1.2491e-17
5221.207788	1.29645e-17
5223.132176	1.84893e-17
5225.056564	2.29693e-17
5226.980952	2.11458e-17
5228.905339	2.03961e-17
5230.829727	1.77265e-17
5232.754115	1.47834e-17
5234.678503	1.31922e-17
5236.602891	1.36703e-17
5238.527278	1.42353e-17
5240.451666	1.35713e-17
5242.376054	1.39479e-17
5244.300442	1.37633e-17
5246.22483	1.53545e-17
5248.149217	1.50258e-17
5250.073605	1.376e-17
5251.997993	1.23104e-17
5253.922381	1.22217e-17
5255.846769	1.20081e-17
5257.771156	1.28438e-17
5259.695544	1.2776e-17
5261.619932	1.76867e-17
5263.54432	1.66777e-17
5265.468708	1.43324e-17
5267.393095	1.31059e-17
5269.317483	1.18933e-17
5271.241871	1.56563e-17
5273.166259	1.49588e-17
5275.090647	1.49181e-17
5277.015034	1.52017e-17
5278.939422	1.39898e-17
5280.86381	1.48598e-17
5282.788198	1.48294e-17
5284.712586	1.2286e-17
5286.636973	1.36529e-17
5288.561361	1.4453e-17
5290.485749	1.23115e-17
5292.410137	1.11329e-17
5294.334525	1.3845e-17
5296.258912	1.29862e-17
5298.1833	1.03859e-17
5300.107688	8.65644e-18
5302.032076	1.07188e-17
5303.956463	1.31142e-17
5305.880851	1.1059e-17
5307.805239	1.02479e-17
5309.729627	1.03631e-17
5311.654015	1.28732e-17
5313.578402	1.22594e-17
5315.50279	1.23453e-17
5317.427178	1.10412e-17
5319.351566	1.14397e-17
5321.275954	1.11092e-17
5323.200341	9.34649e-18
5325.124729	1.01617e-17
5327.049117	9.24991e-18
5328.973505	7.11679e-18
5330.897893	8.92391e-18
5332.82228	8.45527e-18
5334.746668	5.2507e-18
5336.671056	6.93528e-18
5338.595444	8.30601e-18
5340.519832	8.45629e-18
5342.444219	8.62205e-18
5344.368607	8.04652e-18
5346.292995	8.3677e-18
5348.217383	6.91397e-18
5350.141771	6.29418e-18
5352.066158	7.70043e-18
5353.990546	7.5245e-18
5355.914934	7.14029e-18
5357.839322	8.67594e-18
5359.76371	9.54041e-18
5361.688097	9.08178e-18
5363.612485	8.42531e-18
5365.536873	7.33422e-18
5367.461261	5.1418e-18
5369.385649	6.45543e-18
5371.310036	1.05121e-17
5373.234424	1.10741e-17
5375.158812	9.2021e-18
5377.0832	9.94595e-18
5379.007588	1.14252e-17
5380.931975	1.16575e-17
5382.856363	1.09164e-17
5384.780751	1.01639e-17
5386.705139	1.25845e-17
5388.629527	1.34138e-17
5390.553914	1.19314e-17
5392.478302	1.15064e-17
5394.40269	1.08224e-17
5396.327078	1.15492e-17
5398.251466	1.30516e-17
5400.175853	1.05851e-17
5402.100241	8.09529e-18
5404.024629	8.87966e-18
5405.949017	8.71612e-18
5407.873404	9.99101e-18
5409.797792	1.20886e-17
5411.72218	1.26828e-17
5413.646568	1.12587e-17
5415.570956	1.05751e-17
5417.495343	1.00061e-17
5419.419731	1.06264e-17
5421.344119	1.18835e-17
5423.268507	1.381e-17
5425.192895	1.51359e-17
5427.117282	1.26418e-17
5429.04167	9.5126e-18
5430.966058	9.73023e-18
5432.890446	1.13336e-17
5434.814834	1.28533e-17
5436.739221	1.07953e-17
5438.663609	1.07545e-17
5440.587997	1.22766e-17
5442.512385	1.14185e-17
5444.436773	1.32468e-17
5446.36116	1.33199e-17
5448.285548	1.13931e-17
5450.209936	1.07362e-17
5452.134324	1.07746e-17
5454.058712	1.14179e-17
5455.983099	9.45941e-18
5457.907487	9.84471e-18
5459.831875	9.89997e-18
5461.756263	8.15276e-18
5463.680651	1.1662e-17
5465.605038	1.41279e-17
5467.529426	1.25877e-17
5469.453814	1.10385e-17
5471.378202	1.35981e-17
5473.30259	1.29743e-17
5475.226977	1.2094e-17
5477.151365	1.20303e-17
5479.075753	1.29652e-17
5481.000141	1.36891e-17
5482.924529	1.34248e-17
5484.848916	1.22219e-17
5486.773304	1.21717e-17
5488.697692	1.49044e-17
5490.62208	1.49245e-17
5492.546468	1.15794e-17
5494.470855	1.17422e-17
5496.395243	1.33974e-17
5498.319631	1.18284e-17
5500.244019	1.09071e-17
5502.168407	1.35141e-17
5504.092794	1.39299e-17
5506.017182	1.18437e-17
5507.94157	1.15176e-17
5509.865958	1.19731e-17
5511.790346	1.3326e-17
5513.714733	1.2332e-17
5515.639121	1.29205e-17
5517.563509	1.42028e-17
5519.487897	1.39284e-17
5521.412284	1.38989e-17
5523.336672	1.42889e-17
5525.26106	1.22256e-17
5527.185448	1.07899e-17
5529.109836	1.1603e-17
5531.034223	1.14248e-17
5532.958611	9.79631e-18
5534.882999	1.27943e-17
5536.807387	1.22451e-17
5538.731775	1.0397e-17
5540.656162	1.11449e-17
5542.58055	1.58309e-17
5544.504938	1.37257e-17
5546.429326	1.1153e-17
5548.353714	1.51311e-17
5550.278101	1.65416e-17
5552.202489	1.16858e-17
5554.126877	1.26435e-17
5556.051265	1.44723e-17
5557.975653	1.5214e-17
5559.90004	1.45025e-17
5561.824428	1.32239e-17
5563.748816	1.5848e-17
5565.673204	1.43925e-17
5567.597592	1.08438e-17
5569.521979	9.72881e-18
5571.446367	1.08959e-17
5573.370755	1.41764e-17
5575.295143	1.56763e-17
5577.219531	1.44777e-17
5579.143918	1.24532e-17
5581.068306	1.6426e-17
5582.992694	2.09291e-17
5584.917082	2.00488e-17
5586.84147	1.66717e-17
5588.765857	1.45474e-17
5590.690245	1.5479e-17
5592.614633	1.41497e-17
5594.539021	1.59905e-17
5596.463409	1.52995e-17
5598.387796	1.49878e-17
5600.312184	1.60776e-17
5602.236572	1.53184e-17
5604.16096	1.5484e-17
5606.085348	1.33481e-17
5608.009735	1.28237e-17
5609.934123	1.43766e-17
5611.858511	1.31323e-17
5613.782899	1.34796e-17
5615.707287	1.28368e-17
5617.631674	1.1156e-17
5619.556062	1.1705e-17
5621.48045	1.29424e-17
5623.404838	1.51795e-17
5625.329225	1.38244e-17
5627.253613	1.32819e-17
5629.178001	1.59036e-17
5631.102389	1.62817e-17
5633.026777	1.53548e-17
5634.951164	1.40933e-17
5636.875552	1.29129e-17
5638.79994	1.30551e-17
5640.724328	1.31054e-17
5642.648716	1.30022e-17
5644.573103	1.30625e-17
5646.497491	1.17066e-17
5648.421879	1.25917e-17
5650.346267	1.15684e-17
5652.270655	1.07845e-17
5654.195042	1.21676e-17
5656.11943	1.27575e-17
5658.043818	1.2013e-17
5659.968206	1.46034e-17
5661.892594	1.53756e-17
5663.816981	1.62295e-17
5665.741369	1.61142e-17
5667.665757	1.49554e-17
5669.590145	1.46175e-17
5671.514533	1.29786e-17
5673.43892	1.22896e-17
5675.363308	1.34704e-17
5677.287696	1.39642e-17
5679.212084	1.35117e-17
5681.136472	1.49545e-17
5683.060859	1.38649e-17
5684.985247	1.26179e-17
5686.909635	1.38896e-17
5688.834023	1.52607e-17
5690.758411	1.58877e-17
5692.682798	1.57767e-17
5694.607186	1.53607e-17
5696.531574	1.2492e-17
5698.455962	1.16544e-17
5700.38035	1.0631e-17
5702.304737	1.34931e-17
5704.229125	1.57769e-17
5706.153513	1.70504e-17
5708.077901	1.68334e-17
5710.002289	1.60187e-17
5711.926676	1.24284e-17
5713.851064	1.32838e-17
5715.775452	1.39319e-17
5717.69984	1.17591e-17
5719.624228	1.41727e-17
5721.548615	1.22031e-17
5723.473003	1.25696e-17
5725.397391	1.29109e-17
5727.321779	1.19182e-17
5729.246166	1.38459e-17
5731.170554	1.20376e-17
5733.094942	1.04952e-17
5735.01933	1.13592e-17
5736.943718	1.19213e-17
5738.868105	1.43615e-17
5740.792493	1.64356e-17
5742.716881	1.51727e-17
5744.641269	1.33287e-17
5746.565657	9.61436e-18
5748.490044	1.33937e-17
5750.414432	1.67135e-17
5752.33882	1.57352e-17
5754.263208	1.53823e-17
5756.187596	1.64243e-17
5758.111983	1.21593e-17
5760.036371	1.19965e-17
5761.960759	1.39046e-17
5763.885147	1.45734e-17
5765.809535	1.67141e-17
5767.733922	1.92787e-17
5769.65831	1.70656e-17
5771.582698	1.16751e-17
5773.507086	1.41964e-17
5775.431474	1.58856e-17
5777.355861	1.40587e-17
5779.280249	1.22656e-17
5781.204637	1.25476e-17
5783.129025	1.51975e-17
5785.053413	1.68307e-17
5786.9778	1.37393e-17
5788.902188	1.23028e-17
5790.826576	1.30084e-17
5792.750964	1.42192e-17
5794.675352	1.53725e-17
5796.599739	1.46968e-17
5798.524127	1.27564e-17
5800.448515	1.36028e-17
5802.372903	1.52078e-17
5804.297291	1.42118e-17
5806.221678	1.36414e-17
5808.146066	1.51192e-17
5810.070454	1.59397e-17
5811.994842	1.40711e-17
5813.91923	1.39846e-17
5815.843617	1.56137e-17
5817.768005	1.62264e-17
5819.692393	1.69743e-17
5821.616781	1.6716e-17
5823.541169	1.51276e-17
5825.465556	1.54585e-17
5827.389944	1.66415e-17
5829.314332	1.63113e-17
5831.23872	1.5007e-17
5833.163107	1.27073e-17
5835.087495	1.32192e-17
5837.011883	1.44957e-17
5838.936271	1.43494e-17
5840.860659	1.67523e-17
5842.785046	1.82187e-17
5844.709434	1.92884e-17
5846.633822	1.83489e-17
5848.55821	1.6656e-17
5850.482598	1.67339e-17
5852.406985	1.55322e-17
5854.331373	1.44602e-17
5856.255761	1.5709e-17
5858.180149	1.56983e-17
5860.104537	1.50788e-17
5862.028924	1.35736e-17
5863.953312	1.19896e-17
5865.8777	1.5479e-17
5867.802088	1.63599e-17
5869.726476	1.47742e-17
5871.650863	1.52745e-17
5873.575251	1.64496e-17
5875.499639	1.4437e-17
5877.424027	1.55777e-17
5879.348415	1.88227e-17
5881.272802	1.63525e-17
5883.19719	1.51326e-17
5885.121578	1.16396e-17
5887.045966	9.37616e-18
5888.970354	1.29201e-17
5890.894741	1.70558e-17
5892.819129	1.5945e-17
5894.743517	1.01012e-17
5896.667905	1.26687e-17
5898.592293	1.06689e-17
5900.51668	1.00555e-17
5902.441068	1.15101e-17
5904.365456	1.18021e-17
5906.289844	1.47201e-17
5908.214232	1.29597e-17
5910.138619	1.14721e-17
5912.063007	1.04178e-17
5913.987395	1.49721e-17
5915.911783	1.32669e-17
5917.836171	1.34928e-17
5919.760558	1.51622e-17
5921.684946	1.32281e-17
5923.609334	1.34531e-17
5925.533722	1.48004e-17
5927.45811	1.25853e-17
5929.382497	9.79626e-18
5931.306885	1.50865e-17
5933.231273	2.02479e-17
5935.155661	1.73425e-17
5937.080048	1.24032e-17
5939.004436	1.19952e-17
5940.928824	1.42078e-17
5942.853212	1.88003e-17
5944.7776	1.8107e-17
5946.701987	1.64203e-17
5948.626375	1.35336e-17
5950.550763	1.19953e-17
5952.475151	1.52682e-17
5954.399539	1.54208e-17
5956.323926	1.16801e-17
5958.248314	1.35186e-17
5960.172702	1.50637e-17
5962.09709	1.73579e-17
5964.021478	1.79663e-17
5965.945865	1.58143e-17
5967.870253	1.26763e-17
5969.794641	1.0926e-17
5971.719029	1.34969e-17
5973.643417	1.46216e-17
5975.567804	1.70537e-17
5977.492192	1.53826e-17
5979.41658	1.37525e-17
5981.340968	1.58984e-17
5983.265356	1.43311e-17
5985.189743	1.21715e-17
5987.114131	1.31109e-17
5989.038519	1.39584e-17
5990.962907	1.7036e-17
5992.887295	1.8083e-17
5994.811682	1.53185e-17
5996.73607	1.52398e-17
5998.660458	1.4862e-17
6000.584846	1.26995e-17
6002.509234	1.19555e-17
6004.433621	1.19645e-17
6006.358009	1.02865e-17
6008.282397	1.07408e-17
6010.206785	1.06589e-17
6012.131173	9.01079e-18
6014.05556	1.01098e-17
6015.979948	9.871e-18
6017.904336	7.1621e-18
6019.828724	8.29789e-18
6021.753112	1.01854e-17
6023.677499	9.77045e-18
6025.601887	9.13982e-18
6027.526275	7.28851e-18
6029.450663	5.61455e-18
6031.375051	7.53552e-18
6033.299438	8.5548e-18
6035.223826	8.39415e-18
6037.148214	7.38603e-18
6039.072602	5.45106e-18
6040.996989	7.61936e-18
6042.921377	8.09312e-18
6044.845765	7.66434e-18
6046.770153	6.34445e-18
6048.694541	8.52292e-18
6050.618928	6.55584e-18
6052.543316	6.43459e-18
6054.467704	7.16946e-18
6056.392092	5.77474e-18
6058.31648	6.27095e-18
6060.240867	6.74811e-18
6062.165255	6.775e-18
6064.089643	4.72845e-18
6066.014031	2.59333e-18
6067.938419	3.0031e-18
6069.862806	9.79634e-18
6071.787194	9.82511e-18
6073.711582	8.04288e-18
6075.63597	9.19322e-18
6077.560358	7.60948e-18
6079.484745	7.76541e-18
6081.409133	7.31741e-18
6083.333521	8.59683e-18
6085.257909	7.62559e-18
6087.182297	7.38956e-18
6089.106684	1.0323e-17
6091.031072	9.79905e-18
6092.95546	9.93946e-18
6094.879848	1.12486e-17
6096.804236	8.53654e-18
6098.728623	9.61621e-18
6100.653011	1.36484e-17
6102.577399	1.13628e-17
6104.501787	9.95984e-18
6106.426175	1.02725e-17
6108.350562	1.07127e-17
6110.27495	1.01873e-17
6112.199338	1.00642e-17
6114.123726	1.17321e-17
6116.048114	1.33219e-17
6117.972501	1.16085e-17
6119.896889	1.23479e-17
6121.821277	1.31235e-17
6123.745665	1.2967e-17
6125.670053	1.2319e-17
6127.59444	1.31007e-17
6129.518828	1.58518e-17
6131.443216	1.50135e-17
6133.367604	1.43997e-17
6135.291992	1.66801e-17
6137.216379	1.851e-17
6139.140767	1.9228e-17
6141.065155	1.74462e-17
6142.989543	1.83161e-17
6144.91393	1.91143e-17
6146.838318	1.79012e-17
6148.762706	1.81113e-17
6150.687094	1.94934e-17
6152.611482	2.00426e-17
6154.535869	2.02994e-17
6156.460257	1.89997e-17
6158.384645	1.70597e-17
6160.309033	1.84959e-17
6162.233421	2.1048e-17
6164.157808	2.16268e-17
6166.082196	2.00367e-17
6168.006584	1.97353e-17
6169.930972	2.04498e-17
6171.85536	1.9142e-17
6173.779747	1.85749e-17
6175.704135	1.99741e-17
6177.628523	1.85008e-17
6179.552911	1.92522e-17
6181.477299	1.92806e-17
6183.401686	1.99872e-17
6185.326074	1.71527e-17
6187.250462	1.71116e-17
6189.17485	1.8683e-17
6191.099238	1.97244e-17
6193.023625	1.96246e-17
6194.948013	1.91467e-17
6196.872401	1.90007e-17
6198.796789	1.86448e-17
6200.721177	2.2848e-17
6202.645564	2.30539e-17
6204.569952	1.94865e-17
6206.49434	1.79653e-17
6208.418728	1.85875e-17
6210.343116	2.04692e-17
6212.267503	1.91581e-17
6214.191891	1.68389e-17
6216.116279	1.83367e-17
6218.040667	1.73679e-17
6219.965055	1.44933e-17
6221.889442	1.55263e-17
6223.81383	1.73293e-17
6225.738218	1.89361e-17
6227.662606	1.78771e-17
6229.586994	1.62874e-17
6231.511381	1.48975e-17
6233.435769	1.2975e-17
6235.360157	1.20469e-17
6237.284545	1.36961e-17
6239.208933	1.65904e-17
6241.13332	1.64777e-17
6243.057708	1.69507e-17
6244.982096	1.76672e-17
6246.906484	1.92284e-17
6248.830871	1.80885e-17
6250.755259	1.36619e-17
6252.679647	1.3416e-17
6254.604035	1.51578e-17
6256.528423	1.45136e-17
6258.45281	1.76248e-17
6260.377198	1.92703e-17
6262.301586	1.69517e-17
6264.225974	1.6425e-17
6266.150362	1.47661e-17
6268.074749	1.32659e-17
6269.999137	1.06401e-17
6271.923525	1.18014e-17
6273.847913	1.33349e-17
6275.772301	1.5661e-17
6277.696688	1.65562e-17
6279.621076	1.74481e-17
6281.545464	1.83836e-17
6283.469852	1.64648e-17
6285.39424	1.50101e-17
6287.318627	1.20772e-17
6289.243015	1.17392e-17
6291.167403	1.41695e-17
6293.091791	1.35474e-17
6295.016179	1.14095e-17
6296.940566	8.39562e-18
6298.864954	8.29022e-18
6300.789342	1.51315e-17
6302.71373	1.11166e-17
6304.638118	1.45234e-17
6306.562505	1.74428e-17
6308.486893	1.50321e-17
6310.411281	1.28256e-17
6312.335669	1.47071e-17
6314.260057	1.5891e-17
6316.184444	1.36823e-17
6318.108832	1.20466e-17
6320.03322	1.42458e-17
6321.957608	1.56009e-17
6323.881996	1.42395e-17
6325.806383	1.51173e-17
6327.730771	1.45647e-17
6329.655159	1.45531e-17
6331.579547	1.55716e-17
6333.503935	1.48484e-17
6335.428322	1.4661e-17
6337.35271	1.56648e-17
6339.277098	1.45016e-17
6341.201486	1.41173e-17
6343.125874	1.39875e-17
6345.050261	1.1539e-17
6346.974649	1.11318e-17
6348.899037	1.34925e-17
6350.823425	1.60613e-17
6352.747812	1.27621e-17
6354.6722	1.21012e-17
6356.596588	1.14272e-17
6358.520976	1.0715e-17
6360.445364	1.07405e-17
6362.369751	1.31357e-17
6364.294139	1.42426e-17
6366.218527	1.39432e-17
6368.142915	1.30805e-17
6370.067303	1.5092e-17
6371.99169	1.65205e-17
6373.916078	1.48474e-17
6375.840466	1.3983e-17
6377.764854	1.27739e-17
6379.689242	1.36328e-17
6381.613629	1.55594e-17
6383.538017	1.54642e-17
6385.462405	1.48875e-17
6387.386793	1.41193e-17
6389.311181	1.4045e-17
6391.235568	1.49548e-17
6393.159956	1.1083e-17
6395.084344	1.34388e-17
6397.008732	1.8376e-17
6398.93312	1.56777e-17
6400.857507	1.48702e-17
6402.781895	1.34794e-17
6404.706283	1.11262e-17
6406.630671	1.27458e-17
6408.555059	1.44002e-17
6410.479446	1.26194e-17
6412.403834	9.47777e-18
6414.328222	1.30384e-17
6416.25261	1.72492e-17
6418.176998	1.48646e-17
6420.101385	1.49707e-17
6422.025773	1.65993e-17
6423.950161	1.56711e-17
6425.874549	1.57409e-17
6427.798937	1.76769e-17
6429.723324	1.68191e-17
6431.647712	1.45014e-17
6433.5721	1.57347e-17
6435.496488	1.44744e-17
6437.420876	1.34949e-17
6439.345263	1.6506e-17
6441.269651	1.83902e-17
6443.194039	1.5747e-17
6445.118427	1.46731e-17
6447.042815	1.59631e-17
6448.967202	1.49174e-17
6450.89159	1.46963e-17
6452.815978	1.49978e-17
6454.740366	1.62526e-17
6456.664754	1.55412e-17
6458.589141	1.57276e-17
6460.513529	1.53887e-17
6462.437917	1.40549e-17
6464.362305	1.50261e-17
6466.286692	1.50109e-17
6468.21108	1.46238e-17
6470.135468	1.51854e-17
6472.059856	1.4328e-17
6473.984244	1.3821e-17
6475.908631	1.65754e-17
6477.833019	1.69354e-17
6479.757407	1.5479e-17
6481.681795	1.51815e-17
6483.606183	1.31171e-17
6485.53057	1.58209e-17
6487.454958	1.69581e-17
6489.379346	1.37813e-17
6491.303734	1.46244e-17
6493.228122	1.65601e-17
6495.152509	1.34228e-17
6497.076897	1.29554e-17
6499.001285	1.37725e-17
6500.925673	1.47222e-17
6502.850061	1.32546e-17
6504.774448	1.09627e-17
6506.698836	1.1116e-17
6508.623224	1.42921e-17
6510.547612	1.55986e-17
6512.472	1.34244e-17
6514.396387	1.35316e-17
6516.320775	1.45638e-17
6518.245163	1.42449e-17
6520.169551	1.4208e-17
6522.093939	1.64068e-17
6524.018326	1.72276e-17
6525.942714	1.52674e-17
6527.867102	1.32254e-17
6529.79149	1.47354e-17
6531.715878	1.73709e-17
6533.640265	1.36007e-17
6535.564653	1.10642e-17
6537.489041	1.40591e-17
6539.413429	1.39909e-17
6541.337817	1.25798e-17
6543.262204	1.54247e-17
6545.186592	1.59893e-17
6547.11098	1.3232e-17
6549.035368	1.12041e-17
6550.959756	9.15742e-18
6552.884143	1.25385e-17
6554.808531	1.5253e-17
6556.732919	1.43902e-17
6558.657307	1.22459e-17
6560.581695	1.22117e-17
6562.506082	1.55846e-17
6564.43047	1.18489e-17
6566.354858	1.1584e-17
6568.279246	1.42617e-17
6570.203633	1.16412e-17
6572.128021	1.26907e-17
6574.052409	1.49795e-17
6575.976797	1.58361e-17
6577.901185	1.54664e-17
6579.825572	1.65195e-17
6581.74996	1.86717e-17
6583.674348	1.81397e-17
6585.598736	1.73754e-17
6587.523124	1.66479e-17
6589.447511	1.44637e-17
6591.371899	1.3939e-17
6593.296287	1.50059e-17
6595.220675	1.36097e-17
6597.145063	1.24299e-17
6599.06945	1.32184e-17
6600.993838	1.27345e-17
6602.918226	1.30476e-17
6604.842614	1.2679e-17
6606.767002	1.4367e-17
6608.691389	1.59096e-17
6610.615777	1.4044e-17
6612.540165	1.44824e-17
6614.464553	1.34786e-17
6616.388941	1.31359e-17
6618.313328	1.46638e-17
6620.237716	1.48136e-17
6622.162104	1.18827e-17
6624.086492	1.0914e-17
6626.01088	1.23681e-17
6627.935267	1.23052e-17
6629.859655	1.17373e-17
6631.784043	1.08119e-17
6633.708431	1.06086e-17
6635.632819	9.49096e-18
6637.557206	9.43085e-18
6639.481594	1.06543e-17
6641.405982	8.59907e-18
6643.33037	7.03826e-18
6645.254758	9.12497e-18
6647.179145	1.021e-17
6649.103533	9.50363e-18
6651.027921	7.32386e-18
6652.952309	7.47004e-18
6654.876697	7.95331e-18
6656.801084	9.04035e-18
6658.725472	8.48828e-18
6660.64986	7.59407e-18
6662.574248	6.38006e-18
6664.498636	6.21063e-18
6666.423023	6.8591e-18
6668.347411	7.76615e-18
6670.271799	7.93838e-18
6672.196187	6.27801e-18
6674.120574	6.20956e-18
6676.044962	5.17114e-18
6677.96935	5.56923e-18
6679.893738	5.86347e-18
6681.818126	6.31984e-18
6683.742513	7.55469e-18
6685.666901	4.21809e-18
6687.591289	5.4355e-18
6689.515677	5.08741e-18
6691.440065	6.07515e-18
6693.364452	7.56676e-18
6695.28884	5.98925e-18
6697.213228	4.613e-18
6699.137616	4.18153e-18
6701.062004	7.0108e-18
6702.986391	6.82271e-18
6704.910779	5.99963e-18
6706.835167	7.30935e-18
6708.759555	6.8019e-18
6710.683943	5.05384e-18
6712.60833	7.46334e-18
6714.532718	9.61046e-18
6716.457106	7.56544e-18
6718.381494	5.8329e-18
6720.305882	5.5198e-18
6722.230269	6.48759e-18
6724.154657	7.49596e-18
6726.079045	8.06684e-18
6728.003433	1.05329e-17
6729.927821	9.54538e-18
6731.852208	8.75819e-18
6733.776596	9.91141e-18
6735.700984	8.63846e-18
6737.625372	1.06199e-17
6739.54976	1.32975e-17
6741.474147	1.3773e-17
6743.398535	1.3313e-17
6745.322923	1.30865e-17
6747.247311	1.26224e-17
6749.171699	1.3103e-17
6751.096086	1.52332e-17
6753.020474	1.63934e-17
6754.944862	1.43212e-17
6756.86925	1.39716e-17
6758.793638	1.78144e-17
6760.718025	1.7716e-17
6762.642413	1.82018e-17
6764.566801	1.93272e-17
6766.491189	1.86301e-17
6768.415577	1.94171e-17
6770.339964	2.17339e-17
6772.264352	2.1758e-17
6774.18874	2.24371e-17
6776.113128	2.18195e-17
6778.037515	2.02856e-17
6779.961903	2.46326e-17
6781.886291	2.83112e-17
6783.810679	2.80161e-17
6785.735067	2.76966e-17
6787.659454	2.73939e-17
6789.583842	2.88279e-17
6791.50823	2.86927e-17
6793.432618	2.91904e-17
6795.357006	3.41912e-17
6797.281393	3.38924e-17
6799.205781	3.26388e-17
6801.130169	3.33136e-17
6803.054557	3.42648e-17
6804.978945	3.42175e-17
6806.903332	3.70093e-17
6808.82772	4.20139e-17
6810.752108	3.83867e-17
6812.676496	3.87252e-17
6814.600884	3.92898e-17
6816.525271	3.90181e-17
6818.449659	4.1333e-17
6820.374047	4.31787e-17
6822.298435	4.31515e-17
6824.222823	3.96555e-17
6826.14721	4.13785e-17
6828.071598	4.18764e-17
6829.995986	4.35205e-17
6831.920374	4.58311e-17
6833.844762	4.65573e-17
6835.769149	4.50541e-17
6837.693537	4.63722e-17
6839.617925	4.76995e-17
6841.542313	4.60015e-17
6843.466701	4.91621e-17
6845.391088	5.19048e-17
6847.315476	5.12442e-17
6849.239864	5.34596e-17
6851.164252	6.01811e-17
6853.08864	6.37812e-17
6855.013027	6.09747e-17
6856.937415	5.50492e-17
6858.861803	4.58682e-17
6860.786191	4.25656e-17
6862.710579	3.74453e-17
6864.634966	3.58052e-17
6866.559354	3.77485e-17
6868.483742	3.84557e-17
6870.40813	4.14589e-17
6872.332518	4.11736e-17
6874.256905	4.08537e-17
6876.181293	4.02958e-17
6878.105681	3.99671e-17
6880.030069	3.97597e-17
6881.954456	3.79669e-17
6883.878844	3.34344e-17
6885.803232	3.2538e-17
6887.72762	3.33009e-17
6889.652008	3.44977e-17
6891.576395	3.48361e-17
6893.500783	3.20178e-17
6895.425171	3.21431e-17
6897.349559	3.58718e-17
6899.273947	3.77696e-17
6901.198334	3.58066e-17
6903.122722	3.29103e-17
6905.04711	3.39935e-17
6906.971498	3.17004e-17
6908.895886	2.79473e-17
6910.820273	2.8494e-17
6912.744661	3.22349e-17
6914.669049	3.2085e-17
6916.593437	2.92337e-17
6918.517825	3.05879e-17
6920.442212	3.11413e-17
6922.3666	2.70782e-17
6924.290988	2.83593e-17
6926.215376	2.72304e-17
6928.139764	2.56431e-17
6930.064151	2.50032e-17
6931.988539	2.54948e-17
6933.912927	2.54002e-17
6935.837315	2.48936e-17
6937.761703	2.59021e-17
6939.68609	2.53411e-17
6941.610478	2.48908e-17
6943.534866	2.42413e-17
6945.459254	2.28131e-17
6947.383642	2.12091e-17
6949.308029	2.25055e-17
6951.232417	2.35887e-17
6953.156805	2.34028e-17
6955.081193	2.39442e-17
6957.005581	2.26996e-17
6958.929968	2.19405e-17
6960.854356	2.28344e-17
6962.778744	2.20117e-17
6964.703132	2.19608e-17
6966.62752	2.27042e-17
6968.551907	2.00425e-17
6970.476295	2.08154e-17
6972.400683	2.21848e-17
6974.325071	1.95985e-17
6976.249459	1.78761e-17
6978.173846	1.67481e-17
6980.098234	1.70915e-17
6982.022622	1.73557e-17
6983.94701	1.73894e-17
6985.871397	1.63816e-17
6987.795785	1.67812e-17
6989.720173	1.80159e-17
6991.644561	1.8845e-17
6993.568949	1.56683e-17
6995.493336	1.50763e-17
6997.417724	1.72945e-17
6999.342112	1.83653e-17
7001.2665	1.96194e-17
7003.190888	1.86965e-17
7005.115275	1.8063e-17
7007.039663	2.00538e-17
7008.964051	1.9225e-17
7010.888439	1.75211e-17
7012.812827	1.80995e-17
7014.737214	1.84159e-17
7016.661602	1.8178e-17
7018.58599	1.67007e-17
7020.510378	1.64313e-17
7022.434766	1.866e-17
7024.359153	1.73695e-17
7026.283541	1.56716e-17
7028.207929	1.65811e-17
7030.132317	1.81536e-17
7032.056705	1.56766e-17
7033.981092	1.40354e-17
7035.90548	1.48724e-17
7037.829868	1.47503e-17
7039.754256	1.32342e-17
7041.678644	1.52981e-17
7043.603031	1.57403e-17
7045.527419	1.62941e-17
7047.451807	1.60644e-17
7049.376195	1.72459e-17
7051.300583	1.55471e-17
7053.22497	1.32768e-17
7055.149358	1.38979e-17
7057.073746	1.46924e-17
7058.998134	1.39205e-17
7060.922522	1.32066e-17
7062.846909	1.48156e-17
7064.771297	1.39184e-17
7066.695685	1.45547e-17
7068.620073	1.32853e-17
7070.544461	1.15616e-17
7072.468848	1.37934e-17
7074.393236	1.67944e-17
7076.317624	1.60738e-17
7078.242012	1.31222e-17
7080.1664	1.21616e-17
7082.090787	1.55612e-17
7084.015175	1.54097e-17
7085.939563	1.27577e-17
7087.863951	1.18548e-17
7089.788338	1.33513e-17
7091.712726	1.575e-17
7093.637114	1.5578e-17
7095.561502	1.18764e-17
7097.48589	1.10737e-17
7099.410277	1.36486e-17
7101.334665	1.1839e-17
7103.259053	1.11961e-17
7105.183441	1.54462e-17
7107.107829	1.57602e-17
7109.032216	1.43357e-17
7110.956604	1.4252e-17
7112.880992	1.41021e-17
7114.80538	1.32478e-17
7116.729768	9.99851e-18
7118.654155	1.03369e-17
7120.578543	1.11805e-17
7122.502931	1.21025e-17
7124.427319	1.14212e-17
7126.351707	1.08811e-17
7128.276094	1.38876e-17
7130.200482	1.57365e-17
7132.12487	1.31923e-17
7134.049258	1.48689e-17
7135.973646	1.56768e-17
7137.898033	1.29397e-17
7139.822421	1.26747e-17
7141.746809	1.39037e-17
7143.671197	1.43926e-17
7145.595585	1.31413e-17
7147.519972	1.17567e-17
7149.44436	1.11307e-17
7151.368748	1.14416e-17
7153.293136	1.41591e-17
7155.217524	1.50543e-17
7157.141911	1.35146e-17
7159.066299	1.43978e-17
7160.990687	1.48909e-17
7162.915075	1.38502e-17
7164.839463	1.36675e-17
7166.76385	1.39774e-17
7168.688238	1.26014e-17
7170.612626	1.19461e-17
7172.537014	1.19356e-17
7174.461402	1.30063e-17
7176.385789	1.45989e-17
7178.310177	1.38593e-17
7180.234565	1.274e-17
7182.158953	1.37712e-17
7184.083341	1.22611e-17
7186.007728	1.06541e-17
7187.932116	1.29964e-17
7189.856504	1.30534e-17
7191.780892	1.16664e-17
7193.705279	1.20489e-17
7195.629667	1.12813e-17
7197.554055	1.09535e-17
7199.478443	1.38428e-17
7201.402831	1.36234e-17
7203.327218	1.35142e-17
7205.251606	1.54307e-17
7207.175994	1.18211e-17
7209.100382	1.15343e-17
7211.02477	1.42021e-17
7212.949157	1.20901e-17
7214.873545	1.07763e-17
7216.797933	1.17007e-17
7218.722321	1.14972e-17
7220.646709	1.3078e-17
7222.571096	1.31309e-17
7224.495484	1.137e-17
7226.419872	1.15457e-17
7228.34426	9.71482e-18
7230.268648	1.23325e-17
7232.193035	1.34873e-17
7234.117423	1.18344e-17
7236.041811	1.16165e-17
7237.966199	1.06584e-17
7239.890587	1.06553e-17
7241.814974	7.75599e-18
7243.739362	6.52133e-18
7245.66375	1.37446e-17
7247.588138	1.22319e-17
7249.512526	1.05159e-17
7251.436913	1.0904e-17
7253.361301	1.03695e-17
7255.285689	1.23553e-17
7257.210077	1.21252e-17
7259.134465	1.1575e-17
7261.058852	1.24064e-17
7262.98324	1.2729e-17
7264.907628	1.45405e-17
7266.832016	1.28536e-17
7268.756404	1.20366e-17
7270.680791	1.19458e-17
7272.605179	7.07658e-18
7274.529567	6.94073e-18
7276.453955	7.02312e-18
7278.378343	8.9357e-18
7280.30273	1.09312e-17
7282.227118	1.1054e-17
7284.151506	1.36622e-17
7286.075894	1.29884e-17
7288.000282	1.1348e-17
7289.924669	1.23759e-17
7291.849057	1.2717e-17
7293.773445	1.16498e-17
7295.697833	1.09871e-17
7297.622221	1.27084e-17
7299.546608	1.22383e-17
7301.470996	8.76874e-18
7303.395384	1.05166e-17
7305.319772	1.23572e-17
7307.244159	1.12429e-17
7309.168547	8.38042e-18
7311.092935	1.28649e-17
7313.017323	1.47736e-17
7314.941711	1.48596e-17
7316.866098	1.66167e-17
7318.790486	1.37971e-17
7320.714874	1.46908e-17
7322.639262	1.45638e-17
7324.56365	1.2606e-17
7326.488037	1.16425e-17
7328.412425	8.79029e-18
7330.336813	1.12248e-17
7332.261201	1.34677e-17
7334.185589	1.32511e-17
7336.109976	1.24815e-17
7338.034364	1.04347e-17
7339.958752	1.29119e-17
7341.88314	1.72907e-17
7343.807528	1.33156e-17
7345.731915	1.25647e-17
7347.656303	1.31657e-17
7349.580691	1.0605e-17
7351.505079	9.88045e-18
7353.429467	1.23845e-17
7355.353854	1.43765e-17
7357.278242	1.30359e-17
7359.20263	1.14169e-17
7361.127018	1.04557e-17
7363.051406	1.30433e-17
7364.975793	1.16831e-17
7366.900181	1.51252e-17
7368.824569	1.97022e-17
7370.748957	1.86485e-17
7372.673345	1.33016e-17
7374.597732	1.03945e-17
7376.52212	1.18153e-17
7378.446508	1.45048e-17
7380.370896	1.44872e-17
7382.295284	1.39368e-17
7384.219671	1.39876e-17
7386.144059	1.42913e-17
7388.068447	1.47801e-17
7389.992835	1.1574e-17
7391.917223	1.02875e-17
7393.84161	1.35519e-17
7395.765998	1.54003e-17
7397.690386	1.21697e-17
7399.614774	1.1637e-17
7401.539162	1.18792e-17
7403.463549	1.07945e-17
7405.387937	1.0984e-17
7407.312325	1.25288e-17
7409.236713	1.23601e-17
7411.1611	1.21113e-17
7413.085488	1.16089e-17
7415.009876	1.04211e-17
7416.934264	1.18889e-17
7418.858652	1.23629e-17
7420.783039	1.18583e-17
7422.707427	1.20426e-17
7424.631815	1.18378e-17
7426.556203	1.24325e-17
7428.480591	1.20715e-17
7430.404978	1.14052e-17
7432.329366	1.32314e-17
7434.253754	1.2642e-17
7436.178142	1.11034e-17
7438.10253	1.24906e-17
7440.026917	1.28515e-17
7441.951305	1.33298e-17
7443.875693	1.05164e-17
7445.800081	1.21655e-17
7447.724469	1.19381e-17
7449.648856	9.9794e-18
7451.573244	1.04539e-17
7453.497632	1.30554e-17
7455.42202	1.19894e-17
7457.346408	1.24817e-17
7459.270795	1.20129e-17
7461.195183	1.16031e-17
7463.119571	1.14812e-17
7465.043959	9.97836e-18
7466.968347	1.11621e-17
7468.892734	1.239e-17
7470.817122	1.17762e-17
7472.74151	1.22457e-17
7474.665898	1.3818e-17
7476.590286	1.44724e-17
7478.514673	1.26679e-17
7480.439061	9.10653e-18
7482.363449	8.40388e-18
7484.287837	1.39173e-17
7486.212225	1.49624e-17
7488.136612	1.26257e-17
7490.061	9.98658e-18
7491.985388	1.0472e-17
7493.909776	1.22412e-17
7495.834164	1.2397e-17
7497.758551	1.46178e-17
7499.682939	1.56109e-17
7501.607327	1.34131e-17
7503.531715	1.20322e-17
7505.456103	1.20244e-17
7507.38049	1.0995e-17
7509.304878	1.14376e-17
7511.229266	1.39248e-17
7513.153654	1.48382e-17
7515.078041	1.39043e-17
7517.002429	1.17387e-17
7518.926817	9.62735e-18
7520.851205	1.23856e-17
7522.775593	1.47082e-17
7524.69998	1.15889e-17
7526.624368	1.2432e-17
7528.548756	1.77811e-17
7530.473144	1.77652e-17
7532.397532	1.56213e-17
7534.321919	1.24659e-17
7536.246307	1.12224e-17
7538.170695	1.13203e-17
7540.095083	1.23498e-17
7542.019471	1.29589e-17
7543.943858	1.44246e-17
7545.868246	1.59979e-17
7547.792634	1.38345e-17
7549.717022	1.44136e-17
7551.64141	1.35876e-17
7553.565797	1.32971e-17
7555.490185	1.46483e-17
7557.414573	1.28243e-17
7559.338961	1.29856e-17
7561.263349	1.53274e-17
7563.187736	1.59113e-17
7565.112124	1.6728e-17
7567.036512	1.67644e-17
7568.9609	1.64284e-17
7570.885288	1.2891e-17
7572.809675	1.21699e-17
7574.734063	1.57619e-17
7576.658451	1.42844e-17
7578.582839	1.45199e-17
7580.507227	1.19488e-17
7582.431614	1.18849e-17
7584.356002	1.62049e-17
7586.28039	1.61304e-17
7588.204778	1.60255e-17
7590.129166	1.52785e-17
7592.053553	1.27705e-17
7593.977941	1.1118e-17
7595.902329	1.18986e-17
7597.826717	1.50396e-17
7599.751105	1.5055e-17
7601.675492	4.30431e-18
7603.59988	2.24484e-18
7605.524268	1.58377e-17
7607.448656	1.76488e-17
7609.373044	1.67953e-17
7611.297431	1.69205e-17
7613.221819	1.55215e-17
7615.146207	1.87499e-17
7617.070595	1.6149e-17
7618.994982	1.07766e-17
7620.91937	1.27018e-17
7622.843758	1.76145e-17
7624.768146	1.38316e-17
7626.692534	1.48674e-17
7628.616921	1.53565e-17
7630.541309	9.33923e-18
7632.465697	1.39149e-17
7634.390085	1.65525e-17
7636.314473	1.14346e-17
7638.23886	9.12319e-18
7640.163248	1.26724e-17
7642.087636	1.60204e-17
7644.012024	1.95493e-17
7645.936412	2.09387e-17
7647.860799	1.87434e-17
7649.785187	1.81807e-17
7651.709575	1.76206e-17
7653.633963	1.8274e-17
7655.558351	1.98696e-17
7657.482738	1.70538e-17
7659.407126	1.61018e-17
7661.331514	1.5876e-17
7663.255902	1.36383e-17
7665.18029	1.3556e-17
7667.104677	1.62085e-17
7669.029065	1.47029e-17
7670.953453	1.43796e-17
7672.877841	1.63554e-17
7674.802229	1.33895e-17
7676.726616	1.14894e-17
7678.651004	1.27622e-17
7680.575392	1.22501e-17
7682.49978	1.45187e-17
7684.424168	1.7142e-17
7686.348555	1.64273e-17
7688.272943	1.29873e-17
7690.197331	1.13767e-17
7692.121719	1.57304e-17
7694.046107	1.73667e-17
7695.970494	1.4769e-17
7697.894882	1.12819e-17
7699.81927	1.21086e-17
7701.743658	1.18102e-17
7703.668046	1.17796e-17
7705.592433	1.06318e-17
7707.516821	8.13958e-18
7709.441209	1.04202e-17
7711.365597	1.10208e-17
7713.289985	8.41248e-18
7715.214372	8.04621e-18
7717.13876	1.55074e-17
7719.063148	1.92157e-17
7720.987536	1.52556e-17
7722.911923	1.29251e-17
7724.836311	1.60207e-17
7726.760699	1.62226e-17
7728.685087	1.35332e-17
7730.609475	1.55816e-17
7732.533862	1.64542e-17
7734.45825	1.55527e-17
7736.382638	1.64737e-17
7738.307026	1.69853e-17
7740.231414	1.1873e-17
7742.155801	8.47796e-18
7744.080189	7.6101e-18
7746.004577	6.91765e-18
7747.928965	5.26335e-18
7749.853353	8.55436e-18
7751.77774	1.58715e-17
7753.702128	1.90251e-17
7755.626516	1.41636e-17
7757.550904	1.71423e-17
7759.475292	1.47195e-17
7761.399679	1.08541e-17
7763.324067	1.06388e-17
7765.248455	1.10997e-17
7767.172843	1.1127e-17
7769.097231	1.0524e-17
7771.021618	1.2762e-17
7772.946006	1.57032e-17
7774.870394	1.54095e-17
7776.794782	1.44488e-17
7778.71917	1.37049e-17
7780.643557	1.00891e-17
7782.567945	1.13089e-17
7784.492333	1.21233e-17
7786.416721	1.20143e-17
7788.341109	1.47677e-17
7790.265496	1.54748e-17
7792.189884	1.39375e-17
7794.114272	9.55409e-18
7796.03866	1.19832e-17
7797.963048	1.10126e-17
7799.887435	1.28751e-17
7801.811823	1.01653e-17
7803.736211	8.07846e-18
7805.660599	1.08596e-17
7807.584987	1.36139e-17
7809.509374	1.40856e-17
7811.433762	1.23785e-17
7813.35815	1.0665e-17
7815.282538	1.15474e-17
7817.206926	1.22686e-17
7819.131313	7.13221e-18
7821.055701	7.0152e-18
7822.980089	9.44473e-18
7824.904477	1.19819e-17
7826.828864	1.38886e-17
7828.753252	1.20175e-17
7830.67764	9.51193e-18
7832.602028	1.0981e-17
7834.526416	8.90996e-18
7836.450803	9.08848e-18
7838.375191	9.90502e-18
7840.299579	9.95074e-18
7842.223967	1.15403e-17
7844.148355	1.2151e-17
7846.072742	1.42769e-17
7847.99713	7.96386e-18
7849.921518	3.03584e-18
7851.845906	1.21162e-17
7853.770294	1.23377e-17
7855.694681	7.31781e-18
7857.619069	1.20562e-17
7859.543457	1.20178e-17
7861.467845	4.97335e-18
7863.392233	1.35409e-18
7865.31662	6.14336e-18
7867.241008	8.11307e-18
7869.165396	1.34242e-17
7871.089784	8.20901e-18
7873.014172	7.40284e-18
7874.938559	9.76661e-18
7876.862947	8.50982e-18
7878.787335	6.6734e-18
7880.711723	4.38391e-18
7882.636111	9.96683e-18
7884.560498	1.39819e-17
7886.484886	1.04712e-17
7888.409274	4.39438e-18
7890.333662	8.50764e-18
7892.25805	1.00212e-17
7894.182437	5.25336e-18
7896.106825	7.40646e-18
7898.031213	9.96728e-18
7899.955601	9.91687e-18
7901.879989	1.02078e-17
7903.804376	7.18206e-18
7905.728764	6.95682e-18
7907.653152	4.6942e-18
7909.57754	2.15188e-18
7911.501928	1.29477e-17
7913.426315	9.24674e-18
7915.350703	-2.76546e-18
7917.275091	2.6371e-18
7919.199479	8.94699e-18
7921.123867	1.06132e-17
7923.048254	9.65231e-18
7924.972642	1.07661e-17
7926.89703	1.17725e-17
7928.821418	6.68035e-18
7930.745805	5.95777e-18
7932.670193	1.03755e-17
7934.594581	1.28681e-17
7936.518969	1.33487e-17
7938.443357	1.17831e-17
7940.367744	8.16969e-18
7942.292132	6.97334e-18
7944.21652	8.70628e-18
7946.140908	1.07679e-17
7948.065296	1.2048e-17
7949.989683	1.36245e-17
7951.914071	1.39201e-17
7953.838459	1.26847e-17
7955.762847	1.18092e-17
7957.687235	6.86715e-18
7959.611622	5.43393e-18
7961.53601	1.20825e-17
7963.460398	1.36381e-17
7965.384786	1.58737e-17
7967.309174	1.36938e-17
7969.233561	1.17995e-17
7971.157949	1.43063e-17
7973.082337	1.36208e-17
7975.006725	1.08663e-17
7976.931113	1.23078e-17
7978.8555	1.39501e-17
7980.779888	1.09248e-17
7982.704276	8.074e-18
7984.628664	1.31085e-17
7986.553052	1.32184e-17
7988.477439	7.75458e-18
7990.401827	2.57397e-18
7992.326215	8.34178e-18
7994.250603	1.54023e-17
7996.174991	1.20717e-17
7998.099378	1.10026e-17
8000.023766	9.18395e-18
8001.948154	1.03456e-17
8003.872542	1.01422e-17
8005.79693	7.42236e-18
8007.721317	8.66059e-18
8009.645705	8.60903e-18
8011.570093	9.88901e-18
8013.494481	1.29166e-17
8015.418869	9.55132e-18
8017.343256	9.05826e-18
8019.267644	9.97949e-18
8021.192032	5.90076e-18
8023.11642	3.51087e-18
8025.040808	1.30011e-17
8026.965195	1.50063e-17
8028.889583	9.22971e-18
8030.813971	5.424e-18
8032.738359	1.04473e-17
8034.662746	2.01851e-17
8036.587134	1.95216e-17
8038.511522	1.39417e-17
8040.43591	9.25942e-18
8042.360298	8.65014e-18
8044.284685	9.14245e-18
8046.209073	9.22417e-18
8048.133461	1.07306e-17
8050.057849	7.81076e-18
8051.982237	5.94045e-18
8053.906624	1.03619e-17
8055.831012	1.16079e-17
8057.7554	1.16953e-17
8059.679788	1.59619e-17
8061.604176	1.893e-17
8063.528563	7.8273e-18
8065.452951	9.52405e-19
8067.377339	7.86524e-18
8069.301727	1.73865e-17
8071.226115	1.33953e-17
8073.150502	1.1924e-17
8075.07489	1.24022e-17
8076.999278	1.10902e-17
8078.923666	1.0984e-17
8080.848054	1.01091e-17
8082.772441	9.56956e-18
8084.696829	1.11746e-17
8086.621217	1.01277e-17
8088.545605	8.78689e-18
8090.469993	1.05488e-17
8092.39438	1.0235e-17
8094.318768	1.00225e-17
8096.243156	1.07348e-17
8098.167544	9.75188e-18
8100.091932	1.05619e-17
8102.016319	7.23238e-18
8103.940707	6.76315e-18
8105.865095	1.27063e-17
8107.789483	1.25655e-17
8109.713871	1.28296e-17
8111.638258	1.29957e-17
8113.562646	1.28051e-17
8115.487034	1.06527e-17
8117.411422	1.11305e-17
8119.33581	1.54192e-17
8121.260197	1.23904e-17
8123.184585	8.9508e-18
8125.108973	1.30512e-17
8127.033361	1.55125e-17
8128.957749	1.26253e-17
8130.882136	9.34456e-18
8132.806524	9.51298e-18
8134.730912	1.28682e-17
8136.6553	1.4621e-17
8138.579687	1.31893e-17
8140.504075	1.12835e-17
8142.428463	8.67354e-18
8144.352851	8.01179e-18
8146.277239	1.42283e-17
8148.201626	8.07544e-18
8150.126014	7.24699e-18
8152.050402	1.14072e-17
8153.97479	1.30802e-17
8155.899178	9.36284e-18
8157.823565	1.07401e-17
8159.747953	1.11242e-17
8161.672341	9.81231e-18
8163.596729	1.22739e-17
8165.521117	1.50478e-17
8167.445504	1.1758e-17
8169.369892	1.08726e-17
8171.29428	1.25724e-17
8173.218668	9.44725e-18
8175.143056	8.93008e-18
8177.067443	9.84058e-18
8178.991831	1.04191e-17
8180.916219	8.70066e-18
8182.840607	7.87715e-18
8184.764995	1.46964e-17
8186.689382	1.47202e-17
8188.61377	1.05602e-17
8190.538158	1.05146e-17
8192.462546	1.35803e-17
8194.386934	1.22644e-17
8196.311321	1.22022e-17
8198.235709	1.3068e-17
8200.160097	1.48646e-17
8202.084485	1.30215e-17
8204.008873	9.91386e-18
8205.93326	1.24381e-17
8207.857648	1.30382e-17
8209.782036	1.09467e-17
8211.706424	1.1403e-17
8213.630812	9.16041e-18
8215.555199	8.21916e-18
8217.479587	9.47181e-18
8219.403975	8.23763e-18
8221.328363	9.72897e-18
8223.252751	9.72482e-18
8225.177138	8.01942e-18
8227.101526	1.10547e-17
8229.025914	9.28521e-18
8230.950302	9.56762e-18
8232.87469	8.70552e-18
8234.799077	8.35287e-18
8236.723465	8.36064e-18
8238.647853	7.62712e-18
8240.572241	8.98501e-18
8242.496629	1.25478e-17
8244.421016	1.64475e-17
8246.345404	1.36284e-17
8248.269792	1.12378e-17
8250.19418	1.25105e-17
8252.118567	8.10241e-18
8254.042955	7.96322e-18
8255.967343	1.09794e-17
8257.891731	1.2675e-17
8259.816119	1.23612e-17
8261.740506	1.07676e-17
8263.664894	8.31843e-18
8265.589282	8.14677e-18
8267.51367	9.23601e-18
8269.438058	8.15885e-18
8271.362445	6.35492e-18
8273.286833	6.45366e-18
8275.211221	1.12407e-17
8277.135609	1.34748e-17
8279.059997	1.16273e-17
8280.984384	1.27162e-17
8282.908772	1.2684e-17
8284.83316	1.35789e-17
8286.757548	1.46662e-17
8288.681936	1.01547e-17
8290.606323	7.00036e-18
8292.530711	1.23853e-17
8294.455099	1.58461e-17
8296.379487	1.16586e-17
8298.303875	1.01887e-17
8300.228262	8.57003e-18
8302.15265	1.62776e-17
8304.077038	9.8507e-18
8306.001426	6.85603e-18
8307.925814	3.19825e-18
8309.850201	8.51446e-18
8311.774589	1.0695e-17
8313.698977	1.22427e-17
8315.623365	1.05446e-17
8317.547753	9.89473e-18
8319.47214	1.19047e-17
8321.396528	9.83073e-18
8323.320916	7.49906e-18
8325.245304	8.15223e-18
8327.169692	1.02669e-17
8329.094079	1.13513e-17
8331.018467	8.37608e-18
8332.942855	6.73522e-18
8334.867243	6.52441e-18
8336.791631	6.40149e-18
8338.716018	4.11926e-18
8340.640406	-1.6666e-18
8342.564794	-1.20915e-18
8344.489182	4.94492e-18
8346.41357	1.63392e-17
8348.337957	1.83916e-17
8350.262345	4.54128e-18
8352.186733	5.82495e-18
8354.111121	5.36273e-18
8356.035508	6.40461e-18
8357.959896	1.45853e-17
8359.884284	9.36615e-18
8361.808672	6.69354e-18
8363.73306	1.12534e-17
8365.657447	8.83908e-18
8367.581835	7.73067e-18
8369.506223	7.39513e-18
8371.430611	8.11247e-18
8373.354999	7.79538e-18
8375.279386	7.61262e-18
8377.203774	6.92103e-18
8379.128162	1.13384e-17
8381.05255	1.30177e-17
8382.976938	9.39208e-18
8384.901325	1.0455e-17
8386.825713	9.01182e-18
8388.750101	1.46874e-17
8390.674489	1.8931e-17
8392.598877	1.60955e-17
8394.523264	6.37811e-18
8396.447652	7.41515e-18
8398.37204	2.46707e-17
8400.296428	2.82883e-17
8402.220816	1.97591e-17
8404.145203	1.4857e-17
8406.069591	9.78705e-18
8407.993979	7.1655e-18
8409.918367	6.76815e-18
8411.842755	3.60915e-18
8413.767142	2.6116e-18
8415.69153	1.41535e-17
8417.615918	1.18384e-17
8419.540306	4.37681e-18
8421.464694	5.41809e-18
8423.389081	1.98078e-18
8425.313469	8.72412e-19
8427.237857	8.42173e-18
8429.162245	1.46498e-17
8431.086633	2.00942e-18
8433.01102	4.1925e-18
8434.935408	1.02493e-17
8436.859796	1.09289e-17
8438.784184	9.09693e-18
8440.708572	4.31441e-18
8442.632959	8.02304e-18
8444.557347	1.40244e-17
8446.481735	1.16771e-17
8448.406123	7.02388e-18
8450.330511	6.48977e-18
8452.254898	6.21273e-18
8454.179286	1.22459e-17
8456.103674	1.3122e-17
8458.028062	5.13252e-18
8459.952449	1.19605e-18
8461.876837	-1.22826e-18
8463.801225	9.09299e-18
8465.725613	1.0188e-17
8467.650001	-1.52126e-18
8469.574388	5.42199e-18
8471.498776	1.2614e-17
8473.423164	6.62787e-18
8475.347552	3.98457e-18
8477.27194	8.87487e-18
8479.196327	9.87285e-18
8481.120715	7.20202e-18
8483.045103	7.92121e-18
8484.969491	9.32341e-18
8486.893879	9.29204e-18
8488.818266	6.90856e-18
8490.742654	1.38311e-17
8492.667042	1.94889e-17
8494.59143	1.67003e-17
8496.515818	1.31284e-17
8498.440205	6.82e-18
8500.364593	3.15496e-18
8502.288981	7.69172e-18
8504.213369	1.4609e-17
8506.137757	9.67637e-18
8508.062144	8.91139e-18
8509.986532	1.38638e-17
8511.91092	9.82236e-18
8513.835308	4.57333e-18
8515.759696	2.91133e-18
8517.684083	4.71085e-18
8519.608471	8.25883e-18
8521.532859	8.24997e-18
8523.457247	8.72167e-18
8525.381635	1.06814e-17
8527.306022	1.16389e-17
8529.23041	1.0246e-17
8531.154798	9.73557e-18
8533.079186	1.08376e-17
8535.003574	8.80622e-18
8536.927961	4.70638e-18
8538.852349	8.16506e-18
8540.776737	1.37907e-17
8542.701125	1.31974e-17
8544.625513	5.81117e-18
8546.5499	6.24993e-18
8548.474288	1.05469e-17
8550.398676	1.28365e-17
8552.323064	9.60015e-18
8554.247452	5.94633e-18
8556.171839	8.32417e-18
8558.096227	8.76289e-18
8560.020615	8.0095e-18
8561.945003	9.18168e-18
8563.86939	7.62095e-18
8565.793778	9.46697e-18
8567.718166	1.09478e-17
8569.642554	1.16931e-17
8571.566942	1.18832e-17
8573.491329	9.11424e-18
8575.415717	8.40303e-18
8577.340105	3.63387e-18
8579.264493	2.81156e-18
8581.188881	6.80922e-18
8583.113268	8.5398e-18
8585.037656	8.7982e-18
8586.962044	4.94285e-18
8588.886432	5.22608e-18
8590.81082	6.2898e-18
8592.735207	3.80523e-18
8594.659595	6.5085e-18
8596.583983	1.21301e-17
8598.508371	1.19324e-17
8600.432759	9.14529e-18
8602.357146	7.33129e-18
8604.281534	9.11348e-18
8606.205922	1.36806e-17
8608.13031	1.08419e-17
8610.054698	1.04434e-17
8611.979085	8.64906e-18
8613.903473	9.30507e-18
8615.827861	6.85332e-18
8617.752249	4.55028e-18
8619.676637	8.67204e-18
8621.601024	8.47719e-18
8623.525412	7.94005e-18
8625.4498	1.58445e-17
8627.374188	1.49251e-17
8629.298576	7.06641e-18
8631.222963	3.64609e-18
8633.147351	6.2314e-18
8635.071739	7.50778e-18
8636.996127	1.05503e-17
8638.920515	7.57841e-18
8640.844902	5.4919e-18
8642.76929	1.03051e-17
8644.693678	1.5998e-17
8646.618066	2.08367e-17
8648.542454	6.88488e-18
8650.466841	1.82167e-18
8652.391229	4.91977e-18
8654.315617	7.93803e-18
8656.240005	1.0387e-17
8658.164393	1.07445e-17
8660.08878	1.14019e-17
8662.013168	1.22898e-17
8663.937556	7.29837e-18
8665.861944	6.61718e-18
8667.786331	1.19682e-17
8669.710719	1.28725e-17
8671.635107	1.27468e-17
8673.559495	1.76069e-17
8675.483883	1.39278e-17
8677.40827	1.00025e-17
8679.332658	1.23395e-17
8681.257046	1.39256e-17
8683.181434	1.10506e-17
8685.105822	9.26469e-18
8687.030209	1.14515e-17
8688.954597	1.01777e-17
8690.878985	4.6688e-18
8692.803373	6.43463e-18
8694.727761	5.67896e-18
8696.652148	6.46312e-18
8698.576536	6.02258e-18
8700.500924	8.59278e-18
8702.425312	9.26902e-18
8704.3497	7.49519e-18
8706.274087	9.28731e-18
8708.198475	8.94598e-18
8710.122863	6.25832e-18
8712.047251	5.88803e-18
8713.971639	4.10181e-18
8715.896026	5.0856e-18
8717.820414	7.0107e-18
8719.744802	3.38345e-18
8721.66919	5.2707e-18
8723.593578	9.60508e-18
8725.517965	9.9064e-18
8727.442353	9.44056e-18
8729.366741	7.78396e-18
8731.291129	4.61653e-18
8733.215517	2.60588e-18
8735.139904	2.6431e-18
8737.064292	6.62782e-18
8738.98868	9.02546e-18
8740.913068	5.57747e-18
8742.837456	7.27504e-18
8744.761843	8.77473e-18
8746.686231	1.00107e-17
8748.610619	9.27239e-18
8750.535007	1.26692e-17
8752.459395	1.26997e-17
8754.383782	4.73644e-18
8756.30817	1.86963e-18
8758.232558	-6.36373e-18
8760.156946	-9.26064e-18
8762.081334	-5.83318e-18
8764.005721	-3.76268e-18
8765.930109	5.71973e-18
8767.854497	7.24795e-18
8769.778885	-4.83352e-18
8771.703272	-1.15642e-17
8773.62766	-6.31822e-18
8775.552048	1.09931e-17
8777.476436	1.0914e-17
8779.400824	3.95551e-19
8781.325211	4.69905e-18
8783.249599	1.00321e-17
8785.173987	6.92157e-18
8787.098375	4.5528e-18
8789.022763	4.98052e-18
8790.94715	4.96917e-18
8792.871538	5.4349e-18
8794.795926	2.13247e-18
8796.720314	5.89625e-18
8798.644702	1.25645e-17
8800.569089	6.39845e-18
8802.493477	4.94129e-18
8804.417865	1.027e-17
8806.342253	9.37347e-18
8808.266641	4.90486e-18
8810.191028	6.39554e-18
8812.115416	9.24988e-18
8814.039804	1.01087e-17
8815.964192	7.19848e-18
8817.88858	5.12552e-18
8819.812967	-5.65797e-19
8821.737355	-9.41209e-18
8823.661743	-2.13132e-17
8825.586131	5.42709e-18
8827.510519	1.31576e-17
8829.434906	2.29826e-18
8831.359294	8.41346e-18
8833.283682	1.51732e-17
8835.20807	1.67092e-17
8837.132458	1.2005e-17
8839.056845	3.24533e-18
8840.981233	9.80332e-18
8842.905621	8.94016e-18
8844.830009	4.80042e-18
8846.754397	4.57299e-18
8848.678784	1.37003e-17
8850.603172	9.58575e-18
8852.52756	8.52002e-18
8854.451948	1.43503e-17
8856.376336	1.40797e-17
8858.300723	1.2391e-17
8860.225111	1.37425e-17
8862.149499	1.43755e-17
8864.073887	7.73238e-18
8865.998275	1.43707e-17
8867.922662	1.82012e-17
8869.84705	5.82512e-18
8871.771438	8.75687e-18
8873.695826	1.4144e-17
8875.620213	1.24346e-17
8877.544601	1.32162e-17
8879.468989	3.75193e-18
8881.393377	-1.22266e-17
8883.317765	8.34656e-18
8885.242152	2.21144e-17
8887.16654	1.96487e-17
8889.090928	3.72355e-18
8891.015316	1.19844e-17
8892.939704	1.32826e-17
8894.864091	1.19061e-17
8896.788479	1.67194e-17
8898.712867	1.57044e-17
8900.637255	1.19001e-17
8902.561643	1.22422e-17
8904.48603	2.07684e-17
8906.410418	1.99799e-17
8908.334806	1.16633e-17
8910.259194	7.94035e-18
8912.183582	1.78769e-17
8914.107969	3.08786e-18
8916.032357	-8.36636e-18
8917.956745	1.09988e-17
8919.881133	1.28462e-17
8921.805521	1.12128e-17
8923.729908	5.10438e-18
8925.654296	1.17579e-17
8927.578684	1.47963e-17
8929.503072	1.23275e-17
8931.42746	9.24054e-18
8933.351847	1.88705e-18
8935.276235	1.15256e-17
8937.200623	1.98955e-17
8939.125011	2.99563e-18
8941.049399	1.9613e-19
8942.973786	1.10728e-17
8944.898174	1.48861e-17
8946.822562	1.52309e-17
8948.74695	1.56428e-17
8950.671338	1.15592e-17
8952.595725	1.51962e-18
8954.520113	6.82316e-18
8956.444501	1.75893e-17
8958.368889	9.63234e-18
8960.293277	1.67845e-17
8962.217664	9.7962e-18
8964.142052	1.45255e-17
8966.06644	9.73805e-18
8967.990828	7.48669e-18
8969.915216	6.3851e-18
8971.839603	7.34426e-18
8973.763991	8.86305e-18
8975.688379	9.07458e-18
8977.612767	1.1788e-17
8979.537154	1.71771e-17
8981.461542	1.40371e-17
8983.38593	1.7573e-17
8985.310318	8.89327e-18
8987.234706	2.6043e-18
8989.159093	1.70125e-17
8991.083481	1.35663e-17
8993.007869	1.05225e-17
8994.932257	1.37202e-17
8996.856645	1.19125e-17
8998.781032	7.35089e-18
9000.70542	5.25699e-18
9002.629808	8.59571e-18
9004.554196	1.2363e-17
9006.478584	1.49861e-17
9008.402971	2.04337e-17
9010.327359	1.88025e-17
9012.251747	1.23458e-17
9014.176135	6.00145e-18
9016.100523	1.04502e-17
9018.02491	1.60941e-17
9019.949298	1.16201e-17
9021.873686	1.17359e-17
9023.798074	1.51945e-17
9025.722462	1.10656e-17
9027.646849	7.02522e-18
9029.571237	1.20873e-17
9031.495625	1.73678e-17
9033.420013	1.26368e-17
9035.344401	1.01399e-17
9037.268788	1.30434e-17
9039.193176	1.55442e-17
9041.117564	1.66683e-17
9043.041952	1.27869e-17
9044.96634	9.04286e-18
9046.890727	1.34623e-17
9048.815115	2.15795e-17
9050.739503	1.93913e-17
9052.663891	1.79998e-17
9054.588279	1.52942e-17
9056.512666	1.60489e-17
9058.437054	1.54827e-17
9060.361442	1.85243e-17
9062.28583	1.41264e-17
9064.210218	1.0566e-17
9066.134605	9.11224e-18
9068.058993	7.43282e-18
9069.983381	1.05442e-17
9071.907769	1.01985e-17
9073.832157	7.76136e-18
9075.756544	1.19465e-17
9077.680932	2.28269e-17
9079.60532	2.66211e-17
9081.529708	1.14267e-17
9083.454096	7.62808e-18
9085.378483	1.16382e-17
9087.302871	2.0761e-17
9089.227259	1.80468e-17
9091.151647	1.51785e-17
9093.076034	1.58733e-17
9095.000422	1.63641e-17
9096.92481	1.22212e-17
9098.849198	1.61247e-17
9100.773586	1.53113e-17
9102.697973	1.31225e-17
9104.622361	1.33555e-17
9106.546749	1.19159e-17
9108.471137	1.00926e-17
9110.395525	1.02284e-17
9112.319912	1.31997e-17
9114.2443	9.59127e-18
9116.168688	6.27833e-18
9118.093076	1.22066e-17
9120.017464	8.89329e-18
9121.941851	2.9359e-18
9123.866239	9.17843e-18
9125.790627	1.35837e-17
9127.715015	9.0487e-18
9129.639403	7.59079e-18
9131.56379	1.44545e-17
9133.488178	9.24357e-18
9135.412566	8.90069e-18
9137.336954	9.08074e-18
9139.261342	1.02579e-17
9141.185729	1.30417e-17
9143.110117	8.66834e-18
9145.034505	8.10548e-18
9146.958893	1.04429e-17
9148.883281	9.71922e-18
9150.807668	1.30959e-17
9152.732056	1.90914e-17
9154.656444	1.1472e-17
9156.580832	5.25782e-18
9158.50522	7.02054e-18
9160.429607	1.20852e-17
9162.353995	1.88285e-17
9164.278383	2.28602e-17
9166.202771	2.11367e-17
9168.127159	1.10288e-17
9170.051546	9.77923e-18
9171.975934	1.14377e-17
9173.900322	7.53256e-18
9175.82471	5.15864e-18
9177.749098	6.45865e-18
9179.673485	9.17239e-18
9181.597873	7.14995e-18
9183.522261	1.38343e-17
9185.446649	1.05819e-17
9187.371037	5.9153e-18
9189.295424	9.47461e-18
9191.219812	8.93212e-18
9193.1442	1.1503e-17
9195.068588	1.54081e-17
9196.992975	8.17542e-18
9198.917363	6.11585e-18
9200.841751	1.305e-17
9202.766139	1.56834e-17
9204.690527	1.20657e-17
9206.614914	1.19476e-17
9208.539302	5.0817e-18
9210.46369	6.06899e-18
9212.388078	1.26194e-17
9214.312466	1.63299e-17
9216.236853	1.10129e-17
9218.161241	1.12422e-17
9220.085629	8.7822e-18
9222.010017	1.60595e-17
9223.934405	8.06894e-18
9225.858792	1.39307e-18
9227.78318	1.00934e-17
9229.707568	1.86891e-17
9231.631956	1.3716e-17
9233.556344	1.96752e-18
9235.480731	4.97228e-18
9237.405119	9.95225e-18
9239.329507	6.06617e-18
9241.253895	6.54384e-18
9243.178283	6.34631e-18
9245.10267	5.35383e-18
9247.027058	6.25564e-18
9248.951446	1.55855e-17
9250.875834	1.01142e-17
9252.800222	7.52128e-18
9254.724609	1.1186e-17
