# wave  flux  flux_err
      3550.00 -4.41483e-21  1.20695e-18
      3555.00 -8.28244e-19  1.19418e-18
      3560.00 -4.22763e-19  1.16795e-18
      3565.00  4.57935e-19  1.13464e-18
      3570.00 -8.90259e-20  1.11801e-18
      3575.00 -1.58783e-18  1.12177e-18
      3580.00  2.44055e-19  1.12996e-18
      3585.00 -1.09362e-18  1.13069e-18
      3590.00 -1.58978e-19  1.15151e-18
      3595.00  9.38569e-19  1.19118e-18
      3600.00 -1.23013e-18  1.19836e-18
      3605.00  1.55794e-18  1.21041e-18
      3610.00 -7.64779e-19  1.19926e-18
      3615.00 -5.32057e-19  1.21687e-18
      3620.00 -2.03590e-19  1.19276e-18
      3625.00 -1.62113e-18  1.15624e-18
      3630.00 -4.08034e-19  1.11510e-18
      3635.00 -4.24382e-19  1.06460e-18
      3640.00 -1.84955e-18  1.00085e-18
      3645.00 -1.88561e-18  9.21656e-19
      3650.00 -5.76669e-19  8.66435e-19
      3655.00 -1.58997e-18  8.46286e-19
      3660.00  1.77053e-19  8.03342e-19
      3665.00 -1.70447e-18  7.21368e-19
      3670.00 -4.11558e-20  6.79791e-19
      3675.00 -2.20504e-19  6.40377e-19
      3680.00 -4.03458e-19  5.89065e-19
      3685.00 -8.71110e-19  5.56327e-19
      3690.00 -4.15401e-19  5.38132e-19
      3695.00 -3.86899e-19  5.18091e-19
      3700.00 -8.62865e-19  5.18079e-19
      3705.00 -4.46074e-19  4.93490e-19
      3710.00 -2.89238e-20  4.80601e-19
      3715.00 -7.58074e-19  4.68125e-19
      3720.00 -7.70481e-19  4.33917e-19
      3725.00 -6.36498e-19  4.62006e-19
      3730.00 -3.47318e-19  4.54289e-19
      3735.00 -1.34057e-19  4.32462e-19
      3740.00 -3.04004e-19  4.49855e-19
      3745.00  1.64425e-19  4.36327e-19
      3750.00 -4.35220e-19  4.29184e-19
      3755.00 -7.11170e-19  4.60225e-19
      3760.00 -7.29330e-19  4.41550e-19
      3765.00 -7.58481e-19  4.51340e-19
      3770.00 -1.29351e-19  4.65158e-19
      3775.00 -7.31671e-19  4.73452e-19
      3780.00 -3.34652e-19  4.87484e-19
      3785.00 -9.42180e-19  4.96240e-19
      3790.00 -4.35603e-19  5.14189e-19
      3795.00 -3.90091e-19  5.23797e-19
      3800.00 -6.53328e-19  5.31015e-19
      3805.00 -7.38361e-19  5.46719e-19
      3810.00 -9.20028e-19  5.66366e-19
      3815.00 -3.88833e-19  5.72854e-19
      3820.00 -1.25921e-18  5.79999e-19
      3825.00 -2.67294e-19  5.77386e-19
      3830.00 -4.99192e-19  5.91095e-19
      3835.00 -8.77864e-19  5.72156e-19
      3840.00 -1.44336e-18  5.57410e-19
      3845.00 -1.21860e-18  6.35746e-19
      3850.00 -7.82132e-19  5.95310e-19
      3855.00  1.15182e-19  5.58367e-19
      3860.00 -1.28353e-18  5.14326e-19
      3865.00 -8.21852e-19  4.93614e-19
      3870.00 -1.10860e-19  4.67938e-19
      3875.00 -2.32289e-19  4.55314e-19
      3880.00 -6.51633e-19  4.29690e-19
      3885.00 -2.16860e-19  4.17714e-19
      3890.00 -7.20283e-19  4.06921e-19
      3895.00 -3.23951e-19  4.00025e-19
      3900.00 -6.71353e-19  3.90252e-19
      3905.00 -5.48837e-19  3.87543e-19
      3910.00 -1.11892e-18  3.86225e-19
      3915.00  3.71028e-21  3.84190e-19
      3920.00 -3.30811e-19  3.66531e-19
      3925.00 -4.50120e-19  3.55995e-19
      3930.00 -7.82002e-19  3.43023e-19
      3935.00 -8.79767e-19  3.34487e-19
      3940.00 -6.48290e-19  3.51716e-19
      3945.00 -1.28616e-19  3.60707e-19
      3950.00 -2.23918e-19  3.62682e-19
      3955.00 -1.14038e-20  3.61783e-19
      3960.00 -3.63266e-19  3.60659e-19
      3965.00 -8.42295e-19  3.52400e-19
      3970.00  1.41716e-19  3.59865e-19
      3975.00 -6.00398e-19  3.80725e-19
      3980.00 -3.14152e-19  3.98881e-19
      3985.00 -7.38376e-19  4.02936e-19
      3990.00 -2.89874e-19  4.18453e-19
      3995.00 -4.87716e-19  4.27558e-19
      4000.00 -6.01879e-19  4.45098e-19
      4005.00 -8.26679e-19  4.52567e-19
      4010.00 -7.63415e-19  4.79732e-19
      4015.00 -3.83824e-19  4.89190e-19
      4020.00 -1.00230e-18  4.94805e-19
      4025.00 -6.63808e-19  5.04920e-19
      4030.00 -7.10023e-19  5.10866e-19
      4035.00 -5.73653e-19  5.16460e-19
      4040.00 -9.45020e-19  5.25569e-19
      4045.00 -1.24955e-18  7.19560e-19
      4050.00 -5.89259e-19  6.68765e-19
      4055.00 -9.73927e-19  6.11739e-19
      4060.00 -2.41519e-20  5.94511e-19
      4065.00 -7.55093e-19  5.67765e-19
      4070.00  3.11169e-19  5.50609e-19
      4075.00 -4.59352e-19  5.18894e-19
      4080.00 -1.38299e-19  5.02403e-19
      4085.00  6.04591e-20  4.83518e-19
      4090.00 -4.40658e-19  4.64767e-19
      4095.00  1.47440e-19  4.50935e-19
      4100.00 -1.14363e-18  4.21833e-19
      4105.00 -1.38712e-20  4.23146e-19
      4110.00 -3.30551e-19  4.11633e-19
      4115.00 -3.47109e-19  4.09978e-19
      4120.00  2.90011e-19  4.08798e-19
      4125.00 -4.55854e-20  3.99906e-19
      4130.00 -1.63036e-19  3.90966e-19
      4135.00 -1.17558e-19  3.90924e-19
      4140.00 -2.08418e-19  3.93916e-19
      4145.00  4.67735e-20  3.88575e-19
      4150.00  6.99161e-20  3.82704e-19
      4155.00  3.00783e-20  3.93455e-19
      4160.00 -4.82310e-19  3.90642e-19
      4165.00  3.00587e-19  4.05941e-19
      4170.00  4.63867e-19  4.11496e-19
      4175.00  7.47003e-20  3.97437e-19
      4180.00 -4.09870e-19  3.99852e-19
      4185.00  1.67228e-19  4.04184e-19
      4190.00 -2.84957e-20  4.08376e-19
      4195.00  2.96879e-20  4.11475e-19
      4200.00 -1.03082e-19  4.10585e-19
      4205.00 -4.82083e-19  4.16622e-19
      4210.00 -7.66087e-20  4.31038e-19
      4215.00 -8.75795e-20  4.30821e-19
      4220.00 -6.72026e-19  4.33730e-19
      4225.00 -1.53603e-19  4.33136e-19
      4230.00 -2.69688e-19  4.42379e-19
      4235.00 -6.34233e-19  4.43158e-19
      4240.00 -5.80937e-20  4.46108e-19
      4245.00 -7.11772e-19  4.47916e-19
      4250.00 -9.66536e-19  4.43571e-19
      4255.00 -6.23243e-19  4.42128e-19
      4260.00 -8.75020e-20  4.35975e-19
      4265.00 -1.15076e-18  4.30757e-19
      4270.00 -8.04592e-19  4.20542e-19
      4275.00 -7.65899e-19  4.12111e-19
      4280.00 -4.55814e-19  4.59883e-19
      4285.00 -4.58700e-19  4.32017e-19
      4290.00 -4.08404e-19  4.08333e-19
      4295.00 -1.14379e-19  3.93030e-19
      4300.00 -7.88042e-19  3.62743e-19
      4305.00 -2.34983e-19  3.53124e-19
      4310.00 -5.07066e-19  3.39460e-19
      4315.00 -4.10865e-19  3.42255e-19
      4320.00 -5.62722e-19  3.32193e-19
      4325.00 -3.08722e-19  3.10826e-19
      4330.00 -3.68619e-19  3.09360e-19
      4335.00 -3.15021e-19  3.02011e-19
      4340.00 -3.57670e-19  2.86556e-19
      4345.00 -6.59615e-20  2.90494e-19
      4350.00 -5.24067e-19  2.82327e-19
      4355.00 -2.96774e-19  2.79940e-19
      4360.00 -3.84451e-19  2.96297e-19
      4365.00 -2.69359e-19  2.74983e-19
      4370.00 -8.04988e-20  2.74028e-19
      4375.00  2.47088e-20  2.71827e-19
      4380.00 -1.23756e-19  2.71309e-19
      4385.00 -2.71471e-19  2.60537e-19
      4390.00 -3.11179e-19  2.63032e-19
      4395.00 -1.82636e-19  2.69224e-19
      4400.00 -1.98792e-19  2.70572e-19
      4405.00 -3.96594e-19  2.75791e-19
      4410.00 -6.45534e-19  2.79805e-19
      4415.00 -4.37138e-19  2.81312e-19
      4420.00 -6.23179e-19  2.84566e-19
      4425.00 -5.11439e-20  2.89740e-19
      4430.00 -4.85496e-19  2.89670e-19
      4435.00 -3.12656e-19  2.90736e-19
      4440.00 -3.83779e-20  3.02318e-19
      4445.00  2.57326e-20  3.05514e-19
      4450.00 -4.94201e-20  3.11432e-19
      4455.00 -2.54094e-19  3.08980e-19
      4460.00 -2.23037e-19  3.15972e-19
      4465.00  1.10741e-19  3.28090e-19
      4470.00 -6.91967e-19  3.26979e-19
      4475.00 -2.88656e-19  3.38395e-19
      4480.00 -4.68265e-19  3.39823e-19
      4485.00 -9.13033e-19  3.47948e-19
      4490.00 -4.43226e-19  3.53214e-19
      4495.00 -4.97808e-19  3.57526e-19
      4500.00 -4.59197e-19  3.61764e-19
      4505.00 -5.09297e-19  3.67267e-19
      4510.00 -2.01418e-19  5.76164e-19
      4515.00 -2.85568e-19  5.40124e-19
      4520.00 -9.43797e-19  5.06729e-19
      4525.00 -8.54049e-19  4.78206e-19
      4530.00 -4.70632e-19  4.58591e-19
      4535.00 -4.72190e-19  4.36720e-19
      4540.00 -3.32521e-19  4.18830e-19
      4545.00 -4.67238e-19  4.00370e-19
      4550.00 -2.12337e-19  3.80292e-19
      4555.00 -3.07984e-19  3.62197e-19
      4560.00 -2.52074e-19  3.51510e-19
      4565.00 -6.82474e-19  3.31844e-19
      4570.00 -1.49914e-19  3.25540e-19
      4575.00 -5.47609e-19  3.12889e-19
      4580.00 -1.37133e-19  3.08357e-19
      4585.00  5.93751e-20  3.00133e-19
      4590.00 -1.58020e-19  2.90954e-19
      4595.00  2.51346e-20  2.83632e-19
      4600.00  1.01999e-19  2.79035e-19
      4605.00  3.13904e-20  2.73237e-19
      4610.00 -2.16673e-19  2.69269e-19
      4615.00  6.53060e-20  2.65232e-19
      4620.00 -8.22808e-20  2.60177e-19
      4625.00  1.45040e-19  2.58805e-19
      4630.00 -1.50060e-19  2.53552e-19
      4635.00 -5.36105e-19  2.46572e-19
      4640.00 -3.78940e-19  2.46619e-19
      4645.00 -3.25413e-19  2.42061e-19
      4650.00 -2.73599e-19  2.42770e-19
      4655.00 -3.09730e-19  2.42540e-19
      4660.00  6.80720e-20  2.50997e-19
      4665.00 -3.36916e-20  2.44232e-19
      4670.00  3.53894e-19  2.47246e-19
      4675.00 -5.30656e-19  2.44055e-19
      4680.00 -3.35252e-19  2.43760e-19
      4685.00 -3.66430e-20  2.48074e-19
      4690.00  2.38266e-19  2.50417e-19
      4695.00 -1.06988e-19  2.51314e-19
      4700.00 -3.35868e-20  2.49938e-19
      4705.00  6.78576e-20  2.53641e-19
      4710.00  4.44126e-20  2.56050e-19
      4715.00 -2.12896e-19  2.58555e-19
      4720.00  1.94999e-19  2.65889e-19
      4725.00 -3.40794e-20  2.66624e-19
      4730.00 -1.82407e-19  2.67034e-19
      4735.00 -3.00651e-19  2.70654e-19
      4740.00 -2.72096e-19  2.78263e-19
      4745.00 -2.09000e-19  2.82889e-19
      4750.00 -5.82466e-19  2.83578e-19
      4755.00 -2.51209e-19  2.90002e-19
      4760.00 -3.86078e-19  2.95726e-19
      4765.00 -5.17972e-19  2.97619e-19
      4770.00 -5.14219e-19  3.03730e-19
      4775.00 -3.51807e-19  3.11008e-19
      4780.00 -4.23721e-19  3.15195e-19
      4785.00 -7.47109e-19  3.15183e-19
      4790.00 -3.34504e-19  5.57888e-19
      4795.00 -4.94209e-19  5.29724e-19
      4800.00 -1.23861e-19  5.02054e-19
      4805.00 -2.73445e-19  4.77491e-19
      4810.00 -7.33696e-19  4.49839e-19
      4815.00 -1.03299e-19  4.40560e-19
      4820.00 -1.01564e-18  4.18496e-19
      4825.00 -2.15776e-19  4.02761e-19
      4830.00 -5.57958e-19  3.85883e-19
      4835.00 -3.97499e-20  3.75579e-19
      4840.00 -5.09300e-19  3.57511e-19
      4845.00 -1.97615e-19  3.46109e-19
      4850.00 -4.16790e-19  3.28272e-19
      4855.00 -4.00687e-19  3.15159e-19
      4860.00 -2.57421e-20  3.07757e-19
      4865.00 -1.49853e-19  2.95887e-19
      4870.00 -3.52017e-19  2.85614e-19
      4875.00  1.14347e-19  2.85041e-19
      4880.00 -3.61064e-19  2.77161e-19
      4885.00 -6.25510e-20  2.72013e-19
      4890.00 -4.63660e-20  2.64556e-19
      4895.00 -3.82270e-20  2.62503e-19
      4900.00  7.40004e-20  2.56614e-19
      4905.00 -1.19879e-19  2.53079e-19
      4910.00 -1.87020e-19  2.44864e-19
      4915.00 -3.63592e-20  2.44464e-19
      4920.00  8.85114e-20  2.36029e-19
      4925.00 -2.33192e-19  2.39334e-19
      4930.00  1.28257e-19  2.38544e-19
      4935.00 -8.83182e-21  2.31529e-19
      4940.00 -5.34074e-20  2.30052e-19
      4945.00  3.54244e-20  2.28723e-19
      4950.00 -4.12213e-19  2.26645e-19
      4955.00 -3.38555e-19  2.23528e-19
      4960.00 -2.69609e-20  2.25569e-19
      4965.00  4.17297e-19  2.32105e-19
      4970.00 -2.21406e-19  2.26140e-19
      4975.00  1.58585e-20  2.29204e-19
      4980.00  1.52962e-19  2.26191e-19
      4985.00 -2.24517e-19  2.22540e-19
      4990.00 -2.75829e-19  2.27240e-19
      4995.00  1.55682e-19  2.31979e-19
      5000.00 -9.71129e-20  2.29071e-19
      5005.00 -2.04321e-19  2.30372e-19
      5010.00 -3.29626e-19  2.33098e-19
      5015.00 -3.01173e-19  2.33756e-19
      5020.00  3.50886e-21  2.38172e-19
      5025.00 -2.68178e-19  2.41533e-19
      5030.00 -2.37708e-19  2.46787e-19
      5035.00 -3.51010e-20  2.53870e-19
      5040.00 -2.85347e-19  2.48957e-19
      5045.00  5.04681e-20  2.61744e-19
      5050.00 -1.36505e-19  2.58520e-19
      5055.00 -2.31991e-19  2.61890e-19
      5060.00 -3.01041e-20  2.68946e-19
      5065.00 -5.89350e-20  2.70186e-19
      5070.00 -2.41782e-20  2.74119e-19
      5075.00  2.32803e-20  2.78156e-19
      5080.00  7.27720e-20  2.81001e-19
      5085.00 -3.47510e-19  2.84834e-19
      5090.00  2.45612e-19  2.94107e-19
      5095.00 -3.81644e-19  2.94710e-19
      5100.00 -7.69747e-20  2.99941e-19
      5105.00 -4.11642e-19  3.00757e-19
      5110.00 -5.58469e-19  3.06250e-19
      5115.00 -5.60882e-19  5.83103e-19
      5120.00 -3.89441e-19  5.81250e-19
      5125.00 -5.51991e-19  5.26127e-19
      5130.00  6.16127e-20  5.17368e-19
      5135.00 -5.80135e-19  4.94625e-19
      5140.00 -2.59209e-21  4.78163e-19
      5145.00 -1.17269e-18  4.31943e-19
      5150.00 -3.32541e-19  4.25785e-19
      5155.00 -5.87622e-19  4.08605e-19
      5160.00 -7.68028e-19  3.97216e-19
      5165.00 -3.89439e-19  3.80860e-19
      5170.00 -1.68903e-20  3.69393e-19
      5175.00 -6.40375e-20  3.56335e-19
      5180.00 -2.59585e-19  3.39638e-19
      5185.00 -2.04625e-19  3.18258e-19
      5190.00  1.20677e-19  3.40903e-19
      5195.00 -1.66038e-19  2.99169e-19
      5200.00 -5.45941e-19  3.04959e-19
      5205.00 -5.24897e-19  2.90653e-19
      5210.00 -2.93363e-19  2.90206e-19
      5215.00 -5.99391e-19  2.56215e-19
      5220.00 -2.97660e-19  3.02941e-19
      5225.00  1.34933e-20  2.70826e-19
      5230.00 -2.64434e-19  2.27293e-19
      5235.00  8.47208e-20  2.53371e-19
      5240.00 -3.60952e-19  2.76494e-19
      5245.00 -1.38943e-19  2.74584e-19
      5250.00 -3.38811e-19  2.66936e-19
      5255.00 -3.20729e-19  2.64092e-19
      5260.00 -1.43572e-20  2.43145e-19
      5265.00 -4.46781e-19  1.94092e-19
      5270.00  2.54907e-20  2.15749e-19
      5275.00 -3.80149e-19  2.47949e-19
      5280.00 -1.59968e-19  2.26936e-19
      5285.00 -4.50332e-19  2.03942e-19
      5290.00 -4.46021e-19  2.37343e-19
      5295.00  1.40119e-20  2.09186e-19
      5300.00 -2.74892e-19  2.20072e-19
      5305.00  1.32206e-19  2.32755e-19
      5310.00 -3.99666e-19  2.04971e-19
      5315.00 -2.69429e-19  2.15734e-19
      5320.00 -4.05810e-19  2.17893e-19
      5325.00 -1.37293e-19  2.21145e-19
      5330.00 -9.20603e-20  2.13600e-19
      5335.00 -4.62270e-20  2.16477e-19
      5340.00 -2.71168e-19  2.05584e-19
      5345.00 -1.42893e-19  2.12818e-19
      5350.00 -3.29410e-19  2.12071e-19
      5355.00 -2.58792e-19  2.20416e-19
      5360.00 -1.96828e-19  2.07863e-19
      5365.00 -3.41039e-19  2.12398e-19
      5370.00  1.59934e-19  2.22466e-19
      5375.00 -1.66385e-19  2.20061e-19
      5380.00 -2.49042e-19  2.20932e-19
      5385.00 -2.75394e-19  2.22406e-19
      5390.00 -3.45177e-20  2.19702e-19
      5395.00 -2.85921e-19  2.22606e-19
      5400.00  1.01144e-19  2.34534e-19
      5405.00 -9.00631e-20  2.32989e-19
      5410.00 -3.46209e-19  2.30422e-19
      5415.00 -3.03412e-19  2.42569e-19
      5420.00 -2.41476e-19  2.50074e-19
      5425.00 -2.77052e-20  2.56435e-19
      5430.00 -3.20674e-19  2.53221e-19
      5435.00 -1.35983e-19  2.47588e-19
      5440.00 -3.51406e-19  2.65325e-19
      5445.00 -1.93791e-19  2.67900e-19
      5450.00 -4.82213e-19  2.83088e-19
      5455.00 -3.44712e-19  2.82099e-19
      5460.00 -7.88248e-19  3.12065e-19
      5465.00 -4.63209e-19  3.02016e-19
      5470.00 -6.10689e-19  3.13456e-19
      5475.00 -4.71134e-19  3.23026e-19
      5480.00 -6.41408e-19  3.33685e-19
      5485.00 -2.92491e-19  3.47382e-19
      5490.00  2.39918e-19  6.49670e-19
      5495.00 -5.40539e-20  6.16819e-19
      5500.00 -5.05479e-19  5.91851e-19
      5505.00 -1.48966e-19  5.63815e-19
      5510.00 -3.49997e-19  5.36466e-19
      5515.00 -3.94707e-19  5.13206e-19
      5520.00 -9.29512e-19  4.88337e-19
      5525.00  2.41175e-19  4.84094e-19
      5530.00 -3.90977e-19  4.61676e-19
      5535.00 -4.24157e-19  4.52323e-19
      5540.00 -3.64245e-19  4.46912e-19
      5545.00 -7.67343e-19  4.43378e-19
      5550.00 -2.60977e-19  4.32327e-19
      5555.00  6.71912e-19  4.32382e-19
      5560.00  3.13321e-19  4.33052e-19
      5565.00  6.02322e-19  4.49763e-19
      5570.00  6.34934e-20  4.47930e-19
      5575.00 -2.43154e-19  5.26717e-19
      5580.00 -3.26108e-19  4.96752e-19
      5585.00 -3.05606e-19  4.67708e-19
      5590.00 -4.04727e-19  4.78544e-19
      5595.00 -4.60665e-19  4.78970e-19
      5600.00 -3.74492e-19  5.03381e-19
      5605.00 -1.63275e-19  6.46385e-19
      5610.00 -1.55707e-19  5.92378e-19
      5615.00 -3.83569e-19  5.47924e-19
      5620.00 -6.69962e-19  5.09628e-19
      5625.00  4.11555e-20  4.94791e-19
      5630.00 -7.19807e-19  4.60193e-19
      5635.00  4.42702e-20  4.48547e-19
      5640.00  5.82319e-19  4.35735e-19
      5645.00 -2.45668e-19  4.23418e-19
      5650.00  5.44396e-21  4.13244e-19
      5655.00 -5.37380e-19  3.99781e-19
      5660.00  1.93848e-20  3.93902e-19
      5665.00 -4.55126e-20  3.94060e-19
      5670.00 -6.50454e-20  3.92348e-19
      5675.00 -7.28361e-19  3.86259e-19
      5680.00 -5.40357e-19  3.90688e-19
      5685.00 -5.42529e-19  3.92535e-19
      5690.00 -3.56806e-19  4.04775e-19
      5695.00 -8.19605e-19  4.12507e-19
      5700.00 -5.70199e-19  4.21050e-19
      5705.00  1.97342e-19  4.37110e-19
      5710.00 -1.29586e-19  4.46730e-19
      5715.00  4.94580e-19  4.65765e-19
      5720.00  3.84796e-20  4.78376e-19
      5725.00 -4.59280e-19  4.92180e-19
      5730.00 -3.62461e-19  5.04321e-19
      5735.00 -3.62803e-19  5.16992e-19
      5740.00  2.54547e-19  5.26928e-19
      5745.00 -1.53149e-19  5.31851e-19
      5750.00 -1.47610e-19  5.34834e-19
      5755.00  8.05445e-19  5.33420e-19
      5760.00  1.37377e-19  5.30267e-19
      5765.00 -8.44257e-20  5.15314e-19
      5770.00  5.40634e-19  5.07663e-19
      5775.00 -2.65357e-19  4.88336e-19
      5780.00  1.43648e-19  4.74037e-19
      5785.00 -1.09761e-18  4.36813e-19
      5790.00 -1.42204e-19  3.98170e-19
      5795.00 -2.13894e-19  3.90815e-19
      5800.00 -4.57763e-19  3.78536e-19
      5805.00 -3.80283e-19  3.70694e-19
      5810.00  2.18448e-19  3.62625e-19
      5815.00 -4.28123e-19  3.50962e-19
      5820.00 -1.40608e-19  3.45784e-19
      5825.00  1.03092e-19  3.41043e-19
      5830.00 -1.88071e-19  3.33864e-19
      5835.00  5.33363e-20  3.29653e-19
      5840.00 -5.22602e-20  3.25714e-19
      5845.00  5.65608e-20  3.25159e-19
      5850.00  1.75711e-19  3.31514e-19
      5855.00  2.86940e-19  3.28569e-19
      5860.00  4.62381e-19  3.28275e-19
      5865.00 -3.86953e-19  3.42255e-19
      5870.00 -7.78004e-20  3.43994e-19
      5875.00 -6.47757e-19  3.41592e-19
      5880.00 -2.68976e-19  3.44108e-19
      5885.00 -1.60159e-20  3.49827e-19
      5890.00 -2.15270e-19  3.94195e-19
      5895.00 -7.22505e-19  3.79281e-19
      5900.00 -4.23275e-19  3.65229e-19
      5905.00 -5.27125e-19  3.75523e-19
      5910.00  2.38997e-19  3.78234e-19
      5915.00 -3.25800e-19  3.93842e-19
      5920.00  2.60615e-19  3.88455e-19
      5925.00 -1.04596e-19  3.96727e-19
      5930.00 -1.25506e-19  3.96167e-19
      5935.00 -2.92325e-19  4.05882e-19
      5940.00  6.10737e-20  3.98345e-19
      5945.00 -1.19231e-19  3.99036e-19
      5950.00  1.99684e-19  4.06832e-19
      5955.00 -6.36670e-19  4.03580e-19
      5960.00  2.07868e-19  3.90830e-19
      5965.00 -1.61045e-19  3.85351e-19
      5970.00  4.78370e-20  3.83496e-19
      5975.00 -6.33426e-19  3.78628e-19
      5980.00 -2.06737e-19  3.66617e-19
      5985.00  1.22863e-19  3.62325e-19
      5990.00  3.74018e-20  3.56380e-19
      5995.00 -3.34669e-19  3.49862e-19
      6000.00 -5.22258e-19  3.54485e-19
      6005.00  3.06045e-20  3.57849e-19
      6010.00 -2.99864e-20  3.52771e-19
      6015.00 -2.55232e-19  3.28426e-19
      6020.00 -5.81878e-19  3.22636e-19
      6025.00 -1.49768e-19  3.18903e-19
      6030.00 -7.66606e-20  3.18276e-19
      6035.00 -1.99745e-19  3.13050e-19
      6040.00  2.13043e-19  3.07180e-19
      6045.00  1.16223e-19  3.02194e-19
      6050.00 -4.43238e-19  2.96191e-19
      6055.00 -9.16983e-21  2.94874e-19
      6060.00  9.85841e-20  2.93361e-19
      6065.00  9.47817e-20  2.93614e-19
      6070.00 -7.47995e-20  2.92040e-19
      6075.00  5.67223e-19  2.90582e-19
      6080.00 -1.12788e-19  2.87070e-19
      6085.00 -1.73331e-20  2.88058e-19
      6090.00 -8.11332e-21  2.89956e-19
      6095.00  2.79461e-19  2.94805e-19
      6100.00 -7.64121e-20  2.97438e-19
      6105.00 -5.95234e-20  3.03476e-19
      6110.00  1.59447e-19  3.21967e-19
      6115.00  2.39354e-20  3.29938e-19
      6120.00  4.58033e-19  3.18441e-19
      6125.00 -7.81616e-20  3.16194e-19
      6130.00  2.76403e-19  3.18554e-19
      6135.00  2.32475e-19  3.21664e-19
      6140.00 -2.17428e-19  3.24427e-19
      6145.00  3.52032e-20  3.30560e-19
      6150.00 -5.07854e-21  3.27430e-19
      6155.00  2.48465e-19  3.23758e-19
      6160.00  1.75804e-19  3.21047e-19
      6165.00  9.42729e-21  3.16377e-19
      6170.00  2.43722e-19  3.21227e-19
      6175.00  5.34376e-19  3.14963e-19
      6180.00 -2.04845e-19  3.05650e-19
      6185.00 -2.35958e-19  3.01026e-19
      6190.00 -5.29307e-20  2.96116e-19
      6195.00  3.90326e-19  2.93556e-19
      6200.00 -1.90564e-19  2.83674e-19
      6205.00 -1.59289e-19  2.80899e-19
      6210.00  3.32305e-19  2.72206e-19
      6215.00 -1.01615e-19  2.66919e-19
      6220.00  2.83880e-19  2.75560e-19
      6225.00 -4.03822e-19  2.55429e-19
      6230.00 -3.33233e-19  2.48439e-19
      6235.00 -9.25658e-20  2.78800e-19
      6240.00  5.83868e-20  2.50299e-19
      6245.00  1.00942e-19  2.39845e-19
      6250.00  9.32295e-20  2.31001e-19
      6255.00  3.11439e-19  2.29560e-19
      6260.00  1.15687e-19  2.38181e-19
      6265.00  3.62703e-19  2.29188e-19
      6270.00  3.33580e-19  2.20659e-19
      6275.00 -2.69221e-19  2.16210e-19
      6280.00  1.26078e-20  2.15926e-19
      6285.00  2.88598e-21  2.20397e-19
      6290.00  1.38546e-19  2.20936e-19
      6295.00  2.06427e-20  2.15617e-19
      6300.00  3.10981e-19  2.60663e-19
      6305.00  3.42956e-20  2.30710e-19
      6310.00  3.36063e-19  2.20363e-19
      6315.00  3.32209e-19  2.21470e-19
      6320.00  4.51645e-19  2.31498e-19
      6325.00  1.19398e-19  2.25458e-19
      6330.00  1.75521e-19  2.45204e-19
      6335.00 -1.17747e-20  2.32400e-19
      6340.00  9.53345e-20  2.38664e-19
      6345.00  4.31132e-19  2.45388e-19
      6350.00  1.82048e-20  2.61196e-19
      6355.00 -2.29691e-19  2.65282e-19
      6360.00  2.91624e-19  2.56798e-19
      6365.00  2.01231e-19  2.77801e-19
      6370.00  4.16470e-20  2.61625e-19
      6375.00 -1.27667e-20  2.63845e-19
      6380.00  2.39711e-19  2.71203e-19
      6385.00  2.68414e-19  2.76300e-19
      6390.00  5.17307e-19  2.71743e-19
      6395.00 -1.83229e-19  2.71401e-19
      6400.00 -3.26748e-19  2.70286e-19
      6405.00 -4.95341e-19  2.67536e-19
      6410.00  5.21419e-19  2.72978e-19
      6415.00  9.08892e-20  2.71619e-19
      6420.00  2.37068e-19  2.71559e-19
      6425.00  2.33017e-19  2.66876e-19
      6430.00  1.38579e-19  2.62001e-19
      6435.00 -1.43827e-19  2.60617e-19
      6440.00  2.59537e-19  2.56879e-19
      6445.00  3.49347e-19  2.55757e-19
      6450.00  7.76856e-19  2.55368e-19
      6455.00  4.50140e-19  2.49576e-19
      6460.00 -9.38500e-20  2.56212e-19
      6465.00  5.59418e-19  2.72789e-19
      6470.00  5.66295e-20  2.56044e-19
      6475.00 -4.28048e-19  2.33176e-19
      6480.00  4.78449e-19  2.36394e-19
      6485.00 -8.16914e-20  2.23764e-19
      6490.00  2.69418e-19  2.20368e-19
      6495.00  4.04856e-20  2.16581e-19
      6500.00  3.48020e-19  2.34423e-19
      6505.00  7.09412e-20  2.20755e-19
      6510.00  4.35787e-19  2.09144e-19
      6515.00  4.04196e-19  2.10088e-19
      6520.00 -9.23386e-20  2.06015e-19
      6525.00  2.49733e-19  2.07272e-19
      6530.00  3.98837e-19  2.03615e-19
      6535.00  1.09442e-19  2.15185e-19
      6540.00  2.76986e-19  2.03611e-19
      6545.00  5.41880e-19  2.12631e-19
      6550.00  3.08419e-19  2.04595e-19
      6555.00  2.12742e-19  2.17791e-19
      6560.00  5.02918e-19  2.05297e-19
      6565.00  2.81654e-21  2.13325e-19
      6570.00  1.72716e-19  2.13862e-19
      6575.00  2.31866e-19  2.17662e-19
      6580.00 -1.87403e-19  2.10112e-19
      6585.00  4.25861e-19  2.16520e-19
      6590.00  2.55753e-19  2.14573e-19
      6595.00  4.12376e-19  2.21898e-19
      6600.00  2.57563e-19  2.19589e-19
      6605.00  2.35459e-20  2.31915e-19
      6610.00 -1.05704e-19  2.24385e-19
      6615.00  4.94192e-20  2.28753e-19
      6620.00  4.13038e-19  2.33907e-19
      6625.00 -2.57749e-19  2.35611e-19
      6630.00 -2.69559e-19  2.39135e-19
      6635.00  2.64198e-19  2.46648e-19
      6640.00  3.79328e-19  2.45689e-19
      6645.00 -2.46471e-19  2.43856e-19
      6650.00 -1.97376e-19  2.47262e-19
      6655.00 -1.35915e-20  2.48503e-19
      6660.00  6.96393e-20  2.50354e-19
      6665.00 -3.75180e-19  2.48091e-19
      6670.00 -3.56305e-20  2.49002e-19
      6675.00  1.69684e-19  2.46717e-19
      6680.00  6.19710e-19  2.45392e-19
      6685.00  6.70844e-20  2.42471e-19
      6690.00 -1.20618e-19  2.39390e-19
      6695.00 -3.14774e-19  2.35671e-19
      6700.00 -2.33933e-19  2.35854e-19
      6705.00  3.09103e-19  2.34352e-19
      6710.00  2.13698e-20  2.28470e-19
      6715.00 -1.39860e-19  2.43560e-19
      6720.00 -1.94170e-19  2.31470e-19
      6725.00 -3.49489e-19  2.24606e-19
      6730.00  2.05521e-19  2.25060e-19
      6735.00  3.62896e-19  2.17035e-19
      6740.00 -9.05340e-20  2.11204e-19
      6745.00 -1.44125e-19  2.09227e-19
      6750.00  2.79543e-20  2.04684e-19
      6755.00  8.07933e-22  2.01848e-19
      6760.00  3.66922e-19  2.01145e-19
      6765.00  1.35439e-19  1.95530e-19
      6770.00  9.49380e-20  1.94279e-19
      6775.00  1.92106e-20  1.90957e-19
      6780.00  2.25061e-19  1.90053e-19
      6785.00  1.74814e-20  1.88812e-19
      6790.00  1.78654e-19  1.87903e-19
      6795.00  1.69820e-19  1.86929e-19
      6800.00 -3.56029e-20  1.83820e-19
      6805.00 -2.30887e-19  1.83001e-19
      6810.00  2.37741e-19  1.84960e-19
      6815.00  2.13370e-19  1.84348e-19
      6820.00  9.60191e-20  1.84227e-19
      6825.00  1.54220e-19  1.90493e-19
      6830.00  4.27093e-19  2.24961e-19
      6835.00  5.10827e-19  2.14728e-19
      6840.00 -4.39058e-20  1.98186e-19
      6845.00  5.04859e-19  1.89525e-19
      6850.00  4.66792e-19  1.93838e-19
      6855.00  2.01586e-19  1.92075e-19
      6860.00  2.13418e-19  1.97452e-19
      6865.00  1.69420e-19  2.26019e-19
      6870.00  1.47268e-19  2.05281e-19
      6875.00  1.87860e-19  1.99125e-19
      6880.00 -4.04321e-20  2.13454e-19
      6885.00  1.09029e-19  2.09833e-19
      6890.00  5.07241e-20  2.23329e-19
      6895.00 -6.45826e-20  2.15374e-19
      6900.00  3.80122e-19  2.31224e-19
      6905.00  9.72086e-20  2.19490e-19
      6910.00  1.36704e-20  2.26673e-19
      6915.00  6.17259e-20  2.31047e-19
      6920.00  2.78175e-19  2.26735e-19
      6925.00  4.33161e-19  2.49980e-19
      6930.00  5.58036e-19  2.29816e-19
      6935.00 -4.08257e-19  2.27263e-19
      6940.00 -1.02211e-19  2.42507e-19
      6945.00  1.74492e-19  2.28306e-19
      6950.00  3.89008e-20  2.49825e-19
      6955.00  6.19851e-19  2.31277e-19
      6960.00  5.53909e-19  2.27379e-19
      6965.00 -9.72881e-20  2.26171e-19
      6970.00 -7.60905e-20  2.29985e-19
      6975.00  3.66170e-19  2.19946e-19
      6980.00  2.93995e-19  2.34029e-19
      6985.00  9.17996e-20  2.14044e-19
      6990.00  2.08885e-19  2.32883e-19
      6995.00 -1.95828e-19  2.24073e-19
      7000.00  4.75599e-19  2.21770e-19
      7005.00  9.43942e-20  2.20614e-19
      7010.00  1.09603e-19  2.21929e-19
      7015.00 -2.90534e-19  1.98115e-19
      7020.00  1.16549e-19  1.96736e-19
      7025.00  9.33201e-20  1.92196e-19
      7030.00 -1.68478e-19  1.88244e-19
      7035.00  1.88956e-19  1.86280e-19
      7040.00  7.60414e-20  1.88887e-19
      7045.00  6.95307e-20  1.86991e-19
      7050.00  3.77340e-19  1.99345e-19
      7055.00  5.47422e-19  1.84109e-19
      7060.00  1.59309e-19  1.77421e-19
      7065.00  1.18190e-19  1.83679e-19
      7070.00 -1.03054e-20  1.76095e-19
      7075.00  2.26251e-19  1.75921e-19
      7080.00  5.84109e-19  1.77722e-19
      7085.00  3.87046e-19  1.71932e-19
      7090.00  1.95373e-19  1.78049e-19
      7095.00  4.50084e-19  1.69137e-19
      7100.00  1.57958e-20  1.65094e-19
      7105.00  2.14807e-19  1.66450e-19
      7110.00  1.77892e-19  1.66753e-19
      7115.00  2.54065e-19  1.66666e-19
      7120.00  9.38474e-20  1.66478e-19
      7125.00  3.92279e-19  1.72199e-19
      7130.00  4.89802e-19  1.73138e-19
      7135.00  3.70323e-19  1.72894e-19
      7140.00  1.86385e-20  1.71373e-19
      7145.00 -7.32419e-21  1.82275e-19
      7150.00  3.74152e-19  1.79413e-19
      7155.00  5.04132e-19  1.77285e-19
      7160.00  3.08070e-19  1.82775e-19
      7165.00  3.14228e-19  1.83402e-19
      7170.00  4.02318e-19  1.84818e-19
      7175.00  2.66076e-19  1.89615e-19
      7180.00  5.67364e-19  1.91531e-19
      7185.00  2.59602e-19  1.87702e-19
      7190.00  3.98736e-19  1.90336e-19
      7195.00  1.74325e-19  1.90638e-19
      7200.00 -4.39647e-20  1.93562e-19
      7205.00  4.88518e-19  1.97360e-19
      7210.00  6.50503e-19  2.01939e-19
      7215.00  2.60153e-19  2.00514e-19
      7220.00  4.22156e-19  2.06018e-19
      7225.00  1.44326e-19  2.08559e-19
      7230.00  4.29304e-19  2.11774e-19
      7235.00  3.82385e-19  2.12576e-19
      7240.00  7.08392e-19  2.97974e-19
      7245.00  5.81867e-20  2.57964e-19
      7250.00  1.85275e-19  2.17026e-19
      7255.00  3.85404e-19  2.33544e-19
      7260.00 -6.23243e-20  2.09177e-19
      7265.00  1.70355e-19  2.11813e-19
      7270.00  2.71200e-19  2.14048e-19
      7275.00 -4.53028e-20  2.48208e-19
      7280.00  3.60102e-19  2.07989e-19
      7285.00  3.61906e-19  2.28437e-19
      7290.00  4.22524e-19  2.01768e-19
      7295.00  3.40871e-19  2.33152e-19
      7300.00  1.77610e-19  2.07458e-19
      7305.00 -8.07189e-20  2.25849e-19
      7310.00 -7.61395e-21  2.04356e-19
      7315.00 -2.84545e-20  2.17710e-19
      7320.00  2.53401e-19  1.89529e-19
      7325.00 -1.01984e-19  1.82854e-19
      7330.00  5.63799e-19  2.09250e-19
      7335.00  3.23630e-19  1.79115e-19
      7340.00  9.83265e-20  2.02209e-19
      7345.00  1.09574e-19  1.76720e-19
      7350.00 -3.96810e-20  1.75905e-19
      7355.00  2.16306e-19  1.71189e-19
      7360.00  5.75191e-19  1.90553e-19
      7365.00  4.09633e-19  1.71321e-19
      7370.00  4.28727e-19  1.90898e-19
      7375.00  4.79820e-19  1.67149e-19
      7380.00  2.74944e-19  1.62508e-19
      7385.00  2.83640e-19  1.64886e-19
      7390.00  3.29799e-19  1.75135e-19
      7395.00  1.79267e-19  1.61021e-19
      7400.00  1.61276e-19  1.79388e-19
      7405.00  4.51716e-19  1.57670e-19
      7410.00  8.10197e-20  1.56196e-19
      7415.00  7.22149e-21  1.57904e-19
      7420.00  1.58841e-19  1.56263e-19
      7425.00  3.35797e-19  1.58565e-19
      7430.00  4.54607e-19  1.71181e-19
      7435.00  2.96668e-19  1.57408e-19
      7440.00  3.79878e-19  1.80101e-19
      7445.00  1.64946e-19  1.58392e-19
      7450.00  3.51229e-19  1.59335e-19
      7455.00  5.36481e-20  1.59027e-19
      7460.00  3.67997e-19  1.69946e-19
      7465.00  3.26636e-19  1.81161e-19
      7470.00  2.04111e-19  1.82618e-19
      7475.00  1.81523e-19  1.80910e-19
      7480.00  5.58891e-20  1.92097e-19
      7485.00  1.41366e-19  1.87631e-19
      7490.00  2.62818e-19  1.73484e-19
      7495.00  3.17821e-19  1.81963e-19
      7500.00  3.64575e-20  1.76222e-19
      7505.00  4.18112e-20  1.80629e-19
      7510.00  6.56257e-20  1.78064e-19
      7515.00  3.66592e-19  1.92051e-19
      7520.00  3.35897e-19  1.89905e-19
      7525.00  6.43025e-19  2.22562e-19
      7530.00  5.25754e-19  2.06236e-19
      7535.00 -1.73786e-19  1.87805e-19
      7540.00  3.40301e-19  1.98537e-19
      7545.00  2.37998e-19  1.92423e-19
      7550.00  7.43384e-19  1.96339e-19
      7555.00  1.57383e-19  2.01704e-19
      7560.00  4.38659e-19  2.04862e-19
      7565.00  4.96371e-19  2.00808e-19
      7570.00  2.36499e-19  2.23887e-19
      7575.00  4.32140e-19  2.06900e-19
      7580.00  1.55462e-19  1.96933e-19
      7585.00  4.52207e-19  2.11379e-19
      7590.00  1.34918e-19  1.97373e-19
      7595.00  9.63137e-20  1.91503e-19
      7600.00 -1.18357e-19  2.05189e-19
      7605.00 -1.54048e-19  1.88246e-19
      7610.00 -3.46765e-20  1.90058e-19
      7615.00 -9.54366e-20  1.88343e-19
      7620.00  2.22162e-19  2.46870e-19
      7625.00  2.37560e-19  2.19189e-19
      7630.00  9.12792e-20  2.30892e-19
      7635.00 -6.77863e-20  2.18978e-19
      7640.00 -1.13206e-20  1.99919e-19
      7645.00  3.50546e-19  1.96237e-19
      7650.00  4.10699e-19  1.92332e-19
      7655.00  4.48692e-19  1.97714e-19
      7660.00  4.37353e-19  1.93786e-19
      7665.00  5.06779e-19  1.86738e-19
      7670.00  3.72654e-19  1.78477e-19
      7675.00  2.87918e-19  1.76247e-19
      7680.00  9.11147e-19  1.81857e-19
      7685.00  8.56240e-19  1.80223e-19
      7690.00  3.68937e-19  1.82786e-19
      7695.00  4.70428e-19  1.72156e-19
      7700.00  5.76492e-19  1.84341e-19
      7705.00  2.42085e-19  1.64603e-19
      7710.00  1.43589e-19  1.77248e-19
      7715.00  3.26559e-20  2.70500e-19
      7720.00  3.02087e-19  1.79900e-19
      7725.00  2.66161e-19  2.06453e-19
      7730.00  3.80652e-19  1.64120e-19
      7735.00  2.42659e-19  1.74617e-19
      7740.00  4.16805e-19  1.64694e-19
      7745.00  3.04613e-19  1.62218e-19
      7750.00  4.48445e-19  2.17548e-19
      7755.00 -1.99119e-19  1.63072e-19
      7760.00 -7.98845e-20  1.75361e-19
      7765.00  2.27151e-19  1.56669e-19
      7770.00  2.64645e-19  1.62791e-19
      7775.00  6.75172e-20  1.76336e-19
      7780.00  5.40455e-19  1.81691e-19
      7785.00  5.87423e-19  1.69909e-19
      7790.00  1.89908e-19  1.77636e-19
      7795.00 -3.09161e-19  1.87758e-19
      7800.00 -8.87209e-21  1.60250e-19
      7805.00  3.77923e-19  1.65682e-19
      7810.00  5.84629e-19  1.94048e-19
      7815.00  3.94197e-19  1.75637e-19
      7820.00  5.99545e-19  2.07089e-19
      7825.00  4.60514e-19  1.69985e-19
      7830.00  3.13583e-19  1.72504e-19
      7835.00  3.19221e-19  1.71529e-19
      7840.00  1.30160e-19  1.89521e-19
      7845.00  9.18567e-20  1.68808e-19
      7850.00  5.77681e-19  2.06187e-19
      7855.00  5.27397e-19  2.10209e-19
      7860.00  1.33917e-19  2.15126e-19
      7865.00 -1.86728e-19  1.78447e-19
      7870.00 -2.98726e-19  2.14894e-19
      7875.00  1.13807e-19  1.78266e-19
      7880.00  5.80551e-19  2.34113e-19
      7885.00 -3.76242e-20  1.94013e-19
      7890.00  7.09076e-19  2.33935e-19
      7895.00  3.96397e-19  1.96871e-19
      7900.00  1.60033e-19  1.87169e-19
      7905.00  1.33967e-19  1.94063e-19
      7910.00 -1.12387e-20  2.03962e-19
      7915.00 -1.08291e-19  2.28470e-19
      7920.00 -1.46786e-19  2.35379e-19
      7925.00  7.03551e-20  1.91482e-19
      7930.00  2.83706e-19  2.34794e-19
      7935.00  4.25410e-19  1.92269e-19
      7940.00  3.15536e-19  1.90753e-19
      7945.00 -3.60239e-19  1.94066e-19
      7950.00  3.16272e-19  2.15853e-19
      7955.00  2.79148e-21  1.84958e-19
      7960.00 -4.93961e-20  1.83282e-19
      7965.00 -6.91785e-20  2.12891e-19
      7970.00  1.58365e-19  1.97384e-19
      7975.00 -2.91096e-19  1.93930e-19
      7980.00 -4.60323e-19  2.09546e-19
      7985.00 -8.78149e-20  2.15618e-19
      7990.00  2.37654e-20  2.17715e-19
      7995.00  1.72526e-19  2.50710e-19
      8000.00  1.16212e-19  2.13044e-19
      8005.00  9.50627e-21  2.03642e-19
      8010.00 -9.02513e-20  1.94570e-19
      8015.00  2.23143e-19  2.25817e-19
      8020.00  2.14064e-21  1.97931e-19
      8025.00 -1.59508e-19  2.16469e-19
      8030.00 -1.50963e-19  2.03020e-19
      8035.00 -9.52518e-20  1.77511e-19
      8040.00  1.83637e-20  1.74784e-19
      8045.00  7.16128e-20  1.70637e-19
      8050.00 -2.50065e-20  1.90287e-19
      8055.00  4.53992e-19  1.68795e-19
      8060.00 -9.73268e-20  1.82714e-19
      8065.00 -1.47333e-19  1.68313e-19
      8070.00  2.29183e-19  1.58642e-19
      8075.00 -2.71502e-19  1.62170e-19
      8080.00  1.73256e-19  1.60385e-19
      8085.00  5.15654e-20  1.65212e-19
      8090.00 -6.74718e-20  1.51393e-19
      8095.00  5.27321e-20  1.67717e-19
      8100.00  1.43958e-19  1.65034e-19
      8105.00  7.85980e-20  1.74721e-19
      8110.00 -1.90070e-20  1.53489e-19
      8115.00  1.00108e-19  1.66386e-19
      8120.00  2.59020e-19  1.50365e-19
      8125.00  6.51252e-20  1.50770e-19
      8130.00  2.63942e-21  1.52483e-19
      8135.00  2.89359e-19  1.54183e-19
      8140.00  1.34365e-19  1.62731e-19
      8145.00  7.95322e-20  1.59577e-19
      8150.00 -1.31249e-19  1.48052e-19
      8155.00  2.30730e-19  1.46769e-19
      8160.00  2.02687e-19  1.48358e-19
      8165.00  2.30593e-20  1.46479e-19
      8170.00  7.63894e-20  1.46869e-19
      8175.00  1.82266e-20  1.46687e-19
      8180.00  5.39527e-19  1.52809e-19
      8185.00  2.17481e-19  1.49146e-19
      8190.00  3.48537e-19  1.56845e-19
      8195.00  5.61501e-20  1.58265e-19
      8200.00  4.48677e-19  1.51520e-19
      8205.00  2.56457e-19  1.56539e-19
      8210.00  2.69520e-19  1.54611e-19
      8215.00  2.83076e-19  1.54562e-19
      8220.00  3.51479e-19  1.53382e-19
      8225.00  5.05656e-19  1.58207e-19
      8230.00  2.55119e-19  1.52759e-19
      8235.00  3.60295e-19  1.56978e-19
      8240.00  4.30043e-19  1.62753e-19
      8245.00  6.11262e-19  1.62993e-19
      8250.00  4.17859e-19  1.64803e-19
      8255.00  2.99674e-19  1.61288e-19
      8260.00  4.24495e-19  1.60896e-19
      8265.00  2.90110e-19  1.66502e-19
      8270.00  3.04733e-19  1.63437e-19
      8275.00  1.26902e-19  1.64274e-19
      8280.00  4.97687e-19  2.61617e-19
      8285.00  2.89500e-19  1.99877e-19
      8290.00  3.89539e-19  2.07775e-19
      8295.00  3.59048e-19  1.88936e-19
      8300.00  1.88010e-19  2.05861e-19
      8305.00  2.29419e-19  1.78431e-19
      8310.00  4.54507e-19  1.97429e-19
      8315.00  8.97779e-20  1.73142e-19
      8320.00  6.01893e-19  1.83234e-19
      8325.00  4.79206e-19  1.76147e-19
      8330.00  5.18721e-19  1.76074e-19
      8335.00  5.49444e-19  1.78211e-19
      8340.00  3.29088e-19  1.85667e-19
      8345.00  5.05016e-19  2.44209e-19
      8350.00  4.89362e-19  1.98873e-19
      8355.00  5.96405e-20  1.99832e-19
      8360.00  7.55608e-19  1.92923e-19
      8365.00  5.93959e-19  2.16637e-19
      8370.00  3.28933e-19  1.78582e-19
      8375.00  4.10060e-19  2.29844e-19
      8380.00  2.75964e-20  2.64366e-19
      8385.00 -1.77397e-19  2.24475e-19
      8390.00 -2.03455e-20  2.18151e-19
      8395.00  6.27739e-19  2.10921e-19
      8400.00  6.04624e-20  2.46782e-19
      8405.00 -1.74852e-19  1.97143e-19
      8410.00  6.60190e-20  2.05897e-19
      8415.00  1.92528e-19  2.24663e-19
      8420.00  7.89012e-19  1.92704e-19
      8425.00  5.11483e-19  2.18875e-19
      8430.00  6.75722e-19  2.40246e-19
      8435.00  7.72032e-19  1.92422e-19
      8440.00  6.23953e-19  1.78396e-19
      8445.00  6.50845e-19  1.79550e-19
      8450.00  4.29437e-19  1.92997e-19
      8455.00  5.23168e-19  1.82082e-19
      8460.00  3.82353e-19  1.71404e-19
      8465.00  6.27852e-19  2.06778e-19
      8470.00  4.87410e-19  1.64795e-19
      8475.00  5.15554e-19  1.72898e-19
      8480.00  5.72864e-19  1.61211e-19
      8485.00  5.12123e-19  1.60579e-19
      8490.00  7.39618e-19  1.58674e-19
      8495.00  4.68504e-19  1.92758e-19
      8500.00  6.85159e-19  1.65863e-19
      8505.00  7.01768e-19  1.97177e-19
      8510.00  4.51255e-19  1.52498e-19
      8515.00  6.13733e-19  1.52499e-19
      8520.00  6.10678e-19  1.62715e-19
      8525.00  3.31825e-19  1.49778e-19
      8530.00  6.34591e-19  1.50397e-19
      8535.00  6.35869e-19  1.48964e-19
      8540.00  6.71262e-19  1.69741e-19
      8545.00  4.35051e-19  1.47579e-19
      8550.00  6.00310e-19  1.84052e-19
      8555.00  9.56110e-20  1.45548e-19
      8560.00  3.85863e-19  1.45186e-19
      8565.00  4.30952e-19  1.47125e-19
      8570.00  5.64068e-19  1.50433e-19
      8575.00  2.77711e-19  1.53409e-19
      8580.00  4.99284e-19  1.46256e-19
      8585.00  4.49079e-19  1.45782e-19
      8590.00  5.84721e-19  1.64020e-19
      8595.00  6.39380e-19  1.63052e-19
      8600.00  5.84612e-19  1.52258e-19
      8605.00  3.90948e-19  1.49331e-19
      8610.00  4.29104e-19  1.57515e-19
      8615.00  6.36809e-19  1.90362e-19
      8620.00  3.90586e-19  2.25002e-19
      8625.00  1.21438e-19  2.33441e-19
      8630.00  5.76821e-19  2.50633e-19
      8635.00  4.95327e-19  2.33879e-19
      8640.00  2.00787e-19  2.01668e-19
      8645.00 -1.67430e-20  1.67871e-19
      8650.00  7.10178e-19  2.13948e-19
      8655.00  1.89652e-19  2.12120e-19
      8660.00  7.57600e-19  2.10959e-19
      8665.00  3.99074e-19  2.08584e-19
      8670.00  4.16142e-19  2.08269e-19
      8675.00  3.93469e-19  1.94812e-19
      8680.00  6.58923e-19  1.88665e-19
      8685.00  4.18892e-19  1.73298e-19
      8690.00  3.90880e-19  1.69276e-19
      8695.00  5.26361e-19  1.69750e-19
      8700.00  4.14565e-19  1.78265e-19
      8705.00  6.70141e-19  1.74034e-19
      8710.00  5.40158e-19  1.69305e-19
      8715.00  1.01590e-19  1.59501e-19
      8720.00  5.31626e-19  1.63729e-19
      8725.00  4.89749e-19  1.68203e-19
      8730.00  4.51941e-19  1.63615e-19
      8735.00  5.72469e-19  1.67497e-19
      8740.00  1.46911e-19  1.71805e-19
      8745.00  2.60631e-19  1.70535e-19
      8750.00  4.63009e-19  1.72085e-19
      8755.00  4.92799e-19  1.69223e-19
      8760.00  6.55139e-19  2.96779e-19
      8765.00  4.79225e-19  2.23541e-19
      8770.00 -8.18520e-20  2.08590e-19
      8775.00  3.65969e-19  2.06366e-19
      8780.00  1.87203e-19  2.03991e-19
      8785.00  4.04770e-19  1.72585e-19
      8790.00  4.39463e-19  2.07381e-19
      8795.00  4.78270e-19  1.72353e-19
      8800.00  2.40406e-19  1.70883e-19
      8805.00  4.66580e-19  1.69538e-19
      8810.00  5.67520e-19  1.87427e-19
      8815.00  3.54576e-19  1.69517e-19
      8820.00  8.33653e-19  2.17203e-19
      8825.00  5.62733e-19  3.05060e-19
      8830.00  1.31812e-19  2.49523e-19
      8835.00  4.93751e-19  3.23488e-19
      8840.00  4.22522e-19  2.00871e-19
      8845.00  5.03409e-19  2.07967e-19
      8850.00  5.62507e-19  2.33281e-19
      8855.00  7.44886e-19  1.93961e-19
      8860.00  7.07763e-19  1.97337e-19
      8865.00  6.20547e-19  2.16609e-19
      8870.00  3.12580e-19  1.95432e-19
      8875.00  6.19901e-19  1.74002e-19
      8880.00  4.20842e-19  1.71645e-19
      8885.00  4.43369e-19  2.23775e-19
      8890.00  3.82764e-19  1.79516e-19
      8895.00  7.41806e-19  1.81100e-19
      8900.00  7.55155e-19  1.73617e-19
      8905.00  4.48813e-19  2.00695e-19
      8910.00  3.90426e-19  1.77419e-19
      8915.00  7.10479e-19  1.63441e-19
      8920.00  5.45461e-19  2.20463e-19
      8925.00  5.01495e-19  1.68780e-19
      8930.00  6.59616e-19  1.72083e-19
      8935.00  2.71012e-19  1.65218e-19
      8940.00  6.86457e-19  1.59683e-19
      8945.00  5.23236e-19  1.84934e-19
      8950.00  6.76918e-19  1.52839e-19
      8955.00  3.96901e-19  1.57699e-19
      8960.00  6.52827e-19  1.82038e-19
      8965.00  5.00480e-19  1.50254e-19
      8970.00  4.66595e-19  1.62224e-19
      8975.00  5.17779e-19  1.49790e-19
      8980.00  7.45072e-19  1.66087e-19
      8985.00  4.84572e-19  1.57278e-19
      8990.00  3.14722e-19  1.81097e-19
      8995.00  5.86013e-19  1.50140e-19
      9000.00  4.07671e-19  1.96042e-19
      9005.00  5.21455e-19  1.44170e-19
      9010.00  4.22650e-19  1.39147e-19
      9015.00  6.90772e-19  1.39958e-19
      9020.00  4.71906e-19  1.49000e-19
      9025.00  4.34425e-19  1.41109e-19
      9030.00  5.14799e-19  1.54556e-19
      9035.00  4.63744e-19  1.45639e-19
      9040.00  5.48702e-19  1.63200e-19
      9045.00  4.32108e-19  1.50268e-19
      9050.00  3.96720e-19  1.87439e-19
      9055.00  4.05301e-19  1.51001e-19
      9060.00  5.11270e-19  1.45889e-19
      9065.00  4.94226e-19  1.57061e-19
      9070.00  2.65163e-19  1.58586e-19
      9075.00  4.02995e-19  1.46993e-19
      9080.00  5.21292e-19  1.48769e-19
      9085.00  4.98726e-19  1.53190e-19
      9090.00  5.25900e-19  1.60081e-19
      9095.00  7.55142e-19  1.69607e-19
      9100.00  4.14117e-19  1.60824e-19
      9105.00  2.23704e-19  1.65751e-19
      9110.00  3.15527e-19  1.51122e-19
      9115.00  3.00503e-19  1.51442e-19
      9120.00  6.08206e-19  1.56119e-19
      9125.00  5.26241e-19  1.66844e-19
      9130.00  3.06315e-19  1.53668e-19
      9135.00  5.49507e-19  1.63128e-19
      9140.00  2.84707e-19  1.60761e-19
      9145.00  2.94559e-19  1.62858e-19
      9150.00 -7.78324e-20  1.78425e-19
      9155.00  8.54621e-20  1.81412e-19
      9160.00  3.57056e-19  2.07503e-19
      9165.00  5.79600e-19  1.70813e-19
      9170.00  2.28730e-19  1.71795e-19
      9175.00  5.43417e-19  1.76511e-19
      9180.00  4.01636e-19  1.79445e-19
      9185.00  4.25488e-19  1.81052e-19
      9190.00  5.47597e-19  1.83445e-19
      9195.00  3.91935e-19  1.86147e-19
      9200.00  4.28670e-19  1.83875e-19
      9205.00  4.73865e-19  1.81225e-19
      9210.00  3.57221e-19  1.83366e-19
      9215.00  3.17675e-19  2.02389e-19
      9220.00  1.17522e-19  1.86704e-19
      9225.00  6.06405e-19  2.21710e-19
      9230.00  4.57785e-19  1.91219e-19
      9235.00  3.34459e-19  1.91641e-19
      9240.00  1.49537e-19  1.92673e-19
      9245.00  1.94217e-19  1.96350e-19
      9250.00  2.52760e-19  2.12404e-19
      9255.00  2.20989e-19  2.02124e-19
      9260.00  3.05752e-19  2.01367e-19
      9265.00  5.40970e-19  2.05772e-19
      9270.00  3.54816e-19  2.01456e-19
      9275.00  2.30507e-19  2.02973e-19
      9280.00  3.21707e-19  2.02996e-19
      9285.00  4.53177e-19  2.22817e-19
      9290.00  5.28775e-19  2.16031e-19
      9295.00  1.70634e-19  2.31053e-19
      9300.00  9.59080e-20  2.87083e-19
      9305.00  4.77650e-19  3.97375e-19
      9310.00  5.86986e-19  5.22076e-19
      9315.00 -1.02850e-19  3.91335e-19
      9320.00  2.12738e-19  3.39991e-19
      9325.00  6.99507e-19  3.64220e-19
      9330.00  9.53172e-19  3.08023e-19
      9335.00  2.30431e-19  2.72650e-19
      9340.00 -1.57375e-19  2.86900e-19
      9345.00 -9.98514e-20  2.46063e-19
      9350.00 -2.46907e-19  3.06798e-19
      9355.00 -2.70228e-19  2.46401e-19
      9360.00 -2.71489e-20  2.60199e-19
      9365.00 -8.11059e-20  2.40608e-19
      9370.00 -8.41381e-20  2.58992e-19
      9375.00  5.64017e-19  5.53008e-19
      9380.00  4.13870e-19  2.56134e-19
      9385.00 -1.97355e-20  3.17089e-19
      9390.00  4.11635e-19  2.35254e-19
      9395.00  5.25429e-19  2.52728e-19
      9400.00  4.50066e-19  2.77864e-19
      9405.00  4.95853e-19  2.49631e-19
      9410.00  2.04961e-19  2.23915e-19
      9415.00  4.29231e-19  2.35360e-19
      9420.00  5.08718e-19  3.36667e-19
      9425.00  3.67792e-19  2.38570e-19
      9430.00  3.47719e-19  2.16637e-19
      9435.00  5.07010e-19  2.43283e-19
      9440.00  5.71596e-19  4.10953e-19
      9445.00  1.59510e-20  2.36809e-19
      9450.00  4.46871e-19  2.63434e-19
      9455.00  6.47999e-19  2.40262e-19
      9460.00  5.83343e-19  3.08623e-19
      9465.00  4.30527e-19  2.19186e-19
      9470.00  3.01996e-19  2.20250e-19
      9475.00  7.02065e-19  3.20141e-19
      9480.00 -9.09788e-20  2.55952e-19
      9485.00  2.31977e-19  2.29309e-19
      9490.00  4.41795e-19  2.38459e-19
      9495.00  2.66896e-19  2.18187e-19
      9500.00  2.25802e-19  2.41166e-19
      9505.00  5.90550e-19  2.69460e-19
      9510.00  4.84842e-19  2.22664e-19
      9515.00  6.64964e-19  2.29718e-19
      9520.00  7.50553e-19  3.44460e-19
      9525.00  4.43409e-19  2.23984e-19
      9530.00  3.67729e-19  2.45429e-19
      9535.00  3.14358e-19  2.60986e-19
      9540.00  2.64154e-19  2.15253e-19
      9545.00  6.57958e-19  2.11084e-19
      9550.00  8.00586e-19  2.51086e-19
      9555.00  1.76815e-19  2.39723e-19
      9560.00  5.40713e-19  2.36456e-19
      9565.00  6.02557e-19  2.69831e-19
      9570.00  7.49401e-19  2.84733e-19
      9575.00  3.75543e-19  2.26612e-19
      9580.00  7.10042e-19  2.13799e-19
      9585.00  5.51753e-19  2.13948e-19
      9590.00 -4.52293e-20  2.19746e-19
      9595.00  1.82339e-19  2.16479e-19
      9600.00  4.28385e-19  2.18210e-19
      9605.00  3.12848e-19  2.41152e-19
      9610.00  6.35856e-19  2.60447e-19
      9615.00  5.99658e-19  2.37078e-19
      9620.00  1.51077e-19  3.15276e-19
      9625.00  6.12069e-19  2.53320e-19
      9630.00  5.06567e-19  2.58151e-19
      9635.00  3.23883e-19  2.34472e-19
      9640.00  1.45393e-19  2.35283e-19
      9645.00  4.92958e-19  2.34086e-19
      9650.00 -7.66553e-20  2.43688e-19
      9655.00  1.56532e-19  2.74636e-19
      9660.00  4.91671e-19  2.88565e-19
      9665.00  3.97671e-19  2.59067e-19
      9670.00  4.94945e-19  3.52434e-19
      9675.00  1.25884e-19  2.83874e-19
      9680.00  1.82766e-19  4.10865e-19
      9685.00  6.92995e-19  3.05760e-19
      9690.00  2.95068e-19  3.14425e-19
      9695.00  2.55239e-19  2.87366e-19
      9700.00  8.95272e-20  3.81239e-19
      9705.00  1.98702e-19  2.91622e-19
      9710.00  2.62511e-19  3.39102e-19
      9715.00  7.06387e-19  3.05101e-19
      9720.00  1.43108e-18  4.46175e-19
      9725.00 -5.78441e-19  3.23642e-19
      9730.00  3.39624e-19  3.23547e-19
      9735.00  1.39768e-18  3.84097e-19
      9740.00  2.23053e-19  3.61055e-19
      9745.00  7.13453e-20  3.75833e-19
      9750.00  1.04235e-19  3.17957e-19
      9755.00 -2.23798e-20  3.26459e-19
      9760.00  3.02310e-19  3.26215e-19
      9765.00  2.57491e-19  3.34440e-19
      9770.00  7.30342e-19  3.44898e-19
      9775.00  6.28838e-19  3.45677e-19
      9780.00  5.98495e-19  3.51571e-19
      9785.00  6.30019e-19  3.65781e-19
      9790.00  1.49443e-19  6.63369e-19
      9795.00  8.68241e-19  4.34147e-19
      9800.00  5.49982e-19  4.92065e-19
      9805.00 -4.35591e-19  4.04493e-19
      9810.00 -5.96561e-19  4.61299e-19
      9815.00  3.07191e-19  4.38754e-19
      9820.00  7.19891e-19  4.15175e-19
      9825.00  2.43524e-19  4.06288e-19
      9830.00  6.96228e-19  4.26918e-19
      9835.00  2.92675e-19  4.10256e-19
      9840.00  5.83298e-19  4.02173e-19
      9845.00  8.06933e-19  4.28365e-19
      9850.00  5.60192e-19  5.14093e-19
      9855.00  3.37601e-19  4.19805e-19
      9860.00  6.35659e-19  4.24985e-19
      9865.00  5.94073e-19  5.90163e-19
      9870.00  5.27635e-19  7.96673e-19
      9875.00 -1.25871e-20  6.56146e-19
      9880.00 -2.93428e-19  5.61826e-19
      9885.00  5.23432e-19  6.22965e-19
      9890.00  7.22652e-19  5.73522e-19
      9895.00  8.53886e-19  7.92947e-19
      9900.00  8.62886e-19  5.68259e-19
      9905.00  2.84364e-19  5.53533e-19
      9910.00  4.26919e-19  5.99729e-19
      9915.00  8.01144e-19  9.29328e-19
      9920.00  3.18342e-19  5.67113e-19
      9925.00  3.71395e-19  5.43777e-19
      9930.00  9.28849e-19  5.47796e-19
      9935.00  4.32572e-19  5.68564e-19
      9940.00  1.40192e-18  7.94344e-19
      9945.00  1.73176e-18  1.24084e-18
      9950.00  6.46136e-19  8.05436e-19
      9955.00  6.15125e-19  8.86414e-19
      9960.00 -4.52763e-19  9.87397e-19
      9965.00  2.85491e-19  6.42288e-19
      9970.00 -1.82714e-19  6.78554e-19
      9975.00  1.15155e-19  6.74477e-19
      9980.00  7.80097e-19  6.38610e-19
      9985.00  5.55324e-19  5.45896e-19
      9990.00 -4.50242e-19  5.54529e-19
      9995.00 -2.97781e-19  5.55313e-19
      10000.0 -5.04340e-19  7.04876e-19
