3414.00	1.19533e-18
3416.00	-2.56445e-18
3418.00	4.43451e-18
3420.00	1.4086e-18
3422.00	4.55638e-18
3424.00	4.58661e-20
3426.00	3.74314e-18
3428.00	-6.49171e-19
3430.00	1.03565e-18
3432.00	-1.13424e-18
3434.00	3.8723e-18
3436.00	4.95387e-19
3438.00	3.43378e-18
3440.00	3.08249e-18
3442.00	-5.44098e-19
3444.00	2.3531e-18
3446.00	1.59243e-18
3448.00	-5.61953e-19
3450.00	4.36457e-19
3452.00	4.0428e-18
3454.00	-2.36605e-18
3456.00	-1.98087e-19
3458.00	3.54817e-18
3460.00	-2.28427e-18
3462.00	-2.37831e-19
3464.00	2.45833e-19
3466.00	-3.68769e-19
3468.00	-2.42367e-18
3470.00	7.52549e-19
3472.00	3.16285e-18
3474.00	-1.15754e-18
3476.00	-3.03944e-18
3478.00	3.44323e-18
3480.00	2.49066e-18
3482.00	-8.9965e-19
3484.00	4.03271e-18
3486.00	1.80013e-18
3488.00	9.81956e-19
3490.00	3.23902e-19
3492.00	-1.16298e-18
3494.00	7.65259e-19
3496.00	3.18653e-18
3498.00	2.46585e-18
3500.00	3.05046e-18
3502.00	1.70836e-18
3504.00	-2.23647e-18
3506.00	1.90924e-18
3508.00	-1.94861e-18
3510.00	2.36049e-18
3512.00	2.21202e-18
3514.00	2.57633e-18
3516.00	4.47497e-19
3518.00	-2.83781e-18
3520.00	-3.31049e-18
3522.00	-1.9745e-18
3524.00	7.84076e-19
3526.00	-4.41284e-18
3528.00	8.5002e-19
3530.00	-2.32464e-18
3532.00	-3.34302e-18
3534.00	1.04513e-18
3536.00	4.95684e-18
3538.00	5.1361e-19
3540.00	-2.62173e-18
3542.00	1.61429e-18
3544.00	3.93052e-18
3546.00	-7.82583e-19
3548.00	5.85925e-19
3550.00	-2.02464e-18
3552.00	-8.43996e-20
3554.00	2.97927e-18
3556.00	-1.72381e-19
3558.00	3.20658e-18
3560.00	-1.01028e-18
3562.00	-5.8299e-19
3564.00	1.73263e-18
3566.00	-2.60615e-18
3568.00	-2.98269e-19
3570.00	1.22951e-19
3572.00	3.09894e-18
3574.00	2.56077e-18
3576.00	-4.46251e-18
3578.00	-1.5566e-18
3580.00	1.22703e-18
3582.00	1.48474e-18
3584.00	1.44057e-18
3586.00	2.56411e-18
3588.00	-5.00148e-19
3590.00	1.8646e-18
3592.00	2.49221e-18
3594.00	8.9611e-19
3596.00	-4.40831e-19
3598.00	-1.36413e-18
3600.00	6.51669e-19
3602.00	-9.17461e-19
3604.00	3.06238e-18
3606.00	-2.64596e-18
3608.00	-1.49054e-18
3610.00	3.73864e-20
3612.00	-9.40826e-19
3614.00	-1.031e-19
3616.00	-8.21629e-19
3618.00	1.59451e-18
3620.00	-6.95794e-19
3622.00	6.5527e-19
3624.00	-4.9175e-19
3626.00	-1.50765e-18
3628.00	-1.83838e-18
3630.00	-1.30623e-18
3632.00	-7.74077e-19
3634.00	-2.41926e-19
3636.00	-2.41926e-19
3638.00	2.01917e-18
3640.00	-6.21862e-19
3642.00	-2.53249e-18
3644.00	-4.78394e-20
3646.00	-3.6134e-18
3648.00	-3.40346e-19
3650.00	-2.26977e-18
3652.00	-6.3336e-21
3654.00	-2.2503e-18
3656.00	-2.0097e-18
3658.00	-3.83211e-20
3660.00	-1.33481e-18
3662.00	-2.71236e-18
3664.00	-6.78117e-19
3666.00	-5.22293e-19
3668.00	-1.63789e-18
3670.00	1.14923e-18
3672.00	3.41302e-20
3674.00	-1.17633e-18
3676.00	-1.96805e-18
3678.00	6.06147e-19
3680.00	2.85402e-19
3682.00	-1.63115e-18
3684.00	2.49808e-19
3686.00	-2.22475e-19
3688.00	3.67211e-20
3690.00	-1.1083e-18
3692.00	-1.93231e-19
3694.00	2.14237e-18
3696.00	-1.27363e-19
3698.00	-9.75891e-19
3700.00	-1.42476e-19
3702.00	1.23299e-18
3704.00	7.29261e-19
3706.00	3.85614e-18
3708.00	-1.72501e-19
3710.00	8.13379e-19
3712.00	2.06382e-18
3714.00	1.71143e-18
3716.00	1.73263e-18
3718.00	-1.34313e-18
3720.00	1.88916e-18
3722.00	2.14163e-18
3724.00	2.06999e-18
3726.00	1.46022e-18
3728.00	4.05364e-19
3730.00	1.8745e-19
3732.00	-5.65235e-19
3734.00	4.76494e-19
3736.00	4.70434e-19
3738.00	7.97931e-19
3740.00	-6.55446e-20
3742.00	-5.83024e-19
3744.00	3.8043e-18
3746.00	4.56365e-19
3748.00	8.28272e-19
3750.00	2.77222e-18
3752.00	-1.26778e-19
3754.00	-2.07898e-18
3756.00	1.54143e-19
3758.00	-1.46623e-18
3760.00	-3.53062e-19
3762.00	1.13175e-18
3764.00	1.49054e-18
3766.00	7.57811e-19
3768.00	8.86484e-19
3770.00	3.35055e-19
3772.00	1.28887e-18
3774.00	-1.37644e-18
3776.00	3.90535e-18
3778.00	5.63662e-20
3780.00	8.67854e-19
3782.00	4.73275e-19
3784.00	1.57545e-19
3786.00	-1.24425e-18
3788.00	3.88273e-19
3790.00	1.55073e-19
3792.00	-2.73004e-19
3794.00	7.35523e-19
3796.00	-9.18281e-19
3798.00	-1.14622e-18
3800.00	-3.83997e-19
3802.00	2.90253e-19
3804.00	6.26814e-19
3806.00	1.17782e-18
3808.00	-2.75799e-19
3810.00	-7.09133e-19
3812.00	-1.51541e-18
3814.00	-5.75175e-20
3816.00	-1.73758e-18
3818.00	-1.81201e-18
3820.00	-6.6623e-19
3822.00	8.00637e-19
3824.00	-1.00497e-18
3826.00	-2.65927e-18
3828.00	2.08961e-18
3830.00	-8.76515e-19
3832.00	3.50061e-19
3834.00	-1.04006e-18
3836.00	1.99807e-20
3838.00	-3.86943e-19
3840.00	-2.18435e-19
3842.00	1.17795e-18
3844.00	-1.41439e-18
3846.00	7.2019e-19
3848.00	-5.94839e-19
3850.00	7.51675e-19
3852.00	6.89864e-19
3854.00	-3.90031e-19
3856.00	-4.85798e-20
3858.00	-2.10162e-19
3860.00	-4.75267e-19
3862.00	6.51178e-20
3864.00	2.05164e-18
3866.00	1.80722e-19
3868.00	-1.44386e-19
3870.00	1.07564e-18
3872.00	5.2115e-19
3874.00	5.78621e-20
3876.00	5.59621e-19
3878.00	1.78154e-18
3880.00	-1.07648e-19
3882.00	-7.65549e-19
3884.00	1.52819e-18
3886.00	2.40976e-19
3888.00	1.67297e-18
3890.00	2.658e-19
3892.00	4.02891e-19
3894.00	5.19542e-19
3896.00	-1.34657e-19
3898.00	5.45921e-19
3900.00	-8.93346e-19
3902.00	2.62248e-19
3904.00	7.17619e-19
3906.00	-1.27729e-18
3908.00	1.92992e-18
3910.00	3.86459e-19
3912.00	1.43695e-18
3914.00	1.32208e-18
3916.00	2.00836e-18
3918.00	1.34697e-18
3920.00	-4.16118e-19
3922.00	2.02524e-18
3924.00	-5.95694e-19
3926.00	-1.42519e-18
3928.00	1.59376e-19
3930.00	1.32119e-18
3932.00	1.24663e-18
3934.00	1.44609e-18
3936.00	4.63402e-19
3938.00	-9.02984e-19
3940.00	1.02007e-18
3942.00	5.75316e-19
3944.00	9.07687e-19
3946.00	7.63363e-19
3948.00	9.6422e-19
3950.00	-5.74697e-19
3952.00	5.2122e-19
3954.00	1.30927e-18
3956.00	6.48268e-19
3958.00	6.04872e-19
3960.00	5.62908e-19
3962.00	1.10759e-18
3964.00	4.86237e-19
3966.00	-2.51598e-19
3968.00	7.07027e-19
3970.00	-2.39921e-19
3972.00	7.55799e-19
3974.00	2.67108e-19
3976.00	7.10026e-19
3978.00	1.90531e-18
3980.00	-1.00862e-18
3982.00	-7.38622e-19
3984.00	2.12955e-19
3986.00	2.75348e-19
3988.00	1.016e-18
3990.00	6.52651e-19
3992.00	5.59219e-19
3994.00	9.6815e-19
3996.00	-5.40405e-19
3998.00	-1.16651e-18
4000.00	-4.96993e-19
4002.00	9.60481e-19
4004.00	5.60831e-19
4006.00	7.63536e-19
4008.00	-6.73308e-19
4010.00	5.07087e-19
4012.00	-2.53775e-20
4014.00	8.91476e-19
4016.00	1.79726e-18
4018.00	2.00836e-19
4020.00	6.45298e-19
4022.00	6.23566e-19
4024.00	1.745e-18
4026.00	3.30652e-19
4028.00	1.32808e-19
4030.00	-6.08337e-19
4032.00	6.47282e-19
4034.00	9.23987e-19
4036.00	6.46721e-20
4038.00	1.2107e-19
4040.00	4.41983e-19
4042.00	4.94459e-19
4044.00	1.1034e-18
4046.00	3.91161e-19
4048.00	-1.13721e-18
4050.00	-4.4884e-19
4052.00	2.06868e-19
4054.00	1.10137e-18
4056.00	-1.06351e-18
4058.00	1.50151e-18
4060.00	6.87134e-19
4062.00	7.88475e-19
4064.00	4.46493e-19
4066.00	-2.28941e-19
4068.00	8.00764e-19
4070.00	4.10466e-19
4072.00	4.4809e-19
4074.00	1.66857e-19
4076.00	1.50028e-18
4078.00	-1.08692e-20
4080.00	1.41538e-18
4082.00	-7.60321e-19
4084.00	-1.15644e-19
4086.00	-4.55952e-20
4088.00	2.12395e-18
4090.00	-6.98218e-20
4092.00	-8.63612e-20
4094.00	7.90582e-19
4096.00	7.55338e-19
4098.00	-7.92072e-19
4100.00	1.04213e-18
4102.00	3.47789e-19
4104.00	1.47527e-18
4106.00	-3.93693e-19
4108.00	-6.90199e-19
4110.00	1.79578e-18
4112.00	4.33796e-19
4114.00	6.27105e-19
4116.00	-2.78901e-19
4118.00	3.80639e-20
4120.00	-4.79366e-21
4122.00	1.08959e-18
4124.00	-2.71896e-20
4126.00	8.61949e-19
4128.00	7.75648e-19
4130.00	-1.9416e-19
4132.00	-2.49998e-19
4134.00	1.16824e-18
4136.00	-6.44386e-19
4138.00	5.8936e-20
4140.00	7.14442e-20
4142.00	-1.46543e-18
4144.00	6.21854e-20
4146.00	-4.86726e-21
4148.00	-7.19189e-20
4150.00	6.92884e-19
4152.00	8.48532e-19
4154.00	5.68442e-19
4156.00	1.79828e-19
4158.00	-3.79771e-19
4160.00	1.37175e-18
4162.00	9.31787e-19
4164.00	7.24174e-19
4166.00	6.11127e-19
4168.00	2.05025e-18
4170.00	7.18936e-19
4172.00	-6.84765e-19
4174.00	-3.67717e-19
4176.00	-7.13974e-19
4178.00	2.51656e-19
4180.00	-5.32664e-19
4182.00	-8.73845e-19
4184.00	-1.29849e-18
4186.00	-1.20205e-19
4188.00	2.33405e-19
4190.00	8.04053e-19
4192.00	9.3903e-19
4194.00	7.71572e-19
4196.00	-4.27169e-19
4198.00	-7.95974e-19
4200.00	1.39758e-18
4202.00	1.3342e-19
4204.00	1.64449e-19
4206.00	8.20669e-19
4208.00	-3.79206e-19
4210.00	-3.42887e-20
4212.00	1.23139e-19
4214.00	1.65283e-19
4216.00	1.09771e-18
4218.00	1.67141e-18
4220.00	1.59579e-18
4222.00	1.48438e-19
4224.00	7.90495e-19
4226.00	4.47276e-20
4228.00	-1.2268e-18
4230.00	3.54335e-19
4232.00	8.66933e-19
4234.00	-1.46873e-18
4236.00	9.8912e-19
4238.00	-2.65284e-19
4240.00	5.49363e-19
4242.00	2.15564e-19
4244.00	9.08707e-19
4246.00	7.31204e-21
4248.00	5.73247e-19
4250.00	-5.45544e-19
4252.00	1.38971e-18
4254.00	-1.1801e-19
4256.00	1.68889e-18
4258.00	3.17742e-19
4260.00	8.7634e-19
4262.00	8.85936e-19
4264.00	-5.39086e-19
4266.00	-1.90073e-18
4268.00	9.46e-19
4270.00	8.51259e-19
4272.00	-4.32546e-19
4274.00	1.24635e-18
4276.00	-2.29882e-19
4278.00	-6.25398e-19
4280.00	5.42803e-19
4282.00	-9.91819e-19
4284.00	-1.29885e-19
4286.00	8.95272e-19
4288.00	7.34878e-19
4290.00	-1.38452e-19
4292.00	7.68508e-19
4294.00	-6.03833e-19
4296.00	-8.24038e-19
4298.00	1.43171e-20
4300.00	-9.95033e-20
4302.00	1.69936e-18
4304.00	-2.88982e-19
4306.00	-4.20936e-19
4308.00	-1.18534e-18
4310.00	-3.52349e-19
4312.00	6.41759e-19
4314.00	-3.13355e-19
4316.00	-8.13316e-19
4318.00	1.50357e-19
4320.00	1.60501e-18
4322.00	1.02959e-18
4324.00	2.11333e-20
4326.00	7.67347e-19
4328.00	1.1643e-18
4330.00	2.51055e-19
4332.00	1.2974e-18
4334.00	-4.57296e-20
4336.00	8.15527e-19
4338.00	1.1769e-18
4340.00	-3.92761e-19
4342.00	-1.52278e-19
4344.00	-1.55724e-19
4346.00	9.22087e-19
4348.00	9.83318e-19
4350.00	1.77309e-18
4352.00	2.65265e-19
4354.00	6.52949e-19
4356.00	7.99478e-19
4358.00	8.49824e-19
4360.00	2.50853e-18
4362.00	-7.59546e-19
4364.00	-1.28428e-18
4366.00	-5.74132e-19
4368.00	6.52321e-20
4370.00	1.56408e-19
4372.00	1.1567e-18
4374.00	7.6853e-19
4376.00	1.05099e-18
4378.00	7.43687e-19
4380.00	6.06786e-19
4382.00	-2.66122e-20
4384.00	1.40745e-18
4386.00	5.06156e-19
4388.00	-5.11002e-19
4390.00	3.50187e-20
4392.00	3.72494e-19
4394.00	7.61281e-19
4396.00	-4.64532e-21
4398.00	-1.36867e-19
4400.00	3.83249e-19
4402.00	1.3019e-18
4404.00	3.6925e-19
4406.00	1.3326e-19
4408.00	6.4979e-19
4410.00	2.09055e-19
4412.00	5.76277e-19
4414.00	5.94428e-19
4416.00	-1.07153e-18
4418.00	1.73237e-19
4420.00	7.9628e-19
4422.00	-5.67379e-19
4424.00	1.58041e-18
4426.00	5.96242e-19
4428.00	9.18329e-19
4430.00	5.31319e-19
4432.00	1.20738e-18
4434.00	1.02262e-18
4436.00	-9.28272e-19
4438.00	4.50142e-19
4440.00	-6.05393e-20
4442.00	9.01473e-19
4444.00	8.0713e-20
4446.00	6.16487e-19
4448.00	-2.43035e-19
4450.00	8.93029e-19
4452.00	4.49926e-19
4454.00	7.04993e-19
4456.00	4.5893e-19
4458.00	7.12413e-19
4460.00	-4.88857e-19
4462.00	1.27925e-18
4464.00	3.51153e-19
4466.00	1.71321e-18
4468.00	7.17608e-19
4470.00	2.05954e-20
4472.00	5.79884e-19
4474.00	1.23157e-19
4476.00	6.46171e-19
4478.00	1.33359e-18
4480.00	1.51312e-18
4482.00	7.68696e-19
4484.00	2.13497e-19
4486.00	1.33837e-18
4488.00	8.91904e-19
4490.00	7.09639e-19
4492.00	1.01305e-18
4494.00	1.65997e-19
4496.00	-3.18452e-19
4498.00	1.22096e-18
4500.00	-9.29538e-19
4502.00	-1.28176e-18
4504.00	7.40888e-19
4506.00	1.18539e-18
4508.00	6.50015e-19
4510.00	8.78813e-19
4512.00	6.36206e-19
4514.00	5.42495e-19
4516.00	1.32282e-18
4518.00	1.2467e-18
4520.00	-8.10928e-19
4522.00	9.74605e-20
4524.00	8.50115e-19
4526.00	1.13137e-18
4528.00	9.68741e-19
4530.00	1.35856e-19
4532.00	1.7867e-18
4534.00	4.95595e-19
4536.00	8.29463e-19
4538.00	1.11034e-18
4540.00	7.85824e-19
4542.00	4.09578e-19
4544.00	6.22225e-19
4546.00	9.34763e-19
4548.00	3.52864e-19
4550.00	1.03742e-18
4552.00	5.16477e-19
4554.00	8.65359e-19
4556.00	5.37057e-19
4558.00	1.95401e-18
4560.00	-2.08468e-19
4562.00	9.99197e-19
4564.00	3.67576e-19
4566.00	4.66124e-19
4568.00	1.05678e-18
4570.00	1.66195e-18
4572.00	9.51014e-19
4574.00	5.53372e-19
4576.00	6.7218e-19
4578.00	9.11914e-19
4580.00	-2.86524e-19
4582.00	3.86214e-19
4584.00	1.17375e-18
4586.00	7.96788e-19
4588.00	1.02469e-18
4590.00	1.59689e-18
4592.00	2.08375e-18
4594.00	1.03757e-18
4596.00	1.37487e-18
4598.00	1.10441e-18
4600.00	-5.40125e-19
4602.00	9.20834e-19
4604.00	7.89153e-19
4606.00	7.90947e-19
4608.00	1.03771e-18
4610.00	-3.67427e-19
4612.00	-3.29743e-19
4614.00	2.67629e-18
4616.00	1.23035e-18
4618.00	1.14151e-18
4620.00	2.23781e-18
4622.00	1.81426e-18
4624.00	3.93907e-19
4626.00	9.32748e-19
4628.00	1.05928e-18
4630.00	1.09069e-18
4632.00	1.88113e-18
4634.00	5.93142e-19
4636.00	1.27153e-19
4638.00	1.57217e-18
4640.00	1.4792e-18
4642.00	1.10619e-20
4644.00	6.77613e-19
4646.00	2.00809e-18
4648.00	1.41702e-19
4650.00	1.34887e-18
4652.00	9.51116e-19
4654.00	1.296e-19
4656.00	2.20348e-18
4658.00	1.61147e-18
4660.00	1.09114e-18
4662.00	1.37272e-18
4664.00	8.52893e-20
4666.00	4.81048e-19
4668.00	-1.66495e-19
4670.00	1.4939e-18
4672.00	9.91596e-19
4674.00	1.34938e-18
4676.00	8.88234e-21
4678.00	1.7186e-18
4680.00	8.75908e-19
4682.00	2.01798e-18
4684.00	1.74458e-18
4686.00	1.07791e-18
4688.00	4.87983e-19
4690.00	1.43766e-18
4692.00	-4.12205e-19
4694.00	1.38101e-18
4696.00	1.24109e-18
4698.00	4.50768e-19
4700.00	1.56939e-18
4702.00	2.14854e-19
4704.00	-9.64555e-19
4706.00	1.10453e-18
4708.00	7.81117e-19
4710.00	5.73161e-19
4712.00	1.7236e-18
4714.00	1.05663e-18
4716.00	1.09616e-18
4718.00	-4.00107e-19
4720.00	7.53907e-19
4722.00	1.11679e-18
4724.00	3.0438e-19
4726.00	3.57911e-19
4728.00	-2.68339e-19
4730.00	8.29077e-19
4732.00	1.18924e-18
4734.00	-1.18983e-20
4736.00	1.66959e-18
4738.00	5.06804e-19
4740.00	9.38221e-19
4742.00	9.39834e-19
4744.00	9.97599e-19
4746.00	9.08064e-19
4748.00	1.33618e-18
4750.00	1.20834e-18
4752.00	2.87829e-19
4754.00	6.59565e-19
4756.00	3.53786e-20
4758.00	-2.253e-19
4760.00	1.28328e-18
4762.00	5.85469e-19
4764.00	7.63492e-19
4766.00	-1.89749e-19
4768.00	1.95613e-18
4770.00	1.03277e-19
4772.00	2.30796e-19
4774.00	2.72048e-19
4776.00	1.61538e-18
4778.00	1.11199e-18
4780.00	4.76146e-19
4782.00	4.74375e-19
4784.00	1.08583e-18
4786.00	3.24994e-19
4788.00	-8.62318e-20
4790.00	2.02419e-18
4792.00	6.33785e-19
4794.00	1.48713e-18
4796.00	1.58478e-18
4798.00	-3.93106e-19
4800.00	-2.80483e-20
4802.00	3.14649e-19
4804.00	1.69213e-18
4806.00	-3.03093e-19
4808.00	6.8637e-19
4810.00	4.35229e-19
4812.00	4.30057e-19
4814.00	2.3935e-19
4816.00	-2.69786e-19
4818.00	1.28946e-18
4820.00	9.98295e-20
4822.00	1.19773e-18
4824.00	1.41055e-18
4826.00	1.49849e-19
4828.00	4.95671e-19
4830.00	1.22725e-18
4832.00	9.13365e-19
4834.00	1.27115e-18
4836.00	-2.68181e-19
4838.00	1.17614e-18
4840.00	8.61924e-20
4842.00	9.92086e-19
4844.00	5.7362e-19
4846.00	-4.37933e-19
4848.00	2.90375e-19
4850.00	4.27809e-19
4852.00	7.46827e-19
4854.00	-2.64175e-19
4856.00	3.4137e-19
4858.00	1.76295e-19
4860.00	5.93819e-19
4862.00	1.2285e-18
4864.00	1.16957e-18
4866.00	4.63584e-19
4868.00	6.46878e-19
4870.00	9.17994e-19
4872.00	1.32595e-18
4874.00	2.70238e-19
4876.00	7.77857e-19
4878.00	4.26462e-19
4880.00	-8.07445e-19
4882.00	4.98223e-19
4884.00	1.29965e-18
4886.00	3.10148e-20
4888.00	-6.57437e-19
4890.00	1.25733e-18
4892.00	2.94886e-19
4894.00	1.02693e-18
4896.00	9.3593e-19
4898.00	1.32378e-18
4900.00	1.29453e-18
4902.00	2.57734e-18
4904.00	3.08105e-19
4906.00	-5.16792e-19
4908.00	1.43343e-18
4910.00	1.95505e-18
4912.00	1.15433e-18
4914.00	1.37567e-18
4916.00	1.6982e-18
4918.00	8.47411e-19
4920.00	8.88037e-19
4922.00	1.81709e-18
4924.00	1.07667e-18
4926.00	1.19974e-18
4928.00	2.25988e-18
4930.00	1.28972e-18
4932.00	1.16062e-18
4934.00	-3.09694e-19
4936.00	1.50202e-18
4938.00	1.12652e-18
4940.00	1.59851e-18
4942.00	1.54117e-18
4944.00	8.76804e-19
4946.00	9.21438e-19
4948.00	1.11598e-18
4950.00	1.18111e-18
4952.00	1.57423e-18
4954.00	1.26621e-18
4956.00	-3.54877e-20
4958.00	4.69723e-19
4960.00	1.58533e-18
4962.00	1.44213e-18
4964.00	1.39391e-18
4966.00	1.14567e-18
4968.00	2.56726e-18
4970.00	9.82773e-19
4972.00	1.49765e-18
4974.00	1.01108e-18
4976.00	6.51029e-19
4978.00	1.42668e-18
4980.00	1.24653e-18
4982.00	1.59732e-18
4984.00	1.64879e-18
4986.00	3.87618e-19
4988.00	9.12863e-19
4990.00	1.6812e-18
4992.00	5.45079e-19
4994.00	1.43386e-18
4996.00	1.24912e-18
4998.00	2.46146e-18
5000.00	1.98395e-18
5002.00	1.4616e-18
5004.00	9.93371e-19
5006.00	-1.56487e-19
5008.00	2.95989e-19
5010.00	8.32571e-19
5012.00	4.44959e-19
5014.00	1.22062e-18
5016.00	1.47171e-18
5018.00	1.46652e-18
5020.00	8.77351e-19
5022.00	7.14662e-19
5024.00	9.36951e-19
5026.00	1.13487e-18
5028.00	1.20968e-18
5030.00	7.5996e-19
5032.00	-2.19764e-19
5034.00	2.05168e-18
5036.00	1.50988e-18
5038.00	3.43523e-19
5040.00	2.76876e-19
5042.00	4.09011e-19
5044.00	1.12626e-18
5046.00	1.21126e-18
5048.00	-1.29749e-20
5050.00	8.67194e-19
5052.00	4.03992e-19
5054.00	1.49051e-18
5056.00	5.10478e-19
5058.00	6.66248e-19
5060.00	1.69426e-18
5062.00	5.5601e-19
5064.00	2.06236e-18
5066.00	1.37276e-19
5068.00	2.55649e-19
5070.00	6.53217e-19
5072.00	7.13652e-19
5074.00	-6.32509e-19
5076.00	1.45466e-18
5078.00	2.74188e-19
5080.00	1.48906e-19
5082.00	5.83025e-19
5084.00	1.01339e-18
5086.00	5.19329e-19
5088.00	-5.68374e-19
5090.00	1.15654e-18
5092.00	1.11719e-18
5094.00	-2.9334e-19
5096.00	2.66863e-19
5098.00	-5.15344e-20
5100.00	6.33833e-19
5102.00	1.21421e-18
5104.00	-9.15756e-20
5106.00	9.30732e-19
5108.00	2.56333e-19
5110.00	7.05458e-19
5112.00	1.2382e-18
5114.00	-9.89559e-19
5116.00	2.03766e-19
5118.00	1.49441e-18
5120.00	7.67954e-19
5122.00	9.68794e-19
5124.00	1.31736e-18
5126.00	6.98607e-19
5128.00	5.04441e-19
5130.00	2.50864e-19
5132.00	-2.67997e-19
5134.00	1.49502e-18
5136.00	9.20641e-19
5138.00	1.05014e-18
5140.00	1.39244e-18
5142.00	1.16326e-18
5144.00	1.21978e-18
5146.00	5.68272e-19
5148.00	9.41809e-19
5150.00	9.25004e-19
5152.00	2.12866e-19
5154.00	6.76917e-19
5156.00	1.34039e-18
5158.00	1.09809e-18
5160.00	1.59654e-18
5162.00	6.55925e-19
5164.00	6.75998e-19
5166.00	5.6478e-19
5168.00	1.13113e-18
5170.00	7.33563e-19
5172.00	1.41564e-18
5174.00	4.76964e-19
5176.00	7.60944e-19
5178.00	9.84892e-19
5180.00	7.5116e-19
5182.00	1.11603e-18
5184.00	7.49618e-19
5186.00	8.51504e-19
5188.00	-2.57925e-19
5190.00	-5.17245e-19
5192.00	1.28962e-18
5194.00	-1.06052e-20
5196.00	2.16905e-18
5198.00	1.06509e-18
5200.00	1.45769e-18
5202.00	6.67853e-19
5204.00	1.46677e-18
5206.00	9.86024e-19
5208.00	4.65216e-19
5210.00	3.70009e-19
5212.00	1.34338e-18
5214.00	8.1857e-19
5216.00	1.4358e-18
5218.00	7.67344e-19
5220.00	-1.74367e-20
5222.00	6.2928e-19
5224.00	1.69544e-18
5226.00	1.29255e-18
5228.00	1.5956e-18
5230.00	7.97722e-19
5232.00	2.91923e-19
5234.00	8.75843e-19
5236.00	9.65891e-19
5238.00	-2.81418e-19
5240.00	8.38446e-19
5242.00	3.58182e-19
5244.00	4.6564e-19
5246.00	7.80354e-19
5248.00	3.11096e-19
5250.00	1.35147e-18
5252.00	4.7785e-19
5254.00	1.14762e-18
5256.00	1.22318e-18
5258.00	1.68198e-18
5260.00	1.61311e-18
5262.00	1.67983e-18
5264.00	7.89009e-19
5266.00	1.0929e-18
5268.00	2.63151e-19
5270.00	1.87323e-19
5272.00	7.00378e-19
5274.00	3.17587e-19
5276.00	8.61119e-19
5278.00	1.00423e-18
5280.00	1.63027e-18
5282.00	1.15336e-18
5284.00	2.43575e-18
5286.00	2.06549e-18
5288.00	5.64406e-19
5290.00	6.84574e-19
5292.00	5.16402e-19
5294.00	6.4155e-19
5296.00	7.29474e-19
5298.00	6.61622e-19
5300.00	1.16085e-18
5302.00	1.95707e-18
5304.00	8.342e-19
5306.00	-1.8747e-19
5308.00	6.70534e-19
5310.00	2.31935e-18
5312.00	1.38446e-18
5314.00	3.97244e-19
5316.00	3.93432e-19
5318.00	1.13281e-18
5320.00	1.04311e-18
5322.00	-2.55537e-19
5324.00	1.21397e-18
5326.00	3.46144e-19
5328.00	1.27096e-18
5330.00	2.49352e-18
5332.00	-2.44024e-19
5334.00	-5.45181e-19
5336.00	7.1216e-19
5338.00	4.54482e-19
5340.00	1.76422e-18
5342.00	2.13685e-19
5344.00	4.3865e-19
5346.00	1.48756e-18
5348.00	-2.23047e-19
5350.00	4.15617e-19
5352.00	5.15359e-19
5354.00	7.32308e-19
5356.00	6.43146e-19
5358.00	6.73346e-19
5360.00	-6.41604e-19
5362.00	9.6534e-19
5364.00	5.16188e-19
5366.00	9.96633e-19
5368.00	-2.37811e-19
5370.00	1.26779e-18
5372.00	1.77303e-18
5374.00	1.2439e-18
5376.00	1.53837e-18
5378.00	3.49515e-19
5380.00	5.69411e-19
5382.00	1.80628e-19
5384.00	6.54312e-19
5386.00	1.06033e-18
5388.00	1.08166e-18
5390.00	1.1717e-18
5392.00	1.05266e-18
5394.00	1.30881e-18
5396.00	2.54136e-20
5398.00	8.53959e-19
5400.00	1.64239e-18
5402.00	1.03771e-18
5404.00	-3.58821e-19
5406.00	1.84456e-18
5408.00	8.00015e-19
5410.00	1.6378e-18
5412.00	1.76405e-18
5414.00	2.34541e-18
5416.00	4.62767e-19
5418.00	1.51779e-18
5420.00	1.18818e-18
5422.00	8.59579e-19
5424.00	-9.20692e-21
5426.00	1.48603e-19
5428.00	2.64412e-19
5430.00	2.00537e-18
5432.00	-4.84186e-19
5434.00	8.68397e-19
5436.00	2.87634e-19
5438.00	1.52474e-18
5440.00	1.44233e-18
5442.00	1.25632e-18
5444.00	4.16326e-19
5446.00	1.15787e-18
5448.00	9.77176e-19
5450.00	6.69572e-19
5452.00	1.3784e-18
5454.00	1.6745e-18
5456.00	2.43523e-18
5458.00	-3.86401e-19
5460.00	3.05084e-19
5462.00	1.10664e-18
5464.00	-3.34841e-19
5466.00	6.23966e-20
5468.00	1.81534e-18
5470.00	1.04827e-18
5472.00	-5.12419e-20
5474.00	1.93563e-18
5476.00	4.07298e-19
5478.00	1.20468e-18
5480.00	2.0406e-18
5482.00	1.879e-18
5484.00	1.63812e-18
5486.00	8.32934e-19
5488.00	4.64971e-19
5490.00	3.76291e-19
5492.00	1.71426e-19
5494.00	4.39328e-19
5496.00	1.67667e-18
5498.00	2.24075e-18
5500.00	5.44208e-19
5502.00	1.17101e-18
5504.00	1.36815e-18
5506.00	7.54313e-19
5508.00	1.20436e-18
5510.00	1.16525e-18
5512.00	3.65797e-19
5514.00	1.02215e-18
5516.00	3.09836e-19
5518.00	6.42689e-19
5520.00	8.02013e-19
5522.00	2.45848e-18
5524.00	1.86256e-18
5526.00	2.923e-18
5528.00	1.8297e-18
5530.00	1.9649e-18
5532.00	8.06239e-19
5534.00	1.57138e-18
5536.00	1.10474e-18
5538.00	2.13591e-18
5540.00	1.85094e-18
5542.00	7.82468e-19
5544.00	2.73012e-18
5546.00	1.94176e-18
5548.00	-1.08957e-18
5550.00	8.58199e-19
5552.00	-3.34724e-20
5554.00	1.73373e-18
5556.00	1.21622e-18
5558.00	2.77373e-18
5560.00	2.4055e-18
5562.00	3.5971e-18
5564.00	7.53148e-19
5566.00	2.67136e-18
5568.00	2.1701e-18
5570.00	1.31585e-18
5572.00	6.53473e-19
5574.00	7.95641e-19
5576.00	1.85614e-18
5578.00	2.69473e-19
5580.00	7.32424e-19
5582.00	4.03927e-19
5584.00	7.34048e-19
5586.00	7.92329e-19
5588.00	1.88869e-18
5590.00	2.87658e-18
5592.00	2.14856e-18
5594.00	5.55479e-19
5596.00	1.21218e-18
5598.00	1.45694e-18
5600.00	1.35671e-20
5602.00	1.05825e-18
5604.00	1.34428e-18
5606.00	1.7908e-18
5608.00	1.59654e-18
5610.00	9.01964e-19
5612.00	7.16688e-19
5614.00	9.72795e-19
5616.00	1.88763e-18
5618.00	7.37294e-19
5620.00	7.6421e-19
5622.00	1.97074e-18
5624.00	9.76956e-19
5626.00	-3.97939e-19
5628.00	5.03461e-19
5630.00	5.68413e-20
5632.00	8.94357e-19
5634.00	1.8803e-18
5636.00	1.55073e-18
5638.00	3.73377e-19
5640.00	5.63349e-19
5642.00	2.00695e-18
5644.00	1.95982e-18
5646.00	5.06563e-19
5648.00	1.14397e-18
5650.00	1.7102e-18
5652.00	1.90254e-18
5654.00	8.63899e-19
5656.00	1.46468e-18
5658.00	2.04759e-18
5660.00	1.83967e-18
5662.00	8.65463e-19
5664.00	1.17872e-18
5666.00	1.76021e-18
5668.00	1.20988e-18
5670.00	8.89757e-19
5672.00	4.4419e-19
5674.00	-8.49222e-20
5676.00	7.24664e-19
5678.00	1.15069e-18
5680.00	1.67152e-18
5682.00	1.21942e-18
5684.00	1.24484e-18
5686.00	1.35861e-18
5688.00	1.15059e-18
5690.00	1.31605e-18
5692.00	1.27342e-18
5694.00	1.30085e-18
5696.00	1.26797e-18
5698.00	1.99172e-18
5700.00	1.58509e-18
5702.00	1.35799e-18
5704.00	1.19091e-18
5706.00	1.15575e-18
5708.00	1.28762e-18
5710.00	8.74394e-19
5712.00	1.51179e-18
5714.00	9.6259e-19
5716.00	1.24938e-18
5718.00	9.48155e-19
5720.00	8.84947e-19
5722.00	1.77201e-18
5724.00	9.77809e-19
5726.00	1.25745e-18
5728.00	9.04739e-19
5730.00	8.14706e-19
5732.00	1.18743e-18
5734.00	1.48321e-18
5736.00	2.78716e-18
5738.00	1.86568e-18
5740.00	9.28925e-19
5742.00	1.11737e-18
5744.00	1.58301e-18
5746.00	1.30033e-18
5748.00	5.7416e-19
5750.00	2.19836e-18
5752.00	1.82427e-18
5754.00	1.20766e-18
5756.00	1.78257e-18
5758.00	1.47259e-18
5760.00	2.2121e-18
5762.00	2.35153e-18
5764.00	1.94798e-18
5766.00	1.92342e-18
5768.00	6.55083e-19
5770.00	1.42974e-18
5772.00	1.85697e-18
5774.00	1.46313e-18
5776.00	2.34035e-19
5778.00	1.06942e-18
5780.00	9.80508e-19
5782.00	-2.25388e-19
5784.00	2.57986e-19
5786.00	3.30023e-19
5788.00	9.09169e-19
5790.00	7.86552e-19
5792.00	-2.64933e-19
5794.00	3.7765e-19
5796.00	5.86226e-19
5798.00	-1.05047e-19
5800.00	1.21125e-19
5802.00	7.07283e-19
5804.00	8.09586e-19
5806.00	6.78276e-19
5808.00	1.37563e-18
5810.00	8.3217e-19
5812.00	5.94476e-19
5814.00	1.17904e-18
5816.00	1.52466e-18
5818.00	1.69109e-18
5820.00	1.80899e-18
5822.00	1.01719e-18
5824.00	7.13968e-19
5826.00	1.6842e-18
5828.00	1.28091e-18
5830.00	1.95717e-18
5832.00	1.71977e-18
5834.00	1.23106e-18
5836.00	2.28e-18
5838.00	2.53116e-18
5840.00	1.71687e-18
5842.00	1.79029e-18
5844.00	2.7977e-18
5846.00	1.30913e-18
5848.00	4.42727e-19
5850.00	9.48815e-19
5852.00	1.81681e-18
5854.00	3.08559e-18
5856.00	2.26591e-18
5858.00	1.00829e-18
5860.00	7.75616e-19
5862.00	2.00144e-18
5864.00	1.40462e-18
5866.00	3.86442e-19
5868.00	3.90841e-19
5870.00	1.77954e-18
5872.00	1.97503e-18
5874.00	2.38991e-18
5876.00	2.33585e-18
5878.00	1.17634e-18
5880.00	4.6294e-19
5882.00	2.14923e-18
5884.00	1.81204e-18
5886.00	1.19994e-18
5888.00	3.73308e-19
5890.00	8.42469e-19
5892.00	-4.11353e-19
5894.00	-5.40982e-19
5896.00	2.66384e-18
5898.00	2.5174e-18
5900.00	1.9975e-18
5902.00	1.51126e-18
5904.00	2.5345e-18
5906.00	1.46263e-18
5908.00	1.24136e-18
5910.00	2.18242e-18
5912.00	7.15528e-19
5914.00	2.00006e-18
5916.00	5.96868e-19
5918.00	-6.2147e-19
5920.00	-2.92498e-19
5922.00	-2.10816e-19
5924.00	6.29219e-19
5926.00	1.31539e-18
5928.00	8.31292e-19
5930.00	2.23607e-19
5932.00	-1.78148e-19
5934.00	6.39293e-19
5936.00	1.7162e-18
5938.00	1.18596e-18
5940.00	1.24295e-18
5942.00	1.92959e-18
5944.00	4.89856e-19
5946.00	7.5876e-19
5948.00	3.29505e-19
5950.00	1.0159e-19
5952.00	-1.58892e-19
5954.00	8.90031e-19
5956.00	1.7311e-18
5958.00	1.40035e-18
5960.00	2.1797e-18
5962.00	1.52357e-18
5964.00	8.35601e-19
5966.00	-1.22353e-19
5968.00	9.18517e-19
5970.00	2.1219e-18
5972.00	2.04646e-18
5974.00	1.58671e-18
5976.00	9.41771e-19
5978.00	6.40418e-19
5980.00	5.1703e-19
5982.00	1.45658e-18
5984.00	1.60243e-18
5986.00	1.72354e-18
5988.00	2.10891e-18
5990.00	1.73821e-18
5992.00	7.57404e-19
5994.00	-8.30171e-19
5996.00	5.27433e-19
5998.00	1.39361e-18
6000.00	7.95312e-19
6002.00	-6.36554e-19
6004.00	1.86057e-20
6006.00	1.26216e-19
6008.00	-2.54842e-19
6010.00	-1.30023e-20
6012.00	7.28616e-19
6014.00	1.84575e-18
6016.00	1.29886e-18
6018.00	9.97086e-19
6020.00	7.62868e-19
6022.00	5.95378e-19
6024.00	7.57446e-19
6026.00	6.99725e-19
6028.00	1.37387e-18
6030.00	1.67643e-18
6032.00	1.4592e-18
6034.00	1.27091e-18
6036.00	1.59107e-18
6038.00	2.65043e-18
6040.00	2.10679e-18
6042.00	1.22897e-18
6044.00	2.41728e-18
6046.00	2.71797e-18
6048.00	1.05633e-18
6050.00	8.00686e-19
6052.00	1.7548e-18
6054.00	2.21202e-18
6056.00	2.35524e-18
6058.00	1.79211e-18
6060.00	2.11059e-18
6062.00	2.92441e-18
6064.00	2.13146e-18
6066.00	6.92745e-19
6068.00	9.1625e-19
6070.00	1.18943e-18
6072.00	1.77872e-18
6074.00	2.19304e-18
6076.00	1.87665e-18
6078.00	1.84423e-18
6080.00	1.20429e-18
6082.00	1.81758e-18
6084.00	1.1097e-18
6086.00	1.39483e-18
6088.00	1.65313e-18
6090.00	2.13757e-18
6092.00	2.49985e-18
6094.00	1.10091e-18
6096.00	1.81557e-18
6098.00	2.65511e-18
6100.00	2.51947e-18
6102.00	2.07484e-18
6104.00	2.18713e-18
6106.00	2.15917e-18
6108.00	1.59107e-18
6110.00	1.41481e-18
6112.00	9.34973e-19
6114.00	1.49169e-18
6116.00	1.94333e-18
6118.00	2.12e-18
6120.00	2.36029e-18
6122.00	1.68955e-18
6124.00	1.73938e-18
6126.00	1.90602e-18
6128.00	1.81844e-18
6130.00	1.33137e-18
6132.00	1.73087e-18
6134.00	2.01593e-18
6136.00	2.15692e-18
6138.00	1.87887e-18
6140.00	1.86884e-18
6142.00	1.39573e-18
6144.00	8.93691e-19
6146.00	1.30281e-18
6148.00	1.47569e-18
6150.00	1.42111e-18
6152.00	1.19954e-18
6154.00	1.61266e-18
6156.00	2.01172e-18
6158.00	1.31849e-18
6160.00	1.19981e-18
6162.00	1.27762e-18
6164.00	1.49643e-18
6166.00	1.50484e-18
6168.00	2.00824e-18
6170.00	1.318e-18
6172.00	9.16022e-19
6174.00	1.55391e-18
6176.00	1.40597e-18
6178.00	1.17854e-18
6180.00	1.4767e-18
6182.00	1.11717e-18
6184.00	1.80103e-18
6186.00	2.03873e-18
6188.00	1.75779e-18
6190.00	1.30322e-18
6192.00	1.35312e-18
6194.00	1.6116e-18
6196.00	1.56837e-18
6198.00	1.4943e-18
6200.00	2.04152e-18
6202.00	1.78228e-18
6204.00	1.66518e-18
6206.00	1.36404e-18
6208.00	1.07265e-18
6210.00	1.92733e-18
6212.00	1.46507e-18
6214.00	1.49764e-18
6216.00	1.24149e-18
6218.00	7.92707e-19
6220.00	1.23083e-18
6222.00	1.39077e-18
6224.00	1.74512e-18
6226.00	1.40512e-18
6228.00	1.75216e-18
6230.00	1.73705e-18
6232.00	1.36509e-18
6234.00	1.68213e-18
6236.00	2.03922e-18
6238.00	1.21334e-18
6240.00	7.92769e-20
6242.00	5.41798e-19
6244.00	1.11577e-18
6246.00	1.41632e-18
6248.00	1.52134e-18
6250.00	1.0664e-18
6252.00	1.31054e-18
6254.00	1.77887e-18
6256.00	1.24114e-18
6258.00	1.53642e-18
6260.00	2.36687e-18
6262.00	2.0549e-18
6264.00	1.15728e-18
6266.00	9.84389e-19
6268.00	2.14163e-18
6270.00	2.43184e-18
6272.00	1.71182e-18
6274.00	1.02887e-18
6276.00	7.1138e-19
6278.00	1.67465e-18
6280.00	1.88868e-18
6282.00	9.36083e-19
6284.00	1.78822e-18
6286.00	2.31231e-18
6288.00	2.11595e-18
6290.00	1.0876e-18
6292.00	6.39038e-19
6294.00	1.65186e-18
6296.00	2.93406e-18
6298.00	2.21613e-18
6300.00	1.25354e-18
6302.00	1.51607e-18
6304.00	1.7786e-18
6306.00	2.04112e-18
6308.00	2.04112e-18
6310.00	2.25934e-18
6312.00	1.82453e-18
6314.00	1.14324e-18
6316.00	1.92571e-18
6318.00	1.36784e-18
6320.00	1.45664e-18
6322.00	1.95048e-18
6324.00	1.94238e-18
6326.00	1.89761e-18
6328.00	2.17337e-18
6330.00	1.5918e-18
6332.00	1.60405e-18
6334.00	1.97281e-18
6336.00	1.27259e-18
6338.00	8.88952e-19
6340.00	1.86442e-18
6342.00	1.46302e-18
6344.00	1.78192e-18
6346.00	1.64536e-18
6348.00	1.1598e-18
6350.00	1.25291e-18
6352.00	2.23119e-18
6354.00	2.71933e-18
6356.00	1.10023e-18
6358.00	7.584e-19
6360.00	2.21485e-18
6362.00	3.21272e-20
6364.00	3.03215e-19
6366.00	2.38339e-18
6368.00	1.47865e-18
6370.00	1.50055e-18
6372.00	1.5258e-18
6374.00	1.82503e-18
6376.00	1.69886e-18
6378.00	1.68806e-18
6380.00	1.70528e-18
6382.00	1.76925e-18
6384.00	2.66957e-18
6386.00	2.15178e-18
6388.00	1.81018e-18
6390.00	2.10837e-18
6392.00	3.00011e-18
6394.00	1.8594e-18
6396.00	7.99095e-19
6398.00	9.97535e-19
6400.00	1.18537e-18
6402.00	1.55887e-18
6404.00	1.51392e-18
6406.00	9.69043e-19
6408.00	1.45324e-18
6410.00	2.33144e-18
6412.00	2.73959e-18
6414.00	1.78734e-18
6416.00	9.26554e-19
6418.00	1.08764e-18
6420.00	1.15904e-18
6422.00	8.36193e-19
6424.00	1.05107e-18
6426.00	1.78963e-18
6428.00	1.64773e-18
6430.00	9.58815e-19
6432.00	9.33798e-19
6434.00	1.66958e-18
6436.00	1.35957e-18
6438.00	3.65458e-19
6440.00	1.07956e-18
6442.00	1.44252e-18
6444.00	1.60659e-18
6446.00	1.24076e-18
6448.00	1.29587e-18
6450.00	1.38915e-18
6452.00	1.15651e-18
6454.00	1.54397e-18
6456.00	1.98434e-18
6458.00	1.46185e-18
6460.00	1.03029e-18
6462.00	5.26352e-19
6464.00	6.97971e-19
6466.00	1.65042e-18
6468.00	2.43066e-18
6470.00	1.80182e-18
6472.00	1.14678e-18
6474.00	9.51948e-19
6476.00	8.22302e-19
6478.00	1.1328e-18
6480.00	1.13223e-18
6482.00	1.25951e-18
6484.00	1.1421e-18
6486.00	1.36856e-18
6488.00	1.33984e-18
6490.00	8.35812e-19
6492.00	1.462e-18
6494.00	1.28556e-18
6496.00	1.16993e-18
6498.00	1.04813e-18
6500.00	1.37531e-18
6502.00	1.68132e-18
6504.00	1.62409e-18
6506.00	1.48961e-18
6508.00	1.91696e-18
6510.00	1.86168e-18
6512.00	1.59891e-18
6514.00	1.26487e-18
6516.00	2.16634e-19
6518.00	5.31883e-19
6520.00	1.31324e-18
6522.00	1.24546e-18
6524.00	1.23748e-18
6526.00	1.86079e-18
6528.00	1.40357e-18
6530.00	1.16939e-18
6532.00	1.1496e-18
6534.00	1.16005e-18
6536.00	1.36273e-18
6538.00	1.18163e-18
6540.00	1.33748e-18
6542.00	1.59486e-18
6544.00	9.55714e-19
6546.00	1.16513e-18
6548.00	1.29166e-18
6550.00	1.52694e-18
6552.00	1.39814e-18
6554.00	1.83885e-18
6556.00	1.71085e-18
6558.00	1.7632e-18
6560.00	1.21928e-18
6562.00	1.26236e-18
6564.00	1.56941e-18
6566.00	7.88698e-19
6568.00	9.32645e-19
6570.00	1.6584e-18
6572.00	1.70371e-18
6574.00	1.91526e-18
6576.00	2.27792e-18
6578.00	1.99464e-18
6580.00	1.07053e-18
6582.00	1.52312e-18
6584.00	1.83465e-18
6586.00	1.32614e-18
6588.00	9.26444e-19
6590.00	1.17362e-18
6592.00	1.22273e-18
6594.00	8.00708e-19
6596.00	1.69574e-18
6598.00	1.42028e-18
6600.00	9.79143e-19
6602.00	9.69471e-19
6604.00	1.647e-18
6606.00	8.50472e-19
6608.00	8.33697e-19
6610.00	1.08276e-18
6612.00	7.62148e-19
6614.00	8.66323e-19
6616.00	9.71754e-19
6618.00	1.10727e-18
6620.00	1.55875e-18
6622.00	1.49624e-18
6624.00	6.39261e-19
6626.00	3.9843e-19
6628.00	1.12131e-18
6630.00	8.0015e-19
6632.00	6.07513e-19
6634.00	1.25719e-18
6636.00	1.39507e-18
6638.00	1.0984e-18
6640.00	1.07162e-18
6642.00	1.23329e-18
6644.00	1.1319e-18
6646.00	6.57526e-19
6648.00	6.12254e-19
6650.00	7.40772e-19
6652.00	1.06335e-18
6654.00	7.61884e-19
6656.00	4.02674e-19
6658.00	1.57457e-18
6660.00	1.33121e-18
6662.00	1.03829e-18
6664.00	1.24323e-18
6666.00	1.09671e-18
6668.00	8.06119e-19
6670.00	1.13211e-18
6672.00	1.42507e-18
6674.00	1.22555e-18
6676.00	1.05434e-18
6678.00	1.42163e-18
6680.00	9.89824e-19
6682.00	9.09632e-19
6684.00	1.05597e-18
6686.00	8.59166e-19
6688.00	8.90885e-19
6690.00	8.45564e-19
6692.00	7.0604e-19
6694.00	8.67904e-19
6696.00	4.14358e-19
6698.00	7.20342e-19
6700.00	1.30974e-18
6702.00	1.41837e-18
6704.00	9.87815e-19
6706.00	1.17517e-18
6708.00	1.22341e-18
6710.00	1.22074e-18
6712.00	9.74798e-19
6714.00	6.35205e-19
6716.00	7.33416e-19
6718.00	1.11977e-18
6720.00	1.27743e-18
6722.00	8.91006e-19
6724.00	4.56602e-19
6726.00	4.96329e-19
6728.00	7.49584e-19
6730.00	9.60008e-19
6732.00	9.59066e-19
6734.00	1.10416e-18
6736.00	1.24959e-18
6738.00	7.41215e-19
6740.00	3.89368e-19
6742.00	6.13233e-19
6744.00	7.98334e-19
6746.00	6.35258e-19
6748.00	4.66757e-19
6750.00	5.50072e-19
6752.00	5.6658e-19
6754.00	6.98616e-19
6756.00	9.96029e-19
6758.00	6.77161e-19
6760.00	3.24889e-19
6762.00	1.42155e-18
6764.00	1.66556e-18
6766.00	1.10657e-18
6768.00	1.18218e-18
6770.00	1.09149e-18
6772.00	7.88138e-19
6774.00	6.86392e-19
6776.00	8.54565e-19
6778.00	1.00072e-18
6780.00	4.6492e-19
6782.00	8.1546e-19
6784.00	1.27783e-18
6786.00	5.41719e-19
6788.00	5.45752e-19
6790.00	9.63463e-19
6792.00	7.73961e-19
6794.00	1.15439e-18
6796.00	1.32905e-18
6798.00	1.52936e-18
6800.00	1.40023e-18
6802.00	1.22834e-18
6804.00	1.42527e-18
6806.00	1.12268e-18
6808.00	1.30598e-18
6810.00	1.35315e-18
6812.00	1.25988e-18
6814.00	1.25636e-18
6816.00	1.01851e-18
6818.00	7.30671e-19
6820.00	7.9992e-19
6822.00	4.80622e-19
6824.00	3.32976e-19
6826.00	9.68422e-19
6828.00	1.73216e-18
6830.00	1.57548e-18
6832.00	6.01967e-19
6834.00	4.80214e-19
6836.00	1.48188e-18
6838.00	1.39113e-18
6840.00	1.27481e-18
6842.00	1.43512e-18
6844.00	1.68913e-18
6846.00	1.57328e-18
6848.00	1.07842e-18
6850.00	2.90679e-19
6852.00	1.16023e-19
6854.00	1.13035e-18
6856.00	1.17826e-18
6858.00	1.21567e-18
6860.00	1.61261e-18
6862.00	1.33148e-18
6864.00	7.74298e-19
6866.00	4.22284e-20
6868.00	4.5175e-19
6870.00	7.01083e-19
6872.00	6.52236e-19
6874.00	1.03252e-18
6876.00	1.11161e-18
6878.00	1.25824e-18
6880.00	7.05799e-19
6882.00	6.70026e-19
6884.00	1.80409e-18
6886.00	2.38574e-18
6888.00	1.63139e-18
6890.00	9.46752e-19
6892.00	2.62317e-19
6894.00	2.18726e-19
6896.00	4.80171e-19
6898.00	1.19029e-18
6900.00	1.18478e-18
6902.00	6.60289e-19
6904.00	4.29821e-19
6906.00	7.14274e-19
6908.00	1.25483e-18
6910.00	1.49065e-18
6912.00	1.62232e-18
6914.00	1.65848e-18
6916.00	7.84753e-19
6918.00	7.99981e-19
6920.00	1.61559e-18
6922.00	1.08368e-18
6924.00	1.34608e-18
6926.00	1.46078e-18
6928.00	6.4543e-19
6930.00	8.50927e-19
6932.00	1.15176e-18
6934.00	1.25263e-18
6936.00	8.50334e-19
6938.00	4.27469e-19
6940.00	7.53596e-19
6942.00	1.03462e-18
6944.00	1.19181e-18
6946.00	1.22653e-18
6948.00	1.15247e-18
6950.00	1.19785e-18
6952.00	8.89523e-19
6954.00	8.56112e-19
6956.00	1.23584e-18
6958.00	1.16924e-18
6960.00	9.127e-19
6962.00	1.17135e-18
6964.00	1.98157e-18
6966.00	1.65748e-18
6968.00	1.10222e-18
6970.00	1.22193e-18
6972.00	9.48201e-19
6974.00	1.16505e-18
6976.00	1.8377e-18
6978.00	1.22036e-18
6980.00	7.88014e-19
6982.00	7.02051e-19
6984.00	6.00387e-19
6986.00	1.26814e-18
6988.00	1.04946e-18
6990.00	7.83471e-19
6992.00	1.19489e-18
6994.00	1.18178e-18
6996.00	1.01861e-18
6998.00	1.00067e-18
7000.00	1.03e-18
7002.00	1.20331e-18
7004.00	1.06215e-18
7006.00	1.05186e-18
7008.00	1.18145e-18
7010.00	1.47323e-18
7012.00	1.34909e-18
7014.00	1.24372e-18
7016.00	1.21572e-18
7018.00	1.44567e-18
7020.00	1.45577e-18
7022.00	1.37965e-18
7024.00	1.17178e-18
7026.00	6.87069e-19
7028.00	6.17727e-19
7030.00	1.1643e-18
7032.00	1.48514e-18
7034.00	1.22177e-18
7036.00	8.78081e-19
7038.00	1.33762e-18
7040.00	1.47866e-18
7042.00	1.12467e-18
7044.00	7.26766e-19
7046.00	9.75564e-19
7048.00	1.75655e-18
7050.00	1.58408e-18
7052.00	8.5421e-19
7054.00	1.18567e-18
7056.00	1.44219e-18
7058.00	1.29237e-18
7060.00	9.75086e-19
7062.00	1.04157e-18
7064.00	1.45795e-18
7066.00	1.33298e-18
7068.00	1.21873e-18
7070.00	1.55285e-18
7072.00	1.77081e-18
7074.00	1.71719e-18
7076.00	1.20516e-18
7078.00	1.0781e-18
7080.00	7.4221e-19
7082.00	1.46736e-19
7084.00	5.50678e-19
7086.00	1.41355e-18
7088.00	1.78387e-18
7090.00	1.74506e-18
7092.00	1.90279e-18
7094.00	1.38465e-18
7096.00	9.72653e-19
7098.00	7.33769e-19
7100.00	9.1136e-19
7102.00	1.59962e-18
7104.00	1.24796e-18
7106.00	1.7959e-18
7108.00	1.49231e-18
7110.00	1.28294e-18
7112.00	1.53878e-18
7114.00	1.58506e-18
7116.00	9.98438e-19
7118.00	9.23314e-19
7120.00	1.38873e-18
7122.00	1.34001e-18
7124.00	9.47941e-19
7126.00	1.33499e-18
7128.00	1.20725e-18
7130.00	1.00186e-18
7132.00	1.31765e-18
7134.00	1.22746e-18
7136.00	1.54076e-18
7138.00	1.36096e-18
7140.00	1.20368e-18
7142.00	1.8092e-18
7144.00	1.75786e-18
7146.00	1.44153e-18
7148.00	1.71369e-18
7150.00	1.01528e-18
7152.00	5.11926e-19
7154.00	1.13369e-18
7156.00	1.60414e-18
7158.00	1.32214e-18
7160.00	1.14028e-18
7162.00	1.37501e-18
7164.00	1.2484e-18
7166.00	9.64081e-19
7168.00	1.6473e-18
7170.00	1.60318e-18
7172.00	9.29409e-19
7174.00	8.96574e-19
7176.00	6.3775e-19
7178.00	1.20912e-18
7180.00	1.24471e-18
7182.00	1.0208e-18
7184.00	1.00046e-18
7186.00	1.38259e-18
7188.00	1.39078e-18
7190.00	1.6016e-18
7192.00	1.3961e-18
7194.00	7.29879e-19
7196.00	5.55219e-19
7198.00	1.11404e-18
7200.00	1.65023e-18
7202.00	1.59048e-18
7204.00	1.3583e-18
7206.00	1.12809e-18
7208.00	1.05857e-18
7210.00	1.54149e-18
7212.00	1.7588e-18
7214.00	1.13919e-18
7216.00	1.13919e-18
7218.00	1.22485e-18
7220.00	1.37793e-18
7222.00	1.61601e-18
7224.00	1.6573e-18
7226.00	9.1221e-19
7228.00	7.13251e-19
7230.00	9.05819e-19
7232.00	1.48524e-18
7234.00	1.96467e-18
7236.00	1.96421e-18
7238.00	2.03197e-18
7240.00	5.64414e-19
7242.00	-1.5607e-19
7244.00	1.08229e-18
7246.00	1.65435e-19
7248.00	7.22855e-19
7250.00	1.28755e-18
7252.00	1.20976e-18
7254.00	1.43437e-18
7256.00	1.00449e-18
7258.00	7.77525e-19
7260.00	1.21699e-18
7262.00	9.88687e-19
7264.00	1.23756e-18
7266.00	5.93189e-19
7268.00	1.06922e-18
7270.00	1.42009e-18
7272.00	1.70041e-18
7274.00	1.78264e-18
7276.00	8.31836e-19
7278.00	4.20691e-19
7280.00	3.14587e-19
7282.00	6.98871e-19
7284.00	1.05751e-18
7286.00	7.60968e-19
7288.00	7.78939e-19
7290.00	1.3233e-18
7292.00	1.08117e-18
7294.00	1.01064e-18
7296.00	1.35646e-18
7298.00	1.65074e-18
7300.00	9.7752e-19
7302.00	4.86726e-19
7304.00	4.5085e-19
7306.00	1.30545e-19
7308.00	6.01974e-19
7310.00	9.00528e-19
7312.00	1.50306e-18
7314.00	2.59552e-18
7316.00	1.84222e-18
7318.00	2.73071e-19
7320.00	5.16385e-19
7322.00	6.30327e-19
7324.00	7.88188e-19
7326.00	4.46081e-19
7328.00	2.94434e-19
7330.00	6.66155e-19
7332.00	9.49194e-19
7334.00	1.10985e-18
7336.00	1.84073e-18
7338.00	3.60885e-18
7340.00	1.7379e-18
7342.00	2.91518e-19
7344.00	1.65306e-19
7346.00	6.79514e-19
7348.00	1.20657e-18
7350.00	1.1482e-18
7352.00	8.94556e-19
7354.00	8.97077e-19
7356.00	1.448e-18
7358.00	5.97354e-19
7360.00	6.50051e-19
7362.00	9.20756e-19
7364.00	1.11206e-18
7366.00	1.92926e-18
7368.00	1.0783e-18
7370.00	-3.34361e-19
7372.00	6.48551e-19
7374.00	4.27243e-19
7376.00	9.22622e-19
7378.00	9.65211e-19
7380.00	1.0667e-18
7382.00	7.02108e-19
7384.00	8.39177e-19
7386.00	1.3476e-18
7388.00	1.18423e-18
7390.00	9.22461e-19
7392.00	5.32043e-19
7394.00	2.91606e-20
7396.00	2.68488e-19
7398.00	8.97761e-19
7400.00	8.07749e-19
7402.00	6.07358e-19
7404.00	5.95705e-20
7406.00	9.04875e-19
7408.00	1.2214e-18
7410.00	7.73006e-19
7412.00	9.43096e-19
7414.00	1.30319e-18
7416.00	5.49907e-19
7418.00	3.93253e-19
7420.00	1.23045e-18
7422.00	9.47087e-19
7424.00	6.77001e-19
7426.00	7.81514e-19
7428.00	1.06801e-18
7430.00	1.52188e-18
7432.00	7.53763e-19
7434.00	6.48464e-19
7436.00	5.13828e-19
7438.00	3.10302e-19
7440.00	4.37531e-19
7442.00	8.43417e-19
7444.00	7.3459e-19
7446.00	6.41425e-19
7448.00	1.02328e-18
7450.00	1.1212e-18
7452.00	7.70366e-19
7454.00	1.92219e-19
7456.00	7.51677e-19
7458.00	1.17098e-18
7460.00	1.10975e-18
7462.00	1.2437e-18
7464.00	8.55859e-19
7466.00	5.82884e-19
7468.00	5.60324e-19
7470.00	1.565e-19
7472.00	6.66626e-19
7474.00	1.21478e-18
7476.00	1.20477e-18
7478.00	8.40978e-19
7480.00	7.85749e-19
7482.00	4.62372e-19
7484.00	1.62003e-19
7486.00	1.50931e-19
7488.00	7.50173e-19
7490.00	1.34479e-18
7492.00	1.17699e-18
7494.00	8.43233e-19
7496.00	4.88512e-19
7498.00	5.28739e-19
7500.00	1.67721e-19
7502.00	4.78429e-19
7504.00	1.03566e-18
7506.00	5.10362e-19
7508.00	6.59391e-19
7510.00	1.06372e-18
7512.00	1.07041e-18
7514.00	8.45775e-19
7516.00	9.04819e-19
7518.00	9.38314e-19
7520.00	2.33961e-19
7522.00	1.2528e-18
7524.00	8.91727e-19
7526.00	-5.14063e-19
7528.00	6.7271e-19
7530.00	1.57964e-18
7532.00	8.40974e-19
7534.00	4.92982e-19
7536.00	1.1269e-18
7538.00	1.476e-18
7540.00	1.33538e-18
7542.00	1.08608e-18
7544.00	8.34783e-19
7546.00	5.48267e-19
7548.00	5.1261e-19
7550.00	4.8687e-19
7552.00	8.07108e-19
7554.00	8.86241e-19
7556.00	7.135e-19
7558.00	4.36036e-19
7560.00	3.73448e-19
7562.00	6.53641e-19
7564.00	4.69567e-19
7566.00	9.51251e-19
7568.00	1.53474e-18
7570.00	1.82914e-18
7572.00	1.20241e-18
7574.00	-2.75008e-19
7576.00	-6.30559e-20
7578.00	4.8342e-19
7580.00	3.60536e-19
7582.00	9.03144e-19
7584.00	9.53153e-19
7586.00	-2.85701e-19
7588.00	1.02804e-20
7590.00	3.87851e-19
7592.00	4.72725e-19
7594.00	1.18392e-18
7596.00	1.65709e-18
7598.00	1.45846e-18
7600.00	3.08319e-19
7602.00	-5.71157e-19
7604.00	6.42169e-19
7606.00	9.48191e-19
7608.00	7.98825e-19
7610.00	4.26295e-19
7612.00	4.14305e-19
7614.00	3.86216e-19
7616.00	6.51049e-19
7618.00	1.93546e-19
7620.00	-8.21158e-19
7622.00	-3.24054e-19
7624.00	1.24595e-18
7626.00	1.94012e-18
7628.00	9.17154e-19
7630.00	-1.79368e-19
7632.00	-5.26518e-19
7634.00	-1.6916e-19
7636.00	9.85526e-20
7638.00	6.66348e-19
7640.00	1.40932e-18
7642.00	1.48726e-18
7644.00	1.01018e-18
7646.00	9.06801e-19
7648.00	7.91267e-19
7650.00	4.49104e-19
7652.00	7.47323e-19
7654.00	4.85246e-19
7656.00	-2.96648e-19
7658.00	1.92234e-19
7660.00	6.94064e-19
7662.00	1.31393e-18
7664.00	7.41277e-19
7666.00	8.8139e-19
7668.00	9.52569e-19
7670.00	1.39571e-18
7672.00	1.05449e-18
7674.00	9.86906e-19
7676.00	1.24691e-18
7678.00	1.02691e-18
7680.00	7.93978e-19
7682.00	1.38695e-18
7684.00	1.22078e-18
7686.00	7.14407e-19
7688.00	6.33731e-19
7690.00	7.65963e-19
7692.00	6.95613e-19
7694.00	-1.56753e-19
7696.00	-1.35953e-19
7698.00	-1.73729e-19
7700.00	2.05113e-19
7702.00	9.46671e-19
7704.00	1.32622e-18
7706.00	8.99115e-19
7708.00	1.54503e-18
7710.00	1.93597e-18
7712.00	1.51656e-18
7714.00	1.94122e-18
7716.00	4.26471e-19
7718.00	-7.99791e-19
7720.00	4.64546e-20
7722.00	1.55979e-19
7724.00	2.34806e-19
7726.00	4.27564e-19
7728.00	5.39561e-19
7730.00	6.75311e-19
7732.00	8.55725e-19
7734.00	9.32957e-19
7736.00	4.9798e-19
7738.00	9.99676e-19
7740.00	4.47965e-19
7742.00	1.00995e-18
7744.00	1.67295e-18
7746.00	1.85113e-18
7748.00	8.68606e-19
7750.00	5.15237e-19
7752.00	-6.07155e-19
7754.00	-2.32198e-19
7756.00	9.51955e-19
7758.00	8.98389e-19
7760.00	1.09349e-18
7762.00	-6.27733e-20
7764.00	3.07384e-19
7766.00	1.34454e-18
7768.00	1.40036e-18
7770.00	9.29924e-19
7772.00	1.00983e-18
7774.00	1.92121e-19
7776.00	6.56073e-19
7778.00	5.67968e-19
7780.00	1.45876e-18
7782.00	1.28742e-19
7784.00	7.84755e-22
7786.00	1.24337e-18
7788.00	1.1354e-18
7790.00	-1.3456e-19
7792.00	-1.91452e-19
7794.00	4.4573e-19
7796.00	-1.92105e-19
7798.00	4.92079e-19
7800.00	-4.27257e-19
7802.00	6.69278e-19
7804.00	1.13378e-18
7806.00	9.27453e-19
7808.00	1.52279e-19
7810.00	-2.18898e-19
7812.00	8.91604e-19
7814.00	1.04425e-18
7816.00	1.35706e-18
7818.00	1.9373e-18
7820.00	2.17741e-18
7822.00	-1.00545e-18
7824.00	-1.15673e-18
7826.00	-8.17532e-19
7828.00	1.66863e-19
7830.00	4.31526e-19
7832.00	7.31491e-19
7834.00	3.51975e-19
7836.00	8.48014e-19
7838.00	1.14999e-18
7840.00	2.42436e-18
7842.00	2.4804e-18
7844.00	1.40313e-18
7846.00	5.43995e-19
7848.00	2.04612e-18
7850.00	2.52526e-18
7852.00	4.92859e-19
7854.00	-6.91099e-19
7856.00	-1.98575e-19
7858.00	2.41465e-19
7860.00	2.50446e-19
7862.00	-5.80562e-19
7864.00	3.21784e-19
7866.00	1.75169e-18
7868.00	5.88821e-19
7870.00	-1.05204e-19
7872.00	8.38978e-19
7874.00	1.36335e-18
7876.00	1.90407e-18
7878.00	8.15726e-19
7880.00	5.65211e-20
7882.00	-2.87279e-19
7884.00	-4.30108e-19
7886.00	5.72131e-19
7888.00	1.92804e-18
7890.00	1.63706e-18
7892.00	9.05976e-19
7894.00	8.16786e-19
7896.00	6.83673e-19
7898.00	6.46837e-19
7900.00	6.85669e-19
7902.00	6.00316e-19
7904.00	9.6904e-19
7906.00	1.25062e-18
7908.00	2.30173e-18
7910.00	2.95251e-18
7912.00	1.61514e-18
7914.00	3.42486e-19
7916.00	1.24933e-18
7918.00	1.22351e-18
7920.00	1.91137e-18
7922.00	1.84882e-18
7924.00	4.38722e-19
7926.00	7.98343e-19
7928.00	1.48721e-18
7930.00	1.67847e-18
7932.00	6.69012e-19
7934.00	-1.91619e-19
7936.00	6.14597e-19
7938.00	7.22703e-19
7940.00	3.52284e-19
7942.00	1.29441e-19
7944.00	-2.43933e-19
7946.00	2.77261e-19
7948.00	1.11973e-18
7950.00	9.27362e-19
7952.00	1.07629e-18
7954.00	9.05232e-19
7956.00	1.13485e-18
7958.00	8.14975e-19
7960.00	2.39969e-18
7962.00	1.99876e-18
7964.00	2.26658e-18
7966.00	1.75454e-18
7968.00	1.09784e-18
7970.00	9.00742e-19
7972.00	3.43334e-19
7974.00	1.21935e-18
7976.00	2.56788e-18
7978.00	1.38476e-18
7980.00	2.00985e-18
7982.00	6.47751e-19
7984.00	4.8124e-19
7986.00	1.44325e-18
7988.00	1.88542e-18
7990.00	1.06259e-19
7992.00	-2.04571e-19
7994.00	1.21334e-19
7996.00	-4.3508e-19
7998.00	2.5238e-20
8000.00	8.06069e-19
8002.00	7.17188e-19
8004.00	1.13294e-18
8006.00	5.72908e-19
8008.00	7.68069e-19
8010.00	7.436e-19
8012.00	6.72386e-19
8014.00	1.32603e-18
8016.00	1.24003e-18
8018.00	1.58023e-18
8020.00	1.26833e-18
8022.00	1.03412e-18
8024.00	2.67158e-18
8026.00	2.97398e-18
8028.00	1.70751e-18
8030.00	1.91161e-19
8032.00	3.82765e-19
8034.00	6.38109e-19
8036.00	8.28215e-19
8038.00	5.71254e-19
8040.00	8.11061e-19
8042.00	8.17536e-19
8044.00	3.95871e-19
8046.00	1.42851e-18
8048.00	1.61752e-18
8050.00	1.07077e-18
8052.00	7.68415e-19
8054.00	1.7304e-19
8056.00	1.08582e-18
8058.00	1.33597e-18
8060.00	1.27967e-18
8062.00	9.49406e-19
8064.00	5.35036e-19
8066.00	8.7286e-19
8068.00	1.04471e-18
8070.00	9.15575e-19
8072.00	8.93375e-19
8074.00	7.32389e-19
8076.00	6.95115e-19
8078.00	9.6578e-19
8080.00	1.04327e-18
8082.00	6.58464e-19
8084.00	4.52016e-19
8086.00	7.51597e-19
8088.00	9.97189e-19
8090.00	1.13304e-18
8092.00	1.20878e-18
8094.00	7.62724e-19
8096.00	6.51064e-19
8098.00	3.40114e-19
8100.00	-1.87133e-20
8102.00	1.14387e-18
8104.00	7.94834e-19
8106.00	7.39304e-19
8108.00	1.22974e-18
8110.00	1.30614e-18
8112.00	9.55785e-19
8114.00	1.09735e-18
8116.00	9.91655e-19
8118.00	6.07739e-19
8120.00	8.46727e-19
8122.00	5.85904e-19
8124.00	-1.80022e-19
8126.00	3.04184e-19
8128.00	7.0473e-19
8130.00	4.94677e-19
8132.00	9.47342e-19
8134.00	9.53717e-19
8136.00	5.62672e-19
8138.00	8.55852e-19
8140.00	8.42779e-19
8142.00	1.08097e-18
8144.00	1.58904e-18
8146.00	1.58166e-18
8148.00	1.82497e-18
8150.00	1.91754e-18
8152.00	1.45597e-18
8154.00	9.87079e-19
8156.00	8.98182e-19
8158.00	1.55457e-18
8160.00	1.22462e-18
8162.00	6.37571e-19
8164.00	9.05508e-19
8166.00	7.40907e-19
8168.00	4.36498e-19
8170.00	1.44109e-18
8172.00	1.31079e-18
8174.00	6.76572e-19
8176.00	1.69955e-18
8178.00	1.48855e-18
8180.00	1.11161e-18
8182.00	1.64476e-18
8184.00	1.21855e-18
8186.00	1.4011e-18
8188.00	1.66143e-18
8190.00	7.82042e-19
8192.00	7.40149e-19
8194.00	1.56145e-18
8196.00	6.48817e-19
8198.00	6.03321e-19
8200.00	1.14425e-18
8202.00	5.95084e-19
8204.00	5.16658e-19
8206.00	3.91458e-19
8208.00	4.48053e-19
8210.00	5.14359e-19
8212.00	4.52492e-19
8214.00	6.70231e-19
8216.00	6.96116e-19
8218.00	1.23404e-18
8220.00	2.00684e-18
8222.00	2.69169e-19
8224.00	-5.85898e-19
8226.00	3.52702e-19
8228.00	2.21312e-19
8230.00	3.5542e-19
8232.00	6.97256e-19
8234.00	1.06194e-18
8236.00	1.9398e-18
8238.00	1.18985e-18
8240.00	8.9853e-19
8242.00	1.55669e-18
8244.00	4.52502e-19
8246.00	5.89176e-19
8248.00	7.12013e-19
8250.00	6.91938e-19
8252.00	1.52155e-18
8254.00	1.13026e-18
8256.00	6.96701e-19
8258.00	7.91677e-19
8260.00	6.06626e-19
8262.00	7.9263e-19
8264.00	1.30622e-18
8266.00	8.07562e-19
8268.00	8.77224e-19
8270.00	6.45477e-19
8272.00	8.76943e-19
8274.00	1.64689e-18
8276.00	1.30834e-18
8278.00	9.15214e-19
8280.00	1.05441e-18
8282.00	1.6015e-18
8284.00	2.49915e-18
8286.00	2.34097e-18
8288.00	5.27663e-19
8290.00	-6.74277e-19
8292.00	1.6921e-18
8294.00	1.01388e-18
8296.00	-6.9541e-19
8298.00	2.26416e-18
8300.00	6.74306e-19
8302.00	1.68182e-19
8304.00	1.65946e-20
8306.00	8.92947e-19
8308.00	4.93299e-19
8310.00	-2.93763e-19
8312.00	-4.22911e-19
8314.00	-3.3486e-19
8316.00	-2.1532e-19
8318.00	2.52094e-20
8320.00	1.12172e-19
8322.00	7.51538e-19
8324.00	5.69642e-19
8326.00	5.58037e-19
8328.00	2.5045e-19
8330.00	-2.21884e-19
8332.00	-2.11597e-19
8334.00	2.50118e-19
8336.00	8.85776e-20
8338.00	1.95106e-18
8340.00	3.15331e-18
8342.00	1.22679e-18
8344.00	1.43799e-19
8346.00	-2.63858e-19
8348.00	-7.13824e-19
8350.00	-9.25707e-19
8352.00	8.65592e-19
8354.00	-1.38443e-18
8356.00	-1.03988e-18
8358.00	1.32899e-19
8360.00	4.99448e-19
8362.00	7.19941e-19
8364.00	4.53035e-19
8366.00	-8.33681e-20
8368.00	5.02991e-19
8370.00	4.21088e-19
8372.00	7.00458e-19
8374.00	2.50073e-19
8376.00	2.81777e-19
8378.00	1.04761e-18
8380.00	2.51676e-19
8382.00	6.74832e-19
8384.00	7.08811e-19
8386.00	4.76372e-19
8388.00	5.46032e-19
8390.00	1.25327e-19
8392.00	2.21291e-19
8394.00	9.43349e-19
8396.00	1.21323e-18
8398.00	9.43782e-19
8400.00	-8.99349e-19
8402.00	-1.1163e-18
8404.00	-1.06996e-18
8406.00	-6.23504e-19
8408.00	5.34814e-19
8410.00	5.37161e-19
8412.00	-6.79367e-21
8414.00	5.26511e-19
8416.00	-1.35618e-20
8418.00	-3.90933e-19
8420.00	7.19346e-19
8422.00	-1.41288e-19
8424.00	3.54661e-19
8426.00	-1.28073e-20
8428.00	-2.32952e-19
8430.00	2.85963e-18
8432.00	-6.67998e-19
8434.00	-1.11962e-18
8436.00	-1.38495e-18
8438.00	-1.52601e-18
8440.00	5.53689e-19
8442.00	9.70839e-19
8444.00	1.61502e-18
8446.00	1.97322e-18
8448.00	8.18116e-19
8450.00	7.49709e-19
8452.00	1.0641e-18
8454.00	8.3071e-19
8456.00	1.42805e-19
8458.00	3.37676e-19
8460.00	1.95161e-18
8462.00	4.02254e-18
8464.00	3.01495e-18
8466.00	2.47128e-19
8468.00	4.35183e-19
8470.00	1.19353e-18
8472.00	8.33543e-19
8474.00	3.60771e-19
8476.00	4.52035e-20
8478.00	6.98344e-19
8480.00	8.31153e-19
8482.00	1.14881e-18
8484.00	-1.94293e-19
8486.00	4.76241e-19
8488.00	1.31814e-18
8490.00	4.39722e-19
8492.00	7.03212e-19
8494.00	1.9281e-18
8496.00	1.12296e-18
8498.00	6.91689e-19
8500.00	1.05879e-18
8502.00	1.46794e-18
8504.00	6.03435e-19
8506.00	2.39126e-19
8508.00	1.96471e-19
8510.00	2.88631e-19
8512.00	1.45266e-18
8514.00	8.36402e-19
8516.00	4.88473e-19
8518.00	9.87639e-19
8520.00	8.78683e-19
8522.00	2.21293e-19
8524.00	2.92431e-19
8526.00	3.98352e-19
8528.00	-2.53881e-19
8530.00	4.90959e-19
8532.00	2.58168e-18
8534.00	2.05909e-18
8536.00	6.44974e-19
8538.00	9.97948e-19
8540.00	1.09524e-18
8542.00	6.02901e-19
8544.00	1.26306e-18
8546.00	1.90303e-18
8548.00	4.99785e-19
8550.00	-4.64564e-19
8552.00	1.43096e-19
8554.00	1.17255e-18
8556.00	1.7709e-18
8558.00	1.70379e-18
8560.00	4.64044e-19
8562.00	4.11131e-19
8564.00	6.64881e-20
8566.00	-9.4797e-20
8568.00	-1.44921e-19
8570.00	4.5048e-19
8572.00	5.52856e-19
8574.00	-1.0236e-19
8576.00	6.63137e-19
8578.00	1.14097e-18
8580.00	7.30629e-19
8582.00	2.39142e-19
8584.00	1.53438e-18
8586.00	1.95318e-18
8588.00	5.76976e-19
8590.00	1.20143e-18
8592.00	1.35084e-18
8594.00	7.46551e-20
8596.00	1.25959e-18
8598.00	1.03702e-18
8600.00	1.65804e-18
8602.00	1.10956e-18
8604.00	6.05476e-19
8606.00	3.84998e-19
8608.00	-4.82099e-19
8610.00	1.13046e-18
8612.00	4.42095e-19
8614.00	-8.12454e-20
8616.00	1.31463e-18
8618.00	1.00482e-18
8620.00	1.6053e-18
8622.00	1.53298e-18
8624.00	-4.52015e-19
8626.00	-9.36247e-20
8628.00	2.55727e-18
8630.00	1.09228e-18
8632.00	1.43764e-18
8634.00	1.44205e-18
8636.00	1.44647e-18
8638.00	1.45089e-18
8640.00	1.45531e-18
8642.00	1.45531e-18
8644.00	1.00893e-18
8646.00	-9.714e-19
8648.00	5.91968e-19
8650.00	9.04979e-19
8652.00	5.17962e-19
8654.00	3.24353e-18
8656.00	1.54903e-18
8658.00	6.84637e-19
8660.00	1.92216e-18
8662.00	1.24223e-18
8664.00	5.07425e-20
8666.00	4.50895e-19
8668.00	-9.11667e-19
8670.00	-2.36859e-18
8672.00	-1.58341e-18
8674.00	-6.25219e-19
8676.00	1.11754e-18
8678.00	5.30487e-19
8680.00	-4.6514e-19
8682.00	-7.83475e-19
8684.00	6.0883e-19
8686.00	1.00877e-18
8688.00	1.26567e-19
8690.00	4.57751e-19
8692.00	7.39838e-19
8694.00	1.23631e-18
8696.00	2.19635e-18
8698.00	1.30295e-18
8700.00	4.4952e-20
8702.00	9.69689e-19
8704.00	1.46114e-18
8706.00	1.60416e-18
8708.00	1.50186e-18
8710.00	1.33733e-18
8712.00	6.18232e-19
8714.00	9.1427e-19
8716.00	1.2672e-18
8718.00	1.25318e-18
8720.00	3.3899e-19
8722.00	4.42934e-19
8724.00	1.92363e-18
8726.00	1.52384e-18
8728.00	1.60283e-18
8730.00	1.08121e-18
8732.00	1.2257e-18
8734.00	1.40693e-18
8736.00	1.59533e-18
8738.00	1.19526e-18
8740.00	9.84679e-19
8742.00	1.29228e-18
8744.00	1.11539e-18
8746.00	4.11157e-19
8748.00	1.75853e-19
8750.00	1.15804e-18
8752.00	9.69991e-19
8754.00	1.7476e-18
8756.00	3.16305e-18
8758.00	3.87392e-18
8760.00	3.42946e-18
8762.00	3.36567e-18
8764.00	1.18126e-18
8766.00	-8.45199e-19
8768.00	-2.51245e-18
8770.00	-3.5506e-18
8772.00	-1.53222e-19
8774.00	3.54995e-18
8776.00	2.58187e-18
8778.00	-3.79601e-19
8780.00	-6.43781e-19
8782.00	2.66435e-19
8784.00	-1.37595e-18
8786.00	-4.41701e-19
8788.00	6.08607e-19
8790.00	6.65607e-19
8792.00	-1.93807e-19
8794.00	-1.59121e-18
8796.00	-2.19228e-19
8798.00	2.31866e-19
8800.00	6.92721e-21
8802.00	-3.04264e-20
8804.00	-6.82978e-20
8806.00	-4.36137e-19
8808.00	6.79931e-20
8810.00	-2.48587e-20
8812.00	-7.92628e-20
8814.00	1.21432e-18
8816.00	6.23475e-19
8818.00	1.94351e-19
8820.00	1.85431e-18
8822.00	4.48678e-18
8824.00	3.23224e-18
8826.00	1.70757e-18
8828.00	-3.49998e-19
8830.00	3.0584e-18
8832.00	3.36872e-18
8834.00	8.57044e-19
8836.00	-5.92903e-19
8838.00	-1.42159e-18
8840.00	5.67184e-19
8842.00	1.14463e-18
8844.00	1.28415e-18
8846.00	9.23618e-19
8848.00	3.09437e-19
8850.00	-1.60521e-19
8852.00	-4.34178e-19
8854.00	2.50204e-19
8856.00	-6.95597e-21
8858.00	2.86044e-19
8860.00	-5.86619e-20
8862.00	5.27941e-19
8864.00	2.00379e-19
8866.00	-1.55954e-19
8868.00	-1.37749e-19
8870.00	-9.04889e-19
8872.00	-2.98143e-19
8874.00	1.05158e-18
8876.00	-6.87257e-20
8878.00	-3.70077e-19
8880.00	1.35121e-18
8882.00	3.72518e-18
8884.00	5.34953e-18
8886.00	4.61783e-18
8888.00	-1.78141e-19
8890.00	-3.0506e-18
8892.00	-1.04976e-18
8894.00	-2.4571e-20
8896.00	5.21629e-19
8898.00	6.68454e-19
8900.00	-4.40384e-19
8902.00	-1.35784e-18
8904.00	-1.10719e-18
8906.00	-3.59744e-19
8908.00	4.834e-19
8910.00	6.84867e-19
8912.00	3.99543e-19
8914.00	2.89535e-18
8916.00	1.49109e-18
8918.00	-6.22918e-19
8920.00	-5.87339e-19
8922.00	-1.25272e-18
8924.00	-4.94445e-19
8926.00	-2.43596e-19
8928.00	-8.53795e-19
8930.00	-7.23543e-19
8932.00	-2.92481e-19
8934.00	3.66369e-19
8936.00	5.50631e-19
8938.00	9.13115e-19
8940.00	-2.93704e-19
8942.00	-7.46677e-21
8944.00	5.73018e-19
8946.00	4.12066e-19
8948.00	9.63969e-19
8950.00	1.19994e-18
8952.00	2.0672e-18
8954.00	1.67651e-18
8956.00	-2.1453e-19
8958.00	-1.17311e-19
8960.00	-1.4151e-18
8962.00	-1.02147e-18
8964.00	-4.59226e-20
8966.00	1.86695e-19
8968.00	-5.46936e-19
8970.00	9.20001e-20
8972.00	-1.00021e-18
8974.00	-6.90292e-19
8976.00	1.07085e-19
8978.00	2.84232e-19
8980.00	4.94519e-19
8982.00	-5.93581e-20
8984.00	1.97283e-18
8986.00	9.03119e-19
8988.00	2.71972e-19
8990.00	3.64432e-19
8992.00	1.14898e-18
8994.00	-2.73658e-19
8996.00	5.62685e-19
8998.00	1.73286e-18
9000.00	2.74515e-18
9002.00	-2.60842e-19
9004.00	-1.36238e-18
9006.00	-1.03396e-18
9008.00	1.05616e-18
9010.00	2.44218e-18
9012.00	8.70165e-20
9014.00	-3.02892e-19
9016.00	-5.72949e-19
9018.00	9.90756e-20
9020.00	9.67002e-19
9022.00	-5.39136e-20
9024.00	1.13327e-19
9026.00	7.33353e-19
9028.00	1.56553e-19
9030.00	7.20247e-19
9032.00	8.74312e-19
9034.00	1.07718e-18
9036.00	1.61295e-18
9038.00	1.14599e-18
9040.00	1.94927e-18
9042.00	1.00737e-18
9044.00	-4.05742e-20
9046.00	3.37376e-19
9048.00	1.03778e-18
9050.00	-9.38723e-19
9052.00	-1.27455e-18
9054.00	-4.45392e-20
9056.00	-5.75664e-19
9058.00	1.87054e-19
9060.00	5.35218e-19
9062.00	2.11905e-18
9064.00	1.30083e-18
9066.00	2.67991e-19
9068.00	2.41654e-19
9070.00	9.63388e-20
9072.00	3.03538e-20
9074.00	6.42422e-19
9076.00	3.3421e-19
9078.00	2.05141e-18
9080.00	1.48791e-18
9082.00	4.21105e-19
9084.00	9.13395e-19
9086.00	2.5538e-18
9088.00	2.30401e-18
9090.00	1.29348e-18
9092.00	1.85626e-18
9094.00	4.76212e-19
9096.00	5.32437e-19
9098.00	2.75127e-18
9100.00	3.9218e-19
9102.00	-7.71537e-19
9104.00	-3.99795e-19
9106.00	-4.05149e-19
9108.00	1.61736e-19
9110.00	-8.21632e-19
9112.00	-1.72076e-19
9114.00	-7.98086e-19
9116.00	-1.22187e-18
9118.00	6.03879e-20
9120.00	1.55817e-18
9122.00	2.1812e-18
9124.00	8.50113e-19
9126.00	1.0562e-18
9128.00	1.091e-18
9130.00	3.05708e-19
9132.00	8.99342e-20
9134.00	2.38491e-19
9136.00	5.61188e-19
9138.00	1.50822e-18
9140.00	8.89453e-19
9142.00	7.98475e-19
9144.00	5.37063e-19
9146.00	2.45184e-18
9148.00	6.04127e-18
9150.00	9.00571e-18
9152.00	6.18133e-18
9154.00	-7.64675e-19
9156.00	4.1889e-20
9158.00	6.18786e-19
9160.00	8.87197e-19
9162.00	1.56054e-18
9164.00	2.13753e-18
9166.00	1.53914e-18
9168.00	9.62365e-19
9170.00	1.39873e-18
9172.00	2.10949e-18
9174.00	1.82971e-18
9176.00	1.44e-18
9178.00	1.7305e-18
9180.00	1.03623e-18
9182.00	6.24255e-19
9184.00	6.40944e-19
9186.00	-7.60197e-19
9188.00	-1.58806e-18
9190.00	2.64453e-19
9192.00	5.45858e-19
9194.00	1.05744e-18
9196.00	5.90165e-19
9198.00	5.15498e-19
9200.00	9.82581e-19
9202.00	1.75231e-18
9204.00	1.02173e-18
9206.00	3.08856e-19
9208.00	-4.57872e-19
9210.00	9.39517e-19
9212.00	1.9396e-18
9214.00	8.03073e-19
9216.00	9.82425e-19
9218.00	2.12458e-18
9220.00	2.45441e-18
9222.00	1.17216e-18
9224.00	-2.05515e-19
9226.00	8.19589e-19
9228.00	5.00331e-20
9230.00	5.41916e-19
9232.00	5.96976e-18
9234.00	7.80364e-18
9236.00	5.60301e-19
9238.00	2.12112e-18
9240.00	1.53671e-18
9242.00	1.64732e-18
9244.00	3.61783e-18
9246.00	1.15441e-18
9248.00	1.90495e-18
9250.00	7.97461e-19
9252.00	2.20513e-18
9254.00	2.82543e-18
9256.00	9.58945e-20
9258.00	2.17715e-18
9260.00	4.41686e-18
9262.00	2.65726e-18
9264.00	1.30723e-18
9266.00	3.62709e-19
9268.00	2.61804e-19
9270.00	7.7896e-19
9272.00	1.00936e-19
9274.00	9.06352e-19
9276.00	2.28452e-18
9278.00	1.85068e-18
9280.00	2.36689e-19
9282.00	1.23669e-18
9284.00	5.93171e-19
9286.00	6.46552e-19
9288.00	-9.0403e-20
9290.00	-3.04143e-19
9292.00	7.69251e-19
9294.00	8.20407e-19
9296.00	4.07974e-19
9298.00	2.06043e-20
9300.00	1.61717e-18
9302.00	1.11546e-18
9304.00	1.5368e-20
9306.00	-1.21082e-18
9308.00	6.16732e-18
9310.00	-1.22302e-18
9312.00	7.98549e-19
9314.00	-5.2704e-19
9316.00	-2.05169e-18
9318.00	1.17439e-18
9320.00	3.65453e-18
