3480.50415039063  1.474670E-15
3481.97519481183  2.332558E-15
3483.44623923303  5.328159E-15
3484.91728365422  9.438304E-16
3486.38832807542  1.082058E-15
3487.85937249661  1.253067E-15
3489.33041691781  8.826601E-16
3490.801461339  6.860591E-16
3492.2725057602  1.111560E-15
3493.7435501814  1.286887E-15
3495.21459460259  1.031489E-15
3496.68563902379  1.119502E-15
3498.15668344499  1.560920E-15
3499.62772786618  6.006366E-16
3501.09877228738  1.283001E-15
3502.56981670857  9.812697E-16
3504.04086112977  1.618238E-15
3505.51190555097  8.413931E-16
3506.98294997216  1.212502E-15
3508.45399439336  5.462142E-16
3509.92503881455  8.824012E-16
3511.39608323575  1.042050E-15
3512.86712765694  9.164156E-16
3514.33817207814  9.249107E-16
3515.80921649934  1.039130E-15
3517.28026092053  1.317543E-15
3518.75130534173  1.531750E-15
3520.22234976292  1.159465E-15
3521.69339418412  6.015161E-16
3523.16443860532  9.213753E-16
3524.63548302651  8.088335E-16
3526.10652744771  1.187613E-15
3527.5775718689  1.065757E-15
3529.0486162901  1.100530E-15
3530.5196607113  7.147344E-16
3531.99070513249  9.966924E-16
3533.46174955369  4.922961E-16
3534.93279397488  7.616486E-16
3536.40383839608  1.352040E-15
3537.87488281728  9.669022E-16
3539.34592723847  1.271438E-15
3540.81697165967  4.965578E-16
3542.28801608086  3.848546E-16
3543.75906050206  1.176964E-15
3545.23010492326  1.045762E-15
3546.70114934445  6.536031E-16
3548.17219376565  9.468185E-16
3549.64323818684  5.366042E-16
3551.11428260804  1.328800E-15
3552.58532702924  8.749981E-16
3554.05637145043  6.734394E-16
3555.52741587163  1.253782E-15
3556.99846029282  9.810585E-16
3558.46950471402  3.874844E-16
3559.94054913522  1.089960E-15
3561.41159355641  1.355466E-15
3562.88263797761  9.982664E-16
3564.3536823988  6.732214E-16
3565.82472682  1.097197E-15
3567.2957712412  6.856821E-16
3568.76681566239  6.195933E-16
3570.23786008359  6.668310E-16
3571.70890450478  7.633531E-16
3573.17994892598  6.415041E-16
3574.65099334718  8.481411E-16
3576.12203776837  1.186946E-15
3577.59308218957  1.013900E-15
3579.06412661076  5.110841E-16
3580.53517103196  4.567538E-16
3582.00621545316  9.271648E-16
3583.47725987435  1.344135E-15
3584.94830429555  1.106919E-15
3586.41934871674  7.173903E-16
3587.89039313794  1.020502E-15
3589.36143755914  1.446832E-15
3590.83248198033  9.200421E-16
3592.30352640153  7.155012E-16
3593.77457082272  1.109115E-15
3595.24561524392  5.605710E-16
3596.71665966512  5.004587E-16
3598.18770408631  1.267419E-15
3599.65874850751  4.762424E-16
3601.1297929287  7.882306E-16
3602.6008373499  1.129145E-15
3604.0718817711  1.160241E-15
3605.54292619229  9.710273E-16
3607.01397061349  8.192819E-16
3608.48501503468  9.595669E-16
3609.95605945588  9.289942E-16
3611.42710387708  8.474197E-16
3612.89814829827  9.860792E-16
3614.36919271947  9.248566E-16
3615.84023714066  1.035736E-15
3617.31128156186  1.070943E-15
3618.78232598306  1.364843E-15
3620.25337040425  9.983273E-16
3621.72441482545  8.047319E-16
3623.19545924664  8.394958E-16
3624.66650366784  1.015733E-15
3626.13754808904  1.029058E-15
3627.60859251023  9.807987E-16
3629.07963693143  8.683979E-16
3630.55068135262  1.133183E-15
3632.02172577382  1.159919E-15
3633.49277019502  9.494412E-16
3634.96381461621  7.371959E-16
3636.43485903741  8.851192E-16
3637.9059034586  1.022557E-15
3639.3769478798  1.166449E-15
3640.847992301  9.341079E-16
3642.31903672219  8.842774E-16
3643.79008114339  9.943414E-16
3645.26112556458  8.901494E-16
3646.73216998578  1.151464E-15
3648.20321440698  8.616354E-16
3649.67425882817  1.138038E-15
3651.14530324937  7.780811E-16
3652.61634767056  9.598503E-16
3654.08739209176  9.722117E-16
3655.55843651295  1.247886E-15
3657.02948093415  1.167377E-15
3658.50052535535  1.041530E-15
3659.97156977654  7.873523E-16
3661.44261419774  1.067023E-15
3662.91365861893  8.261768E-16
3664.38470304013  7.230002E-16
3665.85574746133  1.258025E-15
3667.32679188252  1.038323E-15
3668.79783630372  8.060316E-16
3670.26888072491  6.789444E-16
3671.73992514611  9.447007E-16
3673.21096956731  1.188756E-15
3674.6820139885  1.323781E-15
3676.1530584097  1.072642E-15
3677.6241028309  1.092125E-15
3679.09514725209  5.523192E-16
3682.03723609448  8.112856E-16
3683.50828051568  7.666429E-16
3684.97932493687  7.682713E-16
3686.45036935807  1.057488E-15
3687.92141377927  9.727829E-16
3689.39245820046  8.772970E-16
3690.86350262166  9.439553E-16
3692.33454704285  8.257118E-16
3693.80559146405  9.318109E-16
3695.27663588525  1.003842E-15
3696.74768030644  1.141607E-15
3698.21872472764  1.185276E-15
3699.68976914883  7.715437E-16
3701.16081357003  5.117292E-16
3702.63185799123  7.186913E-16
3704.10290241242  1.073912E-15
3705.57394683362  1.148768E-15
3707.04499125481  1.038421E-15
3708.51603567601  1.235556E-15
3709.98708009721  1.250164E-15
3711.4581245184  1.179895E-15
3712.9291689396  7.806227E-16
3714.40021336079  9.123105E-16
3715.87125778199  1.150151E-15
3717.34230220319  1.129825E-15
3718.81334662438  1.090490E-15
3720.28439104558  1.254740E-15
3721.75543546677  9.498368E-16
3723.22647988797  1.076687E-15
3724.69752430917  1.371674E-15
3726.16856873036  1.148034E-15
3727.63961315156  7.971810E-16
3729.11065757275  9.979768E-16
3730.58170199395  8.861915E-16
3732.05274641515  6.132113E-16
3733.52379083634  1.035897E-15
3734.99483525754  1.297003E-15
3736.46587967873  9.833788E-16
3737.93692409993  7.946417E-16
3739.40796852113  1.174484E-15
3740.87901294232  1.237545E-15
3742.35005736352  6.761622E-16
3743.82110178471  9.926240E-16
3745.29214620591  1.267579E-15
3746.76319062711  1.054824E-15
3748.2342350483  1.081499E-15
3749.7052794695  1.344300E-15
3751.17632389069  1.066397E-15
3752.64736831189  1.083147E-15
3754.11841273309  1.287230E-15
3755.58945715428  1.044987E-15
3757.06050157548  1.010386E-15
3758.53154599667  1.008476E-15
3760.00259041787  1.262887E-15
3761.47363483907  1.056894E-15
3762.94467926026  1.209658E-15
3764.41572368146  9.459860E-16
3765.88676810265  1.054824E-15
3767.35781252385  9.541748E-16
3768.82885694505  9.148301E-16
3770.29990136624  1.105377E-15
3771.77094578744  1.325963E-15
3773.24199020863  1.125327E-15
3774.71303462983  1.173856E-15
3776.18407905103  9.767656E-16
3777.65512347222  1.110468E-15
3779.12616789342  9.165288E-16
3780.59721231461  7.531181E-16
3782.06825673581  1.034588E-15
3783.53930115701  1.142636E-15
3785.0103455782  9.402649E-16
3786.4813899994  1.022879E-15
3787.95243442059  9.523966E-16
3789.42347884179  1.117062E-15
3790.89452326299  1.236027E-15
3792.36556768418  1.155090E-15
3793.83661210538  1.033528E-15
3795.30765652657  1.074855E-15
3796.77870094777  1.261552E-15
3798.24974536897  1.201296E-15
3799.72078979016  1.161249E-15
3801.19183421136  1.077055E-15
3802.66287863255  1.100335E-15
3804.13392305375  1.154727E-15
3805.60496747495  1.307740E-15
3807.07601189614  1.052990E-15
3808.54705631734  1.093599E-15
3810.01810073853  1.081201E-15
3811.48914515973  9.527438E-16
3812.96018958092  1.004984E-15
3814.43123400212  9.376042E-16
3815.90227842332  1.308883E-15
3817.37332284451  1.226923E-15
3818.84436726571  1.126891E-15
3820.3154116869  6.774679E-16
3821.7864561081  1.157637E-15
3823.2575005293  1.164847E-15
3824.72854495049  1.059291E-15
3826.19958937169  1.192694E-15
3827.67063379288  1.269086E-15
3829.14167821408  9.489157E-16
3830.61272263528  1.155074E-15
3832.08376705647  1.285964E-15
3833.55481147767  9.428999E-16
3835.02585589886  1.044789E-15
3836.49690032006  1.173145E-15
3837.96794474126  1.190203E-15
3839.43898916245  1.081277E-15
3840.91003358365  1.228258E-15
3842.38107800485  1.346982E-15
3843.85212242604  9.670152E-16
3845.32316684724  1.014656E-15
3846.79421126843  1.089100E-15
3848.26525568963  9.680224E-16
3849.73630011082  1.214905E-15
3851.20734453202  1.116384E-15
3852.67838895322  1.088715E-15
3854.14943337441  1.137923E-15
3855.62047779561  1.017334E-15
3857.0915222168  1.122381E-15
3858.562566638  9.173363E-16
3860.0336110592  1.087708E-15
3861.50465548039  8.714902E-16
3862.97569990159  1.096944E-15
3864.44674432278  1.254130E-15
3865.91778874398  1.221532E-15
3867.38883316518  1.175116E-15
3868.85987758637  9.095431E-16
3870.33092200757  1.175122E-15
3871.80196642876  9.038352E-16
3873.27301084996  1.210122E-15
3874.74405527116  9.795644E-16
3876.21509969235  1.162228E-15
3877.68614411355  8.816353E-16
3879.15718853474  1.269479E-15
3880.62823295594  1.114157E-15
3882.09927737714  9.888110E-16
3883.57032179833  1.067145E-15
3885.04136621953  1.240130E-15
3886.51241064072  9.677719E-16
3887.98345506192  1.044272E-15
3889.45449948312  1.113406E-15
3890.92554390431  7.725889E-16
3892.39658832551  8.499568E-16
3893.8676327467  1.060229E-15
3895.3386771679  9.695336E-16
3896.8097215891  1.030284E-15
3898.28076601029  9.511331E-16
3899.75181043149  8.787296E-16
3901.22285485268  8.255392E-16
3902.69389927388  9.680026E-16
3904.16494369508  9.084442E-16
3905.63598811627  1.082961E-15
3907.10703253747  9.962489E-16
3908.57807695866  1.026736E-15
3910.04912137986  1.109916E-15
3911.52016580106  1.060599E-15
3912.99121022225  9.845563E-16
3914.46225464345  1.107041E-15
3915.93329906464  1.006195E-15
3917.40434348584  9.965645E-16
3918.87538790704  1.082910E-15
3920.34643232823  9.635109E-16
3921.81747674943  9.266079E-16
3923.28852117062  1.257863E-15
3924.75956559182  1.097396E-15
3926.23061001302  9.876610E-16
3927.70165443421  1.102002E-15
3929.17269885541  1.227392E-15
3930.6437432766  9.760727E-16
3932.1147876978  8.717861E-16
3933.585832119  1.032099E-15
3935.05687654019  9.450009E-16
3936.52792096139  1.012041E-15
3937.99896538258  1.112952E-15
3939.47000980378  8.358810E-16
3940.94105422498  1.280036E-15
3942.41209864617  1.121840E-15
3943.88314306737  1.026270E-15
3945.35418748856  1.119767E-15
3946.82523190976  1.134715E-15
3948.29627633096  9.660242E-16
3949.76732075215  8.359618E-16
3951.23836517335  1.121335E-15
3952.70940959454  1.060731E-15
3954.18045401574  1.125331E-15
3955.65149843694  1.087336E-15
3957.12254285813  1.082469E-15
3958.59358727933  1.054551E-15
3960.06463170052  1.068066E-15
3961.53567612172  1.269403E-15
3963.00672054292  9.250165E-16
3964.47776496411  1.120934E-15
3965.94880938531  1.004679E-15
3967.4198538065  1.077764E-15
3968.8908982277  1.033180E-15
3970.3619426489  9.361995E-16
3971.83298707009  1.102137E-15
3973.30403149129  1.123958E-15
3974.77507591248  9.220439E-16
3976.24612033368  9.914724E-16
3977.71716475488  1.142855E-15
3979.18820917607  1.105055E-15
3980.65925359727  1.063365E-15
3982.13029801846  1.083533E-15
3983.60134243966  1.154520E-15
3985.07238686086  9.466149E-16
3986.54343128205  1.317554E-15
3988.01447570325  1.102470E-15
3989.48552012444  1.076823E-15
3990.95656454564  1.004962E-15
3992.42760896684  1.027408E-15
3993.89865338803  1.033643E-15
3995.36969780923  1.121023E-15
3996.84074223042  1.005037E-15
3998.31178665162  1.022294E-15
3999.78283107282  1.123715E-15
4001.25387549401  1.113054E-15
4002.72491991521  9.897523E-16
4004.1959643364  9.725164E-16
4005.6670087576  1.188246E-15
4007.13805317879  1.038526E-15
4008.60909759999  1.048584E-15
4010.08014202119  1.070397E-15
4011.55118644238  9.384534E-16
4013.02223086358  9.966773E-16
4014.49327528477  1.046481E-15
4015.96431970597  1.046619E-15
4017.43536412717  1.082634E-15
4018.90640854836  1.028652E-15
4020.37745296956  8.075188E-16
4021.84849739076  1.037720E-15
4023.31954181195  1.071296E-15
4024.79058623315  1.031941E-15
4026.26163065434  9.909441E-16
4027.73267507554  1.050713E-15
4029.20371949674  1.110892E-15
4030.67476391793  9.987900E-16
4032.14580833913  1.022457E-15
4033.61685276032  1.038200E-15
4035.08789718152  8.209300E-16
4036.55894160272  9.665181E-16
4038.02998602391  1.052272E-15
4039.50103044511  9.459882E-16
4040.9720748663  9.014310E-16
4042.4431192875  7.629030E-16
4043.91416370869  1.025823E-15
4045.38520812989  1.019366E-15
4046.85625255109  7.854018E-16
4048.32729697228  1.009072E-15
4049.79834139348  1.016501E-15
4051.26938581467  1.103492E-15
4052.74043023587  9.802819E-16
4054.21147465707  9.505687E-16
4055.68251907826  1.003692E-15
4057.15356349946  1.059711E-15
4058.62460792065  9.768232E-16
4060.09565234185  9.247620E-16
4061.56669676305  1.045951E-15
4063.03774118424  9.474169E-16
4064.50878560544  1.021014E-15
4065.97983002663  8.340273E-16
4067.45087444783  9.826892E-16
4068.92191886903  1.037630E-15
4070.39296329022  9.340828E-16
4071.86400771142  9.408246E-16
4073.33505213262  8.100914E-16
4074.80609655381  1.066675E-15
4076.27714097501  7.785393E-16
4077.7481853962  9.086788E-16
4079.2192298174  9.095264E-16
4080.69027423859  9.450739E-16
4082.16131865979  9.019824E-16
4083.63236308099  9.430712E-16
4085.10340750218  8.959616E-16
4086.57445192338  9.603088E-16
4088.04549634457  7.889308E-16
4089.51654076577  8.123255E-16
4090.98758518697  1.021626E-15
4092.45862960816  9.713990E-16
4093.92967402936  6.990179E-16
4095.40071845055  9.197399E-16
4096.87176287175  8.307961E-16
4098.34280729295  8.767722E-16
4099.81385171414  8.256395E-16
4101.28489613534  8.281008E-16
4102.75594055653  1.088618E-15
4104.22698497773  8.279439E-16
4105.69802939893  1.152634E-15
4107.16907382012  8.786493E-16
4108.64011824132  9.337734E-16
4110.11116266251  8.750419E-16
4111.58220708371  8.417966E-16
4113.05325150491  9.406560E-16
4114.5242959261  8.746500E-16
4115.9953403473  7.660389E-16
4117.46638476849  8.187122E-16
4118.93742918969  7.802045E-16
4120.40847361089  1.013104E-15
4121.87951803208  9.425954E-16
4123.35056245328  9.512092E-16
4124.82160687447  9.254399E-16
4126.29265129567  9.984075E-16
4127.76369571687  8.535640E-16
4129.23474013806  8.162436E-16
4130.70578455926  7.454714E-16
4132.17682898045  9.745760E-16
4133.64787340165  8.400729E-16
4135.11891782285  8.518891E-16
4136.58996224404  8.620347E-16
4138.06100666524  1.050501E-15
4139.53205108643  1.093767E-15
4141.00309550763  9.735219E-16
4142.47413992883  1.089726E-15
4143.94518435002  9.791488E-16
4145.41622877122  9.886868E-16
4146.88727319241  9.549604E-16
4148.35831761361  8.157358E-16
4149.82936203481  9.687606E-16
4151.300406456  1.028678E-15
4152.7714508772  9.642480E-16
4154.24249529839  9.694217E-16
4155.71353971959  8.891083E-16
4157.18458414079  8.738380E-16
4158.65562856198  9.782847E-16
4160.12667298318  1.056773E-15
4161.59771740437  1.087915E-15
4163.06876182557  9.568907E-16
4164.53980624677  9.340356E-16
4166.01085066796  1.070272E-15
4167.48189508916  1.088864E-15
4168.95293951035  1.033153E-15
4170.42398393155  8.726997E-16
4171.89502835275  7.518645E-16
4173.36607277394  9.676006E-16
4174.83711719514  1.009713E-15
4176.30816161633  9.833169E-16
4177.77920603753  1.051767E-15
4179.25025045873  1.081511E-15
4180.72129487992  9.933243E-16
4182.19233930112  9.863598E-16
4183.66338372231  9.428497E-16
4185.13442814351  1.119301E-15
4186.60547256471  1.006799E-15
4188.0765169859  9.296948E-16
4189.5475614071  1.028455E-15
4191.01860582829  9.378707E-16
4192.48965024949  9.834875E-16
4193.96069467068  1.082470E-15
4195.43173909188  1.063315E-15
4196.90278351308  1.014167E-15
4198.37382793427  8.508344E-16
4199.84487235547  9.646690E-16
4201.31591677666  1.051641E-15
4202.78696119786  9.825446E-16
4204.25800561906  1.020860E-15
4205.72905004025  1.037532E-15
4207.20009446145  9.478282E-16
4208.67113888265  1.039886E-15
4210.14218330384  9.804065E-16
4211.61322772504  8.294865E-16
4213.08427214623  9.454591E-16
4214.55531656743  9.145462E-16
4216.02636098862  9.971578E-16
4217.49740540982  9.045966E-16
4218.96844983102  9.552612E-16
4220.43949425221  1.045918E-15
4221.91053867341  1.037141E-15
4223.3815830946  9.444337E-16
4224.8526275158  8.598460E-16
4226.323671937  1.001775E-15
4227.79471635819  1.034313E-15
4229.26576077939  8.980221E-16
4230.73680520058  1.068589E-15
4232.20784962178  8.747940E-16
4233.67889404298  9.892629E-16
4235.14993846417  1.039149E-15
4236.62098288537  9.539354E-16
4238.09202730656  8.675599E-16
4239.56307172776  9.253008E-16
4241.03411614896  9.591488E-16
4242.50516057015  8.609937E-16
4243.97620499135  1.056817E-15
4245.44724941254  9.502879E-16
4246.91829383374  1.078497E-15
4248.38933825494  9.546301E-16
4249.86038267613  9.725791E-16
4251.33142709733  9.225664E-16
4252.80247151852  1.055198E-15
4254.27351593972  1.021867E-15
4255.74456036092  8.772983E-16
4257.21560478211  1.096323E-15
4258.68664920331  9.567042E-16
4260.1576936245  1.044496E-15
4261.6287380457  9.646471E-16
4263.0997824669  9.694695E-16
4264.57082688809  9.390442E-16
4266.04187130929  9.909408E-16
4267.51291573048  1.077197E-15
4268.98396015168  9.768311E-16
4270.45500457288  1.017236E-15
4271.92604899407  9.375083E-16
4273.39709341527  1.082768E-15
4274.86813783646  8.751035E-16
4276.33918225766  9.058851E-16
4277.81022667886  8.587479E-16
4279.28127110005  9.266283E-16
4280.75231552125  8.820051E-16
4282.22335994244  1.017387E-15
4283.69440436364  9.300805E-16
4285.16544878484  8.003287E-16
4286.63649320603  8.473993E-16
4288.10753762723  9.388894E-16
4289.57858204842  8.631995E-16
4291.04962646962  8.565180E-16
4292.52067089081  8.502912E-16
4293.99171531201  7.217193E-16
4295.46275973321  9.244848E-16
4296.9338041544  8.851127E-16
4298.4048485756  9.038322E-16
4299.8758929968  7.628227E-16
4301.34693741799  8.639977E-16
4302.81798183919  1.006444E-15
4304.28902626038  8.624105E-16
4305.76007068158  9.398813E-16
4307.23111510278  8.890795E-16
4308.70215952397  9.502863E-16
4310.17320394517  9.352888E-16
4311.64424836636  8.910041E-16
4313.11529278756  8.879307E-16
4314.58633720876  8.141268E-16
4316.05738162995  8.992911E-16
4317.52842605115  8.952645E-16
4318.99947047234  8.716187E-16
4320.47051489354  7.895513E-16
4321.94155931474  9.035745E-16
4323.41260373593  9.289339E-16
4324.88364815713  8.568817E-16
4326.35469257832  8.794413E-16
4327.82573699952  8.832059E-16
4329.29678142072  7.482339E-16
4330.76782584191  8.777828E-16
4332.23887026311  8.247225E-16
4333.7099146843  8.466498E-16
4335.1809591055  9.393926E-16
4336.6520035267  8.440700E-16
4338.12304794789  7.804739E-16
4339.59409236909  8.208217E-16
4341.06513679028  9.131085E-16
4342.53618121148  9.883444E-16
4344.00722563267  8.589738E-16
4345.47827005387  7.676241E-16
4346.94931447507  8.727448E-16
4348.42035889626  9.615817E-16
4349.89140331746  9.058567E-16
4351.36244773865  9.769260E-16
4352.83349215985  9.441687E-16
4354.30453658105  9.941869E-16
4355.77558100224  8.608770E-16
4357.24662542344  8.603533E-16
4358.71766984463  9.976555E-16
4360.18871426583  7.252158E-16
4361.65975868703  8.247857E-16
4363.13080310822  8.662795E-16
4364.60184752942  9.257109E-16
4366.07289195061  7.941507E-16
4367.54393637181  7.577433E-16
4369.01498079301  8.590224E-16
4370.4860252142  7.899741E-16
4371.9570696354  8.637257E-16
4373.4281140566  8.615411E-16
4374.89915847779  8.587585E-16
4376.37020289899  9.532059E-16
4377.84124732018  9.441603E-16
4379.31229174138  8.564375E-16
4380.78333616257  8.336849E-16
4382.25438058377  9.565633E-16
4383.72542500497  8.166105E-16
4385.19646942616  8.261220E-16
4386.66751384736  8.838619E-16
4388.13855826855  8.695304E-16
4389.60960268975  9.175715E-16
4391.08064711095  8.946107E-16
4392.55169153214  8.457709E-16
4394.02273595334  9.715778E-16
4395.49378037454  9.232993E-16
4396.96482479573  8.332635E-16
4398.43586921693  9.443361E-16
4399.90691363812  9.660253E-16
4401.37795805932  9.415817E-16
4402.84900248051  9.448385E-16
4404.32004690171  9.106295E-16
4405.79109132291  8.316646E-16
4407.2621357441  9.018504E-16
4408.7331801653  9.127340E-16
4410.20422458649  7.615825E-16
4411.67526900769  8.718296E-16
4413.14631342889  9.303130E-16
4414.61735785008  8.732737E-16
4416.08840227128  8.683372E-16
4417.55944669247  9.145029E-16
4419.03049111367  9.075213E-16
4420.50153553487  8.829316E-16
4421.97257995606  8.907699E-16
4423.44362437726  8.637594E-16
4424.91466879845  7.684747E-16
4426.38571321965  8.190387E-16
4427.85675764085  9.315701E-16
4429.32780206204  7.782827E-16
4430.79884648324  8.282103E-16
4432.26989090443  7.801879E-16
4433.74093532563  8.994865E-16
4435.21197974683  9.812352E-16
4436.68302416802  1.022407E-15
4438.15406858922  8.175706E-16
4439.62511301041  8.013744E-16
4441.09615743161  8.496647E-16
4442.56720185281  8.728086E-16
4444.038246274  9.052961E-16
4445.5092906952  8.535859E-16
4446.98033511639  7.925169E-16
4448.45137953759  7.412432E-16
4449.92242395879  7.711061E-16
4451.39346837998  8.403183E-16
4452.86451280118  8.838690E-16
4454.33555722237  7.014100E-16
4455.80660164357  7.363703E-16
4457.27764606477  8.699747E-16
4458.74869048596  7.958664E-16
4460.21973490716  8.260853E-16
4461.69077932835  7.595327E-16
4463.16182374955  8.161359E-16
4464.63286817075  7.841615E-16
4466.10391259194  7.516593E-16
4467.57495701314  7.727905E-16
4469.04600143433  8.027170E-16
4470.51704585553  8.523936E-16
4471.98809027673  8.880304E-16
4473.45913469792  7.711387E-16
4474.93017911912  8.439309E-16
4476.40122354031  7.814567E-16
4477.87226796151  8.927086E-16
4479.3433123827  9.265102E-16
4480.8143568039  8.237560E-16
4482.2854012251  7.731609E-16
4483.75644564629  7.147830E-16
4485.22749006749  7.953846E-16
4486.69853448869  8.208610E-16
4488.16957890988  9.447047E-16
4489.64062333108  8.103122E-16
4491.11166775227  7.575075E-16
4492.58271217347  7.747231E-16
4494.05375659467  8.826873E-16
4495.52480101586  7.950556E-16
4496.99584543706  7.488202E-16
4498.46688985825  8.941789E-16
4499.93793427945  8.074295E-16
4501.40897870065  8.784743E-16
4502.88002312184  1.011918E-15
4504.35106754304  8.459932E-16
4505.82211196423  8.904724E-16
4507.29315638543  8.668860E-16
4508.76420080663  8.533512E-16
4510.23524522782  8.501955E-16
4511.70628964902  9.094578E-16
4513.17733407021  8.460394E-16
4514.64837849141  7.825659E-16
4516.1194229126  8.619410E-16
4517.5904673338  7.562117E-16
4519.061511755  8.105759E-16
4520.53255617619  8.265469E-16
4522.00360059739  8.456771E-16
4523.47464501858  8.691853E-16
4524.94568943978  8.621439E-16
4526.41673386098  7.968012E-16
4527.88777828217  6.960488E-16
4529.35882270337  8.154231E-16
4530.82986712457  7.800549E-16
4532.30091154576  8.066753E-16
4533.77195596696  8.113515E-16
4535.24300038815  7.855947E-16
4536.71404480935  8.479212E-16
4538.18508923055  7.943596E-16
4539.65613365174  7.732117E-16
4541.12717807294  8.510019E-16
4542.59822249413  8.191429E-16
4544.06926691533  6.998788E-16
4545.54031133653  8.955105E-16
4547.01135575772  6.947003E-16
4548.48240017892  8.007324E-16
4549.95344460011  8.880805E-16
4551.42448902131  8.508157E-16
4552.89553344251  8.992546E-16
4554.3665778637  7.177772E-16
4555.8376222849  7.140233E-16
4557.30866670609  7.324200E-16
4558.77971112729  7.932338E-16
4560.25075554849  7.880719E-16
4561.72179996968  7.539794E-16
4563.19284439088  8.030401E-16
4564.66388881207  7.671183E-16
4566.13493323327  8.708826E-16
4567.60597765446  7.387639E-16
4569.07702207566  6.760749E-16
4570.54806649686  7.954385E-16
4572.01911091805  7.081568E-16
4573.49015533925  7.449663E-16
4574.96119976044  8.628653E-16
4576.43224418164  7.496889E-16
4577.90328860284  7.529018E-16
4579.37433302403  7.514554E-16
4580.84537744523  7.532910E-16
4582.31642186642  6.126858E-16
4583.78746628762  7.805549E-16
4585.25851070882  7.299117E-16
4586.72955513001  7.364674E-16
4588.20059955121  8.315263E-16
4589.6716439724  7.581819E-16
4591.1426883936  7.153618E-16
4592.6137328148  7.856483E-16
4594.08477723599  7.020852E-16
4595.55582165719  7.904507E-16
4597.02686607838  6.972704E-16
4598.49791049958  7.193520E-16
4599.96895492078  7.733144E-16
4601.43999934197  7.438680E-16
4602.91104376317  6.255599E-16
4604.38208818436  7.248513E-16
4605.85313260556  7.284681E-16
4607.32417702676  6.855474E-16
4608.79522144795  7.745100E-16
4610.26626586915  8.332635E-16
4611.73731029034  7.055466E-16
4613.20835471154  7.307265E-16
4614.67939913274  7.160714E-16
4616.15044355393  7.307418E-16
4617.62148797513  6.612832E-16
4619.09253239632  5.818913E-16
4620.56357681752  6.101913E-16
4622.03462123872  6.895420E-16
4623.50566565991  7.312553E-16
4624.97671008111  6.785300E-16
4626.4477545023  7.919618E-16
4627.9187989235  8.070476E-16
4629.3898433447  7.807338E-16
4630.86088776589  7.986831E-16
4632.33193218709  7.258735E-16
4633.80297660828  7.525501E-16
4635.27402102948  7.733417E-16
4636.74506545068  7.557111E-16
4638.21610987187  7.146384E-16
4639.68715429307  7.230643E-16
4641.15819871426  7.021422E-16
4642.62924313546  6.432316E-16
4644.10028755666  6.952625E-16
4645.57133197785  6.892480E-16
4647.04237639905  7.959984E-16
4648.51342082024  7.462994E-16
4649.98446524144  6.977415E-16
4651.45550966264  8.260463E-16
4652.92655408383  6.856367E-16
4654.39759850503  7.491913E-16
4655.86864292622  6.882554E-16
4657.33968734742  6.625975E-16
4658.81073176862  6.912094E-16
4660.28177618981  6.965892E-16
4661.75282061101  6.766379E-16
4663.2238650322  7.025013E-16
4664.6949094534  7.416718E-16
4666.1659538746  7.472232E-16
4667.63699829579  7.746532E-16
4669.10804271699  7.101920E-16
4670.57908713818  6.968449E-16
4672.05013155938  7.211241E-16
4673.52117598058  6.737028E-16
4674.99222040177  6.174894E-16
4676.46326482297  6.209463E-16
4677.93430924416  6.291231E-16
4679.40535366536  6.453579E-16
4680.87639808656  6.551104E-16
4682.34744250775  5.772442E-16
4683.81848692895  7.470508E-16
4685.28953135014  7.490377E-16
4686.76057577134  6.561747E-16
4688.23162019253  7.026496E-16
4689.70266461373  6.734725E-16
4691.17370903493  7.952153E-16
4692.64475345612  7.686900E-16
4694.11579787732  6.784891E-16
4695.58684229851  6.816254E-16
4697.05788671971  6.439689E-16
4698.52893114091  5.944991E-16
4699.9999755621  6.217878E-16
4701.4710199833  6.594337E-16
4702.94206440449  7.077255E-16
4704.41310882569  7.427741E-16
4705.88415324689  7.131791E-16
4707.35519766808  6.967324E-16
4708.82624208928  6.926274E-16
4710.29728651047  7.380375E-16
4711.76833093167  7.334539E-16
4713.23937535287  6.786428E-16
4714.71041977406  7.467813E-16
4716.18146419526  7.181282E-16
4717.65250861646  7.356546E-16
4719.12355303765  8.108813E-16
4720.59459745885  7.299297E-16
4722.06564188004  7.638130E-16
4723.53668630124  8.241377E-16
4725.00773072243  8.021711E-16
4726.47877514363  7.764389E-16
4727.94981956483  8.366758E-16
4729.42086398602  8.260288E-16
4730.89190840722  7.908241E-16
4732.36295282841  8.297262E-16
4733.83399724961  8.894017E-16
4735.30504167081  8.475766E-16
4736.776086092  7.994480E-16
4738.2471305132  7.818904E-16
4739.71817493439  7.399180E-16
4741.18921935559  7.880411E-16
4742.66026377679  8.373168E-16
4744.13130819798  7.465509E-16
4745.60235261918  7.385510E-16
4747.07339704037  8.377087E-16
4748.54444146157  7.447127E-16
4750.01548588277  7.838384E-16
4751.48653030396  8.134206E-16
4752.95757472516  7.578089E-16
4754.42861914635  7.270801E-16
4755.89966356755  8.081233E-16
4757.37070798875  8.104783E-16
4758.84175240994  8.862336E-16
4760.31279683114  7.781348E-16
4761.78384125233  6.779252E-16
4763.25488567353  7.408167E-16
4764.72593009473  7.303207E-16
4766.19697451592  7.844407E-16
4767.66801893712  8.387419E-16
4769.13906335831  8.627737E-16
4770.61010777951  7.651067E-16
4772.08115220071  7.161554E-16
4773.5521966219  7.840943E-16
4775.0232410431  8.322460E-16
4776.49428546429  7.695867E-16
4777.96532988549  7.823999E-16
4779.43637430669  7.802240E-16
4780.90741872788  8.306021E-16
4782.37846314908  8.217029E-16
4783.84950757027  7.580966E-16
4785.32055199147  8.107070E-16
4786.79159641267  8.336759E-16
4788.26264083386  7.700950E-16
4789.73368525506  7.915267E-16
4791.20472967625  7.240518E-16
4792.67577409745  7.951314E-16
4794.14681851865  7.439253E-16
4795.61786293984  6.878846E-16
4797.08890736104  6.908689E-16
4798.55995178223  7.955293E-16
4800.03099620343  8.307872E-16
4801.50204062463  7.934684E-16
4802.97308504582  7.943867E-16
4804.44412946702  8.288315E-16
4805.91517388821  7.962414E-16
4807.38621830941  7.290590E-16
4808.85726273061  8.238895E-16
4810.3283071518  8.782039E-16
4811.799351573  8.050809E-16
4813.27039599419  7.754510E-16
4814.74144041539  7.817953E-16
4816.21248483658  8.918233E-16
4817.68352925778  8.379798E-16
4819.15457367898  8.205024E-16
4820.62561810017  8.071530E-16
4822.09666252137  8.205255E-16
4823.56770694256  7.603677E-16
4825.03875136376  8.274251E-16
4826.50979578496  7.209366E-16
4827.98084020615  7.820333E-16
4829.45188462735  7.623744E-16
4830.92292904855  8.052802E-16
4832.39397346974  8.374994E-16
4833.86501789094  8.413685E-16
4835.33606231213  7.885764E-16
4836.80710673333  7.254436E-16
4838.27815115453  7.258773E-16
4839.74919557572  8.086274E-16
4841.22023999692  7.519958E-16
4842.69128441811  7.595908E-16
4844.16232883931  8.143811E-16
4845.63337326051  7.673985E-16
4847.1044176817  7.618306E-16
4848.5754621029  8.072588E-16
4850.04650652409  7.600702E-16
4851.51755094529  7.696638E-16
4852.98859536649  8.499416E-16
4854.45963978768  8.272041E-16
4855.93068420888  7.644346E-16
4857.40172863007  7.342282E-16
4858.87277305127  7.784565E-16
4860.34381747247  7.526526E-16
4861.81486189366  7.405734E-16
4863.28590631486  7.045757E-16
4864.75695073605  7.761243E-16
4866.22799515725  8.253249E-16
4867.69903957845  8.125258E-16
4869.17008399964  8.833593E-16
4870.64112842084  7.243173E-16
4872.11217284203  6.904258E-16
4873.58321726323  7.731099E-16
4875.05426168443  6.921137E-16
4876.52530610562  7.652751E-16
4877.99635052682  7.337823E-16
4879.46739494801  7.454968E-16
4880.93843936921  7.659132E-16
4882.40948379041  7.860579E-16
4883.8805282116  8.047989E-16
4885.3515726328  7.711107E-16
4886.82261705399  7.604524E-16
4888.29366147519  7.735462E-16
4889.76470589638  7.310021E-16
4891.23575031758  7.189731E-16
4892.70679473878  7.368427E-16
4894.17783915997  8.196505E-16
4895.64888358117  7.509021E-16
4897.11992800237  7.607311E-16
4898.59097242356  7.638508E-16
4900.06201684476  7.114996E-16
4901.53306126595  7.667245E-16
4903.00410568715  7.398849E-16
4904.47515010835  7.928343E-16
4905.94619452954  7.704774E-16
4907.41723895074  6.697055E-16
4908.88828337193  7.026517E-16
4910.35932779313  7.994492E-16
4911.83037221432  6.298767E-16
4913.30141663552  7.237327E-16
4914.77246105672  8.190616E-16
4916.24350547791  8.224120E-16
4917.71454989911  7.597741E-16
4919.1855943203  6.963825E-16
4920.6566387415  7.682323E-16
4922.1276831627  7.676054E-16
4923.59872758389  7.376464E-16
4925.06977200509  7.406094E-16
4926.54081642628  7.658483E-16
4928.01186084748  7.842472E-16
4929.48290526868  7.007848E-16
4930.95394968987  7.316248E-16
4932.42499411107  7.985110E-16
4933.89603853226  7.169302E-16
4935.36708295346  6.538879E-16
4936.83812737466  7.437794E-16
4938.30917179585  7.584609E-16
4939.78021621705  7.271256E-16
4941.25126063824  7.001741E-16
4942.72230505944  7.074832E-16
4944.19334948064  7.119264E-16
4945.66439390183  6.528025E-16
4947.13543832303  6.667604E-16
4948.60648274422  7.827895E-16
4950.07752716542  8.419771E-16
4951.54857158662  7.090804E-16
4953.01961600781  7.422629E-16
4954.49066042901  6.684223E-16
4955.9617048502  6.456171E-16
4957.4327492714  6.270682E-16
4958.9037936926  7.369929E-16
4960.37483811379  7.582593E-16
4961.84588253499  7.015358E-16
4963.31692695618  6.515300E-16
4964.78797137738  7.256311E-16
4966.25901579858  7.311105E-16
4967.73006021977  7.483301E-16
4969.20110464097  7.530509E-16
4970.67214906216  6.449827E-16
4972.14319348336  7.340184E-16
4973.61423790456  6.848672E-16
4975.08528232575  6.143699E-16
4976.55632674695  6.605738E-16
4978.02737116814  6.527901E-16
4979.49841558934  6.761038E-16
4980.96946001054  6.883862E-16
4982.44050443173  6.418778E-16
4983.91154885293  6.443255E-16
4985.38259327412  6.486921E-16
4986.85363769532  6.131660E-16
4988.32468211652  6.925121E-16
4989.79572653771  7.061139E-16
4991.26677095891  7.095973E-16
4992.7378153801  6.838096E-16
4994.2088598013  6.547939E-16
4995.6799042225  6.554800E-16
4997.15094864369  6.650597E-16
4998.62199306489  7.296346E-16
5000.09303748608  6.447132E-16
5001.56408190728  6.136764E-16
5003.03512632848  6.669986E-16
5004.50617074967  7.189523E-16
5005.97721517087  6.817424E-16
5007.44825959206  6.184126E-16
5008.91930401326  6.709981E-16
5010.39034843446  7.174623E-16
5011.86139285565  6.252557E-16
5013.33243727685  6.224533E-16
5014.80348169804  6.330466E-16
5016.27452611924  6.466171E-16
5017.74557054044  6.413895E-16
5019.21661496163  6.246088E-16
5020.68765938283  6.887936E-16
5022.15870380402  6.598495E-16
5023.62974822522  6.834698E-16
5025.10079264642  6.170462E-16
5026.57183706761  6.445436E-16
5028.04288148881  6.833562E-16
5029.51392591  6.313970E-16
5030.9849703312  6.241127E-16
5032.4560147524  6.338210E-16
5033.92705917359  5.729607E-16
5035.39810359479  5.904346E-16
5036.86914801598  6.672471E-16
5038.34019243718  6.558876E-16
5039.81123685838  6.100045E-16
5041.28228127957  5.668816E-16
5042.75332570077  6.953085E-16
5044.22437012196  6.359951E-16
5045.69541454316  6.297313E-16
5047.16645896436  6.297259E-16
5048.63750338555  6.372146E-16
5050.10854780675  5.972017E-16
5051.57959222794  5.713860E-16
5053.05063664914  5.647078E-16
5054.52168107034  6.248140E-16
5055.99272549153  6.170933E-16
5057.46376991273  5.763537E-16
5058.93481433392  6.245369E-16
5060.40585875512  5.714166E-16
5061.87690317632  6.152553E-16
5063.34794759751  6.668418E-16
5064.81899201871  6.450735E-16
5066.2900364399  5.999638E-16
5067.7610808611  5.712528E-16
5069.2321252823  6.684984E-16
5070.70316970349  6.312766E-16
5072.17421412469  5.376037E-16
5073.64525854588  5.597139E-16
5075.11630296708  6.340873E-16
5076.58734738828  6.650229E-16
5078.05839180947  5.424720E-16
5079.52943623067  4.973703E-16
5081.00048065186  5.273861E-16
5082.47152507306  5.695681E-16
5083.94256949425  6.962859E-16
5085.41361391545  6.032041E-16
5086.88465833665  5.557876E-16
5088.35570275784  6.166353E-16
5089.82674717904  5.942386E-16
5091.29779160023  6.303503E-16
5092.76883602143  6.468148E-16
5094.23988044263  5.383099E-16
5095.71092486382  5.617535E-16
5097.18196928502  6.011614E-16
5098.65301370621  6.410289E-16
5100.12405812741  6.270326E-16
5101.59510254861  5.823029E-16
5103.0661469698  5.737619E-16
5104.537191391  6.385960E-16
5106.00823581219  6.027166E-16
5107.47928023339  6.010791E-16
5108.95032465459  5.809661E-16
5110.42136907578  5.862300E-16
5111.89241349698  6.192616E-16
5113.36345791817  6.050659E-16
5114.83450233937  6.337614E-16
5116.30554676057  6.201167E-16
5117.77659118176  6.180572E-16
5119.24763560296  5.669594E-16
5120.71868002415  5.681355E-16
5122.18972444535  6.128586E-16
5123.66076886655  5.837125E-16
5125.13181328774  5.661112E-16
5126.60285770894  5.687566E-16
5128.07390213013  5.911334E-16
5129.54494655133  6.182470E-16
5131.01599097253  6.592954E-16
5132.48703539372  6.841391E-16
5133.95807981492  5.611494E-16
5135.42912423611  5.018903E-16
5136.90016865731  5.375849E-16
5138.37121307851  5.675212E-16
5139.8422574997  5.769729E-16
5141.3133019209  5.883195E-16
5142.78434634209  5.420216E-16
5144.25539076329  6.105339E-16
5145.72643518449  6.329133E-16
5147.19747960568  5.073390E-16
5148.66852402688  5.504965E-16
5150.13956844807  5.220830E-16
5151.61061286927  5.417472E-16
5153.08165729047  5.252566E-16
5154.55270171166  5.747554E-16
5156.02374613286  6.070864E-16
5157.49479055405  6.148224E-16
5158.96583497525  5.668188E-16
5160.43687939645  5.759293E-16
5161.90792381764  6.215120E-16
5163.37896823884  5.811221E-16
5164.85001266003  5.605074E-16
5166.32105708123  6.154670E-16
5167.79210150243  5.798289E-16
5169.26314592362  5.407192E-16
5170.73419034482  5.866348E-16
5172.20523476601  5.403093E-16
5173.67627918721  5.354988E-16
5175.14732360841  5.503564E-16
5176.6183680296  5.675782E-16
5178.0894124508  5.763864E-16
5179.56045687199  5.080752E-16
5181.03150129319  5.540245E-16
5182.50254571439  6.118494E-16
5183.97359013558  5.717166E-16
5185.44463455678  6.363006E-16
5186.91567897797  5.750989E-16
5188.38672339917  5.978351E-16
5189.85776782037  5.968280E-16
5191.32881224156  5.666043E-16
5192.79985666276  5.842975E-16
5194.27090108395  6.304323E-16
5195.74194550515  6.229358E-16
5197.21298992635  5.330926E-16
5198.68403434754  6.242936E-16
5200.15507876874  6.695116E-16
5201.62612318993  5.799403E-16
5203.09716761113  5.779090E-16
5204.56821203233  5.595068E-16
5206.03925645352  5.381929E-16
5207.51030087472  6.119921E-16
5208.98134529591  5.468687E-16
5210.45238971711  5.562135E-16
5211.9234341383  5.364161E-16
5213.3944785595  5.380004E-16
5214.8655229807  5.053170E-16
5216.33656740189  4.970276E-16
5217.80761182309  5.403941E-16
5219.27865624429  4.940651E-16
5220.74970066548  5.324611E-16
5222.22074508668  5.471386E-16
5223.69178950787  5.727075E-16
5225.16283392907  5.608610E-16
5226.63387835027  5.026918E-16
5228.10492277146  5.630366E-16
5229.57596719266  5.755240E-16
5231.04701161385  6.339655E-16
5232.51805603505  6.129160E-16
5233.98910045624  5.103942E-16
5235.46014487744  6.039177E-16
5236.93118929864  5.445631E-16
5238.40223371983  5.012234E-16
5239.87327814103  6.103429E-16
5241.34432256223  6.438711E-16
5242.81536698342  5.121710E-16
5244.28641140462  5.336004E-16
5245.75745582581  5.400447E-16
5247.22850024701  5.267220E-16
5248.6995446682  5.233263E-16
5250.1705890894  5.585781E-16
5251.6416335106  4.928928E-16
5253.11267793179  4.804251E-16
5254.58372235299  4.662844E-16
5256.05476677418  5.457169E-16
5257.52581119538  5.198181E-16
5258.99685561658  5.557765E-16
5260.46790003777  5.659581E-16
5261.93894445897  5.582673E-16
5263.40998888016  5.593394E-16
5264.88103330136  4.600400E-16
5266.35207772256  5.476034E-16
5267.82312214375  5.683087E-16
5269.29416656495  5.332413E-16
5270.76521098614  5.128697E-16
5272.23625540734  5.180058E-16
5273.70729982854  4.755823E-16
5275.17834424973  5.179131E-16
5276.64938867093  5.429230E-16
5278.12043309212  5.396037E-16
5279.59147751332  5.075654E-16
5281.06252193452  5.134815E-16
5282.53356635571  4.812017E-16
5284.00461077691  5.677279E-16
5285.4756551981  5.304342E-16
5286.9466996193  5.829982E-16
5288.4177440405  4.984311E-16
5289.88878846169  6.002663E-16
5291.35983288289  5.207573E-16
5292.83087730409  6.062751E-16
5294.30192172528  4.890221E-16
5295.77296614648  4.903868E-16
5297.24401056767  5.782224E-16
5298.71505498887  5.741658E-16
5300.18609941007  5.093533E-16
5301.65714383126  6.041081E-16
5303.12818825246  5.469849E-16
5304.59923267365  5.287192E-16
5306.07027709485  5.468475E-16
5307.54132151604  5.412826E-16
5309.01236593724  5.617927E-16
5310.48341035844  5.751045E-16
5311.95445477963  5.153104E-16
5313.42549920083  5.103107E-16
5314.89654362203  5.233989E-16
5316.36758804322  5.638567E-16
5317.83863246442  4.460576E-16
5319.30967688561  5.384776E-16
5320.78072130681  6.282832E-16
5322.251765728  5.729033E-16
5323.7228101492  5.466484E-16
5325.1938545704  5.271258E-16
5326.66489899159  4.425134E-16
5328.13594341279  4.998999E-16
5329.60698783398  5.344807E-16
5331.07803225518  5.186866E-16
5332.54907667638  5.028850E-16
5334.02012109757  4.684447E-16
5335.49116551877  5.278120E-16
5336.96220993996  5.727089E-16
5338.43325436116  5.252073E-16
5339.90429878236  5.092508E-16
5341.37534320355  5.653014E-16
5342.84638762475  5.105901E-16
5344.31743204594  4.609710E-16
5345.78847646714  4.802884E-16
5347.25952088834  5.639519E-16
5348.73056530953  5.866499E-16
5350.20160973073  5.160523E-16
5351.67265415192  6.055765E-16
5353.14369857312  5.013638E-16
5354.61474299432  6.060969E-16
5356.08578741551  4.564844E-16
5357.55683183671  5.738843E-16
5359.0278762579  4.624452E-16
5360.4989206791  5.570841E-16
5361.9699651003  5.700274E-16
5363.44100952149  4.665538E-16
5364.91205394269  5.177041E-16
5366.38309836388  4.958134E-16
5367.85414278508  4.679844E-16
5369.32518720628  4.920243E-16
5370.79623162747  5.024269E-16
5372.26727604867  4.738848E-16
5373.73832046986  5.026737E-16
5375.20936489106  5.301996E-16
5376.68040931226  5.116250E-16
5378.15145373345  5.293056E-16
5379.62249815465  4.602986E-16
5381.09354257584  5.096873E-16
5382.56458699704  5.580907E-16
5384.03563141824  5.004892E-16
5385.50667583943  4.900263E-16
5386.97772026063  5.387445E-16
5388.44876468182  5.360802E-16
5389.91980910302  4.818947E-16
5391.39085352422  5.273040E-16
5392.86189794541  5.115677E-16
5394.33294236661  4.713271E-16
5395.8039867878  5.489930E-16
5397.275031209  4.897237E-16
5398.74607563019  5.628030E-16
5400.21712005139  4.420568E-16
5401.68816447259  5.187269E-16
5403.15920889378  5.471328E-16
5404.63025331498  5.506215E-16
5406.10129773618  6.019407E-16
5407.57234215737  5.696645E-16
5409.04338657857  5.079653E-16
5410.51443099976  5.395661E-16
5411.98547542096  5.763851E-16
5413.45651984216  5.374033E-16
5414.92756426335  4.803843E-16
5416.39860868455  5.065872E-16
5417.86965310574  5.215399E-16
5419.34069752694  5.482656E-16
5420.81174194814  4.730593E-16
5422.28278636933  5.177116E-16
5423.75383079053  5.672718E-16
5425.22487521172  6.065489E-16
5426.69591963292  5.547750E-16
5428.16696405412  4.898786E-16
5429.63800847531  5.519148E-16
5431.10905289651  5.458040E-16
5432.5800973177  5.352810E-16
5434.0511417389  5.684284E-16
5435.52218616009  6.105824E-16
5436.99323058129  5.511269E-16
5438.46427500249  5.607649E-16
5439.93531942368  5.429559E-16
5441.40636384488  4.756703E-16
5442.87740826607  4.946999E-16
5444.34845268727  5.259200E-16
5445.81949710847  4.983235E-16
5447.29054152966  4.769787E-16
5448.76158595086  5.660464E-16
5450.23263037206  5.744716E-16
5451.70367479325  5.263047E-16
5453.17471921445  5.466266E-16
5454.64576363564  5.257105E-16
5456.11680805684  5.510239E-16
5457.58785247803  4.890541E-16
5459.05889689923  5.414745E-16
5460.52994132043  5.389768E-16
5462.00098574162  5.645742E-16
5463.47203016282  5.866723E-16
5464.94307458401  5.554928E-16
5466.41411900521  5.393858E-16
5467.88516342641  5.192226E-16
5469.3562078476  5.168687E-16
5470.8272522688  5.069256E-16
5472.29829668999  5.627759E-16
5473.76934111119  5.877734E-16
5475.24038553239  5.702776E-16
5476.71142995358  5.631766E-16
5478.18247437478  6.055511E-16
5479.65351879597  5.602109E-16
5481.12456321717  5.307016E-16
5482.59560763837  5.671265E-16
5484.06665205956  5.194072E-16
5485.53769648076  5.493641E-16
5487.00874090195  4.702266E-16
5488.47978532315  5.161572E-16
5489.95082974435  5.676061E-16
5491.42187416554  5.669148E-16
5492.89291858674  5.422680E-16
5494.36396300793  4.772167E-16
5495.83500742913  5.211771E-16
5497.30605185033  5.302879E-16
5498.77709627152  5.371986E-16
5500.24814069272  5.451852E-16
5501.71918511391  6.018666E-16
5503.19022953511  6.104566E-16
5504.66127395631  5.843004E-16
5506.1323183775  4.817701E-16
5507.6033627987  5.216928E-16
5509.07440721989  6.095021E-16
5510.54545164109  5.304955E-16
5512.01649606229  5.046192E-16
5513.48754048348  5.247602E-16
5514.95858490468  5.880715E-16
5516.42962932587  5.150136E-16
5517.90067374707  5.536604E-16
5519.37171816827  5.607607E-16
5520.84276258946  5.390064E-16
5522.31380701066  5.094064E-16
5523.78485143186  5.462571E-16
5525.25589585305  5.642325E-16
5526.72694027425  5.676655E-16
5528.19798469544  5.824984E-16
5529.66902911664  5.120790E-16
5531.14007353783  5.752942E-16
5532.61111795903  5.641482E-16
5534.08216238023  5.195434E-16
5535.55320680142  5.443387E-16
5537.02425122262  5.347221E-16
5538.49529564381  5.291694E-16
5539.96634006501  6.293822E-16
5541.43738448621  5.587131E-16
5542.9084289074  5.542569E-16
5544.3794733286  5.854005E-16
5545.85051774979  5.402781E-16
5547.32156217099  5.680331E-16
5548.79260659219  5.314157E-16
5550.26365101338  5.761641E-16
5551.73469543458  5.885365E-16
5553.20573985577  5.925330E-16
5554.67678427697  5.869766E-16
5556.14782869816  5.801872E-16
5557.61887311936  5.769371E-16
5559.08991754056  5.648625E-16
5560.56096196175  5.159442E-16
5562.03200638295  5.670679E-16
5563.50305080414  5.446493E-16
5564.97409522534  6.155844E-16
5566.44513964654  5.529431E-16
5567.91618406773  5.710864E-16
5569.38722848893  6.022420E-16
5570.85827291012  6.365679E-16
5572.32931733132  4.735784E-16
5573.80036175252  5.871975E-16
5575.27140617371  5.880991E-16
5576.74245059491  4.675312E-16
5579.6845394373  6.441202E-16
5581.1555838585  5.597275E-16
5582.62662827969  5.140927E-16
5584.09767270089  5.426915E-16
5585.56871712208  4.989316E-16
5587.03976154328  5.679676E-16
5588.51080596448  5.075876E-16
5589.98185038567  5.409319E-16
5591.45289480687  4.981140E-16
5592.92393922806  5.041717E-16
5594.39498364926  5.706719E-16
5595.86602807046  5.212281E-16
5597.33707249165  5.722472E-16
5598.80811691285  5.712767E-16
5600.27916133404  5.417013E-16
5601.75020575524  5.904058E-16
5603.22125017644  5.128152E-16
5604.69229459763  5.463820E-16
5606.16333901883  6.123491E-16
5607.63438344002  5.602237E-16
5609.10542786122  5.688383E-16
5610.57647228242  5.732502E-16
5612.04751670361  6.015664E-16
5613.51856112481  5.163352E-16
5614.989605546  5.721086E-16
5616.4606499672  5.235221E-16
5617.9316943884  5.633799E-16
5619.40273880959  5.969934E-16
5620.87378323079  5.827979E-16
5622.34482765198  5.352283E-16
5623.81587207318  5.644776E-16
5625.28691649438  5.685117E-16
5626.75796091557  6.151385E-16
5628.22900533677  5.178858E-16
5629.70004975796  5.130907E-16
5631.17109417916  5.582513E-16
5632.64213860036  5.513428E-16
5634.11318302155  5.079375E-16
5635.58422744275  5.869421E-16
5637.05527186394  5.055476E-16
5638.52631628514  6.047064E-16
5639.99736070634  4.931230E-16
5641.46840512753  5.237609E-16
5642.93944954873  5.113731E-16
5644.41049396992  5.754041E-16
5645.88153839112  5.237523E-16
5647.35258281232  5.401201E-16
5648.82362723351  5.733435E-16
5650.29467165471  5.448904E-16
5651.7657160759  4.731697E-16
5653.2367604971  5.386028E-16
5654.7078049183  5.018285E-16
5656.17884933949  5.357201E-16
5657.64989376069  5.122962E-16
5659.12093818188  5.524053E-16
5660.59198260308  5.309810E-16
5662.06302702428  4.818279E-16
5663.53407144547  5.483403E-16
5665.00511586667  5.424449E-16
5666.47616028786  5.353257E-16
5667.94720470906  4.889324E-16
5669.41824913025  4.890716E-16
5670.88929355145  4.765312E-16
5672.36033797265  5.442028E-16
5673.83138239384  5.755988E-16
5675.30242681504  4.104347E-16
5676.77347123624  5.009008E-16
5678.24451565743  5.547501E-16
5679.71556007863  4.908380E-16
5681.18660449982  4.883119E-16
5682.65764892102  5.525786E-16
5684.12869334222  5.640002E-16
5685.59973776341  4.790917E-16
5687.07078218461  4.588598E-16
5688.5418266058  5.086847E-16
5690.012871027  4.113153E-16
5691.48391544819  5.238294E-16
5692.95495986939  5.146763E-16
5694.42600429059  5.150095E-16
5695.89704871178  5.246920E-16
5697.36809313298  4.847709E-16
5698.83913755418  5.308907E-16
5700.31018197537  4.996695E-16
5701.78122639657  5.154492E-16
5703.25227081776  4.697305E-16
5704.72331523896  4.796938E-16
5706.19435966015  4.820932E-16
5707.66540408135  4.591890E-16
5709.13644850255  4.770809E-16
5710.60749292374  4.581724E-16
5712.07853734494  5.175454E-16
5713.54958176613  5.083785E-16
5715.02062618733  4.852037E-16
5716.49167060853  4.518757E-16
5717.96271502972  5.161034E-16
5719.43375945092  5.334277E-16
5720.90480387211  4.880042E-16
5722.37584829331  4.566446E-16
5723.84689271451  4.914882E-16
5725.3179371357  5.444624E-16
5726.7889815569  4.719683E-16
5728.26002597809  4.854957E-16
5729.73107039929  5.208851E-16
5731.20211482049  4.897507E-16
5732.67315924168  4.487243E-16
5734.14420366288  4.446805E-16
5735.61524808407  4.598099E-16
5737.08629250527  5.462161E-16
5738.55733692647  4.923547E-16
5740.02838134766  5.039927E-16
5741.49942576886  5.473473E-16
5742.97047019005  5.037034E-16
5744.44151461125  5.245731E-16
5745.91255903245  5.867507E-16
5747.38360345364  5.731325E-16
5748.85464787484  4.964650E-16
5750.32569229604  4.867740E-16
5751.79673671723  4.676694E-16
5753.26778113843  5.274592E-16
5754.73882555962  4.791479E-16
5756.20986998082  4.511552E-16
5757.68091440202  4.748635E-16
5759.15195882321  4.868561E-16
5760.62300324441  5.170174E-16
5762.0940476656  4.506956E-16
5763.5650920868  5.338086E-16
5765.03613650799  4.723972E-16
5766.50718092919  4.948023E-16
5767.97822535039  5.052880E-16
5769.44926977158  4.354649E-16
5770.92031419278  5.275189E-16
5772.39135861398  5.487658E-16
5773.86240303517  4.921261E-16
5775.33344745637  5.284063E-16
5776.80449187756  4.490786E-16
5778.27553629876  4.585887E-16
5779.74658071995  4.660116E-16
5781.21762514115  4.493512E-16
5782.68866956235  5.104649E-16
5784.15971398354  5.080815E-16
5785.63075840474  4.995466E-16
5787.10180282593  4.648325E-16
5788.57284724713  4.703488E-16
5790.04389166833  4.827769E-16
5791.51493608952  4.819624E-16
5792.98598051072  5.011324E-16
5794.45702493191  4.509478E-16
5795.92806935311  4.655037E-16
5797.39911377431  5.112652E-16
5798.8701581955  4.783413E-16
5800.3412026167  5.140543E-16
5801.81224703789  4.883233E-16
5803.28329145909  4.226082E-16
5804.75433588029  4.355621E-16
5806.22538030148  4.423629E-16
5807.69642472268  4.443587E-16
5809.16746914387  4.649051E-16
5810.63851356507  4.481775E-16
5812.10955798627  4.865563E-16
5813.58060240746  4.978307E-16
5815.05164682866  4.920363E-16
5816.52269124985  4.204358E-16
5817.99373567105  5.498812E-16
5819.46478009225  5.151782E-16
5820.93582451344  5.015854E-16
5822.40686893464  4.342192E-16
5823.87791335583  3.491727E-16
5825.34895777703  5.061477E-16
5826.82000219823  4.905151E-16
5828.29104661942  4.414929E-16
5829.76209104062  4.475701E-16
5831.23313546181  4.807132E-16
5832.70417988301  4.996814E-16
5834.17522430421  4.560981E-16
5835.6462687254  4.153891E-16
5837.1173131466  4.621649E-16
5838.58835756779  5.733798E-16
5840.05940198899  4.369814E-16
5841.53044641019  4.802875E-16
5843.00149083138  4.635007E-16
5844.47253525258  4.537494E-16
5845.94357967377  4.575764E-16
5847.41462409497  4.541395E-16
5848.88566851617  4.768438E-16
5850.35671293736  4.161749E-16
5851.82775735856  4.687228E-16
5853.29880177975  4.375010E-16
5854.76984620095  4.680113E-16
5856.24089062214  4.919319E-16
5857.71193504334  5.181652E-16
5859.18297946454  4.057233E-16
5860.65402388573  4.112814E-16
5862.12506830693  4.610402E-16
5863.59611272813  4.185807E-16
5865.06715714932  4.827594E-16
5866.53820157052  4.392380E-16
5868.00924599171  4.712853E-16
5869.48029041291  4.044438E-16
5870.95133483411  4.666977E-16
5872.4223792553  4.118247E-16
5873.8934236765  4.950704E-16
5875.36446809769  4.341149E-16
5876.83551251889  4.622507E-16
5878.30655694009  4.783932E-16
5879.77760136128  4.197110E-16
5881.24864578248  4.421352E-16
5882.71969020367  5.049159E-16
5884.19073462487  4.696105E-16
5885.66177904607  4.219373E-16
5887.13282346726  5.041492E-16
5888.60386788846  4.428357E-16
5890.07491230965  3.873312E-16
5891.54595673085  4.238261E-16
5893.01700115204  4.522007E-16
5894.48804557324  3.313223E-16
5895.95908999444  5.037193E-16
5897.43013441563  2.914401E-16
5898.90117883683  4.431679E-16
5900.37222325802  4.295230E-16
5901.84326767922  4.998731E-16
5903.31431210042  4.689650E-16
5904.78535652161  4.379850E-16
5906.25640094281  4.221159E-16
5907.72744536401  3.916139E-16
5909.1984897852  3.340689E-16
5910.6695342064  4.803988E-16
5912.14057862759  4.610105E-16
5913.61162304879  3.435727E-16
5915.08266746998  4.058840E-16
5916.55371189118  3.646402E-16
5918.02475631238  3.827876E-16
5919.49580073357  4.126975E-16
5920.96684515477  4.122984E-16
5922.43788957596  4.163961E-16
5923.90893399716  4.181000E-16
5925.37997841836  4.316090E-16
5926.85102283955  4.561601E-16
5928.32206726075  4.256453E-16
5929.79311168194  3.884681E-16
5931.26415610314  4.445893E-16
5932.73520052434  4.339501E-16
5934.20624494553  4.238514E-16
5935.67728936673  4.329213E-16
5937.14833378792  4.103860E-16
5938.61937820912  4.425258E-16
5940.09042263032  4.130573E-16
5941.56146705151  3.589540E-16
5943.03251147271  4.220258E-16
5944.5035558939  4.481120E-16
5945.9746003151  3.863024E-16
5947.4456447363  3.772011E-16
5948.91668915749  3.805207E-16
5950.38773357869  3.516591E-16
5951.85877799988  2.959931E-16
5953.32982242108  4.305228E-16
5954.80086684228  4.404906E-16
5956.27191126347  3.884754E-16
5957.74295568467  4.440974E-16
5959.21400010586  3.946648E-16
5960.68504452706  4.374503E-16
5962.15608894826  4.156056E-16
5963.62713336945  3.732058E-16
5965.09817779065  4.051882E-16
5966.56922221184  3.790476E-16
5968.04026663304  4.250428E-16
5969.51131105424  4.036295E-16
5970.98235547543  3.699148E-16
5972.45339989663  4.065564E-16
5973.92444431782  3.486439E-16
5975.39548873902  3.531720E-16
5976.86653316022  3.789267E-16
5978.33757758141  3.456615E-16
5979.80862200261  3.978720E-16
5981.27966642381  4.442957E-16
5982.750710845  3.751048E-16
5984.2217552662  3.996774E-16
5985.69279968739  4.233852E-16
5987.16384410859  4.008479E-16
5988.63488852978  3.961039E-16
5990.10593295098  4.254394E-16
5991.57697737218  4.063930E-16
5993.04802179337  3.857668E-16
5994.51906621457  4.236356E-16
5995.99011063576  4.232724E-16
5997.46115505696  4.042313E-16
5998.93219947816  3.699226E-16
6000.40324389935  4.303237E-16
6001.87428832055  5.032922E-16
6003.34533274174  4.425202E-16
6004.81637716294  4.106648E-16
6006.28742158414  4.256319E-16
6007.75846600533  4.508006E-16
6009.22951042653  4.669985E-16
6010.70055484772  3.918746E-16
6012.17159926892  4.189591E-16
6013.64264369012  3.792405E-16
6015.11368811131  3.854456E-16
6016.58473253251  3.775171E-16
6018.0557769537  3.707867E-16
6019.5268213749  3.835339E-16
6020.9978657961  3.720163E-16
6022.46891021729  4.117660E-16
6023.93995463849  3.736148E-16
6025.41099905968  4.195151E-16
6026.88204348088  3.808590E-16
6028.35308790207  3.934251E-16
6029.82413232327  4.085095E-16
6031.29517674447  3.701374E-16
6032.76622116566  4.419001E-16
6034.23726558686  4.688523E-16
6035.70831000805  3.767014E-16
6037.17935442925  3.828511E-16
6038.65039885045  3.359742E-16
6040.12144327164  3.747829E-16
6041.59248769284  4.061085E-16
6043.06353211404  4.219125E-16
6044.53457653523  3.291969E-16
6046.00562095643  3.435238E-16
6047.47666537762  4.720334E-16
6048.94770979882  3.791074E-16
6050.41875422001  3.132863E-16
6051.88979864121  3.429665E-16
6053.36084306241  3.646383E-16
6054.8318874836  3.548401E-16
6056.3029319048  3.706176E-16
6057.77397632599  4.253028E-16
6059.24502074719  3.588928E-16
6060.71606516839  3.011386E-16
6062.18710958958  3.752069E-16
6063.65815401078  3.376565E-16
6065.12919843197  4.053589E-16
6066.60024285317  3.762695E-16
6068.07128727437  4.102729E-16
6069.54233169556  3.830375E-16
6071.01337611676  4.280986E-16
6072.48442053795  3.845444E-16
6073.95546495915  3.628784E-16
6075.42650938035  4.035850E-16
6076.89755380154  3.869398E-16
6078.36859822274  5.047107E-16
6079.83964264393  5.308870E-16
6081.31068706513  4.499969E-16
6082.78173148633  4.466420E-16
6084.25277590752  4.997101E-16
6085.72382032872  5.002484E-16
6087.19486474991  4.791912E-16
6088.66590917111  4.508889E-16
6090.13695359231  4.892858E-16
6091.6079980135  3.705477E-16
6093.0790424347  3.764462E-16
6094.5500868559  3.145925E-16
6096.02113127709  3.101980E-16
6097.49217569829  3.638304E-16
6098.96322011948  3.604343E-16
6100.43426454068  3.683414E-16
6101.90530896187  3.436146E-16
6103.37635338307  3.790661E-16
6104.84739780427  3.615967E-16
6106.31844222546  3.421847E-16
6107.78948664666  3.628642E-16
6109.26053106785  4.041179E-16
6110.73157548905  3.792004E-16
6112.20261991025  3.460699E-16
6113.67366433144  3.918214E-16
6115.14470875264  3.167811E-16
6116.61575317383  3.629229E-16
6118.08679759503  4.039284E-16
6119.55784201623  3.380971E-16
6121.02888643742  3.426936E-16
6122.49993085862  3.404606E-16
6123.97097527981  3.858232E-16
6125.44201970101  3.669442E-16
6126.91306412221  3.540269E-16
6128.3841085434  3.673556E-16
6129.8551529646  3.547618E-16
6131.32619738579  3.666489E-16
6132.79724180699  3.609574E-16
6134.26828622819  3.800372E-16
6135.73933064938  4.405886E-16
6137.21037507058  3.754771E-16
6138.68141949177  3.388165E-16
6140.15246391297  3.327130E-16
6141.62350833417  3.351246E-16
6143.09455275536  3.632846E-16
6144.56559717656  3.709339E-16
6146.03664159775  3.144306E-16
6147.50768601895  3.702216E-16
6148.97873044015  3.639952E-16
6150.44977486134  3.211169E-16
6151.92081928254  3.676679E-16
6153.39186370373  3.684671E-16
6154.86290812493  3.232444E-16
6156.33395254613  3.708803E-16
6157.80499696732  4.135157E-16
6159.27604138852  3.719657E-16
6160.74708580971  3.139890E-16
6162.21813023091  3.527022E-16
6163.68917465211  3.747885E-16
6165.1602190733  4.298942E-16
6166.6312634945  3.438270E-16
6168.10230791569  3.476422E-16
6169.57335233689  3.722505E-16
6171.04439675809  3.374090E-16
6172.51544117928  3.906834E-16
6173.98648560048  3.928871E-16
6175.45753002167  3.514057E-16
6176.92857444287  4.240092E-16
6178.39961886406  4.075555E-16
6179.87066328526  3.827764E-16
6181.34170770646  4.148332E-16
6182.81275212765  3.860404E-16
6184.28379654885  4.057816E-16
6185.75484097005  4.793131E-16
6187.22588539124  4.796891E-16
6188.69692981244  4.200140E-16
6190.16797423363  4.118670E-16
6191.63901865483  4.307086E-16
6193.11006307603  4.522595E-16
6194.58110749722  4.461520E-16
6196.05215191842  4.473301E-16
6197.52319633961  4.580152E-16
6198.99424076081  4.654069E-16
6200.465285182  4.971675E-16
6201.9363296032  4.663554E-16
6203.4073740244  4.495287E-16
6204.87841844559  4.153460E-16
6206.34946286679  4.801157E-16
6207.82050728799  4.231100E-16
6209.29155170918  3.797650E-16
6210.76259613038  5.125709E-16
6212.23364055157  4.806981E-16
6213.70468497277  4.880516E-16
6215.17572939397  4.636163E-16
6216.64677381516  4.229432E-16
6218.11781823636  4.433066E-16
6219.58886265755  4.199104E-16
6221.05990707875  4.440437E-16
6222.53095149995  4.048250E-16
6224.00199592114  3.774104E-16
6225.47304034234  3.852861E-16
6226.94408476353  3.894147E-16
6228.41512918473  4.262133E-16
6229.88617360593  3.988045E-16
6231.35721802712  4.799942E-16
6232.82826244832  4.418818E-16
6234.29930686951  3.935746E-16
6235.77035129071  4.015524E-16
6237.24139571191  4.265940E-16
6238.7124401331  3.674828E-16
6240.1834845543  4.267947E-16
6241.65452897549  4.212987E-16
6243.12557339669  4.037179E-16
6244.59661781789  3.821773E-16
6246.06766223908  4.121982E-16
6247.53870666028  4.221156E-16
6249.00975108147  4.046476E-16
6250.48079550267  3.899702E-16
6251.95183992386  3.635658E-16
6253.42288434506  3.213258E-16
6254.89392876626  3.435345E-16
6256.36497318745  4.204418E-16
6257.83601760865  4.031189E-16
6259.30706202984  3.879317E-16
6260.77810645104  3.456391E-16
6262.24915087224  4.491271E-16
6263.72019529343  4.089202E-16
6265.19123971463  4.485618E-16
6266.66228413582  4.591750E-16
6268.13332855702  3.412938E-16
6269.60437297822  4.376219E-16
6271.07541739941  3.711765E-16
6272.54646182061  3.495642E-16
6274.0175062418  4.074260E-16
6275.488550663  4.000745E-16
6276.9595950842  3.432714E-16
6278.43063950539  3.221557E-16
6279.90168392659  3.735287E-16
6281.37272834778  3.290686E-16
6282.84377276898  3.528243E-16
6284.31481719018  4.735779E-16
6285.78586161137  4.246202E-16
6287.25690603257  4.158302E-16
6288.72795045376  3.416732E-16
6290.19899487496  4.092970E-16
6291.67003929616  3.775579E-16
6293.14108371735  3.569868E-16
6294.61212813855  3.056351E-16
6296.08317255974  3.221288E-16
6297.55421698094  4.091073E-16
6299.02526140214  3.184541E-16
6300.49630582333  3.349855E-16
6301.96735024453  3.015571E-16
6303.43839466572  3.740886E-16
6304.90943908692  3.985363E-16
6306.38048350812  3.302151E-16
6307.85152792931  2.901714E-16
6309.32257235051  4.302072E-16
6310.7936167717  3.799449E-16
6312.2646611929  3.567611E-16
6313.7357056141  3.264763E-16
6315.20675003529  3.660792E-16
6316.67779445649  4.024156E-16
6318.14883887768  4.028713E-16
6319.61988329888  2.920637E-16
6321.09092772008  3.132730E-16
6322.56197214127  3.560955E-16
6324.03301656247  3.357825E-16
6325.50406098366  3.807806E-16
6326.97510540486  3.577301E-16
6328.44614982606  3.632346E-16
6329.91719424725  3.956625E-16
6331.38823866845  3.566499E-16
6332.85928308964  3.131951E-16
6334.33032751084  2.987929E-16
6335.80137193204  3.201369E-16
6337.27241635323  3.440621E-16
6338.74346077443  3.306889E-16
6340.21450519562  3.983534E-16
6341.68554961682  3.232693E-16
6343.15659403802  3.378155E-16
6344.62763845921  3.600961E-16
6346.09868288041  3.455470E-16
6347.5697273016  3.673361E-16
6349.0407717228  3.726859E-16
6350.511816144  3.238653E-16
6351.98286056519  3.890938E-16
6353.45390498639  3.219242E-16
6354.92494940758  3.268823E-16
6356.39599382878  4.097710E-16
6357.86703824998  3.977657E-16
6359.33808267117  3.617682E-16
6360.80912709237  2.988823E-16
6362.28017151356  3.224207E-16
6363.75121593476  3.390177E-16
6365.22226035596  3.772479E-16
6366.69330477715  3.590915E-16
6368.16434919835  3.386344E-16
6369.63539361954  4.045134E-16
6371.10643804074  3.905907E-16
6372.57748246194  3.348225E-16
6374.04852688313  2.718879E-16
6375.51957130433  3.130712E-16
6376.99061572552  3.643979E-16
6378.46166014672  3.284045E-16
6379.93270456792  3.662200E-16
6381.40374898911  3.171251E-16
6382.87479341031  3.153594E-16
6384.3458378315  3.177220E-16
6385.8168822527  3.480835E-16
6387.28792667389  3.743758E-16
6388.75897109509  3.737790E-16
6390.23001551629  3.651249E-16
6391.70105993748  3.089891E-16
6393.17210435868  4.381129E-16
6394.64314877988  3.994241E-16
6396.11419320107  3.148533E-16
6397.58523762227  3.181030E-16
6399.05628204346  3.553324E-16
6400.52732646466  3.679442E-16
6401.99837088585  2.841509E-16
6403.46941530705  3.293094E-16
6404.94045972825  3.961669E-16
6406.41150414944  3.855431E-16
6407.88254857064  2.783646E-16
6409.35359299183  2.439006E-16
6410.82463741303  3.444100E-16
6412.29568183423  3.329725E-16
6413.76672625542  3.224875E-16
6415.23777067662  3.303515E-16
6416.70881509782  3.501681E-16
6418.17985951901  3.586322E-16
6419.65090394021  3.009607E-16
6421.1219483614  3.822403E-16
6422.5929927826  3.672585E-16
6424.06403720379  3.221443E-16
6425.53508162499  3.873286E-16
6427.00612604619  3.593172E-16
6428.47717046738  3.516657E-16
6429.94821488858  3.417068E-16
6431.41925930977  3.532113E-16
6432.89030373097  3.519785E-16
6434.36134815217  3.499649E-16
6435.83239257336  3.575578E-16
6437.30343699456  3.526739E-16
6438.77448141576  3.430910E-16
6440.24552583695  3.248348E-16
6441.71657025815  2.928221E-16
6443.18761467934  3.592846E-16
6444.65865910054  3.177849E-16
6446.12970352174  3.206352E-16
6447.60074794293  3.211852E-16
6449.07179236413  3.522234E-16
6450.54283678532  3.179766E-16
6452.01388120652  3.208217E-16
6453.48492562772  3.548805E-16
6454.95597004891  3.363250E-16
6456.42701447011  2.851185E-16
6457.8980588913  2.883955E-16
6459.3691033125  3.649557E-16
6460.8401477337  3.635865E-16
6462.31119215489  3.188647E-16
6463.78223657609  3.527995E-16
6465.25328099728  3.621981E-16
6466.72432541848  3.214034E-16
6468.19536983968  3.265455E-16
6469.66641426087  3.387213E-16
6471.13745868207  3.311914E-16
6472.60850310326  3.219677E-16
6474.07954752446  2.690752E-16
6475.55059194565  3.196184E-16
6477.02163636685  3.739416E-16
6478.49268078805  3.519896E-16
6479.96372520924  3.058013E-16
6481.43476963044  3.195330E-16
6482.90581405163  3.335607E-16
6484.37685847283  3.253372E-16
6485.84790289403  3.818804E-16
6487.31894731522  3.593681E-16
6488.78999173642  3.679095E-16
6490.26103615761  3.416215E-16
6491.73208057881  2.999591E-16
6493.20312500001  3.685510E-16
6494.6741694212  3.049678E-16
6496.1452138424  2.832386E-16
6497.61625826359  3.257706E-16
6499.08730268479  2.959944E-16
6500.55834710599  2.583378E-16
6502.02939152718  3.450757E-16
6503.50043594838  2.927699E-16
6504.97148036957  3.309000E-16
6506.44252479077  3.443724E-16
6507.91356921197  3.240750E-16
6509.38461363316  3.270489E-16
6510.85565805436  3.050018E-16
6512.32670247555  4.006514E-16
6513.79774689675  3.646739E-16
6515.26879131795  2.752987E-16
6516.73983573914  3.197619E-16
6518.21088016034  3.589371E-16
6519.68192458153  2.846217E-16
6521.15296900273  2.964166E-16
6522.62401342392  2.983689E-16
6524.09505784512  3.496364E-16
6525.56610226632  2.976827E-16
6527.03714668751  3.033879E-16
6528.50819110871  3.409643E-16
6529.97923552991  3.623616E-16
6531.4502799511  2.875012E-16
6532.9213243723  3.701593E-16
6534.39236879349  3.402968E-16
6535.86341321469  2.546698E-16
6537.33445763588  2.941504E-16
6538.80550205708  3.260782E-16
6540.27654647828  2.735804E-16
6541.74759089947  2.598133E-16
6543.21863532067  3.735076E-16
6544.68967974186  3.314813E-16
6546.16072416306  2.823373E-16
6547.63176858426  2.896334E-16
6549.10281300545  3.348382E-16
6550.57385742665  3.082414E-16
6552.04490184785  3.212604E-16
6553.51594626904  3.380850E-16
6554.98699069024  2.719222E-16
6556.45803511143  3.082838E-16
6557.92907953263  2.915330E-16
6559.40012395383  3.539218E-16
6560.87116837502  3.255141E-16
6562.34221279622  3.120912E-16
6563.81325721741  3.417017E-16
6565.28430163861  3.363075E-16
6566.75534605981  2.871800E-16
6568.226390481  3.124567E-16
6569.6974349022  3.132357E-16
6571.16847932339  3.102299E-16
6572.63952374459  2.921881E-16
6574.11056816578  3.249809E-16
6575.58161258698  3.078833E-16
6577.05265700818  3.189903E-16
6578.52370142937  3.345315E-16
6579.99474585057  3.318363E-16
6581.46579027176  2.650097E-16
6582.93683469296  2.891229E-16
6584.40787911416  2.468946E-16
6585.87892353535  2.688119E-16
6587.34996795655  3.323596E-16
6588.82101237774  2.926540E-16
6590.29205679894  3.272318E-16
6591.76310122014  3.293932E-16
6593.23414564133  2.691388E-16
6594.70519006253  2.746440E-16
6596.17623448372  2.851908E-16
6597.64727890492  2.986402E-16
6599.11832332612  3.581376E-16
6600.58936774731  3.418318E-16
6602.06041216851  2.875251E-16
6603.5314565897  3.039532E-16
6605.0025010109  3.356366E-16
6606.4735454321  2.775177E-16
6607.94458985329  3.098668E-16
6609.41563427449  3.003721E-16
6610.88667869568  2.834141E-16
6612.35772311688  2.726982E-16
6613.82876753808  2.222188E-16
6615.29981195927  2.413687E-16
6616.77085638047  3.004630E-16
6618.24190080166  3.330696E-16
6619.71294522286  2.697548E-16
6621.18398964406  3.361070E-16
6622.65503406525  3.182981E-16
6624.12607848645  2.670526E-16
6625.59712290764  3.141249E-16
6627.06816732884  2.992480E-16
6628.53921175004  3.277539E-16
6630.01025617123  3.687821E-16
6631.48130059243  3.190149E-16
6632.95234501362  2.419028E-16
6634.42338943482  2.506154E-16
6635.89443385602  2.878089E-16
6637.36547827721  2.725797E-16
6638.83652269841  2.563935E-16
6640.3075671196  2.694428E-16
6641.7786115408  2.868746E-16
6643.249655962  2.864366E-16
6644.72070038319  3.492870E-16
6646.19174480439  2.874815E-16
6647.66278922558  2.693925E-16
6649.13383364678  2.789362E-16
6650.60487806798  2.716052E-16
6652.07592248917  3.049213E-16
6653.54696691037  2.890143E-16
6655.01801133156  2.825510E-16
6656.48905575276  3.133402E-16
6657.96010017396  2.979004E-16
6659.43114459515  2.823326E-16
6660.90218901635  2.856059E-16
6662.37323343754  3.296096E-16
6663.84427785874  2.524744E-16
6665.31532227994  2.535723E-16
6666.78636670113  2.797281E-16
6668.25741112233  3.179729E-16
6669.72845554352  2.958302E-16
6671.19949996472  3.141711E-16
6672.67054438592  3.158294E-16
6674.14158880711  3.302075E-16
6675.61263322831  2.899631E-16
6677.0836776495  3.197053E-16
6678.5547220707  3.175646E-16
6680.0257664919  2.850673E-16
6681.49681091309  3.133577E-16
6682.96785533429  3.208661E-16
6684.43889975548  3.282265E-16
6685.90994417668  2.840668E-16
6687.38098859788  2.849708E-16
6688.85203301907  3.266526E-16
6690.32307744027  3.162284E-16
6691.79412186146  3.335042E-16
6693.26516628266  2.935694E-16
6694.73621070386  3.393297E-16
6696.20725512505  2.878530E-16
6697.67829954625  3.075085E-16
6699.14934396744  3.229763E-16
6700.62038838864  3.461533E-16
6702.09143280984  3.130786E-16
6703.56247723103  3.388499E-16
6705.03352165223  2.864133E-16
6706.50456607342  3.604095E-16
6707.97561049462  3.499484E-16
6709.44665491581  3.106911E-16
6710.91769933701  2.922720E-16
6712.38874375821  2.703407E-16
6713.8597881794  3.072060E-16
6715.3308326006  2.953603E-16
6716.80187702179  3.673664E-16
6718.27292144299  3.052170E-16
6719.74396586419  2.726053E-16
6721.21501028538  2.848919E-16
6722.68605470658  2.939737E-16
6724.15709912777  3.562215E-16
6725.62814354897  3.042989E-16
6727.09918797017  3.989307E-16
6728.57023239136  3.189148E-16
6730.04127681256  3.867165E-16
6731.51232123375  3.190513E-16
6732.98336565495  2.693708E-16
6734.45441007615  3.745177E-16
6735.92545449734  3.312951E-16
6737.39649891854  3.296400E-16
6738.86754333973  3.609998E-16
6740.33858776093  3.058260E-16
6741.80963218213  3.233940E-16
6743.28067660332  3.285310E-16
6744.75172102452  3.400019E-16
6746.22276544571  3.902923E-16
6747.69380986691  3.242608E-16
6749.16485428811  4.150222E-16
6750.6358987093  3.285475E-16
6752.1069431305  2.517357E-16
6753.57798755169  3.273309E-16
6755.04903197289  3.262780E-16
6756.52007639409  2.974316E-16
6757.99112081528  2.894488E-16
6759.46216523648  3.404708E-16
6760.93320965767  3.134098E-16
6762.40425407887  2.659175E-16
6763.87529850007  2.838547E-16
6765.34634292126  3.638279E-16
6766.81738734246  2.931176E-16
6768.28843176365  3.386867E-16
6769.75947618485  3.316615E-16
6771.23052060604  3.029881E-16
6772.70156502724  3.054667E-16
6774.17260944844  3.228404E-16
6775.64365386963  3.565786E-16
6777.11469829083  2.944677E-16
6778.58574271203  2.763794E-16
6780.05678713322  3.178618E-16
6781.52783155442  3.037532E-16
6782.99887597561  2.338225E-16
6784.46992039681  2.942107E-16
6785.94096481801  2.807455E-16
6787.4120092392  2.580955E-16
6788.8830536604  2.952764E-16
6790.35409808159  3.473852E-16
6791.82514250279  2.534247E-16
6793.29618692399  3.004162E-16
6794.76723134518  3.211881E-16
6796.23827576638  3.019541E-16
6797.70932018757  3.120519E-16
6799.18036460877  3.111982E-16
6800.65140902997  2.711741E-16
6802.12245345116  3.223830E-16
6803.59349787236  3.335204E-16
6805.06454229355  2.693800E-16
6806.53558671475  2.936117E-16
6808.00663113594  3.021940E-16
6809.47767555714  3.195621E-16
6810.94871997834  3.266855E-16
6812.41976439953  3.428034E-16
6813.89080882073  2.228269E-16
6815.36185324192  3.401541E-16
6816.83289766312  3.650209E-16
6818.30394208432  3.262842E-16
6819.77498650551  3.026427E-16
6821.24603092671  3.418456E-16
6822.71707534791  3.332960E-16
6824.1881197691  3.529935E-16
6825.6591641903  3.030349E-16
6827.13020861149  3.153133E-16
6828.60125303269  2.541000E-16
6830.07229745388  2.934599E-16
6831.54334187508  3.559720E-16
6833.01438629628  2.719716E-16
6834.48543071747  3.157891E-16
6835.95647513867  2.929197E-16
6837.42751955986  3.388589E-16
6838.89856398106  3.680195E-16
6840.36960840226  3.007296E-16
6841.84065282345  3.370415E-16
6843.31169724465  2.666201E-16
6844.78274166584  2.800641E-16
6846.25378608704  2.938840E-16
6847.72483050824  3.457095E-16
6849.19587492943  3.457298E-16
6850.66691935063  3.084608E-16
6852.13796377182  2.680117E-16
6853.60900819302  3.195333E-16
6855.08005261422  2.848240E-16
6856.55109703541  2.425055E-16
6858.02214145661  3.195803E-16
6859.4931858778  2.539268E-16
6860.964230299  2.189662E-16
6862.4352747202  2.791313E-16
6863.90631914139  2.433260E-16
6865.37736356259  2.109153E-16
6866.84840798378  2.620818E-16
6868.31945240498  2.155609E-16
6869.79049682618  2.004422E-16
6871.26154124737  2.261666E-16
6872.73258566857  2.124059E-16
6874.20363008976  1.968957E-16
6875.67467451096  1.779935E-16
6877.14571893216  2.260325E-16
6878.61676335335  2.555846E-16
6880.08780777455  2.383834E-16
6881.55885219574  2.388680E-16
6883.02989661694  2.522538E-16
6884.50094103814  2.434229E-16
6885.97198545933  2.575769E-16
6887.44302988053  2.345834E-16
6888.91407430172  2.298963E-16
6890.38511872292  1.935070E-16
6891.85616314412  2.844876E-16
6893.32720756531  2.556737E-16
6894.79825198651  2.174861E-16
6896.26929640771  2.165614E-16
6897.7403408289  1.996707E-16
6899.2113852501  2.042851E-16
6900.68242967129  2.261723E-16
6902.15347409249  2.576129E-16
6903.62451851368  2.552491E-16
6905.09556293488  2.598526E-16
6906.56660735608  2.273696E-16
6908.03765177727  2.481963E-16
6909.50869619847  2.107080E-16
6910.97974061966  1.932048E-16
6912.45078504086  2.824377E-16
6913.92182946206  3.022846E-16
6915.39287388325  2.531227E-16
6916.86391830445  3.014455E-16
6918.33496272564  2.801972E-16
6919.80600714684  2.391924E-16
6921.27705156804  2.745698E-16
6922.74809598923  2.727891E-16
6924.21914041043  2.488278E-16
6925.69018483162  2.529170E-16
6927.16122925282  2.351044E-16
6928.63227367402  2.760927E-16
6930.10331809521  2.915900E-16
6931.57436251641  2.590118E-16
6933.0454069376  2.621029E-16
6934.5164513588  2.786267E-16
6935.98749578  2.916292E-16
6937.45854020119  3.020873E-16
6938.92958462239  3.266384E-16
6940.40062904358  3.601900E-16
6941.87167346478  2.958305E-16
6943.34271788598  3.320606E-16
6944.81376230717  3.259620E-16
6946.28480672837  3.316588E-16
6947.75585114956  3.867772E-16
6949.22689557076  3.278180E-16
6950.69793999196  3.122329E-16
6952.16898441315  3.268221E-16
6953.64002883435  2.740714E-16
6955.11107325554  2.840064E-16
6956.58211767674  2.818001E-16
6958.05316209794  2.946109E-16
6959.52420651913  3.291679E-16
6960.99525094033  2.890467E-16
6962.46629536152  2.770466E-16
6963.93733978272  3.219231E-16
6965.40838420392  3.161456E-16
6966.87942862511  2.975203E-16
6968.35047304631  3.192042E-16
6969.8215174675  3.201136E-16
6971.2925618887  3.213765E-16
6972.7636063099  3.582312E-16
6974.23465073109  2.957125E-16
6975.70569515229  2.866174E-16
6977.17673957348  3.299863E-16
6978.64778399468  3.602491E-16
6980.11882841588  3.669574E-16
6981.58987283707  3.607204E-16
6983.06091725827  2.844737E-16
6984.53196167946  3.161982E-16
6986.00300610066  3.241649E-16
6987.47405052186  2.891887E-16
6988.94509494305  2.761908E-16
6990.41613936425  2.777374E-16
6991.88718378544  2.770127E-16
6993.35822820664  2.679955E-16
6994.82927262784  2.922272E-16
6996.30031704903  2.832966E-16
6997.77136147023  2.606797E-16
6999.24240589142  2.562412E-16
7000.71345031262  2.994170E-16
7002.18449473382  2.283350E-16
7003.65553915501  2.316181E-16
7005.12658357621  2.857636E-16
7006.5976279974  2.996751E-16
7008.0686724186  2.427276E-16
7009.5397168398  2.902629E-16
7011.01076126099  2.246379E-16
7012.48180568219  2.829085E-16
7013.95285010338  3.184010E-16
7015.42389452458  2.973035E-16
7016.89493894578  2.959624E-16
7018.36598336697  2.496266E-16
7019.83702778817  2.666020E-16
7021.30807220936  2.821496E-16
7022.77911663056  2.915070E-16
7024.25016105176  2.267109E-16
7025.72120547295  2.937459E-16
7027.19224989415  2.977195E-16
7028.66329431534  2.507056E-16
7030.13433873654  2.692908E-16
7031.60538315774  2.614282E-16
7033.07642757893  2.718021E-16
7034.54747200013  3.256618E-16
7036.01851642132  2.972586E-16
7037.48956084252  3.397838E-16
7038.96060526372  3.040539E-16
7040.43164968491  2.858375E-16
7041.90269410611  3.002592E-16
7043.3737385273  2.520860E-16
7044.8447829485  3.318788E-16
7046.31582736969  2.825915E-16
7047.78687179089  2.889163E-16
7049.25791621209  2.190173E-16
7050.72896063328  3.642842E-16
7052.20000505448  3.722486E-16
7053.67104947568  3.171652E-16
7055.14209389687  3.101420E-16
7056.61313831807  2.912302E-16
7058.08418273926  3.083381E-16
7059.55522716046  2.974049E-16
7061.02627158165  3.037918E-16
7062.49731600285  3.152165E-16
7063.96836042404  2.823087E-16
7065.43940484524  2.772237E-16
7066.91044926644  2.636247E-16
7068.38149368763  2.854225E-16
7069.85253810883  2.459374E-16
7071.32358253003  3.165412E-16
7072.79462695122  2.912125E-16
7074.26567137242  3.633726E-16
7075.73671579361  3.347271E-16
7077.20776021481  2.621869E-16
7078.678804636  3.154132E-16
7080.1498490572  2.849096E-16
7081.6208934784  2.447791E-16
7083.09193789959  2.351117E-16
7084.56298232079  2.396227E-16
7086.03402674198  2.950382E-16
7087.50507116318  2.815580E-16
7088.97611558438  2.315241E-16
7090.44716000557  3.147839E-16
7091.91820442677  3.132825E-16
7093.38924884796  2.828672E-16
7094.86029326916  3.166542E-16
7096.33133769036  2.540099E-16
7097.80238211155  2.404056E-16
7099.27342653275  2.625890E-16
7100.74447095394  3.098190E-16
7102.21551537514  2.481762E-16
7103.68655979634  2.993974E-16
7105.15760421753  2.577934E-16
7106.62864863873  2.475431E-16
7108.09969305992  2.906604E-16
7109.57073748112  2.988536E-16
7111.04178190232  2.802206E-16
7112.51282632351  2.638265E-16
7113.98387074471  3.039325E-16
7115.4549151659  2.952761E-16
7116.9259595871  2.761534E-16
7118.3970040083  1.975445E-16
7119.86804842949  2.720366E-16
7121.33909285069  2.376140E-16
7122.81013727189  2.372335E-16
7124.28118169308  2.260289E-16
7125.75222611428  2.382359E-16
7127.22327053547  2.762205E-16
7128.69431495667  2.306723E-16
7130.16535937787  2.535967E-16
7131.63640379906  2.952111E-16
7133.10744822026  2.382576E-16
7134.57849264145  2.729246E-16
7136.04953706265  2.362858E-16
7137.52058148384  2.578676E-16
7138.99162590504  2.652477E-16
7140.46267032624  1.975181E-16
7141.93371474743  2.020491E-16
7143.40475916863  2.932921E-16
7144.87580358983  2.963526E-16
7146.34684801102  2.592763E-16
7147.81789243222  2.759502E-16
7149.28893685341  2.714729E-16
7150.75998127461  2.647239E-16
7152.2310256958  2.703547E-16
7153.702070117  2.522151E-16
7155.1731145382  2.437253E-16
7156.64415895939  2.652307E-16
7158.11520338059  2.458975E-16
7159.58624780178  2.157413E-16
7161.05729222298  2.122090E-16
7162.52833664418  2.625965E-16
7163.99938106537  2.692726E-16
7165.47042548657  2.662071E-16
7166.94146990776  2.694613E-16
7168.41251432896  2.178812E-16
7169.88355875016  2.796067E-16
7171.35460317135  2.415176E-16
7172.82564759255  2.525344E-16
7174.29669201374  1.890583E-16
7175.76773643494  2.255350E-16
7177.23878085614  2.032403E-16
7178.70982527733  2.777589E-16
7180.18086969853  2.251240E-16
7181.65191411972  2.820115E-16
7183.12295854092  2.545670E-16
7184.59400296212  2.522852E-16
7186.06504738331  2.563930E-16
7187.53609180451  2.165051E-16
7189.0071362257  2.395571E-16
7190.4781806469  1.827928E-16
7191.9492250681  2.103612E-16
7193.42026948929  3.104708E-16
7194.89131391049  2.370797E-16
7196.36235833168  2.464688E-16
7197.83340275288  2.467736E-16
7199.30444717408  2.594627E-16
7200.77549159527  2.902791E-16
7202.24653601647  2.418515E-16
7203.71758043766  2.266139E-16
7205.18862485886  2.503567E-16
7206.65966928006  2.222718E-16
7208.13071370125  2.306294E-16
7209.60175812245  2.928246E-16
7211.07280254364  2.446186E-16
7212.54384696484  2.430783E-16
7214.01489138604  2.478876E-16
7215.48593580723  2.271926E-16
7216.95698022843  2.411780E-16
7218.42802464962  2.788579E-16
7219.89906907082  2.515268E-16
7221.37011349202  2.650108E-16
7222.84115791321  2.712471E-16
7224.31220233441  2.387822E-16
7225.7832467556  1.919382E-16
7227.2542911768  2.299723E-16
7228.725335598  2.176763E-16
7230.19638001919  1.948284E-16
7231.66742444039  2.039000E-16
7233.13846886158  2.172208E-16
7234.60951328278  2.112853E-16
7236.08055770398  2.543607E-16
7237.55160212517  2.981389E-16
7239.02264654637  2.458879E-16
7240.49369096756  2.444856E-16
7241.96473538876  3.362347E-16
7243.43577980996  3.337722E-16
7244.90682423115  2.849237E-16
7246.37786865235  1.994753E-16
7247.84891307354  2.840118E-16
7249.31995749474  2.725428E-16
7250.79100191594  2.737138E-16
7252.26204633713  2.912012E-16
7253.73309075833  2.055153E-16
7255.20413517952  1.877700E-16
7256.67517960072  2.372818E-16
7258.14622402192  2.506643E-16
7259.61726844311  2.201858E-16
7261.08831286431  2.578155E-16
7262.5593572855  2.577657E-16
7264.0304017067  2.523113E-16
7265.5014461279  2.223608E-16
7266.97249054909  1.773954E-16
7268.44353497029  1.753094E-16
7269.91457939148  2.201728E-16
7271.38562381268  2.102851E-16
7272.85666823388  1.664932E-16
7274.32771265507  1.936854E-16
7275.79875707627  2.964057E-16
7277.26980149746  3.074321E-16
7278.74084591866  3.381064E-16
7280.21189033986  2.924902E-16
7281.68293476105  2.702745E-16
7283.15397918225  2.544329E-16
7284.62502360344  2.788960E-16
7286.09606802464  1.966655E-16
7287.56711244584  2.010837E-16
7289.03815686703  2.266351E-16
7290.50920128823  2.250950E-16
7291.98024570942  2.315614E-16
7293.45129013062  1.936900E-16
7294.92233455182  1.356077E-16
7296.39337897301  2.260253E-16
7297.86442339421  2.646395E-16
7299.3354678154  1.667342E-16
7300.8065122366  2.555581E-16
7302.27755665779  2.492142E-16
7303.74860107899  1.453367E-16
7305.21964550019  1.568416E-16
7306.69068992138  2.236281E-16
7308.16173434258  2.151954E-16
7309.63277876378  1.994373E-16
7311.10382318497  2.491792E-16
7312.57486760617  2.341490E-16
7314.04591202736  2.070690E-16
7315.51695644856  2.535327E-16
7316.98800086975  1.690951E-16
7318.45904529095  2.965589E-16
7319.93008971215  3.255597E-16
7321.40113413334  2.160536E-16
7322.87217855454  2.865502E-16
7324.34322297573  2.767508E-16
7325.81426739693  2.510132E-16
7327.28531181813  2.406742E-16
7328.75635623932  2.515574E-16
7330.22740066052  2.965278E-16
7331.69844508172  2.675119E-16
7333.16948950291  2.233664E-16
7334.64053392411  2.084401E-16
7336.1115783453  2.631874E-16
7337.5826227665  3.326773E-16
7339.05366718769  1.975091E-16
7340.52471160889  1.649248E-16
7341.99575603009  1.639446E-16
7343.46680045128  1.255033E-16
7344.93784487248  1.484419E-16
7346.40888929367  1.324201E-16
7347.87993371487  1.701733E-16
7349.35097813607  2.117575E-16
7350.82202255726  1.833043E-16
7352.29306697846  2.121909E-16
7353.76411139966  2.271437E-16
7355.23515582085  2.048157E-16
7356.70620024205  2.259829E-16
7358.17724466324  2.147147E-16
7359.64828908444  2.117766E-16
7361.11933350564  2.719858E-16
7362.59037792683  2.521223E-16
7364.06142234803  2.077866E-16
7365.53246676922  2.084371E-16
7367.00351119042  2.683572E-16
7368.47455561162  3.040108E-16
7369.94560003281  1.870233E-16
7371.41664445401  3.257081E-16
7372.8876888752  2.473915E-16
7374.3587332964  2.211330E-16
7375.8297777176  2.748304E-16
7377.30082213879  2.742449E-16
7378.77186655999  2.134401E-16
7380.24291098118  1.909358E-16
7381.71395540238  1.740914E-16
7383.18499982358  2.194442E-16
7384.65604424477  1.852356E-16
7386.12708866597  2.202873E-16
7387.59813308716  2.240032E-16
7389.06917750836  1.616674E-16
7390.54022192955  2.141049E-16
7392.01126635075  2.267966E-16
7393.48231077195  2.024888E-16
7394.95335519314  2.996536E-16
7396.42439961434  2.305438E-16
7397.89544403553  2.535467E-16
7399.36648845673  2.664538E-16
7400.83753287793  2.090135E-16
7402.30857729912  3.049848E-16
7403.77962172032  1.845058E-16
7405.25066614151  1.333216E-16
7406.72171056271  2.121982E-16
7408.19275498391  1.662226E-16
7409.6637994051  2.181386E-16
7411.1348438263  1.857678E-16
7412.60588824749  1.485836E-16
7414.07693266869  1.745278E-16
7415.54797708988  2.226840E-16
7417.01902151108  1.702441E-16
7418.49006593228  2.713525E-16
7419.96111035347  2.316009E-16
7421.43215477467  2.222374E-16
7422.90319919587  1.454004E-16
