3300.00	4.15901e-18
3302.00	4.61913e-18
3304.00	9.53858e-18
3306.00	8.69954e-18
3308.00	-9.63566e-19
3310.00	1.40031e-18
3312.00	8.9981e-18
3314.00	4.41923e-18
3316.00	2.53664e-18
3318.00	5.45071e-18
3320.00	1.06425e-17
3322.00	1.66736e-17
3324.00	1.0269e-17
3326.00	5.03009e-18
3328.00	3.54322e-18
3330.00	8.91325e-18
3332.00	7.30515e-18
3334.00	4.07422e-18
3336.00	9.50027e-18
3338.00	6.02089e-18
3340.00	4.71191e-18
3342.00	5.35615e-18
3344.00	8.97421e-18
3346.00	4.93717e-18
3348.00	4.84214e-18
3350.00	1.18114e-17
3352.00	4.69914e-18
3354.00	1.14982e-17
3356.00	1.44172e-17
3358.00	8.13657e-18
3360.00	7.10177e-18
3362.00	5.60193e-18
3364.00	4.75789e-18
3366.00	2.64152e-18
3368.00	1.98721e-18
3370.00	7.16504e-18
3372.00	6.82676e-18
3374.00	7.64725e-18
3376.00	7.03633e-18
3378.00	3.83266e-18
3380.00	9.06442e-18
3382.00	3.78796e-18
3384.00	3.34174e-18
3386.00	5.29379e-18
3388.00	6.54553e-18
3390.00	3.71664e-18
3392.00	5.93687e-18
3394.00	5.88066e-18
3396.00	7.42106e-18
3398.00	4.91389e-18
3400.00	1.05167e-17
3402.00	4.19402e-18
3404.00	3.90341e-18
3406.00	3.95335e-18
3408.00	1.13469e-17
3410.00	1.05747e-17
3412.00	7.88826e-18
3414.00	7.83983e-18
3416.00	2.80003e-18
3418.00	7.13392e-18
3420.00	2.64304e-18
3422.00	3.88452e-18
3424.00	5.15525e-18
3426.00	6.93067e-18
3428.00	5.38738e-18
3430.00	1.52394e-18
3432.00	6.40935e-18
3434.00	4.91237e-18
3436.00	5.56236e-18
3438.00	7.24214e-18
3440.00	2.71e-18
3442.00	2.64623e-18
3444.00	8.53354e-18
3446.00	7.76248e-18
3448.00	3.72036e-18
3450.00	3.35366e-18
3452.00	5.55061e-18
3454.00	3.87914e-18
3456.00	1.60486e-18
3458.00	4.73435e-18
3460.00	2.7204e-18
3462.00	4.7115e-18
3464.00	2.47362e-18
3466.00	8.42496e-18
3468.00	4.70004e-18
3470.00	8.45115e-18
3472.00	4.46278e-18
3474.00	2.93329e-18
3476.00	9.88822e-19
3478.00	6.53583e-18
3480.00	4.55697e-18
3482.00	2.74836e-18
3484.00	4.91809e-18
3486.00	7.06572e-18
3488.00	4.05893e-18
3490.00	4.76888e-18
3492.00	3.74883e-18
3494.00	3.00361e-18
3496.00	2.69201e-18
3498.00	4.73502e-18
3500.00	6.14413e-18
3502.00	5.75351e-18
3504.00	1.501e-18
3506.00	5.88337e-18
3508.00	5.63411e-18
3510.00	2.23001e-18
3512.00	4.61812e-18
3514.00	3.91495e-18
3516.00	5.02969e-18
3518.00	3.59761e-18
3520.00	5.39764e-18
3522.00	4.04613e-18
3524.00	6.99757e-18
3526.00	5.21989e-18
3528.00	3.43639e-18
3530.00	3.23704e-18
3532.00	3.08606e-18
3534.00	1.5115e-18
3536.00	1.3953e-18
3538.00	7.25814e-19
3540.00	3.32729e-18
3542.00	4.77059e-18
3544.00	3.68577e-18
3546.00	3.67341e-18
3548.00	5.46157e-18
3550.00	1.86076e-18
3552.00	2.99646e-18
3554.00	5.6702e-18
3556.00	3.36732e-18
3558.00	6.05798e-18
3560.00	8.08775e-18
3562.00	2.21026e-18
3564.00	2.84899e-18
3566.00	4.99845e-18
3568.00	5.9393e-18
3570.00	5.85506e-18
3572.00	5.42236e-18
3574.00	6.1298e-18
3576.00	4.84702e-18
3578.00	7.38446e-18
3580.00	5.59775e-18
3582.00	5.75137e-18
3584.00	6.20904e-18
3586.00	4.0743e-18
3588.00	2.8471e-18
3590.00	4.68271e-18
3592.00	2.13394e-18
3594.00	4.58202e-18
3596.00	4.28088e-18
3598.00	3.40531e-18
3600.00	5.16743e-18
3602.00	5.83549e-18
3604.00	6.53733e-18
3606.00	5.05194e-18
3608.00	3.10634e-18
3610.00	4.14442e-18
3612.00	4.79806e-18
3614.00	5.81107e-18
3616.00	5.70345e-18
3618.00	6.14989e-18
3620.00	3.95857e-18
3622.00	4.77984e-18
3624.00	3.16715e-18
3626.00	6.3326e-18
3628.00	8.56063e-18
3630.00	5.2458e-18
3632.00	3.61094e-18
3634.00	4.07698e-18
3636.00	9.33877e-18
3638.00	5.21489e-18
3640.00	4.58853e-18
3642.00	3.34359e-18
3644.00	4.3811e-18
3646.00	5.63089e-18
3648.00	4.34021e-18
3650.00	3.55416e-18
3652.00	5.4731e-18
3654.00	5.5789e-18
3656.00	6.32434e-18
3658.00	4.7664e-18
3660.00	5.95428e-18
3662.00	4.359e-18
3664.00	5.44117e-18
3666.00	8.42816e-18
3668.00	6.53252e-18
3670.00	5.078e-18
3672.00	7.1145e-18
3674.00	5.39591e-18
3676.00	3.28596e-18
3678.00	4.60998e-18
3680.00	6.63599e-18
3682.00	3.74036e-18
3684.00	5.51816e-18
3686.00	8.48521e-18
3688.00	5.53609e-18
3690.00	5.6767e-18
3692.00	4.57505e-18
3694.00	4.86644e-18
3696.00	3.28016e-18
3698.00	4.36955e-18
3700.00	4.60433e-18
3702.00	3.57003e-18
3704.00	4.24526e-18
3706.00	6.13387e-18
3708.00	5.4206e-18
3710.00	7.29984e-18
3712.00	5.23072e-18
3714.00	6.01252e-18
3716.00	6.36746e-18
3718.00	4.49027e-18
3720.00	4.50293e-18
3722.00	4.50047e-18
3724.00	3.75689e-18
3726.00	7.1726e-18
3728.00	5.39551e-18
3730.00	4.48843e-18
3732.00	4.52545e-18
3734.00	2.86655e-18
3736.00	4.10122e-18
3738.00	7.61524e-18
3740.00	6.51583e-18
3742.00	5.17694e-18
3744.00	3.92504e-18
3746.00	4.16141e-18
3748.00	4.15829e-18
3750.00	5.66639e-18
3752.00	5.38565e-18
3754.00	5.06851e-18
3756.00	5.35339e-18
3758.00	5.8989e-18
3760.00	4.50105e-18
3762.00	3.95861e-18
3764.00	4.08012e-18
3766.00	7.74535e-18
3768.00	4.99342e-18
3770.00	4.30245e-18
3772.00	6.47099e-18
3774.00	4.67118e-18
3776.00	4.70812e-18
3778.00	4.89599e-18
3780.00	4.98236e-18
3782.00	4.37627e-18
3784.00	6.82118e-18
3786.00	3.92584e-18
3788.00	5.10998e-18
3790.00	5.50727e-18
3792.00	4.52971e-18
3794.00	5.84535e-18
3796.00	5.66622e-18
3798.00	6.84194e-18
3800.00	5.28255e-18
3802.00	5.09727e-18
3804.00	3.70687e-18
3806.00	5.62664e-18
3808.00	4.71798e-18
3810.00	5.78457e-18
3812.00	5.08062e-18
3814.00	5.68507e-18
3816.00	4.9142e-18
3818.00	5.03391e-18
3820.00	4.68435e-18
3822.00	4.98704e-18
3824.00	4.65002e-18
3826.00	3.59888e-18
3828.00	5.90388e-18
3830.00	4.82552e-18
3832.00	4.4074e-18
3834.00	4.09882e-18
3836.00	4.76016e-18
3838.00	7.52334e-18
3840.00	6.43888e-18
3842.00	5.51321e-18
3844.00	2.96346e-18
3846.00	4.3216e-18
3848.00	5.39982e-18
3850.00	4.35146e-18
3852.00	6.15623e-18
3854.00	7.17781e-18
3856.00	4.5683e-18
3858.00	6.54728e-18
3860.00	6.7727e-18
3862.00	8.02679e-18
3864.00	4.8958e-18
3866.00	4.3719e-18
3868.00	6.15055e-18
3870.00	4.95576e-18
3872.00	4.33301e-18
3874.00	5.25727e-18
3876.00	4.57163e-18
3878.00	4.72314e-18
3880.00	4.59449e-18
3882.00	5.81179e-18
3884.00	4.81504e-18
3886.00	5.88273e-18
3888.00	5.32547e-18
3890.00	4.94008e-18
3892.00	5.15993e-18
3894.00	5.64558e-18
3896.00	5.01835e-18
3898.00	6.27231e-18
3900.00	5.07186e-18
3902.00	6.26042e-18
3904.00	5.77128e-18
3906.00	4.9659e-18
3908.00	5.74984e-18
3910.00	4.86834e-18
3912.00	4.56975e-18
3914.00	3.5276e-18
3916.00	5.73335e-18
3918.00	6.05575e-18
3920.00	5.81541e-18
3922.00	4.83501e-18
3924.00	4.42145e-18
3926.00	5.74424e-18
3928.00	5.79491e-18
3930.00	6.54395e-18
3932.00	5.97259e-18
3934.00	4.88894e-18
3936.00	4.83268e-18
3938.00	4.12567e-18
3940.00	4.77618e-18
3942.00	5.4533e-18
3944.00	5.74402e-18
3946.00	5.75997e-18
3948.00	4.78581e-18
3950.00	5.59867e-18
3952.00	4.52224e-18
3954.00	6.80914e-18
3956.00	4.74133e-18
3958.00	4.94317e-18
3960.00	5.62068e-18
3962.00	4.19084e-18
3964.00	5.96869e-18
3966.00	4.63543e-18
3968.00	4.5355e-18
3970.00	5.07434e-18
3972.00	5.84423e-18
3974.00	5.81183e-18
3976.00	4.32371e-18
3978.00	4.87304e-18
3980.00	4.05427e-18
3982.00	4.00409e-18
3984.00	6.38811e-18
3986.00	6.75685e-18
3988.00	6.53487e-18
3990.00	6.36733e-18
3992.00	6.49933e-18
3994.00	5.30154e-18
3996.00	4.38911e-18
3998.00	6.67505e-18
4000.00	6.07776e-18
4002.00	5.90065e-18
4004.00	4.79347e-18
4006.00	4.597e-18
4008.00	4.58861e-18
4010.00	5.9473e-18
4012.00	5.94514e-18
4014.00	5.6125e-18
4016.00	6.49656e-18
4018.00	6.20787e-18
4020.00	5.96369e-18
4022.00	3.76341e-18
4024.00	4.74139e-18
4026.00	6.00339e-18
4028.00	4.32505e-18
4030.00	3.45946e-18
4032.00	5.15381e-18
4034.00	5.40021e-18
4036.00	5.01511e-18
4038.00	5.25405e-18
4040.00	6.1837e-18
4042.00	4.75342e-18
4044.00	4.94139e-18
4046.00	5.12163e-18
4048.00	5.35592e-18
4050.00	5.31475e-18
4052.00	6.12863e-18
4054.00	6.20062e-18
4056.00	5.40345e-18
4058.00	5.76321e-18
4060.00	6.07439e-18
4062.00	6.19164e-18
4064.00	6.04863e-18
4066.00	5.00991e-18
4068.00	5.01912e-18
4070.00	5.24103e-18
4072.00	5.77853e-18
4074.00	5.63381e-18
4076.00	5.4314e-18
4078.00	4.31105e-18
4080.00	5.64029e-18
4082.00	5.85562e-18
4084.00	3.99581e-18
4086.00	3.86379e-18
4088.00	5.38932e-18
4090.00	4.97745e-18
4092.00	4.28231e-18
4094.00	4.09981e-18
4096.00	3.96838e-18
4098.00	3.25011e-18
4100.00	4.80212e-18
4102.00	3.86791e-18
4104.00	4.49345e-18
4106.00	5.59346e-18
4108.00	6.27719e-18
4110.00	4.24445e-18
4112.00	4.96149e-18
4114.00	4.33078e-18
4116.00	4.74504e-18
4118.00	3.81865e-18
4120.00	4.36564e-18
4122.00	5.91769e-18
4124.00	4.18188e-18
4126.00	6.72813e-18
4128.00	5.37736e-18
4130.00	5.96906e-18
4132.00	4.27313e-18
4134.00	4.01767e-18
4136.00	4.69895e-18
4138.00	5.37306e-18
4140.00	6.154e-18
4142.00	5.17908e-18
4144.00	5.25403e-18
4146.00	5.74224e-18
4148.00	4.347e-18
4150.00	3.60661e-18
4152.00	3.75109e-18
4154.00	4.41621e-18
4156.00	5.09163e-18
4158.00	5.24297e-18
4160.00	4.59729e-18
4162.00	4.78073e-18
4164.00	6.18085e-18
4166.00	4.38741e-18
4168.00	6.58158e-18
4170.00	6.34404e-18
4172.00	5.66257e-18
4174.00	3.81223e-18
4176.00	4.36748e-18
4178.00	6.14278e-18
4180.00	6.47885e-18
4182.00	5.98294e-18
4184.00	4.97999e-18
4186.00	6.21147e-18
4188.00	4.91251e-18
4190.00	5.43544e-18
4192.00	5.99239e-18
4194.00	5.85061e-18
4196.00	5.44059e-18
4198.00	5.7052e-18
4200.00	5.03143e-18
4202.00	5.49138e-18
4204.00	4.51739e-18
4206.00	5.15117e-18
4208.00	4.16587e-18
4210.00	4.2283e-18
4212.00	5.28926e-18
4214.00	6.3456e-18
4216.00	4.83772e-18
4218.00	6.07512e-18
4220.00	6.40965e-18
4222.00	4.46772e-18
4224.00	4.65692e-18
4226.00	5.75348e-18
4228.00	6.80979e-18
4230.00	5.46561e-18
4232.00	6.1629e-18
4234.00	4.8583e-18
4236.00	5.59626e-18
4238.00	4.84452e-18
4240.00	4.98057e-18
4242.00	5.6106e-18
4244.00	5.21081e-18
4246.00	5.29695e-18
4248.00	5.12981e-18
4250.00	5.71984e-18
4252.00	4.01419e-18
4254.00	5.55572e-18
4256.00	4.46437e-18
4258.00	4.37485e-18
4260.00	5.0241e-18
4262.00	5.04237e-18
4264.00	5.79148e-18
4266.00	6.08452e-18
4268.00	4.50988e-18
4270.00	4.6654e-18
4272.00	5.94728e-18
4274.00	5.75057e-18
4276.00	5.34556e-18
4278.00	5.19316e-18
4280.00	4.50504e-18
4282.00	4.05816e-18
4284.00	4.58245e-18
4286.00	4.67717e-18
4288.00	5.88967e-18
4290.00	5.63218e-18
4292.00	5.36488e-18
4294.00	4.67728e-18
4296.00	4.78991e-18
4298.00	5.1126e-18
4300.00	5.09917e-18
4302.00	5.23199e-18
4304.00	4.82002e-18
4306.00	5.64307e-18
4308.00	5.50672e-18
4310.00	4.97081e-18
4312.00	4.83668e-18
4314.00	4.79752e-18
4316.00	5.62771e-18
4318.00	5.39063e-18
4320.00	6.17314e-18
4322.00	4.78533e-18
4324.00	4.26304e-18
4326.00	6.06686e-18
4328.00	4.02895e-18
4330.00	4.69516e-18
4332.00	4.06414e-18
4334.00	5.33856e-18
4336.00	4.71384e-18
4338.00	5.40997e-18
4340.00	5.91606e-18
4342.00	5.86346e-18
4344.00	5.32423e-18
4346.00	4.97753e-18
4348.00	4.66526e-18
4350.00	5.87543e-18
4352.00	5.09896e-18
4354.00	5.20752e-18
4356.00	6.23617e-18
4358.00	5.42156e-18
4360.00	7.26399e-18
4362.00	6.63823e-18
4364.00	5.98929e-18
4366.00	6.40039e-18
4368.00	5.38514e-18
4370.00	4.79331e-18
4372.00	5.40038e-18
4374.00	5.71915e-18
4376.00	5.50245e-18
4378.00	7.18048e-18
4380.00	5.49535e-18
4382.00	6.1222e-18
4384.00	3.81794e-18
4386.00	7.2996e-18
4388.00	6.54552e-18
4390.00	6.4583e-18
4392.00	5.06504e-18
4394.00	5.63055e-18
4396.00	5.07471e-18
4398.00	5.18543e-18
4400.00	5.19377e-18
4402.00	5.76368e-18
4404.00	3.75961e-18
4406.00	4.79808e-18
4408.00	5.91405e-18
4410.00	4.07629e-18
4412.00	3.79596e-18
4414.00	5.9481e-18
4416.00	6.15773e-18
4418.00	4.50576e-18
4420.00	4.54867e-18
4422.00	6.03106e-18
4424.00	3.99711e-18
4426.00	5.02415e-18
4428.00	5.211e-18
4430.00	4.54095e-18
4432.00	4.69635e-18
4434.00	5.38068e-18
4436.00	5.69322e-18
4438.00	5.32277e-18
4440.00	6.65449e-18
4442.00	5.12155e-18
4444.00	6.11803e-18
4446.00	7.08762e-18
4448.00	4.49376e-18
4450.00	4.68048e-18
4452.00	6.02239e-18
4454.00	6.09397e-18
4456.00	4.95556e-18
4458.00	4.47645e-18
4460.00	5.98199e-18
4462.00	5.11789e-18
4464.00	5.38849e-18
4466.00	6.35394e-18
4468.00	5.12368e-18
4470.00	5.24115e-18
4472.00	4.50307e-18
4474.00	5.32846e-18
4476.00	3.5833e-18
4478.00	5.46849e-18
4480.00	4.93931e-18
4482.00	6.72626e-18
4484.00	5.98231e-18
4486.00	4.41353e-18
4488.00	4.56523e-18
4490.00	5.99438e-18
4492.00	5.81075e-18
4494.00	5.10442e-18
4496.00	5.45246e-18
4498.00	5.84109e-18
4500.00	5.38017e-18
4502.00	5.91767e-18
4504.00	5.50733e-18
4506.00	3.76214e-18
4508.00	6.16484e-18
4510.00	4.70466e-18
4512.00	5.07854e-18
4514.00	4.40319e-18
4516.00	4.89176e-18
4518.00	5.52701e-18
4520.00	5.57095e-18
4522.00	5.77663e-18
4524.00	5.04855e-18
4526.00	5.56586e-18
4528.00	4.50196e-18
4530.00	5.98573e-18
4532.00	4.90268e-18
4534.00	3.79576e-18
4536.00	6.37873e-18
4538.00	4.22684e-18
4540.00	4.1259e-18
4542.00	6.01059e-18
4544.00	5.37645e-18
4546.00	6.32676e-18
4548.00	5.35987e-18
4550.00	6.39268e-18
4552.00	6.25852e-18
4554.00	6.09545e-18
4556.00	5.46752e-18
4558.00	5.92505e-18
4560.00	6.73867e-18
4562.00	6.14253e-18
4564.00	3.55033e-18
4566.00	4.7061e-18
4568.00	4.1286e-18
4570.00	4.98553e-18
4572.00	4.22582e-18
4574.00	6.39909e-18
4576.00	5.94448e-18
4578.00	4.51489e-18
4580.00	4.35181e-18
4582.00	5.3528e-18
4584.00	5.4442e-18
4586.00	5.43489e-18
4588.00	5.14637e-18
4590.00	5.4299e-18
4592.00	6.31825e-18
4594.00	5.57723e-18
4596.00	4.87307e-18
4598.00	4.30461e-18
4600.00	6.30251e-18
4602.00	5.7656e-18
4604.00	5.08065e-18
4606.00	5.52934e-18
4608.00	5.88098e-18
4610.00	4.72934e-18
4612.00	4.85741e-18
4614.00	5.51061e-18
4616.00	6.03528e-18
4618.00	5.61701e-18
4620.00	4.90469e-18
4622.00	5.48747e-18
4624.00	5.5109e-18
4626.00	6.67844e-18
4628.00	6.42652e-18
4630.00	4.75801e-18
4632.00	6.43406e-18
4634.00	5.75149e-18
4636.00	6.98286e-18
4638.00	5.27412e-18
4640.00	6.15621e-18
4642.00	5.9267e-18
4644.00	5.78013e-18
4646.00	6.06665e-18
4648.00	5.40659e-18
4650.00	5.30388e-18
4652.00	5.05782e-18
4654.00	4.94099e-18
4656.00	5.14147e-18
4658.00	4.61932e-18
4660.00	6.39576e-18
4662.00	5.9526e-18
4664.00	5.40559e-18
4666.00	6.03065e-18
4668.00	6.09619e-18
4670.00	6.30758e-18
4672.00	6.81044e-18
4674.00	5.691e-18
4676.00	5.11712e-18
4678.00	6.09309e-18
4680.00	5.11199e-18
4682.00	6.95519e-18
4684.00	6.17551e-18
4686.00	6.43015e-18
4688.00	5.01229e-18
4690.00	5.3066e-18
4692.00	5.78237e-18
4694.00	5.23761e-18
4696.00	7.05605e-18
4698.00	6.56043e-18
4700.00	6.51657e-18
4702.00	6.49705e-18
4704.00	6.34432e-18
4706.00	6.33985e-18
4708.00	6.81813e-18
4710.00	6.65005e-18
4712.00	1.38718e-17
4714.00	2.49354e-17
4716.00	3.75068e-17
4718.00	3.56541e-17
4720.00	2.64339e-17
4722.00	9.47287e-18
4724.00	4.13076e-18
4726.00	4.58709e-18
4728.00	4.43555e-18
4730.00	4.47391e-18
4732.00	6.42257e-18
4734.00	7.28246e-18
4736.00	7.21559e-18
4738.00	7.1726e-18
4740.00	6.11156e-18
4742.00	4.46106e-18
4744.00	6.04647e-18
4746.00	5.65216e-18
4748.00	5.33456e-18
4750.00	5.23154e-18
4752.00	8.33522e-18
4754.00	7.137e-18
4756.00	7.08264e-18
4758.00	5.71045e-18
4760.00	6.30495e-18
4762.00	8.23194e-18
4764.00	7.14148e-18
4766.00	6.81521e-18
4768.00	6.4851e-18
4770.00	5.52301e-18
4772.00	5.28904e-18
4774.00	6.45913e-18
4776.00	5.48459e-18
4778.00	7.12346e-18
4780.00	6.88176e-18
4782.00	7.15224e-18
4784.00	8.75096e-18
4786.00	9.09242e-18
4788.00	8.38693e-18
4790.00	7.48689e-18
4792.00	8.04041e-18
4794.00	8.41261e-18
4796.00	5.54964e-18
4798.00	7.41467e-18
4800.00	7.07313e-18
4802.00	5.17368e-18
4804.00	5.8052e-18
4806.00	6.46762e-18
4808.00	6.2299e-18
4810.00	6.55506e-18
4812.00	6.94456e-18
4814.00	6.38769e-18
4816.00	7.60246e-18
4818.00	8.60988e-18
4820.00	8.1321e-18
4822.00	6.90935e-18
4824.00	8.12521e-18
4826.00	6.98974e-18
4828.00	8.93733e-18
4830.00	9.00566e-18
4832.00	7.51357e-18
4834.00	7.87045e-18
4836.00	8.65906e-18
4838.00	6.26355e-18
4840.00	7.51958e-18
4842.00	6.72721e-18
4844.00	5.75768e-18
4846.00	5.58068e-18
4848.00	4.19862e-18
4850.00	5.68549e-18
4852.00	6.27734e-18
4854.00	6.44406e-18
4856.00	5.65487e-18
4858.00	5.40527e-18
4860.00	6.23564e-18
4862.00	6.50504e-18
4864.00	7.23631e-18
4866.00	7.9587e-18
4868.00	8.98146e-18
4870.00	7.12324e-18
4872.00	8.8758e-18
4874.00	9.67198e-18
4876.00	9.17599e-18
4878.00	8.63772e-18
4880.00	8.70605e-18
4882.00	7.86272e-18
4884.00	8.66264e-18
4886.00	8.43841e-18
4888.00	8.38436e-18
4890.00	7.96266e-18
4892.00	8.431e-18
4894.00	9.97875e-18
4896.00	9.22322e-18
4898.00	9.12333e-18
4900.00	8.63511e-18
4902.00	8.57461e-18
4904.00	9.24886e-18
4906.00	7.68273e-18
4908.00	6.97953e-18
4910.00	8.48704e-18
4912.00	8.10464e-18
4914.00	7.31893e-18
4916.00	5.58079e-18
4918.00	6.93589e-18
4920.00	7.17445e-18
4922.00	6.81623e-18
4924.00	7.25827e-18
4926.00	6.20683e-18
4928.00	6.398e-18
4930.00	6.37199e-18
4932.00	8.28571e-18
4934.00	9.91966e-18
4936.00	9.76227e-18
4938.00	8.82654e-18
4940.00	8.63536e-18
4942.00	8.91913e-18
4944.00	8.97888e-18
4946.00	7.31507e-18
4948.00	9.01836e-18
4950.00	9.70347e-18
4952.00	8.287e-18
4954.00	7.94328e-18
4956.00	8.49302e-18
4958.00	1.00387e-17
4960.00	8.23747e-18
4962.00	9.11586e-18
4964.00	8.94516e-18
4966.00	8.34376e-18
4968.00	9.21467e-18
4970.00	8.95248e-18
4972.00	6.4379e-18
4974.00	7.11766e-18
4976.00	6.26635e-18
4978.00	6.65943e-18
4980.00	6.6024e-18
4982.00	6.52184e-18
4984.00	9.69176e-18
4986.00	8.81897e-18
4988.00	9.50233e-18
4990.00	7.62825e-18
4992.00	9.26307e-18
4994.00	1.07913e-17
4996.00	1.01255e-17
4998.00	8.45302e-18
5000.00	8.80106e-18
5002.00	7.95092e-18
5004.00	8.70471e-18
5006.00	8.313e-18
5008.00	7.28712e-18
5010.00	7.48082e-18
5012.00	6.87808e-18
5014.00	7.65174e-18
5016.00	6.69788e-18
5018.00	6.00232e-18
5020.00	5.06583e-18
5022.00	5.94492e-18
5024.00	7.34289e-18
5026.00	5.93085e-18
5028.00	6.75994e-18
5030.00	6.59398e-18
5032.00	6.77483e-18
5034.00	7.78668e-18
5036.00	7.70194e-18
5038.00	8.68397e-18
5040.00	7.75764e-18
5042.00	9.61923e-18
5044.00	8.50764e-18
5046.00	9.44481e-18
5048.00	1.02399e-17
5050.00	9.16523e-18
5052.00	9.50378e-18
5054.00	9.80901e-18
5056.00	1.02312e-17
5058.00	9.38469e-18
5060.00	9.72335e-18
5062.00	1.00934e-17
5064.00	1.06071e-17
5066.00	8.73146e-18
5068.00	1.0005e-17
5070.00	1.12112e-17
5072.00	8.8276e-18
5074.00	1.1153e-17
5076.00	1.04407e-17
5078.00	1.00897e-17
5080.00	1.04118e-17
5082.00	9.05624e-18
5084.00	9.84564e-18
5086.00	1.06015e-17
5088.00	1.04528e-17
5090.00	1.04919e-17
5092.00	1.00587e-17
5094.00	1.07696e-17
5096.00	9.73376e-18
5098.00	1.03745e-17
5100.00	9.17384e-18
5102.00	9.07313e-18
5104.00	8.83789e-18
5106.00	9.60484e-18
5108.00	1.13755e-17
5110.00	1.11349e-17
5112.00	9.92108e-18
5114.00	9.39868e-18
5116.00	9.06746e-18
5118.00	9.11455e-18
5120.00	8.83209e-18
5122.00	9.47281e-18
5124.00	1.07058e-17
5126.00	1.09856e-17
5128.00	8.2386e-18
5130.00	1.00882e-17
5132.00	9.84543e-18
5134.00	9.93721e-18
5136.00	8.46357e-18
5138.00	1.03499e-17
5140.00	8.20779e-18
5142.00	8.81826e-18
5144.00	9.05848e-18
5146.00	1.02297e-17
5148.00	9.97612e-18
5150.00	8.60377e-18
5152.00	9.11514e-18
5154.00	8.78773e-18
5156.00	9.11694e-18
5158.00	1.08423e-17
5160.00	8.99546e-18
5162.00	9.6929e-18
5164.00	9.41222e-18
5166.00	8.89156e-18
5168.00	1.20559e-17
5170.00	9.65153e-18
5172.00	9.15234e-18
5174.00	8.38754e-18
5176.00	7.80803e-18
5178.00	8.52907e-18
5180.00	8.22679e-18
5182.00	8.06712e-18
5184.00	6.2519e-18
5186.00	8.53592e-18
5188.00	1.0189e-17
5190.00	9.55931e-18
5192.00	8.94121e-18
5194.00	6.10739e-18
5196.00	7.3602e-18
5198.00	8.48807e-18
5200.00	9.96193e-18
5202.00	8.48936e-18
5204.00	8.10197e-18
5206.00	1.00605e-17
5208.00	9.77764e-18
5210.00	9.38714e-18
5212.00	9.2609e-18
5214.00	9.82632e-18
5216.00	8.36669e-18
5218.00	1.02069e-17
5220.00	8.52287e-18
5222.00	7.67903e-18
5224.00	8.14943e-18
5226.00	9.30074e-18
5228.00	9.3151e-18
5230.00	9.47758e-18
5232.00	7.72799e-18
5234.00	1.02153e-17
5236.00	1.16152e-17
5238.00	1.01828e-17
5240.00	9.80435e-18
5242.00	9.21602e-18
5244.00	8.67088e-18
5246.00	1.14782e-17
5248.00	9.82399e-18
5250.00	9.4254e-18
5252.00	1.08488e-17
5254.00	9.57902e-18
5256.00	1.02236e-17
5258.00	8.91869e-18
5260.00	9.2529e-18
5262.00	8.76891e-18
5264.00	9.34135e-18
5266.00	9.15495e-18
5268.00	1.01149e-17
5270.00	9.81245e-18
5272.00	8.64704e-18
5274.00	9.30424e-18
5276.00	8.72538e-18
5278.00	9.4828e-18
5280.00	9.01901e-18
5282.00	9.47799e-18
5284.00	9.95603e-18
5286.00	9.56938e-18
5288.00	8.93306e-18
5290.00	1.02203e-17
5292.00	7.54132e-18
5294.00	1.0399e-17
5296.00	9.94933e-18
5298.00	9.83905e-18
5300.00	9.0327e-18
5302.00	1.09291e-17
5304.00	1.11925e-17
5306.00	1.04174e-17
5308.00	1.0609e-17
5310.00	9.8718e-18
5312.00	7.62355e-18
5314.00	9.00826e-18
5316.00	9.8969e-18
5318.00	9.47155e-18
5320.00	8.91725e-18
5322.00	9.12079e-18
5324.00	1.02422e-17
5326.00	9.33925e-18
5328.00	9.77192e-18
5330.00	1.15955e-17
5332.00	1.06047e-17
5334.00	1.02157e-17
5336.00	8.44639e-18
5338.00	9.78889e-18
5340.00	9.27435e-18
5342.00	8.2418e-18
5344.00	9.61675e-18
5346.00	9.35379e-18
5348.00	7.40798e-18
5350.00	1.01707e-17
5352.00	9.56386e-18
5354.00	1.04878e-17
5356.00	8.92893e-18
5358.00	8.79235e-18
5360.00	1.06123e-17
5362.00	9.90631e-18
5364.00	9.51074e-18
5366.00	1.13854e-17
5368.00	9.02361e-18
5370.00	1.04633e-17
5372.00	9.14178e-18
5374.00	9.73062e-18
5376.00	9.61271e-18
5378.00	1.02546e-17
5380.00	9.0839e-18
5382.00	8.69736e-18
5384.00	9.73533e-18
5386.00	1.02558e-17
5388.00	1.08556e-17
5390.00	9.41226e-18
5392.00	9.52617e-18
5394.00	8.99091e-18
5396.00	1.03222e-17
5398.00	1.11014e-17
5400.00	1.04138e-17
5402.00	9.53074e-18
5404.00	9.68457e-18
5406.00	9.63656e-18
5408.00	1.08466e-17
5410.00	9.28981e-18
5412.00	1.02458e-17
5414.00	9.22745e-18
5416.00	8.78455e-18
5418.00	9.65476e-18
5420.00	9.22883e-18
5422.00	8.72813e-18
5424.00	1.03538e-17
5426.00	1.05126e-17
5428.00	9.79935e-18
5430.00	7.27287e-18
5432.00	9.11262e-18
5434.00	9.28026e-18
5436.00	9.98955e-18
5438.00	9.33942e-18
5440.00	8.90076e-18
5442.00	7.53857e-18
5444.00	8.36728e-18
5446.00	8.34643e-18
5448.00	8.77715e-18
5450.00	9.41467e-18
5452.00	9.46263e-18
5454.00	8.88065e-18
5456.00	9.6444e-18
5458.00	9.27393e-18
5460.00	8.13673e-18
5462.00	9.39949e-18
5464.00	9.58835e-18
5466.00	1.02885e-17
5468.00	9.36359e-18
5470.00	9.68109e-18
5472.00	8.60802e-18
5474.00	9.3573e-18
5476.00	8.91961e-18
5478.00	8.32536e-18
5480.00	9.20705e-18
5482.00	8.93931e-18
5484.00	9.65463e-18
5486.00	9.97855e-18
5488.00	7.81656e-18
5490.00	8.45858e-18
5492.00	1.33473e-17
5494.00	1.25441e-17
5496.00	1.03258e-17
5498.00	9.0756e-18
5500.00	8.46326e-18
5502.00	9.159e-18
5504.00	7.55343e-18
5506.00	8.12026e-18
5508.00	8.59274e-18
5510.00	8.70533e-18
5512.00	8.14384e-18
5514.00	9.62455e-18
5516.00	9.40728e-18
5518.00	9.27952e-18
5520.00	8.22331e-18
5522.00	9.0945e-18
5524.00	1.12935e-17
5526.00	1.23199e-17
5528.00	8.97721e-18
5530.00	1.10213e-17
5532.00	9.66748e-18
5534.00	1.03843e-17
5536.00	7.78701e-18
5538.00	1.04365e-17
5540.00	9.93564e-18
5542.00	1.02539e-17
5544.00	8.42253e-18
5546.00	8.91389e-18
5548.00	9.37207e-18
5550.00	9.29733e-18
5552.00	7.87551e-18
5554.00	9.19544e-18
5556.00	9.74507e-18
5558.00	8.23272e-18
5560.00	9.27608e-18
5562.00	9.93449e-18
5564.00	9.89433e-18
5566.00	8.96134e-18
5568.00	1.13758e-17
5570.00	1.2215e-17
5572.00	1.34556e-17
5574.00	1.20069e-17
5576.00	1.22776e-17
5578.00	1.29549e-17
5580.00	7.56861e-18
5582.00	6.51792e-18
5584.00	9.72645e-18
5586.00	1.01067e-17
5588.00	9.43381e-18
5590.00	9.40944e-18
5592.00	1.08588e-17
5594.00	1.06286e-17
5596.00	9.58464e-18
5598.00	1.0297e-17
5600.00	9.89491e-18
5602.00	9.73401e-18
5604.00	9.62365e-18
5606.00	8.23557e-18
5608.00	7.87268e-18
5610.00	8.85632e-18
5612.00	8.55408e-18
5614.00	7.00774e-18
5616.00	6.1879e-18
5618.00	8.86587e-18
5620.00	1.02333e-17
5622.00	8.00945e-18
5624.00	7.83728e-18
5626.00	9.08721e-18
5628.00	8.85447e-18
5630.00	9.59543e-18
5632.00	8.63477e-18
5634.00	7.90936e-18
5636.00	7.9778e-18
5638.00	8.48466e-18
5640.00	8.59e-18
5642.00	9.07524e-18
5644.00	8.60356e-18
5646.00	7.03563e-18
5648.00	8.2666e-18
5650.00	8.38594e-18
5652.00	7.61675e-18
5654.00	7.8253e-18
5656.00	8.66402e-18
5658.00	8.57244e-18
5660.00	9.34998e-18
5662.00	9.27913e-18
5664.00	7.58668e-18
5666.00	7.80015e-18
5668.00	9.04865e-18
5670.00	9.80622e-18
5672.00	8.22256e-18
5674.00	7.5672e-18
5676.00	7.54358e-18
5678.00	8.78959e-18
5680.00	8.35279e-18
5682.00	7.94386e-18
5684.00	8.94312e-18
5686.00	9.17302e-18
5688.00	7.69193e-18
5690.00	7.6898e-18
5692.00	8.98333e-18
5694.00	8.25485e-18
5696.00	9.09181e-18
5698.00	1.07277e-17
5700.00	8.75043e-18
5702.00	7.03334e-18
5704.00	9.21165e-18
5706.00	8.86017e-18
5708.00	8.09761e-18
5710.00	9.01782e-18
5712.00	9.10269e-18
5714.00	8.66757e-18
5716.00	8.52245e-18
5718.00	8.09517e-18
5720.00	7.69194e-18
5722.00	8.77476e-18
5724.00	7.8705e-18
5726.00	8.49984e-18
5728.00	9.07457e-18
5730.00	8.8003e-18
5732.00	1.06752e-17
5734.00	9.20182e-18
5736.00	8.99287e-18
5738.00	9.43215e-18
5740.00	8.86367e-18
5742.00	8.48462e-18
5744.00	8.95994e-18
5746.00	8.59853e-18
5748.00	8.03851e-18
5750.00	7.78244e-18
5752.00	7.65608e-18
5754.00	9.59888e-18
5756.00	8.32487e-18
5758.00	7.17541e-18
5760.00	8.95156e-18
5762.00	8.39179e-18
5764.00	8.63198e-18
5766.00	8.75134e-18
5768.00	7.90413e-18
5770.00	7.84516e-18
5772.00	8.62571e-18
5774.00	9.10609e-18
5776.00	9.18587e-18
5778.00	9.54396e-18
5780.00	7.42739e-18
5782.00	7.84596e-18
5784.00	9.235e-18
5786.00	8.62495e-18
5788.00	9.67009e-18
5790.00	8.96559e-18
5792.00	8.58509e-18
5794.00	8.43953e-18
5796.00	8.79735e-18
5798.00	7.70458e-18
5800.00	7.70958e-18
5802.00	7.84298e-18
5804.00	7.62822e-18
5806.00	8.39813e-18
5808.00	7.57902e-18
5810.00	9.01306e-18
5812.00	8.86622e-18
5814.00	8.70354e-18
5816.00	8.15339e-18
5818.00	8.61247e-18
5820.00	9.00484e-18
5822.00	8.71774e-18
5824.00	8.4053e-18
5826.00	7.87846e-18
5828.00	8.54944e-18
5830.00	9.69871e-18
5832.00	9.02065e-18
5834.00	8.65838e-18
5836.00	9.16691e-18
5838.00	8.85335e-18
5840.00	8.12041e-18
5842.00	8.53735e-18
5844.00	9.28119e-18
5846.00	9.30941e-18
5848.00	8.83409e-18
5850.00	8.83855e-18
5852.00	9.40302e-18
5854.00	8.36265e-18
5856.00	8.33279e-18
5858.00	9.86791e-18
5860.00	8.76056e-18
5862.00	8.64762e-18
5864.00	8.07118e-18
5866.00	8.07468e-18
5868.00	8.58307e-18
5870.00	8.67116e-18
5872.00	8.54895e-18
5874.00	8.67503e-18
5876.00	8.69447e-18
5878.00	7.92965e-18
5880.00	8.17282e-18
5882.00	9.71109e-18
5884.00	8.61094e-18
5886.00	8.81463e-18
5888.00	8.23784e-18
5890.00	9.13763e-18
5892.00	9.0901e-18
5894.00	8.57636e-18
5896.00	9.40426e-18
5898.00	9.1126e-18
5900.00	8.86e-18
5902.00	9.33732e-18
5904.00	9.73832e-18
5906.00	9.0559e-18
5908.00	9.02451e-18
5910.00	9.33166e-18
5912.00	8.71881e-18
5914.00	7.72391e-18
5916.00	8.56091e-18
5918.00	7.52483e-18
5920.00	7.61128e-18
5922.00	8.79229e-18
5924.00	9.04294e-18
5926.00	8.83065e-18
5928.00	8.84228e-18
5930.00	8.4212e-18
5932.00	8.22796e-18
5934.00	8.23952e-18
5936.00	8.36098e-18
5938.00	8.22283e-18
5940.00	8.96234e-18
5942.00	9.05183e-18
5944.00	8.56403e-18
5946.00	8.31508e-18
5948.00	8.17304e-18
5950.00	7.98946e-18
5952.00	7.44613e-18
5954.00	8.41849e-18
5956.00	8.34354e-18
5958.00	7.5109e-18
5960.00	7.68662e-18
5962.00	8.30556e-18
5964.00	8.91113e-18
5966.00	8.84032e-18
5968.00	7.52162e-18
5970.00	7.38099e-18
5972.00	6.73832e-18
5974.00	7.66249e-18
5976.00	8.26265e-18
5978.00	9.72044e-18
5980.00	9.61533e-18
5982.00	8.22936e-18
5984.00	8.04413e-18
5986.00	7.97786e-18
5988.00	8.23893e-18
5990.00	9.23296e-18
5992.00	8.3566e-18
5994.00	9.19168e-18
5996.00	8.80096e-18
5998.00	8.9137e-18
6000.00	9.14452e-18
6002.00	7.55562e-18
6004.00	7.969e-18
6006.00	8.95805e-18
6008.00	8.8301e-18
6010.00	8.27568e-18
6012.00	8.95754e-18
6014.00	9.06322e-18
6016.00	8.78793e-18
6018.00	8.83948e-18
6020.00	8.27385e-18
6022.00	9.01696e-18
6024.00	8.69469e-18
6026.00	8.88412e-18
6028.00	8.02521e-18
6030.00	7.95665e-18
6032.00	8.40297e-18
6034.00	7.55697e-18
6036.00	7.61627e-18
6038.00	8.06143e-18
6040.00	8.72975e-18
6042.00	8.7098e-18
6044.00	8.54913e-18
6046.00	8.52388e-18
6048.00	8.41247e-18
6050.00	9.76771e-18
6052.00	8.19528e-18
6054.00	7.71703e-18
6056.00	8.40201e-18
6058.00	8.08385e-18
6060.00	8.87703e-18
6062.00	9.16676e-18
6064.00	8.23909e-18
6066.00	7.97337e-18
6068.00	8.57789e-18
6070.00	8.93874e-18
6072.00	8.05707e-18
6074.00	8.06461e-18
6076.00	8.46186e-18
6078.00	7.84956e-18
6080.00	8.01857e-18
6082.00	8.52246e-18
6084.00	8.15003e-18
6086.00	7.95365e-18
6088.00	8.38601e-18
6090.00	9.41875e-18
6092.00	9.18261e-18
6094.00	9.3373e-18
6096.00	9.4924e-18
6098.00	8.95033e-18
6100.00	8.82557e-18
6102.00	8.24644e-18
6104.00	7.89019e-18
6106.00	8.1305e-18
6108.00	8.14689e-18
6110.00	8.59313e-18
6112.00	8.57034e-18
6114.00	8.65144e-18
6116.00	8.60795e-18
6118.00	8.34003e-18
6120.00	8.1074e-18
6122.00	7.55145e-18
6124.00	7.62443e-18
6126.00	8.69782e-18
6128.00	8.38396e-18
6130.00	7.24585e-18
6132.00	7.12098e-18
6134.00	8.39378e-18
6136.00	8.81972e-18
6138.00	7.8112e-18
6140.00	7.17054e-18
6142.00	7.60418e-18
6144.00	7.74533e-18
6146.00	7.27941e-18
6148.00	7.27591e-18
6150.00	7.93052e-18
6152.00	1.15175e-17
6154.00	1.51043e-17
6156.00	1.5078e-17
6158.00	1.26105e-17
6160.00	1.01078e-17
6162.00	7.45205e-18
6164.00	6.76374e-18
6166.00	7.25896e-18
6168.00	6.97791e-18
6170.00	6.11638e-18
6172.00	6.91083e-18
6174.00	8.26134e-18
6176.00	8.56958e-18
6178.00	7.62747e-18
6180.00	7.16101e-18
6182.00	8.81454e-18
6184.00	8.3606e-18
6186.00	8.45656e-18
6188.00	7.88019e-18
6190.00	8.10015e-18
6192.00	8.01215e-18
6194.00	7.79071e-18
6196.00	8.07491e-18
6198.00	8.93508e-18
6200.00	8.87458e-18
6202.00	8.14938e-18
6204.00	8.76753e-18
6206.00	8.045e-18
6208.00	9.53655e-18
6210.00	8.67957e-18
6212.00	8.31824e-18
6214.00	9.05824e-18
6216.00	8.37187e-18
6218.00	7.85352e-18
6220.00	8.13051e-18
6222.00	8.02984e-18
6224.00	7.9816e-18
6226.00	7.05173e-18
6228.00	7.90454e-18
6230.00	8.42221e-18
6232.00	7.54386e-18
6234.00	7.80819e-18
6236.00	8.40648e-18
6238.00	7.8554e-18
6240.00	8.53994e-18
6242.00	8.71809e-18
6244.00	8.86855e-18
6246.00	8.1885e-18
6248.00	7.80374e-18
6250.00	8.30126e-18
6252.00	8.9766e-18
6254.00	8.52356e-18
6256.00	8.56429e-18
6258.00	8.29683e-18
6260.00	8.44897e-18
6262.00	8.79048e-18
6264.00	9.45029e-18
6266.00	8.37008e-18
6268.00	9.05045e-18
6270.00	9.50077e-18
6272.00	8.48497e-18
6274.00	8.82441e-18
6276.00	1.07941e-17
6278.00	1.17132e-17
6280.00	1.12344e-17
6282.00	1.09602e-17
6284.00	1.00782e-17
6286.00	8.38119e-18
6288.00	7.86368e-18
6290.00	8.63649e-18
6292.00	8.95737e-18
6294.00	8.50647e-18
6296.00	8.34703e-18
6298.00	9.09198e-18
6300.00	9.34847e-18
6302.00	9.03424e-18
6304.00	7.84209e-18
6306.00	8.11591e-18
6308.00	8.11238e-18
6310.00	8.2189e-18
6312.00	8.45696e-18
6314.00	8.86707e-18
6316.00	7.88743e-18
6318.00	7.99529e-18
6320.00	7.76405e-18
6322.00	7.82858e-18
6324.00	7.48474e-18
6326.00	8.2247e-18
6328.00	8.21249e-18
6330.00	7.47666e-18
6332.00	7.59679e-18
6334.00	8.96614e-18
6336.00	1.26851e-17
6338.00	1.6847e-17
6340.00	1.73941e-17
6342.00	1.52186e-17
6344.00	1.13789e-17
6346.00	7.29882e-18
6348.00	7.33886e-18
6350.00	7.45885e-18
6352.00	6.6678e-18
6354.00	7.00541e-18
6356.00	6.83583e-18
6358.00	6.92635e-18
6360.00	7.61423e-18
6362.00	9.75713e-18
6364.00	8.06831e-18
6366.00	8.47273e-18
6368.00	7.76417e-18
6370.00	6.7434e-18
6372.00	7.58929e-18
6374.00	7.91363e-18
6376.00	8.51746e-18
6378.00	8.45726e-18
6380.00	7.74835e-18
6382.00	7.07928e-18
6384.00	8.13847e-18
6386.00	8.75988e-18
6388.00	7.96711e-18
6390.00	7.68706e-18
6392.00	7.59766e-18
6394.00	8.5259e-18
6396.00	8.15408e-18
6398.00	8.29364e-18
6400.00	7.65776e-18
6402.00	8.45427e-18
6404.00	8.41022e-18
6406.00	7.87968e-18
6408.00	8.25688e-18
6410.00	7.81035e-18
6412.00	8.07783e-18
6414.00	8.30384e-18
6416.00	7.8743e-18
6418.00	7.8407e-18
6420.00	8.13284e-18
6422.00	7.68283e-18
6424.00	6.80486e-18
6426.00	7.86226e-18
6428.00	8.12809e-18
6430.00	7.83878e-18
6432.00	7.56922e-18
6434.00	7.80086e-18
6436.00	7.69555e-18
6438.00	7.16357e-18
6440.00	7.25439e-18
6442.00	7.83577e-18
6444.00	7.64597e-18
6446.00	7.7115e-18
6448.00	8.64888e-18
6450.00	8.49057e-18
6452.00	8.0196e-18
6454.00	7.87542e-18
6456.00	8.00866e-18
6458.00	7.42999e-18
6460.00	7.46228e-18
6462.00	8.06344e-18
6464.00	7.77324e-18
6466.00	7.67904e-18
6468.00	8.21652e-18
6470.00	9.00265e-18
6472.00	8.23041e-18
6474.00	7.81011e-18
6476.00	9.03592e-18
6478.00	8.17637e-18
6480.00	7.66443e-18
6482.00	8.46473e-18
6484.00	8.49163e-18
6486.00	7.94338e-18
6488.00	8.32023e-18
6490.00	7.78538e-18
6492.00	7.6106e-18
6494.00	8.54428e-18
6496.00	8.39e-18
6498.00	7.38103e-18
6500.00	8.2494e-18
6502.00	8.37422e-18
6504.00	8.47444e-18
6506.00	8.88101e-18
6508.00	7.79207e-18
6510.00	7.43682e-18
6512.00	8.05227e-18
6514.00	8.11026e-18
6516.00	8.04904e-18
6518.00	7.8675e-18
6520.00	7.12101e-18
6522.00	6.93716e-18
6524.00	7.37219e-18
6526.00	8.16359e-18
6528.00	8.05229e-18
6530.00	8.45237e-18
6532.00	7.84301e-18
6534.00	8.18592e-18
6536.00	8.25631e-18
6538.00	7.61794e-18
6540.00	7.12562e-18
6542.00	6.79746e-18
6544.00	6.76967e-18
6546.00	6.92302e-18
6548.00	6.33001e-18
6550.00	6.97749e-18
6552.00	8.37999e-18
6554.00	8.17213e-18
6556.00	7.55571e-18
6558.00	8.21596e-18
6560.00	8.03501e-18
6562.00	7.66223e-18
6564.00	7.63317e-18
6566.00	7.59002e-18
6568.00	7.76897e-18
6570.00	7.29753e-18
6572.00	6.98018e-18
6574.00	6.97719e-18
6576.00	7.68824e-18
6578.00	8.73102e-18
6580.00	8.51947e-18
6582.00	8.00249e-18
6584.00	7.87248e-18
6586.00	7.86542e-18
6588.00	8.56723e-18
6590.00	8.21062e-18
6592.00	7.34117e-18
6594.00	7.6469e-18
6596.00	7.47939e-18
6598.00	7.49941e-18
6600.00	7.7716e-18
6602.00	7.49906e-18
6604.00	8.40291e-18
6606.00	8.07626e-18
6608.00	7.11329e-18
6610.00	7.43011e-18
6612.00	7.92745e-18
6614.00	8.00844e-18
6616.00	7.41619e-18
6618.00	6.56202e-18
6620.00	7.51096e-18
6622.00	8.28541e-18
6624.00	8.32617e-18
6626.00	7.89222e-18
6628.00	7.97488e-18
6630.00	8.29639e-18
6632.00	7.67538e-18
6634.00	7.8427e-18
6636.00	8.43887e-18
6638.00	8.53061e-18
6640.00	8.64673e-18
6642.00	8.69397e-18
6644.00	7.91528e-18
6646.00	7.79046e-18
6648.00	8.00783e-18
6650.00	7.41452e-18
6652.00	7.31335e-18
6654.00	7.47803e-18
6656.00	8.42756e-18
6658.00	8.8542e-18
6660.00	7.91568e-18
6662.00	7.80976e-18
6664.00	7.14347e-18
6666.00	7.38322e-18
6668.00	8.16727e-18
6670.00	7.74707e-18
6672.00	7.36817e-18
6674.00	7.39965e-18
6676.00	7.86177e-18
6678.00	8.14598e-18
6680.00	8.24545e-18
6682.00	7.81314e-18
6684.00	8.3258e-18
6686.00	8.20157e-18
6688.00	7.95436e-18
6690.00	8.57441e-18
6692.00	7.69042e-18
6694.00	7.91721e-18
6696.00	8.39647e-18
6698.00	8.00864e-18
6700.00	8.71385e-18
6702.00	8.92304e-18
6704.00	7.99896e-18
6706.00	7.83703e-18
6708.00	7.63713e-18
6710.00	8.31019e-18
6712.00	8.23987e-18
6714.00	7.9364e-18
6716.00	8.94431e-18
6718.00	9.55472e-18
6720.00	8.8591e-18
6722.00	8.8911e-18
6724.00	8.16801e-18
6726.00	7.78218e-18
6728.00	8.51194e-18
6730.00	8.58959e-18
6732.00	8.77712e-18
6734.00	8.87007e-18
6736.00	8.29879e-18
6738.00	8.51758e-18
6740.00	8.2563e-18
6742.00	7.8883e-18
6744.00	7.58365e-18
6746.00	6.95268e-18
6748.00	6.86346e-18
6750.00	7.97682e-18
6752.00	8.50668e-18
6754.00	8.33241e-18
6756.00	8.63268e-18
6758.00	8.0949e-18
6760.00	7.99383e-18
6762.00	8.00251e-18
6764.00	8.38089e-18
6766.00	8.36068e-18
6768.00	8.05723e-18
6770.00	8.2182e-18
6772.00	7.89566e-18
6774.00	7.49385e-18
6776.00	8.5855e-18
6778.00	9.14793e-18
6780.00	8.4271e-18
6782.00	8.49492e-18
6784.00	8.56947e-18
6786.00	8.60607e-18
6788.00	8.48333e-18
6790.00	9.00081e-18
6792.00	9.11804e-18
6794.00	8.16164e-18
6796.00	7.65027e-18
6798.00	7.59557e-18
6800.00	6.96532e-18
6802.00	6.85152e-18
6804.00	7.82109e-18
6806.00	8.56029e-18
6808.00	8.03074e-18
6810.00	8.57294e-18
6812.00	8.09776e-18
6814.00	7.78379e-18
6816.00	8.32071e-18
6818.00	8.09506e-18
6820.00	7.79554e-18
6822.00	8.33031e-18
6824.00	8.05494e-18
6826.00	8.14088e-18
6828.00	8.67812e-18
6830.00	9.16315e-18
6832.00	9.22562e-18
6834.00	8.06775e-18
6836.00	7.90045e-18
6838.00	8.11765e-18
6840.00	7.92463e-18
6842.00	7.76774e-18
6844.00	8.05211e-18
6846.00	8.11948e-18
6848.00	8.50203e-18
6850.00	7.96533e-18
6852.00	8.17112e-18
6854.00	8.66187e-18
6856.00	8.31544e-18
6858.00	8.73435e-18
6860.00	9.59117e-18
6862.00	8.57119e-18
6864.00	8.37784e-18
6866.00	8.73883e-18
6868.00	8.39149e-18
6870.00	8.38152e-18
6872.00	8.44566e-18
6874.00	9.01478e-18
6876.00	8.32623e-18
6878.00	7.98116e-18
6880.00	7.83069e-18
6882.00	8.32474e-18
6884.00	8.69207e-18
6886.00	8.10876e-18
6888.00	7.80754e-18
6890.00	8.14236e-18
6892.00	9.04369e-18
6894.00	9.34279e-18
6896.00	8.61906e-18
6898.00	8.98542e-18
6900.00	9.06815e-18
6902.00	7.91501e-18
6904.00	7.61138e-18
6906.00	7.51382e-18
6908.00	7.51302e-18
6910.00	7.63809e-18
6912.00	8.17554e-18
6914.00	8.74415e-18
6916.00	8.22726e-18
6918.00	7.94135e-18
6920.00	8.4911e-18
6922.00	8.8257e-18
6924.00	7.80351e-18
6926.00	7.39925e-18
6928.00	7.99991e-18
6930.00	8.35136e-18
6932.00	8.59692e-18
6934.00	8.28191e-18
6936.00	7.90463e-18
6938.00	7.95852e-18
6940.00	8.18971e-18
6942.00	8.49338e-18
6944.00	8.71527e-18
6946.00	8.16352e-18
6948.00	7.2388e-18
6950.00	7.96093e-18
6952.00	8.4268e-18
6954.00	7.89778e-18
6956.00	8.07102e-18
6958.00	8.01688e-18
6960.00	7.92602e-18
6962.00	8.34619e-18
6964.00	8.31014e-18
6966.00	8.35085e-18
6968.00	7.96388e-18
6970.00	7.88612e-18
6972.00	7.79323e-18
6974.00	8.098e-18
6976.00	8.45074e-18
6978.00	8.09937e-18
6980.00	8.10985e-18
6982.00	7.83672e-18
6984.00	7.87113e-18
6986.00	7.84277e-18
6988.00	7.9129e-18
6990.00	8.47324e-18
6992.00	8.28937e-18
6994.00	8.29222e-18
6996.00	8.46098e-18
6998.00	8.39384e-18
7000.00	8.58838e-18
7002.00	8.61292e-18
7004.00	8.23998e-18
7006.00	8.01885e-18
7008.00	8.08228e-18
7010.00	8.41764e-18
7012.00	8.23503e-18
7014.00	7.93921e-18
7016.00	7.85718e-18
7018.00	8.30184e-18
7020.00	8.39533e-18
7022.00	8.25521e-18
7024.00	7.8082e-18
7026.00	7.854e-18
7028.00	8.59364e-18
7030.00	8.47022e-18
7032.00	8.21242e-18
7034.00	8.1651e-18
7036.00	7.96223e-18
7038.00	7.7412e-18
7040.00	7.59156e-18
7042.00	8.55352e-18
7044.00	8.82483e-18
7046.00	8.34801e-18
7048.00	8.00348e-18
7050.00	8.73961e-18
7052.00	7.4817e-18
7054.00	7.13328e-18
7056.00	7.93527e-18
7058.00	7.43186e-18
7060.00	8.14874e-18
7062.00	8.18512e-18
7064.00	8.47645e-18
7066.00	8.57598e-18
7068.00	7.9059e-18
7070.00	8.03065e-18
7072.00	8.31419e-18
7074.00	7.94345e-18
7076.00	8.33113e-18
7078.00	8.40764e-18
7080.00	8.38873e-18
7082.00	8.49937e-18
7084.00	8.49038e-18
7086.00	8.63611e-18
7088.00	7.77187e-18
7090.00	8.01974e-18
7092.00	7.79627e-18
7094.00	7.50757e-18
7096.00	8.21677e-18
7098.00	8.50287e-18
7100.00	8.64965e-18
7102.00	8.43513e-18
7104.00	7.95119e-18
7106.00	8.3205e-18
7108.00	8.47614e-18
7110.00	8.48169e-18
7112.00	8.40952e-18
7114.00	8.74147e-18
7116.00	7.94184e-18
7118.00	7.93553e-18
7120.00	8.09497e-18
7122.00	7.92984e-18
7124.00	8.36052e-18
7126.00	7.79874e-18
7128.00	7.72727e-18
7130.00	7.48092e-18
7132.00	7.4202e-18
7134.00	7.69488e-18
7136.00	7.93012e-18
7138.00	8.08315e-18
7140.00	8.22809e-18
7142.00	8.04633e-18
7144.00	8.32844e-18
7146.00	8.50222e-18
7148.00	8.30716e-18
7150.00	8.60858e-18
7152.00	8.46315e-18
7154.00	7.99313e-18
7156.00	8.00451e-18
7158.00	7.76499e-18
7160.00	7.41235e-18
7162.00	7.7433e-18
7164.00	8.22611e-18
7166.00	8.45134e-18
7168.00	7.91002e-18
7170.00	8.60891e-18
7172.00	8.19168e-18
7174.00	7.78506e-18
7176.00	7.7726e-18
7178.00	7.97469e-18
7180.00	7.96124e-18
7182.00	7.08525e-18
7184.00	7.24218e-18
7186.00	8.21847e-18
7188.00	8.52618e-18
7190.00	8.21509e-18
7192.00	7.52312e-18
7194.00	7.7948e-18
7196.00	8.46284e-18
7198.00	7.57389e-18
7200.00	7.60735e-18
7202.00	8.16697e-18
7204.00	9.14656e-18
7206.00	8.78401e-18
7208.00	8.15091e-18
7210.00	7.9113e-18
7212.00	8.24739e-18
7214.00	7.74526e-18
7216.00	7.09902e-18
7218.00	6.87081e-18
7220.00	7.99181e-18
7222.00	7.75052e-18
7224.00	7.71239e-18
7226.00	7.61911e-18
7228.00	8.00012e-18
7230.00	7.92096e-18
7232.00	7.50633e-18
7234.00	6.84585e-18
7236.00	7.37176e-18
7238.00	8.01338e-18
7240.00	8.30487e-18
7242.00	7.55538e-18
7244.00	6.5704e-18
7246.00	7.10106e-18
7248.00	7.39324e-18
7250.00	7.68978e-18
7252.00	7.74294e-18
7254.00	8.00802e-18
7256.00	7.68662e-18
7258.00	7.6085e-18
7260.00	7.95049e-18
7262.00	7.60802e-18
7264.00	7.85298e-18
7266.00	8.47945e-18
7268.00	8.36264e-18
7270.00	7.24288e-18
7272.00	8.01492e-18
7274.00	7.76617e-18
7276.00	9.62454e-18
7278.00	8.77318e-18
7280.00	8.19413e-18
7282.00	8.46141e-18
7284.00	8.46188e-18
7286.00	8.942e-18
7288.00	7.92509e-18
7290.00	7.33293e-18
7292.00	7.71799e-18
7294.00	8.2943e-18
7296.00	8.22385e-18
7298.00	7.76449e-18
7300.00	7.22026e-18
7302.00	7.59831e-18
7304.00	7.84092e-18
7306.00	7.50372e-18
7308.00	8.05386e-18
7310.00	8.48193e-18
7312.00	8.61019e-18
7314.00	8.06838e-18
7316.00	7.97038e-18
7318.00	8.00391e-18
7320.00	7.45322e-18
7322.00	7.85559e-18
7324.00	7.57347e-18
7326.00	7.63707e-18
7328.00	8.06241e-18
7330.00	8.01713e-18
7332.00	8.23614e-18
7334.00	7.98377e-18
7336.00	7.82157e-18
7338.00	8.01288e-18
7340.00	7.66222e-18
7342.00	7.79955e-18
7344.00	8.08671e-18
7346.00	8.09942e-18
7348.00	8.31094e-18
7350.00	8.30877e-18
7352.00	8.52734e-18
7354.00	8.40493e-18
7356.00	7.3568e-18
7358.00	7.62868e-18
7360.00	7.77759e-18
7362.00	6.86536e-18
7364.00	8.12339e-18
7366.00	7.91544e-18
7368.00	7.53088e-18
7370.00	7.86389e-18
7372.00	8.19759e-18
7374.00	7.90726e-18
7376.00	8.4338e-18
7378.00	8.17631e-18
7380.00	8.1628e-18
7382.00	8.05287e-18
7384.00	8.44226e-18
7386.00	8.17905e-18
7388.00	7.98843e-18
7390.00	8.24639e-18
7392.00	8.36922e-18
7394.00	7.90327e-18
7396.00	7.52469e-18
7398.00	7.88239e-18
7400.00	8.25472e-18
7402.00	8.06119e-18
7404.00	8.48136e-18
7406.00	8.34625e-18
7408.00	8.32836e-18
7410.00	7.41831e-18
7412.00	7.27242e-18
7414.00	7.73069e-18
7416.00	7.7428e-18
7418.00	8.13079e-18
7420.00	8.33063e-18
7422.00	7.88472e-18
7424.00	8.08343e-18
7426.00	8.36513e-18
7428.00	8.13974e-18
7430.00	8.15767e-18
7432.00	7.6264e-18
7434.00	7.34245e-18
7436.00	8.89812e-18
7438.00	9.6983e-18
7440.00	9.89801e-18
7442.00	8.9991e-18
7444.00	8.39665e-18
7446.00	7.88244e-18
7448.00	7.53923e-18
7450.00	7.69715e-18
7452.00	8.03737e-18
7454.00	8.10508e-18
7456.00	7.62487e-18
7458.00	8.04559e-18
7460.00	7.92022e-18
7462.00	7.08649e-18
7464.00	7.24096e-18
7466.00	7.48524e-18
7468.00	7.23203e-18
7470.00	7.51078e-18
7472.00	7.52844e-18
7474.00	7.54812e-18
7476.00	6.97076e-18
7478.00	7.57998e-18
7480.00	8.37455e-18
7482.00	7.54105e-18
7484.00	7.23976e-18
7486.00	8.25589e-18
7488.00	7.94005e-18
7490.00	7.09338e-18
7492.00	7.62421e-18
7494.00	8.26121e-18
7496.00	8.18677e-18
7498.00	7.86963e-18
7500.00	7.0312e-18
7502.00	7.31176e-18
7504.00	7.46584e-18
7506.00	7.12739e-18
7508.00	7.95417e-18
7510.00	7.73857e-18
7512.00	7.78892e-18
7514.00	7.9253e-18
7516.00	8.42319e-18
7518.00	7.95578e-18
7520.00	7.19776e-18
7522.00	7.94847e-18
7524.00	8.61613e-18
7526.00	8.82216e-18
7528.00	7.85068e-18
7530.00	7.07651e-18
7532.00	6.93129e-18
7534.00	6.85406e-18
7536.00	6.70215e-18
7538.00	7.31491e-18
7540.00	7.05112e-18
7542.00	7.98885e-18
7544.00	7.77789e-18
7546.00	7.1799e-18
7548.00	7.6987e-18
7550.00	7.80966e-18
7552.00	7.81717e-18
7554.00	7.34645e-18
7556.00	8.07221e-18
7558.00	8.13335e-18
7560.00	7.0961e-18
7562.00	8.3707e-18
7564.00	8.17478e-18
7566.00	8.14293e-18
7568.00	7.504e-18
7570.00	8.01997e-18
7572.00	8.92764e-18
7574.00	7.80981e-18
7576.00	7.62524e-18
7578.00	7.87982e-18
7580.00	7.38283e-18
7582.00	7.7291e-18
7584.00	7.99472e-18
7586.00	7.12958e-18
7588.00	6.85866e-18
7590.00	7.72789e-18
7592.00	7.45704e-18
7594.00	7.347e-18
7596.00	6.50567e-18
7598.00	7.88546e-18
7600.00	8.66743e-18
7602.00	7.83822e-18
7604.00	8.02994e-18
7606.00	7.7726e-18
7608.00	9.227e-18
7610.00	8.82292e-18
7612.00	8.182e-18
7614.00	9.26935e-18
7616.00	8.50871e-18
7618.00	7.55299e-18
7620.00	7.73694e-18
7622.00	7.37396e-18
7624.00	7.2679e-18
7626.00	7.20937e-18
7628.00	7.332e-18
7630.00	7.10698e-18
7632.00	6.73381e-18
7634.00	7.73534e-18
7636.00	8.31327e-18
7638.00	8.11867e-18
7640.00	8.15822e-18
7642.00	8.7401e-18
7644.00	7.84417e-18
7646.00	7.16887e-18
7648.00	6.9684e-18
7650.00	6.75292e-18
7652.00	7.23079e-18
7654.00	7.74779e-18
7656.00	7.98699e-18
7658.00	8.37636e-18
7660.00	8.33886e-18
7662.00	8.34559e-18
7664.00	8.15483e-18
7666.00	7.84012e-18
7668.00	8.52657e-18
7670.00	8.58591e-18
7672.00	7.91784e-18
7674.00	7.76032e-18
7676.00	8.04316e-18
7678.00	8.01275e-18
7680.00	7.32332e-18
7682.00	7.23962e-18
7684.00	7.45377e-18
7686.00	7.82442e-18
7688.00	8.50497e-18
7690.00	8.53976e-18
7692.00	7.13048e-18
7694.00	6.83382e-18
7696.00	8.17159e-18
7698.00	7.05892e-18
7700.00	6.91167e-18
7702.00	7.87596e-18
7704.00	8.35645e-18
7706.00	8.27351e-18
7708.00	7.60257e-18
7710.00	6.97377e-18
7712.00	7.95078e-18
7714.00	8.18487e-18
7716.00	6.94978e-18
7718.00	7.70259e-18
7720.00	7.09785e-18
7722.00	8.43734e-18
7724.00	8.67464e-18
7726.00	8.44143e-18
7728.00	7.67526e-18
7730.00	6.50455e-18
7732.00	6.81856e-18
7734.00	7.9639e-18
7736.00	7.66885e-18
7738.00	6.79333e-18
7740.00	7.70174e-18
7742.00	8.56747e-18
7744.00	8.25527e-18
7746.00	7.5714e-18
7748.00	6.05699e-18
7750.00	6.69608e-18
7752.00	7.56895e-18
7754.00	6.19824e-18
7756.00	8.22812e-18
7758.00	7.95996e-18
7760.00	8.68623e-18
7762.00	9.2044e-18
7764.00	7.67225e-18
7766.00	7.19121e-18
7768.00	6.93347e-18
7770.00	7.60202e-18
7772.00	7.40401e-18
7774.00	7.28643e-18
7776.00	7.18373e-18
7778.00	7.72007e-18
7780.00	7.37934e-18
7782.00	7.52133e-18
7784.00	6.81368e-18
7786.00	7.19891e-18
7788.00	7.54289e-18
7790.00	8.14598e-18
7792.00	8.34498e-18
7794.00	8.00955e-18
7796.00	7.36782e-18
7798.00	7.80772e-18
7800.00	7.01208e-18
7802.00	6.40648e-18
7804.00	7.10119e-18
7806.00	8.07077e-18
7808.00	7.26782e-18
7810.00	6.75324e-18
7812.00	6.81427e-18
7814.00	6.96497e-18
7816.00	7.49245e-18
7818.00	8.12489e-18
7820.00	8.37964e-18
7822.00	7.9098e-18
7824.00	7.77845e-18
7826.00	7.02225e-18
7828.00	7.60392e-18
7830.00	8.03921e-18
7832.00	7.37254e-18
7834.00	7.07215e-18
7836.00	7.07761e-18
7838.00	6.95771e-18
7840.00	7.01332e-18
7842.00	6.40389e-18
7844.00	6.60873e-18
7846.00	6.76269e-18
7848.00	5.94954e-18
7850.00	6.9032e-18
7852.00	9.15769e-18
7854.00	9.60178e-18
7856.00	8.68422e-18
7858.00	7.82283e-18
7860.00	7.60301e-18
7862.00	7.63277e-18
7864.00	7.272e-18
7866.00	7.86744e-18
7868.00	7.21802e-18
7870.00	6.99814e-18
7872.00	7.5627e-18
7874.00	7.6088e-18
7876.00	7.24298e-18
7878.00	6.1679e-18
7880.00	5.95647e-18
7882.00	7.36876e-18
7884.00	7.96966e-18
7886.00	6.20169e-18
7888.00	6.75426e-18
7890.00	8.45907e-18
7892.00	7.78396e-18
7894.00	7.27094e-18
7896.00	7.76171e-18
7898.00	7.43723e-18
7900.00	6.60766e-18
7902.00	6.22081e-18
7904.00	6.5576e-18
7906.00	7.22595e-18
7908.00	6.96004e-18
7910.00	7.24367e-18
7912.00	7.53373e-18
7914.00	7.34507e-18
7916.00	7.35355e-18
7918.00	7.91449e-18
7920.00	7.83109e-18
7922.00	6.77645e-18
7924.00	7.39455e-18
7926.00	7.36751e-18
7928.00	7.16005e-18
7930.00	7.68501e-18
7932.00	6.97108e-18
7934.00	6.50204e-18
7936.00	7.28521e-18
7938.00	7.27348e-18
7940.00	7.28002e-18
7942.00	6.65656e-18
7944.00	7.26415e-18
7946.00	7.39959e-18
7948.00	7.53855e-18
7950.00	6.9729e-18
7952.00	6.04597e-18
7954.00	6.62489e-18
7956.00	6.75815e-18
7958.00	6.89659e-18
7960.00	7.54989e-18
7962.00	7.95793e-18
7964.00	9.03106e-18
7966.00	8.02331e-18
7968.00	6.73603e-18
7970.00	7.506e-18
7972.00	7.62942e-18
7974.00	7.32565e-18
7976.00	8.66271e-18
7978.00	8.31866e-18
7980.00	6.91836e-18
7982.00	7.23502e-18
7984.00	7.87909e-18
7986.00	7.32164e-18
7988.00	6.48122e-18
7990.00	8.06057e-18
7992.00	5.56068e-18
7994.00	6.96274e-18
7996.00	5.68332e-18
7998.00	6.33701e-18
8000.00	6.78847e-18
8002.00	6.6613e-18
8004.00	7.57877e-18
8006.00	7.34623e-18
8008.00	7.17809e-18
8010.00	6.8366e-18
8012.00	7.03073e-18
8014.00	7.60891e-18
8016.00	7.41904e-18
8018.00	7.20092e-18
8020.00	6.37865e-18
8022.00	6.67144e-18
8024.00	7.52646e-18
8026.00	8.97855e-18
8028.00	7.256e-18
8030.00	6.87723e-18
8032.00	7.34143e-18
8034.00	6.39869e-18
8036.00	6.82309e-18
8038.00	7.88943e-18
8040.00	7.69663e-18
8042.00	7.06996e-18
8044.00	7.3903e-18
8046.00	7.29639e-18
8048.00	7.12791e-18
8050.00	6.9156e-18
8052.00	7.00404e-18
8054.00	6.45887e-18
8056.00	6.40162e-18
8058.00	7.03467e-18
8060.00	7.99337e-18
8062.00	8.41592e-18
8064.00	7.1655e-18
8066.00	7.02302e-18
8068.00	7.9394e-18
8070.00	6.93496e-18
8072.00	6.95756e-18
8074.00	7.0656e-18
8076.00	6.78375e-18
8078.00	7.26364e-18
8080.00	7.65404e-18
8082.00	7.4489e-18
8084.00	7.54082e-18
8086.00	7.47904e-18
8088.00	6.94842e-18
8090.00	6.9992e-18
8092.00	6.86277e-18
8094.00	6.77489e-18
8096.00	7.75359e-18
8098.00	7.37779e-18
8100.00	6.69286e-18
8102.00	7.31758e-18
8104.00	7.63366e-18
8106.00	7.31398e-18
8108.00	7.06681e-18
8110.00	7.11802e-18
8112.00	7.06885e-18
8114.00	6.93226e-18
8116.00	6.51315e-18
8118.00	6.38132e-18
8120.00	6.93987e-18
8122.00	7.58903e-18
8124.00	7.04252e-18
8126.00	7.44401e-18
8128.00	7.88585e-18
8130.00	7.30717e-18
8132.00	6.49053e-18
8134.00	7.27487e-18
8136.00	7.64998e-18
8138.00	7.45902e-18
8140.00	6.92543e-18
8142.00	7.78184e-18
8144.00	7.99029e-18
8146.00	7.63303e-18
8148.00	8.42971e-18
8150.00	7.23208e-18
8152.00	7.43911e-18
8154.00	6.89637e-18
8156.00	7.19905e-18
8158.00	7.01001e-18
8160.00	6.6113e-18
8162.00	6.72382e-18
8164.00	7.62645e-18
8166.00	7.77353e-18
8168.00	7.53589e-18
8170.00	7.71223e-18
8172.00	7.84942e-18
8174.00	7.18194e-18
8176.00	7.54403e-18
8178.00	7.31691e-18
8180.00	7.09823e-18
8182.00	7.28747e-18
8184.00	6.94219e-18
8186.00	7.5419e-18
8188.00	8.37656e-18
8190.00	7.80685e-18
8192.00	7.85238e-18
8194.00	7.39202e-18
8196.00	7.19654e-18
8198.00	7.21596e-18
8200.00	7.20216e-18
8202.00	7.24969e-18
8204.00	6.78116e-18
8206.00	6.67247e-18
8208.00	7.34103e-18
8210.00	7.79192e-18
8212.00	7.63515e-18
8214.00	7.34489e-18
8216.00	6.95128e-18
8218.00	6.9622e-18
8220.00	6.75114e-18
8222.00	6.31177e-18
8224.00	6.48768e-18
8226.00	7.77767e-18
8228.00	7.7721e-18
8230.00	6.79377e-18
8232.00	7.37096e-18
8234.00	7.01809e-18
8236.00	6.92588e-18
8238.00	7.81682e-18
8240.00	8.02114e-18
8242.00	7.3998e-18
8244.00	7.56416e-18
8246.00	7.56206e-18
8248.00	7.08156e-18
8250.00	6.78952e-18
8252.00	7.24496e-18
8254.00	6.9988e-18
8256.00	6.8231e-18
8258.00	6.68025e-18
8260.00	6.79043e-18
8262.00	7.4771e-18
8264.00	7.26533e-18
8266.00	7.82974e-18
8268.00	7.87676e-18
8270.00	7.23726e-18
8272.00	6.26852e-18
8274.00	6.03989e-18
8276.00	6.47632e-18
8278.00	7.74272e-18
8280.00	8.90404e-18
8282.00	7.7488e-18
8284.00	9.07998e-18
8286.00	1.08622e-17
8288.00	9.87673e-18
8290.00	1.0163e-17
8292.00	9.56222e-18
8294.00	8.73851e-18
8296.00	8.69418e-18
8298.00	7.90513e-18
8300.00	7.14938e-18
8302.00	1.08615e-17
8304.00	2.21965e-17
8306.00	3.00966e-17
8308.00	3.02422e-17
8310.00	2.79214e-17
8312.00	2.19891e-17
8314.00	1.71989e-17
8316.00	1.25461e-17
8318.00	8.5926e-18
8320.00	7.47891e-18
8322.00	7.40334e-18
8324.00	7.24366e-18
8326.00	7.1629e-18
8328.00	8.2929e-18
8330.00	1.07063e-17
8332.00	1.25018e-17
8334.00	1.30059e-17
8336.00	1.3987e-17
8338.00	1.29086e-17
8340.00	1.00855e-17
8342.00	9.34914e-18
8344.00	1.00261e-17
8346.00	7.17895e-18
8348.00	6.16023e-18
8350.00	7.28428e-18
8352.00	8.39046e-18
8354.00	6.50224e-18
8356.00	5.54757e-18
8358.00	5.62149e-18
8360.00	6.81217e-18
8362.00	7.70784e-18
8364.00	7.45939e-18
8366.00	8.3033e-18
8368.00	9.07127e-18
8370.00	8.53892e-18
8372.00	8.13161e-18
8374.00	7.83252e-18
8376.00	7.91695e-18
8378.00	8.11051e-18
8380.00	6.78314e-18
8382.00	5.86641e-18
8384.00	7.44223e-18
8386.00	6.81812e-18
8388.00	6.36956e-18
8390.00	7.09473e-18
8392.00	7.16632e-18
8394.00	7.92077e-18
8396.00	7.37821e-18
8398.00	6.25183e-18
8400.00	4.97044e-18
8402.00	5.48982e-18
8404.00	6.43341e-18
8406.00	7.34975e-18
8408.00	7.9146e-18
8410.00	6.15144e-18
8412.00	6.60607e-18
8414.00	7.69587e-18
8416.00	7.30647e-18
8418.00	7.90307e-18
8420.00	8.12472e-18
8422.00	6.4936e-18
8424.00	6.06199e-18
8426.00	6.75805e-18
8428.00	9.60915e-18
8430.00	8.61123e-18
8432.00	6.53336e-18
8434.00	6.54085e-18
8436.00	6.20978e-18
8438.00	5.81837e-18
8440.00	6.98798e-18
8442.00	6.63077e-18
8444.00	6.7483e-18
8446.00	7.07024e-18
8448.00	6.61997e-18
8450.00	7.42516e-18
8452.00	7.07498e-18
8454.00	6.6382e-18
8456.00	5.83343e-18
8458.00	7.20219e-18
8460.00	8.22729e-18
8462.00	7.08892e-18
8464.00	5.24275e-18
8466.00	6.21347e-18
8468.00	7.20145e-18
8470.00	6.66227e-18
8472.00	7.09616e-18
8474.00	7.01221e-18
8476.00	7.15562e-18
8478.00	7.41918e-18
8480.00	7.13579e-18
8482.00	6.39849e-18
8484.00	6.85831e-18
8486.00	7.29757e-18
8488.00	6.71908e-18
8490.00	6.42543e-18
8492.00	7.43354e-18
8494.00	6.94021e-18
8496.00	7.3446e-18
8498.00	1.00892e-17
8500.00	1.20414e-17
8502.00	1.35843e-17
8504.00	1.2619e-17
8506.00	1.17272e-17
8508.00	1.08051e-17
8510.00	8.97714e-18
8512.00	8.6678e-18
8514.00	7.92776e-18
8516.00	7.9857e-18
8518.00	9.34611e-18
8520.00	1.09602e-17
8522.00	1.0147e-17
8524.00	9.62024e-18
8526.00	8.26529e-18
8528.00	7.48935e-18
8530.00	7.82054e-18
8532.00	7.70044e-18
8534.00	7.37288e-18
8536.00	7.21821e-18
8538.00	7.69226e-18
8540.00	8.55875e-18
8542.00	7.92178e-18
8544.00	5.91857e-18
8546.00	4.98232e-18
8548.00	6.43293e-18
8550.00	6.9852e-18
8552.00	5.89649e-18
8554.00	6.632e-18
8556.00	6.38026e-18
8558.00	5.98322e-18
8560.00	6.67343e-18
8562.00	6.64253e-18
8564.00	6.56626e-18
8566.00	6.8173e-18
8568.00	6.53758e-18
8570.00	6.11656e-18
8572.00	5.94971e-18
8574.00	6.34464e-18
8576.00	7.03428e-18
8578.00	6.65862e-18
8580.00	5.92949e-18
8582.00	5.87725e-18
8584.00	6.63353e-18
8586.00	7.38446e-18
8588.00	7.7411e-18
8590.00	8.12433e-18
8592.00	7.31609e-18
8594.00	6.89535e-18
8596.00	6.78365e-18
8598.00	6.22614e-18
8600.00	6.26051e-18
8602.00	6.93679e-18
8604.00	6.74343e-18
8606.00	6.00418e-18
8608.00	5.57651e-18
8610.00	3.81255e-18
8612.00	2.8948e-18
8614.00	6.91482e-18
8616.00	7.77901e-18
8618.00	6.946e-18
8620.00	6.71925e-18
8622.00	6.96635e-18
8624.00	6.40906e-18
8626.00	6.15973e-18
8628.00	6.63482e-18
8630.00	4.87667e-18
8632.00	4.978e-18
8634.00	7.88423e-18
8636.00	7.03259e-18
8638.00	7.5245e-18
8640.00	7.96709e-18
8642.00	7.95305e-18
8644.00	7.46685e-18
8646.00	5.95942e-18
8648.00	6.83669e-18
8650.00	7.22644e-18
8652.00	7.3773e-18
8654.00	6.98198e-18
8656.00	6.55991e-18
8658.00	5.93748e-18
8660.00	5.59023e-18
8662.00	7.13422e-18
8664.00	6.70284e-18
8666.00	5.80973e-18
8668.00	6.03052e-18
8670.00	6.26064e-18
8672.00	7.0097e-18
8674.00	7.02151e-18
8676.00	6.32901e-18
8678.00	6.84175e-18
8680.00	7.53352e-18
8682.00	6.51161e-18
8684.00	8.12126e-18
8686.00	8.41796e-18
8688.00	6.61258e-18
8690.00	5.99644e-18
8692.00	6.20679e-18
8694.00	6.91957e-18
8696.00	6.8583e-18
8698.00	6.53277e-18
8700.00	5.78784e-18
8702.00	7.41653e-18
8704.00	7.0746e-18
8706.00	6.53176e-18
8708.00	7.02135e-18
8710.00	6.16861e-18
8712.00	6.70615e-18
8714.00	7.02123e-18
8716.00	6.76657e-18
8718.00	6.2818e-18
8720.00	6.9626e-18
8722.00	6.92471e-18
8724.00	7.31224e-18
8726.00	7.78682e-18
8728.00	7.47984e-18
8730.00	6.79518e-18
8732.00	6.87474e-18
8734.00	7.34537e-18
8736.00	7.97118e-18
8738.00	7.54255e-18
8740.00	7.50785e-18
8742.00	7.78496e-18
8744.00	7.01261e-18
8746.00	7.73235e-18
8748.00	8.02127e-18
8750.00	7.54747e-18
8752.00	6.61131e-18
8754.00	6.64078e-18
8756.00	7.25774e-18
8758.00	6.70855e-18
8760.00	6.80564e-18
8762.00	6.39503e-18
8764.00	6.1319e-18
8766.00	6.61008e-18
8768.00	7.11029e-18
8770.00	5.6888e-18
8772.00	6.08203e-18
8774.00	7.53408e-18
8776.00	7.77197e-18
8778.00	6.15438e-18
8780.00	5.28105e-18
8782.00	6.38794e-18
8784.00	7.8812e-18
8786.00	6.92378e-18
8788.00	8.45534e-18
8790.00	6.27491e-18
8792.00	4.36027e-18
8794.00	6.97783e-18
8796.00	6.6492e-18
8798.00	6.15856e-18
8800.00	6.07065e-18
8802.00	5.89883e-18
8804.00	6.37147e-18
8806.00	6.78988e-18
8808.00	6.03274e-18
8810.00	7.04336e-18
8812.00	8.53876e-18
8814.00	6.77744e-18
8816.00	7.46984e-18
8818.00	7.9753e-18
8820.00	7.317e-18
8822.00	6.58322e-18
8824.00	6.89573e-18
8826.00	7.2947e-18
8828.00	7.54034e-18
8830.00	5.63519e-18
8832.00	4.82687e-18
8834.00	6.28282e-18
8836.00	6.63185e-18
8838.00	5.99608e-18
8840.00	6.91212e-18
8842.00	6.29922e-18
8844.00	8.14599e-18
8846.00	8.08086e-18
8848.00	7.87383e-18
8850.00	7.45515e-18
8852.00	7.7112e-18
8854.00	7.92927e-18
8856.00	7.22864e-18
8858.00	7.10228e-18
8860.00	6.5372e-18
8862.00	7.18794e-18
8864.00	8.25342e-18
8866.00	8.94192e-18
8868.00	7.56944e-18
8870.00	5.49362e-18
8872.00	5.74359e-18
8874.00	5.51901e-18
8876.00	6.00876e-18
8878.00	6.73108e-18
8880.00	6.86055e-18
8882.00	6.34131e-18
8884.00	5.91494e-18
8886.00	5.28991e-18
8888.00	5.78687e-18
8890.00	6.70471e-18
8892.00	5.92809e-18
8894.00	5.60208e-18
8896.00	6.12688e-18
8898.00	6.19349e-18
8900.00	6.33592e-18
8902.00	7.23826e-18
8904.00	5.83363e-18
8906.00	5.40902e-18
8908.00	6.84625e-18
8910.00	6.16384e-18
8912.00	7.52918e-18
8914.00	1.01995e-17
8916.00	9.82762e-18
8918.00	1.00772e-17
8920.00	8.11826e-18
8922.00	6.58252e-18
8924.00	7.88364e-18
8926.00	9.66335e-18
8928.00	9.58304e-18
8930.00	7.91198e-18
8932.00	7.20917e-18
8934.00	6.9721e-18
8936.00	6.41946e-18
8938.00	8.28573e-18
8940.00	8.93528e-18
8942.00	7.14886e-18
8944.00	6.94677e-18
8946.00	6.55779e-18
8948.00	6.87526e-18
8950.00	6.87242e-18
8952.00	6.43089e-18
8954.00	8.18515e-18
8956.00	8.78738e-18
8958.00	6.36765e-18
8960.00	6.24263e-18
8962.00	7.87729e-18
8964.00	7.55628e-18
8966.00	5.15475e-18
8968.00	5.90447e-18
8970.00	6.92722e-18
8972.00	6.94681e-18
8974.00	6.05885e-18
8976.00	6.4105e-18
8978.00	7.65596e-18
8980.00	7.77982e-18
8982.00	7.51251e-18
8984.00	6.02769e-18
8986.00	6.50748e-18
8988.00	7.43325e-18
8990.00	6.69711e-18
8992.00	6.52628e-18
8994.00	6.73233e-18
8996.00	7.64434e-18
8998.00	9.19593e-18
9000.00	1.07936e-17
9002.00	7.97177e-18
9004.00	7.5538e-18
9006.00	7.51792e-18
9008.00	5.26568e-18
9010.00	5.75385e-18
9012.00	7.96919e-18
9014.00	8.50852e-18
9016.00	7.52272e-18
9018.00	7.2333e-18
9020.00	5.96352e-18
9022.00	6.45084e-18
9024.00	6.61069e-18
9026.00	6.67772e-18
9028.00	6.03586e-18
9030.00	7.35546e-18
9032.00	8.17091e-18
9034.00	7.66397e-18
9036.00	5.93547e-18
9038.00	4.965e-18
9040.00	7.05585e-18
9042.00	6.977e-18
9044.00	5.4422e-18
9046.00	4.74534e-18
9048.00	4.46155e-18
9050.00	4.80822e-18
9052.00	6.60432e-18
9054.00	7.34272e-18
9056.00	6.77295e-18
9058.00	6.57826e-18
9060.00	7.33731e-18
9062.00	6.39471e-18
9064.00	6.22963e-18
9066.00	7.41563e-18
9068.00	5.98935e-18
9070.00	5.69395e-18
9072.00	7.03041e-18
9074.00	6.46413e-18
9076.00	6.18536e-18
9078.00	7.13728e-18
9080.00	6.47915e-18
9082.00	6.20446e-18
9084.00	7.23514e-18
9086.00	5.72434e-18
9088.00	4.67762e-18
9090.00	4.86843e-18
9092.00	4.97102e-18
9094.00	5.22357e-18
9096.00	5.50762e-18
9098.00	2.00219e-18
9100.00	1.78281e-18
9102.00	7.91839e-18
9104.00	8.76745e-18
9106.00	8.40435e-18
9108.00	8.30816e-18
9110.00	7.96415e-18
9112.00	7.34386e-18
9114.00	6.28347e-18
9116.00	6.64716e-18
9118.00	6.69401e-18
9120.00	6.52319e-18
9122.00	6.66675e-18
9124.00	6.48519e-18
9126.00	6.66157e-18
9128.00	6.16751e-18
9130.00	5.25115e-18
9132.00	5.71168e-18
9134.00	5.26408e-18
9136.00	4.58925e-18
9138.00	5.4543e-18
9140.00	5.68359e-18
9142.00	6.05183e-18
9144.00	6.82648e-18
9146.00	6.47832e-18
9148.00	5.10718e-18
9150.00	5.4128e-18
9152.00	5.71018e-18
9154.00	5.67514e-18
9156.00	6.49391e-18
9158.00	6.52948e-18
9160.00	6.27453e-18
9162.00	6.23121e-18
9164.00	5.8385e-18
9166.00	5.86014e-18
9168.00	5.54458e-18
9170.00	6.54054e-18
9172.00	7.42714e-18
9174.00	6.43178e-18
9176.00	5.03312e-18
9178.00	5.64345e-18
9180.00	7.187e-18
9182.00	7.18101e-18
9184.00	7.22535e-18
9186.00	7.01359e-18
9188.00	5.99033e-18
9190.00	6.96632e-18
9192.00	7.44916e-18
9194.00	7.10664e-18
9196.00	6.55809e-18
9198.00	5.07412e-18
9200.00	5.41798e-18
9202.00	6.24679e-18
9204.00	6.2697e-18
9206.00	5.95691e-18
9208.00	6.50218e-18
9210.00	7.12348e-18
9212.00	6.29272e-18
9214.00	6.87089e-18
9216.00	5.56514e-18
9218.00	6.09595e-18
9220.00	7.39271e-18
9222.00	7.94127e-18
9224.00	8.01846e-18
9226.00	6.27944e-18
9228.00	5.031e-18
9230.00	5.36489e-18
9232.00	7.21406e-18
9234.00	7.63807e-18
9236.00	6.52062e-18
9238.00	5.83669e-18
9240.00	8.71922e-18
9242.00	8.4805e-18
9244.00	5.61593e-18
9246.00	7.80284e-18
9248.00	6.71435e-18
9250.00	5.06149e-18
9252.00	6.52323e-18
9254.00	6.86778e-18
9256.00	5.93718e-18
9258.00	6.03915e-18
9260.00	6.78345e-18
9262.00	5.39446e-18
9264.00	6.5331e-18
9266.00	8.26649e-18
9268.00	7.01645e-18
9270.00	6.70415e-18
9272.00	7.98841e-18
9274.00	6.55063e-18
9276.00	5.72472e-18
9278.00	6.38586e-18
9280.00	7.35806e-18
9282.00	7.97954e-18
9284.00	7.19174e-18
9286.00	7.0106e-18
9288.00	6.32074e-18
9290.00	6.18224e-18
9292.00	6.70613e-18
9294.00	8.03542e-18
9296.00	7.4499e-18
9298.00	7.18582e-18
9300.00	7.59974e-18
9302.00	5.96451e-18
9304.00	6.67352e-18
9306.00	7.14782e-18
9308.00	3.79433e-18
9310.00	3.80566e-18
9312.00	5.31179e-18
9314.00	7.98696e-18
9316.00	6.96067e-18
9318.00	6.15848e-18
9320.00	5.33853e-18
