5015.5 0.28383
5017.2 0.2853
5019 0.28062
5020.8 0.27047
5022.5 0.27092
5024.3 0.28244
5026 0.2857
5027.8 0.29343
5029.6 0.28587
5031.3 0.28299
5033.1 0.28052
5034.9 0.28447
5036.6 0.28265
5038.4 0.27121
5040.2 0.26058
5041.9 0.26178
5043.7 0.2599
5045.5 0.25305
5047.2 0.25329
5049 0.24666
5050.8 0.2542
5052.5 0.25102
5054.3 0.26118
5056.1 0.25576
5057.8 0.25188
5059.6 0.2502
5061.4 0.25074
5063.1 0.24842
5064.9 0.24105
5066.7 0.24139
5068.4 0.24631
5070.2 0.24758
5072 0.24625
5073.7 0.2417
5075.5 0.24041
5077.3 0.22993
5079 0.21579
5080.8 0.20793
5082.6 0.20934
5084.3 0.21285
5086.1 0.22654
5087.9 0.23829
5089.6 0.24449
5091.4 0.23273
5093.2 0.23191
5094.9 0.23295
5096.7 0.23128
5098.5 0.22275
5100.2 0.22054
5102 0.22421
5103.8 0.21985
5105.5 0.22716
5107.3 0.23288
5109.1 0.23584
5110.8 0.2329
5112.6 0.2304
5114.3 0.23172
5116.1 0.22879
5117.9 0.2279
5119.6 0.23363
5121.4 0.23776
5123.2 0.24605
5124.9 0.23876
5126.7 0.23594
5128.5 0.23332
5130.2 0.25125
5132 0.25907
5133.8 0.24909
5135.5 0.2445
5137.3 0.24769
5139.1 0.26407
5140.8 0.26733
5142.6 0.26726
5144.4 0.26599
5146.1 0.26409
5147.9 0.26677
5149.7 0.27146
5151.4 0.2768
5153.2 0.28799
5155 0.29085
5156.7 0.28976
5158.5 0.28347
5160.3 0.27245
5162 0.28054
5163.8 0.27335
5165.6 0.2804
5167.3 0.268
5169.1 0.27649
5170.9 0.2832
5172.6 0.29442
5174.4 0.29449
5176.2 0.2967
5177.9 0.29695
5179.7 0.30115
5181.5 0.29672
5183.2 0.28792
5185 0.28427
5186.8 0.29436
5188.5 0.30681
5190.3 0.31605
5192.1 0.31039
5193.8 0.30455
5195.6 0.29572
5197.4 0.30208
5199.1 0.29561
5200.9 0.29639
5202.6 0.28636
5204.4 0.29509
5206.2 0.29578
5207.9 0.29781
5209.7 0.29253
5211.5 0.28685
5213.2 0.2867
5215 0.29038
5216.8 0.27931
5218.5 0.26251
5220.3 0.25349
5222.1 0.26157
5223.8 0.27323
5225.6 0.27886
5227.4 0.27634
5229.1 0.27556
5230.9 0.27009
5232.7 0.28186
5234.4 0.29293
5236.2 0.29923
5238 0.29653
5239.7 0.293
5241.5 0.29272
5243.3 0.296
5245 0.29653
5246.8 0.29014
5248.6 0.28364
5250.3 0.28438
5252.1 0.29758
5253.9 0.30528
5255.6 0.30212
5257.4 0.29689
5259.2 0.28938
5260.9 0.28082
5262.7 0.27933
5264.5 0.28612
5266.2 0.29202
5268 0.29044
5269.8 0.27928
5271.5 0.27108
5273.3 0.27242
5275.1 0.27544
5276.8 0.2857
5278.6 0.29037
5280.4 0.29287
5282.1 0.28808
5283.9 0.27939
5285.7 0.27861
5287.4 0.28207
5289.2 0.29269
5290.9 0.2969
5292.7 0.30271
5294.5 0.29266
5296.2 0.2947
5298 0.29351
5299.8 0.2943
5301.5 0.28802
5303.3 0.28393
5305.1 0.28534
5306.8 0.28278
5308.6 0.28615
5310.4 0.2936
5312.1 0.29867
5313.9 0.29268
5315.7 0.28898
5317.4 0.29146
5319.2 0.29215
5321 0.2917
5322.7 0.28637
5324.5 0.28587
5326.3 0.28451
5328 0.291
5329.8 0.28851
5331.6 0.28321
5333.3 0.27923
5335.1 0.29052
5336.9 0.29531
5338.6 0.29359
5340.4 0.28706
5342.2 0.28698
5343.9 0.29492
5345.7 0.29304
5347.5 0.29676
5349.2 0.29602
5351 0.29487
5352.8 0.29057
5354.5 0.28743
5356.3 0.28767
5358.1 0.28786
5359.8 0.27556
5361.6 0.27317
5363.4 0.26647
5365.1 0.26452
5366.9 0.26194
5368.7 0.26055
5370.4 0.26648
5372.2 0.27002
5374 0.28092
5375.7 0.28077
5377.5 0.27371
5379.2 0.26108
5381 0.25211
5382.8 0.25673
5384.5 0.26605
5386.3 0.27169
5388.1 0.26374
5389.8 0.25716
5391.6 0.26041
5393.4 0.26547
5395.1 0.26758
5396.9 0.26689
5398.7 0.26746
5400.4 0.26939
5402.2 0.27233
5404 0.27019
5405.7 0.2572
5407.5 0.25164
5409.3 0.24759
5411 0.25205
5412.8 0.25222
5414.6 0.26039
5416.3 0.25687
5418.1 0.2524
5419.9 0.24739
5421.6 0.25066
5423.4 0.25054
5425.2 0.24946
5426.9 0.25445
5428.7 0.2566
5430.5 0.25404
5432.2 0.25065
5434 0.24719
5435.8 0.24394
5437.5 0.23817
5439.3 0.24058
5441.1 0.24699
5442.8 0.24366
5444.6 0.24139
5446.4 0.23563
5448.1 0.23998
5449.9 0.24264
5451.7 0.25151
5453.4 0.26289
5455.2 0.27362
5457 0.26656
5458.7 0.25057
5460.5 0.23425
5462.3 0.23
5464 0.23476
5465.8 0.24082
5467.5 0.24863
5469.3 0.24359
5471.1 0.24032
5472.8 0.23961
5474.6 0.24205
5476.4 0.23287
5478.1 0.23033
5479.9 0.22577
5481.7 0.22975
5483.4 0.23176
5485.2 0.23756
5487 0.2325
5488.7 0.22707
5490.5 0.22751
5492.3 0.2271
5494 0.22834
5495.8 0.22921
5497.6 0.23506
5499.3 0.23324
5501.1 0.23246
5502.9 0.23861
5504.6 0.24051
5506.4 0.23974
5508.2 0.23303
5509.9 0.22946
5511.7 0.23173
5513.5 0.23594
5515.2 0.2411
5517 0.24473
5518.8 0.24451
5520.5 0.24652
5522.3 0.24189
5524.1 0.24375
5525.8 0.23799
5527.6 0.23738
5529.4 0.23954
5531.1 0.2392
5532.9 0.23826
5534.7 0.23973
5536.4 0.24851
5538.2 0.25083
5540 0.24826
5541.7 0.24551
5543.5 0.24516
5545.3 0.24389
5547 0.25035
5548.8 0.25243
5550.6 0.25245
5552.3 0.24562
5554.1 0.24911
5555.8 0.25295
5557.6 0.25297
5559.4 0.24845
5561.1 0.25079
5562.9 0.26743
5564.7 0.27217
5566.4 0.26312
5568.2 0.24586
5570 0.24169
5571.7 0.24304
5573.5 0.24437
5575.3 0.24603
5577 0.24319
5578.8 0.24149
5580.6 0.238
5582.3 0.24001
5584.1 0.2375
5585.9 0.23609
5587.6 0.2358
5589.4 0.2323
5591.2 0.23472
5592.9 0.23268
5594.7 0.2337
5596.5 0.23231
5598.2 0.23446
5600 0.23505
5601.8 0.22744
5603.5 0.22366
5605.3 0.22047
5607.1 0.22198
5608.8 0.22122
5610.6 0.22504
5612.4 0.224
5614.1 0.21466
5615.9 0.20621
5617.7 0.20487
5619.4 0.21155
5621.2 0.21484
5623 0.20654
5624.7 0.19908
5626.5 0.19136
5628.3 0.19609
5630 0.19973
5631.8 0.20868
5633.6 0.21654
5635.3 0.21624
5637.1 0.2129
5638.9 0.2031
5640.6 0.20061
5642.4 0.20095
5644.2 0.20628
5645.9 0.21434
5647.7 0.21975
5649.4 0.21781
5651.2 0.21642
5653 0.2047
5654.7 0.19978
5656.5 0.19472
5658.3 0.199
5660 0.20397
5661.8 0.20192
5663.6 0.20266
5665.3 0.20067
5667.1 0.20567
5668.9 0.20725
5670.6 0.21023
5672.4 0.20782
5674.2 0.20014
5675.9 0.19873
5677.7 0.19954
5679.5 0.19626
5681.2 0.1921
5683 0.18721
5684.8 0.1928
5686.5 0.19071
5688.3 0.189
5690.1 0.18853
5691.8 0.18832
5693.6 0.18827
5695.4 0.18674
5697.1 0.18893
5698.9 0.1885
5700.7 0.18834
5702.4 0.18998
5704.2 0.18718
5706 0.18301
5707.7 0.17811
5709.5 0.18394
5711.3 0.18857
5713 0.19336
5714.8 0.18896
5716.6 0.1921
5718.3 0.19608
5720.1 0.20105
5721.9 0.19822
5723.6 0.18372
5725.4 0.17725
5727.2 0.17447
5728.9 0.17943
5730.7 0.17993
5732.5 0.17949
5734.2 0.18033
5736 0.18347
5737.7 0.18261
5739.5 0.18054
5741.3 0.17954
5743 0.18055
5744.8 0.17953
5746.6 0.17473
5748.3 0.16731
5750.1 0.16805
5751.9 0.16768
5753.6 0.17468
5755.4 0.16939
5757.2 0.17254
5758.9 0.17667
5760.7 0.18522
5762.5 0.18401
5764.2 0.18399
5766 0.18524
5767.8 0.18742
5769.5 0.1843
5771.3 0.18516
5773.1 0.18783
5774.8 0.19164
5776.6 0.19015
5778.4 0.18834
5780.1 0.18491
5781.9 0.1813
5783.7 0.1766
5785.4 0.17898
5787.2 0.1832
5789 0.18056
5790.7 0.18124
5792.5 0.17922
5794.3 0.19173
5796 0.19394
5797.8 0.20192
5799.6 0.20111
5801.3 0.20158
5803.1 0.20049
5804.9 0.19933
5806.6 0.18867
5808.4 0.18192
5810.2 0.17606
5811.9 0.17999
5813.7 0.17861
5815.5 0.1824
5817.2 0.18425
5819 0.18215
5820.8 0.18049
5822.5 0.18036
5824.3 0.18815
5826 0.18903
5827.8 0.18959
5829.6 0.19296
5831.3 0.2024
5833.1 0.20031
5834.9 0.19768
5836.6 0.19376
5838.4 0.19627
5840.2 0.19026
5841.9 0.1889
5843.7 0.18467
5845.5 0.18116
5847.2 0.18005
5849 0.18026
5850.8 0.18491
5852.5 0.18261
5854.3 0.1848
5856.1 0.18517
5857.8 0.18957
5859.6 0.19245
5861.4 0.19387
5863.1 0.19646
5864.9 0.19529
5866.7 0.19856
5868.4 0.19932
5870.2 0.21447
5872 0.227
5873.7 0.23596
5875.5 0.23539
5877.3 0.22654
5879 0.21263
5880.8 0.2048
5882.6 0.2059
5884.3 0.20932
5886.1 0.2055
5887.9 0.20154
5889.6 0.2014
5891.4 0.20006
5893.2 0.20093
5894.9 0.20301
5896.7 0.20481
5898.5 0.20756
5900.2 0.20348
5902 0.20203
5903.8 0.19278
5905.5 0.194
5907.3 0.19924
5909.1 0.20832
5910.8 0.2152
5912.6 0.214
5914.3 0.20681
5916.1 0.19341
5917.9 0.19144
5919.6 0.19732
5921.4 0.20397
5923.2 0.2019
5924.9 0.19746
5926.7 0.19532
5928.5 0.19886
5930.2 0.20531
5932 0.20634
5933.8 0.19984
5935.5 0.19106
5937.3 0.1951
5939.1 0.20374
5940.8 0.21278
5942.6 0.21322
5944.4 0.21268
5946.1 0.21226
5947.9 0.21373
5949.7 0.21595
5951.4 0.20893
5953.2 0.20794
5955 0.20033
5956.7 0.20114
5958.5 0.19652
5960.3 0.19707
5962 0.19594
5963.8 0.1973
5965.6 0.20201
5967.3 0.20831
5969.1 0.20437
5970.9 0.19831
5972.6 0.1965
5974.4 0.19845
5976.2 0.19783
5977.9 0.19412
5979.7 0.19542
5981.5 0.19645
5983.2 0.20254
5985 0.20073
5986.8 0.19658
5988.5 0.188
5990.3 0.18592
5992.1 0.1859
5993.8 0.18568
5995.6 0.18731
5997.4 0.19002
5999.1 0.18937
6000.9 0.18753
6002.6 0.18674
6004.4 0.18623
6006.2 0.18358
6007.9 0.18138
6009.7 0.18611
6011.5 0.18973
6013.2 0.18948
6015 0.18395
6016.8 0.18125
6018.5 0.18462
6020.3 0.18357
6022.1 0.17944
6023.8 0.17272
6025.6 0.16825
6027.4 0.16808
6029.1 0.16886
6030.9 0.17729
6032.7 0.18118
6034.4 0.18943
6036.2 0.18997
6038 0.19402
6039.7 0.18752
6041.5 0.18189
6043.3 0.18235
6045 0.18818
6046.8 0.19275
6048.6 0.18678
6050.3 0.18749
6052.1 0.19151
6053.9 0.19275
6055.6 0.18897
6057.4 0.18214
6059.2 0.18674
6060.9 0.18489
6062.7 0.19183
6064.5 0.18742
6066.2 0.19522
6068 0.20162
6069.8 0.2065
6071.5 0.20343
6073.3 0.19724
6075.1 0.19274
6076.8 0.19305
6078.6 0.18832
6080.4 0.19112
6082.1 0.18103
6083.9 0.17336
6085.7 0.17569
6087.4 0.18096
6089.2 0.18989
6090.9 0.18477
6092.7 0.19115
6094.5 0.18704
6096.2 0.19205
6098 0.18967
6099.8 0.19685
6101.5 0.19318
6103.3 0.18992
6105.1 0.18696
6106.8 0.18656
6108.6 0.18896
6110.4 0.19356
6112.1 0.1964
6113.9 0.20208
6115.7 0.20308
6117.4 0.20066
6119.2 0.19607
6121 0.19131
6122.7 0.19286
6124.5 0.19218
6126.3 0.19041
6128 0.18991
6129.8 0.1919
6131.6 0.19273
6133.3 0.19667
6135.1 0.20119
6136.9 0.20365
6138.6 0.20159
6140.4 0.19848
6142.2 0.19977
6143.9 0.19893
6145.7 0.19809
6147.5 0.19962
6149.2 0.20439
6151 0.20743
6152.8 0.20761
6154.5 0.20756
6156.3 0.20911
6158.1 0.20411
6159.8 0.20245
6161.6 0.19542
6163.4 0.20036
6165.1 0.20067
6166.9 0.19768
6168.7 0.19022
6170.4 0.18726
6172.2 0.19349
6174 0.19808
6175.7 0.20124
6177.5 0.19929
6179.2 0.19391
6181 0.19148
6182.8 0.19072
6184.5 0.19322
6186.3 0.18779
6188.1 0.18501
6189.8 0.18133
6191.6 0.18529
6193.4 0.18788
6195.1 0.19308
6196.9 0.19801
6198.7 0.19792
6200.4 0.19623
6202.2 0.19255
6204 0.19993
6205.7 0.20965
6207.5 0.21172
6209.3 0.20831
6211 0.2046
6212.8 0.2116
6214.6 0.22022
6216.3 0.22427
6218.1 0.22262
6219.9 0.21886
6221.6 0.21488
6223.4 0.21266
6225.2 0.21394
6226.9 0.21768
6228.7 0.21926
6230.5 0.2145
6232.2 0.21135
6234 0.21236
6235.8 0.21477
6237.5 0.21371
6239.3 0.21417
6241.1 0.2152
6242.8 0.22403
6244.6 0.22967
6246.4 0.24301
6248.1 0.24589
6249.9 0.24775
6251.7 0.24363
6253.4 0.24671
6255.2 0.25288
6257 0.26431
6258.7 0.27548
6260.5 0.27637
6262.3 0.2713
6264 0.262
6265.8 0.26455
6267.5 0.27087
6269.3 0.28078
6271.1 0.28229
6272.8 0.27971
6274.6 0.27905
6276.4 0.28053
6278.1 0.28355
6279.9 0.2862
6281.7 0.29023
6283.4 0.28576
6285.2 0.28208
6287 0.27771
6288.7 0.28619
6290.5 0.29103
6292.3 0.29582
6294 0.30552
6295.8 0.3195
6297.6 0.32877
6299.3 0.32934
6301.1 0.31797
6302.9 0.31174
6304.6 0.2943
6306.4 0.28518
6308.2 0.27674
6309.9 0.27899
6311.7 0.27674
6313.5 0.26873
6315.2 0.26305
6317 0.26467
6318.8 0.26697
6320.5 0.26721
6322.3 0.26701
6324.1 0.27435
6325.8 0.27522
6327.6 0.27369
6329.4 0.27119
6331.1 0.26995
6332.9 0.27269
6334.7 0.26612
6336.4 0.25588
6338.2 0.2453
6340 0.24637
6341.7 0.25352
6343.5 0.25246
6345.3 0.2486
6347 0.25185
6348.8 0.25607
6350.6 0.26208
6352.3 0.25454
6354.1 0.25213
6355.8 0.24527
6357.6 0.25134
6359.4 0.26117
6361.1 0.26762
6362.9 0.27151
6364.7 0.26913
6366.4 0.26104
6368.2 0.24978
6370 0.24403
6371.7 0.24145
6373.5 0.24032
6375.3 0.23054
6377 0.23045
6378.8 0.22908
6380.6 0.22974
6382.3 0.2319
6384.1 0.2266
6385.9 0.22462
6387.6 0.22099
6389.4 0.22127
6391.2 0.22401
6392.9 0.22371
6394.7 0.22464
6396.5 0.2148
6398.2 0.21382
6400 0.21127
6401.8 0.21371
6403.5 0.21121
6405.3 0.21279
6407.1 0.21363
6408.8 0.2106
6410.6 0.21338
6412.4 0.21223
6414.1 0.21086
6415.9 0.19901
6417.7 0.20202
6419.4 0.19802
6421.2 0.19807
6423 0.20317
6424.7 0.20962
6426.5 0.22155
6428.3 0.21386
6430 0.2135
6431.8 0.21226
6433.6 0.2131
6435.3 0.20849
6437.1 0.20116
6438.9 0.19746
6440.6 0.1994
6442.4 0.19796
6444.2 0.19583
6445.9 0.19715
6447.7 0.2042
6449.4 0.2148
6451.2 0.21452
6453 0.20797
6454.7 0.20178
6456.5 0.209
6458.3 0.211
6460 0.21179
6461.8 0.19951
6463.6 0.1972
6465.3 0.19887
6467.1 0.2081
6468.9 0.21072
6470.6 0.20606
6472.4 0.20399
6474.2 0.2019
6475.9 0.20461
6477.7 0.19591
6479.5 0.19729
6481.2 0.19619
6483 0.19731
6484.8 0.19599
6486.5 0.1936
6488.3 0.19409
6490.1 0.19581
6491.8 0.19321
6493.6 0.19555
6495.4 0.196
6497.1 0.19609
6498.9 0.19615
6500.7 0.19325
6502.4 0.20471
6504.2 0.20425
6506 0.20452
6507.7 0.19635
6509.5 0.18673
6511.3 0.1836
6513 0.18211
6514.8 0.19033
6516.6 0.19187
6518.3 0.18857
6520.1 0.18421
6521.9 0.18335
6523.6 0.18572
6525.4 0.18823
6527.2 0.18475
6528.9 0.18286
6530.7 0.18695
6532.5 0.18833
6534.2 0.18986
6536 0.18534
6537.7 0.18265
6539.5 0.18593
6541.3 0.19227
6543 0.20126
6544.8 0.20392
6546.6 0.20556
6548.3 0.20919
6550.1 0.19996
6551.9 0.18871
6553.6 0.17594
6555.4 0.1737
6557.2 0.17208
6558.9 0.16976
6560.7 0.16748
6562.5 0.16519
6564.2 0.16291
6566 0.16061
6567.8 0.15884
6569.5 0.16107
6571.3 0.16207
6573.1 0.16827
6574.8 0.17849
6576.6 0.20011
6578.4 0.22892
6580.1 0.2532
6581.9 0.27073
6583.7 0.2725
6585.4 0.25149
6587.2 0.21453
6589 0.18059
6590.7 0.16733
6592.5 0.16696
6594.3 0.17068
6596 0.17324
6597.8 0.17469
6599.6 0.17131
6601.3 0.16929
6603.1 0.16822
6604.9 0.16887
6606.6 0.16915
6608.4 0.1671
6610.2 0.16257
6611.9 0.16497
6613.7 0.16785
6615.5 0.17044
6617.2 0.16762
6619 0.16628
6620.8 0.1702
6622.5 0.17145
6624.3 0.17034
6626 0.16694
6627.8 0.16621
6629.6 0.16781
6631.3 0.16774
6633.1 0.16469
6634.9 0.164
6636.6 0.16947
6638.4 0.16854
6640.2 0.17433
6641.9 0.16636
6643.7 0.16726
6645.5 0.16056
6647.2 0.16042
6649 0.15949
6650.8 0.15607
6652.5 0.15575
6654.3 0.15306
6656.1 0.1522
6657.8 0.15669
6659.6 0.16091
6661.4 0.15793
6663.1 0.15484
6664.9 0.15704
6666.7 0.16136
6668.4 0.16322
6670.2 0.15815
6672 0.16289
6673.7 0.16517
6675.5 0.17463
6677.3 0.17558
6679 0.17383
6680.8 0.16445
6682.6 0.15803
6684.3 0.15807
6686.1 0.16132
6687.9 0.15864
6689.6 0.15435
6691.4 0.15826
6693.2 0.16095
6694.9 0.165
6696.7 0.15787
6698.5 0.16322
6700.2 0.15843
6702 0.15639
6703.8 0.15208
6705.5 0.15204
6707.3 0.15554
6709.1 0.1761
6710.8 0.22492
6712.6 0.28524
6714.3 0.33313
6716.1 0.33971
6717.9 0.31209
6719.6 0.24331
6721.4 0.19588
6723.2 0.18354
6724.9 0.22702
6726.7 0.26933
6728.5 0.30354
6730.2 0.32107
6732 0.30242
6733.8 0.2521
6735.5 0.19136
6737.3 0.16547
6739.1 0.16307
6740.8 0.16491
6742.6 0.1608
6744.4 0.15762
6746.1 0.15589
6747.9 0.15393
6749.7 0.15014
6751.4 0.1507
6753.2 0.15279
6755 0.15161
6756.7 0.14462
6758.5 0.14237
6760.3 0.14901
6762 0.15187
6763.8 0.15069
6765.6 0.14635
6767.3 0.14378
6769.1 0.14141
6770.9 0.13934
6772.6 0.14782
6774.4 0.1518
6776.2 0.15741
6777.9 0.15505
6779.7 0.15734
6781.5 0.15385
6783.2 0.1533
6785 0.1502
6786.8 0.14797
6788.5 0.14116
6790.3 0.14002
6792.1 0.14358
6793.8 0.1513
6795.6 0.15291
6797.4 0.14983
6799.1 0.14731
6800.9 0.14895
6802.6 0.1534
6804.4 0.15199
6806.2 0.1501
6807.9 0.15406
6809.7 0.15459
6811.5 0.15071
6813.2 0.14417
6815 0.1412
6816.8 0.15007
6818.5 0.15421
6820.3 0.16077
6822.1 0.15519
6823.8 0.1515
6825.6 0.15021
6827.4 0.15297
6829.1 0.15406
6830.9 0.15171
6832.7 0.14938
6834.4 0.14901
6836.2 0.14875
6838 0.15284
6839.7 0.15056
6841.5 0.15535
6843.3 0.16038
6845 0.16631
6846.8 0.16226
6848.6 0.15065
6850.3 0.14494
6852.1 0.14351
6853.9 0.14589
6855.6 0.14675
6857.4 0.14129
6859.2 0.14104
6860.9 0.14257
6862.7 0.15011
6864.5 0.15323
6866.2 0.15351
6868 0.15206
6869.8 0.14996
6871.5 0.14565
6873.3 0.14354
6875.1 0.13919
6876.8 0.14303
6878.6 0.15131
6880.4 0.15664
6882.1 0.15601
6883.9 0.15269
6885.7 0.15074
6887.4 0.15147
6889.2 0.15138
6890.9 0.15344
6892.7 0.1597
6894.5 0.15864
6896.2 0.1588
6898 0.14679
6899.8 0.14271
6901.5 0.14816
6903.3 0.15486
6905.1 0.16466
6906.8 0.16525
6908.6 0.1667
6910.4 0.15348
6912.1 0.13809
6913.9 0.12781
6915.7 0.13413
6917.4 0.13794
6919.2 0.14644
6921 0.15211
6922.7 0.15594
6924.5 0.15229
6926.3 0.14662
6928 0.14377
6929.8 0.14493
6931.6 0.14924
6933.3 0.15584
6935.1 0.16139
6936.9 0.15914
6938.6 0.14724
6940.4 0.14231
6942.2 0.13944
6943.9 0.14194
6945.7 0.14479
6947.5 0.14199
6949.2 0.14972
6951 0.15524
6952.8 0.16156
6954.5 0.15513
6956.3 0.1404
6958.1 0.13867
6959.8 0.14398
6961.6 0.15955
6963.4 0.16366
6965.1 0.16598
6966.9 0.15861
6968.7 0.15453
6970.4 0.15322
6972.2 0.15081
6974 0.14903
6975.7 0.14582
6977.5 0.14226
6979.2 0.14492
6981 0.14408
6982.8 0.14726
6984.5 0.14536
6986.3 0.14656
6988.1 0.1587
6989.8 0.15938
6991.6 0.16792
6993.4 0.15815
6995.1 0.15571
6996.9 0.14386
6998.7 0.14009
7000.4 0.14486
7002.2 0.15546
7004 0.16294
7005.7 0.16041
7007.5 0.14426
7009.3 0.13876
7011 0.14293
7012.8 0.15091
7014.6 0.15416
7016.3 0.14871
7018.1 0.14941
7019.9 0.14269
7021.6 0.1436
7023.4 0.14324
7025.2 0.14355
7026.9 0.14257
7028.7 0.14938
7030.5 0.15796
7032.2 0.16238
7034 0.15649
7035.8 0.15224
7037.5 0.14511
7039.3 0.14788
7041.1 0.15113
7042.8 0.15949
7044.6 0.15711
7046.4 0.15796
7048.1 0.15386
7049.9 0.15046
7051.7 0.15177
7053.4 0.15387
7055.2 0.15164
7057 0.14694
7058.7 0.15318
7060.5 0.15869
7062.3 0.15099
7064 0.13981
7065.8 0.13975
7067.5 0.14167
7069.3 0.14434
7071.1 0.14315
7072.8 0.14103
7074.6 0.13227
7076.4 0.12704
7078.1 0.13389
7079.9 0.13792
7081.7 0.14312
7083.4 0.14227
7085.2 0.14289
7087 0.14742
7088.7 0.15186
7090.5 0.15605
7092.3 0.14849
7094 0.14322
7095.8 0.14052
7097.6 0.1467
7099.3 0.1493
7101.1 0.15155
7102.9 0.1494
7104.6 0.15117
7106.4 0.15167
7108.2 0.14975
7109.9 0.14903
7111.7 0.15291
7113.5 0.15873
7115.2 0.16366
7117 0.16292
7118.8 0.17664
7120.5 0.17839
7122.3 0.17458
7124.1 0.15763
7125.8 0.14948
7127.6 0.15169
7129.4 0.15823
7131.1 0.16161
7132.9 0.16217
7134.7 0.16042
7136.4 0.16155
7138.2 0.16577
7140 0.16337
7141.7 0.15417
7143.5 0.1519
7145.3 0.15098
7147 0.15601
7148.8 0.14879
7150.6 0.14898
7152.3 0.14796
7154.1 0.15581
7155.8 0.15568
7157.6 0.15659
7159.4 0.15725
7161.1 0.1566
7162.9 0.15742
7164.7 0.15373
7166.4 0.152
7168.2 0.15275
7170 0.15463
7171.7 0.15677
7173.5 0.15532
7175.3 0.14965
7177 0.14655
7178.8 0.14781
7180.6 0.1533
7182.3 0.16358
7184.1 0.16863
7185.9 0.16674
7187.6 0.16166
7189.4 0.15412
7191.2 0.15573
7192.9 0.15159
7194.7 0.1497
7196.5 0.14937
7198.2 0.14991
7200 0.15383
7201.8 0.15406
7203.5 0.15869
7205.3 0.16034
7207.1 0.16059
7208.8 0.16011
7210.6 0.16209
7212.4 0.16186
7214.1 0.16158
7215.9 0.15658
7217.7 0.15675
7219.4 0.15363
7221.2 0.16048
7223 0.16333
7224.7 0.16907
7226.5 0.16821
7228.3 0.1671
7230 0.16552
7231.8 0.17053
7233.6 0.17761
7235.3 0.18453
7237.1 0.18494
7238.9 0.18554
7240.6 0.18386
7242.4 0.18727
7244.2 0.1906
7245.9 0.19477
7247.7 0.19165
7249.4 0.18967
7251.2 0.18981
7253 0.18911
7254.7 0.18869
7256.5 0.18688
7258.3 0.18604
7260 0.18698
7261.8 0.18247
7263.6 0.18296
7265.3 0.18369
7267.1 0.18858
7268.9 0.19629
7270.6 0.19563
7272.4 0.1979
7274.2 0.19797
7275.9 0.20176
7277.7 0.20696
7279.5 0.20871
7281.2 0.20395
7283 0.20422
7284.8 0.20384
7286.5 0.20722
7288.3 0.20287
7290.1 0.20432
7291.8 0.20996
7293.6 0.21681
7295.4 0.22015
7297.1 0.22641
7298.9 0.23428
7300.7 0.24216
7302.4 0.24734
7304.2 0.25488
7306 0.26254
7307.7 0.27488
7309.5 0.28091
7311.3 0.28205
7313 0.27759
7314.8 0.27961
7316.6 0.28862
7318.3 0.30054
7320.1 0.31066
7321.9 0.30365
7323.6 0.29887
7325.4 0.29584
7327.2 0.3065
7328.9 0.31257
7330.7 0.30234
7332.5 0.29468
7334.2 0.28685
7336 0.29344
7337.7 0.29261
7339.5 0.2884
7341.3 0.27688
7343 0.26429
7344.8 0.25537
7346.6 0.24986
7348.3 0.24615
7350.1 0.2374
7351.9 0.22757
7353.6 0.21838
7355.4 0.21111
7357.2 0.2089
7358.9 0.20512
7360.7 0.20342
7362.5 0.20861
7364.2 0.22324
7366 0.21771
7367.8 0.20808
7369.5 0.1915
7371.3 0.18765
7373.1 0.17886
7374.8 0.17845
7376.6 0.18573
7378.4 0.18581
7380.1 0.17774
7381.9 0.17032
7383.7 0.16795
7385.4 0.17038
7387.2 0.16899
7389 0.17018
7390.7 0.1703
7392.5 0.17
7394.3 0.17267
7396 0.17146
7397.8 0.16891
7399.6 0.16214
7401.3 0.16608
7403.1 0.17103
7404.9 0.17003
7406.6 0.16144
7408.4 0.15315
7410.2 0.15362
7411.9 0.16227
7413.7 0.16411
7415.5 0.16063
7417.2 0.15295
7419 0.15247
7420.8 0.14794
7422.5 0.14224
7424.3 0.13827
7426 0.14642
7427.8 0.1455
7429.6 0.15835
7431.3 0.15431
7433.1 0.15388
7434.9 0.13871
7436.6 0.13797
7438.4 0.14464
7440.2 0.16604
7441.9 0.16725
7443.7 0.16147
7445.5 0.15729
7447.2 0.15953
7449 0.15591
7450.8 0.14164
7452.5 0.14008
7454.3 0.14209
7456.1 0.14419
7457.8 0.14127
7459.6 0.14367
7461.4 0.14527
7463.1 0.14782
7464.9 0.14994
7466.7 0.14625
7468.4 0.14284
7470.2 0.15123
7472 0.15813
7473.7 0.16483
7475.5 0.15916
7477.3 0.1552
7479 0.14793
7480.8 0.14005
7482.6 0.1365
7484.3 0.14171
7486.1 0.14394
7487.9 0.14657
7489.6 0.14236
7491.4 0.1395
7493.2 0.13739
7494.9 0.14081
7496.7 0.14826
7498.5 0.14858
7500.2 0.14201
7502 0.14036
7503.8 0.13986
7505.5 0.14136
7507.3 0.14087
7509.1 0.14105
7510.8 0.14077
7512.6 0.13449
7514.3 0.1335
7516.1 0.13864
7517.9 0.14073
7519.6 0.13992
7521.4 0.13445
7523.2 0.13291
7524.9 0.12762
7526.7 0.1275
7528.5 0.1282
7530.2 0.13258
7532 0.1344
7533.8 0.13658
7535.5 0.14094
7537.3 0.1416
7539.1 0.13725
7540.8 0.13356
7542.6 0.12842
7544.4 0.13027
7546.1 0.13772
7547.9 0.1404
7549.7 0.13713
7551.4 0.1282
7553.2 0.12812
7555 0.13356
7556.7 0.13593
7558.5 0.13734
7560.3 0.13745
7562 0.13637
7563.8 0.13736
7565.6 0.1365
7567.3 0.13713
7569.1 0.13386
7570.9 0.13142
7572.6 0.1328
7574.4 0.13935
7576.2 0.13668
7577.9 0.13213
7579.7 0.12996
7581.5 0.13169
7583.2 0.13323
7585 0.12737
7586.8 0.12664
7588.5 0.1282
7590.3 0.13046
7592.1 0.13617
7593.8 0.13259
7595.6 0.13086
7597.4 0.12491
7599.1 0.12444
7600.9 0.12466
7602.6 0.12852
7604.4 0.13662
7606.2 0.13161
7607.9 0.12979
7609.7 0.12049
7611.5 0.1314
7613.2 0.12562
7615 0.12198
7616.8 0.11242
7618.5 0.10986
7620.3 0.12188
7622.1 0.13092
7623.8 0.13748
7625.6 0.12987
7627.4 0.12476
7629.1 0.12212
7630.9 0.1232
7632.7 0.12437
7634.4 0.12727
7636.2 0.1299
7638 0.1334
7639.7 0.1332
7641.5 0.13575
7643.3 0.1383
7645 0.14386
7646.8 0.14571
7648.6 0.14084
7650.3 0.13875
7652.1 0.13333
7653.9 0.1317
7655.6 0.13498
7657.4 0.13504
7659.2 0.12899
7660.9 0.1225
7662.7 0.1254
7664.5 0.13527
7666.2 0.13805
7668 0.13763
7669.8 0.13274
7671.5 0.13232
7673.3 0.13344
7675.1 0.13752
7676.8 0.13726
7678.6 0.13442
7680.4 0.13391
7682.1 0.1362
7683.9 0.14442
7685.7 0.1459
7687.4 0.14161
7689.2 0.1314
7690.9 0.12965
7692.7 0.12824
7694.5 0.12971
7696.2 0.12924
7698 0.13304
7699.8 0.13549
7701.5 0.13743
7703.3 0.13756
7705.1 0.13639
7706.8 0.13453
7708.6 0.13501
7710.4 0.1386
7712.1 0.14259
7713.9 0.14441
7715.7 0.14301
7717.4 0.14066
7719.2 0.13838
7721 0.13903
7722.7 0.14153
7724.5 0.1459
7726.3 0.14493
7728 0.14816
7729.8 0.15145
7731.6 0.16033
7733.3 0.15805
7735.1 0.15819
7736.9 0.14865
7738.6 0.14962
7740.4 0.14808
7742.2 0.15662
7743.9 0.16234
7745.7 0.16945
7747.5 0.19019
7749.2 0.20361
7751 0.20617
7752.8 0.19944
7754.5 0.18616
7756.3 0.19094
7758.1 0.19131
7759.8 0.20399
7761.6 0.20663
7763.4 0.20227
7765.1 0.20524
7766.9 0.20294
7768.7 0.20731
7770.4 0.19907
7772.2 0.20298
7774 0.19986
7775.7 0.20497
7777.5 0.20607
7779.2 0.21111
7781 0.20962
7782.8 0.20965
7784.5 0.20751
7786.3 0.20811
7788.1 0.21076
7789.8 0.22536
7791.6 0.22602
7793.4 0.22184
7795.1 0.20232
7796.9 0.19228
7798.7 0.16659
7800.4 0.16045
7802.2 0.16476
7804 0.18332
7805.7 0.17857
7807.5 0.16639
7809.3 0.16276
7811 0.1697
7812.8 0.17714
7814.6 0.16772
7816.3 0.15938
7818.1 0.15231
7819.9 0.15284
7821.6 0.15437
7823.4 0.15082
7825.2 0.15451
7826.9 0.15276
7828.7 0.15374
7830.5 0.1515
7832.2 0.14996
7834 0.14511
7835.8 0.143
7837.5 0.14421
7839.3 0.14505
7841.1 0.14271
7842.8 0.14387
7844.6 0.15406
7846.4 0.16457
7848.1 0.16062
7849.9 0.14338
7851.7 0.14187
7853.4 0.15361
7855.2 0.16576
7857 0.16209
7858.7 0.1508
7860.5 0.15311
7862.3 0.15557
7864 0.14847
7865.8 0.13804
7867.5 0.13271
7869.3 0.14154
7871.1 0.16354
7872.8 0.16992
7874.6 0.17763
7876.4 0.18244
7878.1 0.17862
7879.9 0.15296
7881.7 0.12473
7883.4 0.12301
7885.2 0.14317
7887 0.15004
7888.7 0.15056
7890.5 0.1458
7892.3 0.15328
7894 0.15562
7895.8 0.1569
7897.6 0.14966
7899.3 0.14649
7901.1 0.14638
7902.9 0.14304
7904.6 0.14586
7906.4 0.16039
7908.2 0.15767
7909.9 0.15329
7911.7 0.138
7913.5 0.13434
7915.2 0.12754
7917 0.123
7918.8 0.13124
7920.5 0.13755
7922.3 0.1359
7924.1 0.1322
7925.8 0.13015
7927.6 0.1331
7929.4 0.13398
7931.1 0.13244
7932.9 0.13801
7934.7 0.13453
7936.4 0.13685
7938.2 0.12802
7940 0.13384
7941.7 0.1307
7943.5 0.1344
7945.3 0.14035
7947 0.15149
7948.8 0.15381
7950.6 0.14153
7952.3 0.12441
7954.1 0.11771
7955.8 0.12126
7957.6 0.12714
7959.4 0.13081
7961.1 0.13576
7962.9 0.13316
7964.7 0.12703
7966.4 0.12265
7968.2 0.12709
7970 0.133
7971.7 0.12843
7973.5 0.12622
7975.3 0.1234
7977 0.12767
7978.8 0.1342
7980.6 0.13413
7982.3 0.13188
7984.1 0.12044
7985.9 0.12552
7987.6 0.13186
7989.4 0.13817
7991.2 0.13588
7992.9 0.12954
7994.7 0.12728
7996.5 0.12848
7998.2 0.12774
8000 0.12795
8001.8 0.12419
8003.5 0.12479
8005.3 0.12383
8007.1 0.12023
8008.8 0.11872
8010.6 0.12286
8012.4 0.12638
8014.1 0.12626
8015.9 0.12107
8017.7 0.12104
8019.4 0.12263
8021.2 0.12031
8023 0.11537
8024.7 0.11358
8026.5 0.11315
8028.3 0.11832
8030 0.11822
8031.8 0.11818
8033.6 0.11981
8035.3 0.11879
8037.1 0.12348
8038.9 0.12125
8040.6 0.11741
8042.4 0.11163
8044.2 0.10791
8045.9 0.11198
8047.7 0.11077
8049.4 0.11326
8051.2 0.11389
8053 0.11822
8054.7 0.11911
8056.5 0.11779
8058.3 0.11625
8060 0.11575
8061.8 0.1163
8063.6 0.11419
8065.3 0.11252
8067.1 0.10986
8068.9 0.11311
8070.6 0.11552
8072.4 0.12163
8074.2 0.11916
8075.9 0.11388
8077.7 0.10769
8079.5 0.10885
8081.2 0.10946
8083 0.11294
8084.8 0.11589
8086.5 0.11863
8088.3 0.12058
8090.1 0.12286
8091.8 0.1227
8093.6 0.11919
8095.4 0.11197
8097.1 0.10939
8098.9 0.11069
8100.7 0.11254
8102.4 0.11349
8104.2 0.11119
8106 0.11348
8107.7 0.11465
8109.5 0.11518
8111.3 0.11628
8113 0.1178
8114.8 0.11805
8116.6 0.11376
8118.3 0.11367
8120.1 0.11508
8121.9 0.11743
8123.6 0.11564
8125.4 0.11353
8127.2 0.11219
8128.9 0.11404
8130.7 0.11465
8132.5 0.11795
8134.2 0.11685
8136 0.1192
8137.7 0.11389
8139.5 0.11326
8141.3 0.11455
8143 0.11454
8144.8 0.11655
8146.6 0.11453
8148.3 0.11895
8150.1 0.1156
8151.9 0.11522
8153.6 0.11281
8155.4 0.11675
8157.2 0.11625
8158.9 0.11283
8160.7 0.10792
8162.5 0.1081
8164.2 0.11298
8166 0.11327
8167.8 0.11176
8169.5 0.10799
8171.3 0.1066
8173.1 0.11148
8174.8 0.11571
8176.6 0.11754
8178.4 0.11557
8180.1 0.11374
8181.9 0.11231
8183.7 0.1086
8185.4 0.11202
8187.2 0.11502
8189 0.11809
8190.7 0.11664
8192.5 0.1145
8194.3 0.11263
8196 0.11268
8197.8 0.11724
8199.6 0.12221
8201.3 0.12361
8203.1 0.12318
8204.9 0.12109
8206.6 0.11886
8208.4 0.11804
8210.2 0.11927
8211.9 0.12371
8213.7 0.12885
8215.5 0.13625
8217.2 0.13635
8219 0.13346
8220.8 0.12387
8222.5 0.11561
8224.3 0.1052
8226 0.10429
8227.8 0.10708
8229.6 0.11298
8231.3 0.11433
8233.1 0.1113
8234.9 0.10497
8236.6 0.097779
8238.4 0.095907
8240.2 0.098557
8241.9 0.10531
8243.7 0.11345
8245.5 0.12145
8247.2 0.12377
8249 0.12461
8250.8 0.12404
8252.5 0.12308
8254.3 0.11888
8256.1 0.11464
8257.8 0.10963
8259.6 0.10495
8261.4 0.099548
8263.1 0.096798
8264.9 0.097979
8266.7 0.10038
8268.4 0.1031
8270.2 0.10614
8272 0.11202
8273.7 0.11344
8275.5 0.11236
8277.3 0.10759
8279 0.095558
8280.8 0.071449
8282.6 0.049272
8284.3 0.040394
8286.1 0.045594
8287.9 0.059577
8289.6 0.08008
8291.4 0.099713
8293.2 0.10855
8294.9 0.10773
8296.7 0.10563
8298.5 0.10442
8300.2 0.10611
8302 0.10642
8303.8 0.1063
8305.5 0.10273
8307.3 0.10068
8309.1 0.097665
8310.8 0.10015
8312.6 0.10422
8314.3 0.11194
8316.1 0.11596
8317.9 0.11766
8319.6 0.11237
8321.4 0.10491
8323.2 0.097396
8324.9 0.095238
8326.7 0.099831
8328.5 0.11054
8330.2 0.12147
8332 0.12648
8333.8 0.13025
8335.5 0.1306
8337.3 0.12716
8339.1 0.11951
8340.8 0.11579
8342.6 0.11364
8344.4 0.11213
8346.1 0.11023
8347.9 0.11273
8349.7 0.11659
8351.4 0.11613
8353.2 0.10907
8355 0.099018
8356.7 0.091537
8358.5 0.088952
8360.3 0.095841
8362 0.10928
8363.8 0.12456
8365.6 0.13394
8367.3 0.13525
8369.1 0.12304
8370.9 0.10494
8372.6 0.08943
8374.4 0.083505
8376.2 0.080926
8377.9 0.083875
8379.7 0.089839
8381.5 0.094813
8383.2 0.09591
8385 0.097919
8386.8 0.10188
8388.5 0.10501
8390.3 0.10478
8392.1 0.10165
8393.8 0.098161
8395.6 0.096349
8397.4 0.096689
8399.1 0.1016
8400.9 0.10672
8402.6 0.11077
8404.4 0.10855
8406.2 0.10565
8407.9 0.10035
8409.7 0.097337
8411.5 0.095134
8413.2 0.097041
8415 0.097256
8416.8 0.098308
8418.5 0.097857
8420.3 0.098078
8422.1 0.097692
8423.8 0.099058
8425.6 0.10046
8427.4 0.10313
8429.1 0.10413
8430.9 0.10562
8432.7 0.10236
8434.4 0.10053
8436.2 0.10531
8438 0.11064
8439.7 0.11068
8441.5 0.10904
8443.3 0.11216
8445 0.11941
8446.8 0.13031
8448.6 0.13526
8450.3 0.12818
8452.1 0.11531
8453.9 0.10416
8455.6 0.10641
8457.4 0.11224
8459.2 0.11335
8460.9 0.11407
8462.7 0.11028
8464.5 0.1141
8466.2 0.11133
8468 0.10678
8469.8 0.10388
8471.5 0.10577
8473.3 0.11126
8475.1 0.11048
8476.8 0.11558
8478.6 0.12175
8480.4 0.12946
8482.1 0.13185
8483.9 0.1238
8485.7 0.11878
8487.4 0.11366
8489.2 0.11538
8490.9 0.11559
8492.7 0.11745
8494.5 0.11919
8496.2 0.11958
8498 0.11562
8499.8 0.11674
8501.5 0.12223
8503.3 0.13117
8505.1 0.13226
8506.8 0.13206
8508.6 0.13315
8510.4 0.13657
8512.1 0.13753
8513.9 0.13532
8515.7 0.13515
8517.4 0.13327
8519.2 0.1325
8521 0.12978
8522.7 0.13024
8524.5 0.13671
8526.3 0.13925
8528 0.14374
8529.8 0.13781
8531.6 0.1344
8533.3 0.12751
8535.1 0.12836
8536.9 0.12491
8538.6 0.12801
8540.4 0.12978
8542.2 0.13226
8543.9 0.13764
8545.7 0.13536
8547.5 0.14232
8549.2 0.14301
8551 0.1433
8552.8 0.13864
8554.5 0.1346
8556.3 0.13381
8558.1 0.13839
8559.8 0.14113
8561.6 0.14847
8563.4 0.14574
8565.1 0.14599
8566.9 0.14264
8568.7 0.14354
8570.4 0.14149
8572.2 0.14837
8574 0.15593
8575.7 0.15873
8577.5 0.16059
8579.2 0.16922
8581 0.16951
8582.8 0.16255
8584.5 0.14897
8586.3 0.14455
8588.1 0.14253
8589.8 0.14676
8591.6 0.15506
8593.4 0.16354
8595.1 0.17112
8596.9 0.17735
8598.7 0.17634
8600.4 0.17231
8602.2 0.17012
8604 0.1723
8605.7 0.17385
8607.5 0.17467
8609.3 0.17146
8611 0.17053
8612.8 0.16931
8614.6 0.17385
8616.3 0.17858
8618.1 0.18277
8619.9 0.18654
8621.6 0.18404
8623.4 0.18114
8625.2 0.18313
8626.9 0.1836
8628.7 0.18414
8630.5 0.18138
8632.2 0.1833
8634 0.1812
8635.8 0.18478
8637.5 0.18398
8639.3 0.18937
8641.1 0.18115
8642.8 0.18928
8644.6 0.19411
8646.4 0.2033
8648.1 0.18736
8649.9 0.1688
8651.7 0.15849
8653.4 0.16684
8655.2 0.17461
8657 0.16444
8658.7 0.15909
8660.5 0.15705
8662.3 0.1741
8664 0.17473
8665.8 0.17573
8667.5 0.16882
8669.3 0.1676
8671.1 0.16763
8672.8 0.1669
8674.6 0.17046
8676.4 0.17203
8678.1 0.17061
8679.9 0.17048
8681.7 0.17033
8683.4 0.17536
8685.2 0.17123
8687 0.17013
8688.7 0.16954
8690.5 0.17383
8692.3 0.17113
8694 0.1723
8695.8 0.16503
8697.6 0.16902
8699.3 0.16861
8701.1 0.16876
8702.9 0.16339
8704.6 0.16197
8706.4 0.16402
8708.2 0.16719
8709.9 0.16398
8711.7 0.16916
8713.5 0.16651
8715.2 0.1597
8717 0.16124
8718.8 0.17327
8720.5 0.18048
8722.3 0.16265
8724.1 0.15522
8725.8 0.15631
8727.6 0.16755
8729.4 0.16743
8731.1 0.16423
8732.9 0.15818
8734.7 0.14554
8736.4 0.15278
8738.2 0.1516
8740 0.1541
8741.7 0.14148
8743.5 0.14538
8745.3 0.14494
8747 0.14699
8748.8 0.14554
8750.6 0.1443
8752.3 0.14922
8754.1 0.14861
8755.8 0.15289
8757.6 0.13667
8759.4 0.12438
8761.1 0.11447
8762.9 0.12335
8764.7 0.13373
8766.4 0.14209
8768.2 0.14133
8770 0.13596
8771.7 0.13404
8773.5 0.14175
8775.3 0.14964
8777 0.15688
8778.8 0.18653
8780.6 0.2071
8782.3 0.1823
8784.1 0.12445
8785.9 0.098859
8787.6 0.12207
8789.4 0.14126
8791.2 0.12811
8792.9 0.11414
8794.7 0.10132
8796.5 0.10857
8798.2 0.11072
8800 0.12422
8801.8 0.12548
8803.5 0.13465
8805.3 0.13263
8807.1 0.1404
8808.8 0.12538
8810.6 0.11548
8812.4 0.10485
8814.1 0.10694
8815.9 0.11584
8817.7 0.11559
8819.4 0.11871
8821.2 0.11654
8823 0.11822
8824.7 0.11943
8826.5 0.12206
8828.3 0.11997
8830 0.12802
8831.8 0.13068
8833.6 0.13998
8835.3 0.13298
8837.1 0.13425
8838.9 0.13277
8840.6 0.12461
8842.4 0.13149
8844.2 0.13106
8845.9 0.1338
