# SOURCE  = 'Quimby et al. 2018' /                                                
# OBJECT  = 'PTF10gvb'           /                                                
# Z       =            0.0980000 / wavelengths divided by (1 + z)                 
# NORM    =            0.0872149 / fluxes divided by norm                         
# CLIPPED =                    1 / galaxy emission lines removed                  
# SMOOTHED=                    1 / spectrum has been smoothed                     
# COLUMN01= 'Wavelength (Angstrom)' /                                             
# COLUMN02= 'Flux Density (erg/s/cm2/A)' /                                        
# COLUMN03= 'Flux Density Uncertainty (erg/s/cm2/A)' /                            
# END                                                                             
# 
# 
# 
# 
# 
# 
# 
# 
# 
# 
   3300.2255742      1.0677015      0.1121891
   3303.5305649      1.0773185      0.0967074
   3306.8355557      1.0852764      0.0730950
   3310.1405464      1.0964028      0.0694743
   3313.4455371      1.1131274      0.0611543
   3316.7615186      1.1223329      0.0500034
   3320.0775000      1.1231757      0.0484067
   3323.4044722      1.1307396      0.0442518
   3326.7204536      1.1478311      0.0390324
   3330.0474258      1.1497443      0.0379950
   3333.3853887      1.1578727      0.0360830
   3336.7120927      1.1689450      0.0334821
   3340.0500557      1.1771666      0.0326745
   3343.3880186      1.1860896      0.0317538
   3346.7369722      1.2128206      0.0302568
   3350.0859258      1.2202152      0.0299561
   3353.4346113      1.2057605      0.0290769
   3356.7835649      1.2224834      0.0280748
   3360.1435092      1.2292167      0.0280225
   3363.5034536      1.2415758      0.0271692
   3366.8633979      1.2516205      0.0267024
   3370.2340649      1.2546638      0.0270041
   3373.6050000      1.2603737      0.0261691
   3376.9759351      1.2608949      0.0256990
   3380.3575927      1.2633947      0.0259849
   3383.7395186      1.2713423      0.0262503
   3387.1214443      1.2744678      0.0262645
   3390.5031021      1.2806042      0.0267951
   3393.8960186      1.2742583      0.0270107
   3397.2889351      1.2751338      0.0272540
   3400.6925742      1.2826401      0.0282556
   3404.0854908      1.2773438      0.0283943
   3407.4893979      1.2690476      0.0239944
   3410.9040278      1.2659618      0.0240670
   3414.3189258      1.2682447      0.0235779
   3417.7225649      1.2694229      0.0236106
   3421.1484536      1.2706625      0.0241373
   3424.5630835      1.2758754      0.0242727
   3427.9889722      1.2709228      0.0244949
   3431.4145927      1.2717023      0.0249968
   3434.8514722      1.2684225      0.0250784
   3438.2880835      1.2567475      0.0250224
   3441.7249629      1.2562013      0.0254882
   3445.1615742      1.2636639      0.0250959
   3448.6094443      1.2754767      0.0244459
   3452.0570464      1.2712492      0.0252426
   3455.5159073      1.2838058      0.0231849
   3458.9635092      1.2873088      0.0221497
   3462.4221021      1.2887175      0.0220557
   3465.8919536      1.2794151      0.0205276
   3469.3505464      1.2774062      0.0195419
   3472.8203979      1.2735393      0.0192589
   3476.3009722      1.2697161      0.0182744
   3479.7705557      1.2674013      0.0172873
   3483.2513979      1.2678241      0.0169237
   3486.7429629      1.2653275      0.0162596
   3490.2235371      1.2657746      0.0158836
   3493.7151021      1.2653282      0.0152902
   3497.2069351      1.2618556      0.0152432
   3500.7094908      1.2584606      0.0166319
   3504.2120464      1.2562478      0.0159267
   3507.7146021      1.2558974      0.0155787
   3511.2174258      1.2656788      0.0147182
   3514.7309722      1.2646720      0.0144659
   3518.2445186      1.2645037      0.0141733
   3521.7690557      1.2577096      0.0137532
   3525.2826021      1.2574388      0.0137140
   3528.8074073      1.2566319      0.0134531
   3532.3429351      1.2617410      0.0135055
   3535.8674722      1.2651980      0.0137701
   3539.4139908      1.2674379      0.0138927
   3542.9495186      1.2661065      0.0137344
   3546.4960371      1.2613639      0.0140760
   3550.0425557      1.2692312      0.0142864
   3553.5890742      1.2679741      0.0145401
   3557.1465835      1.2673893      0.0145488
   3560.7040927      1.2713125      0.0147982
   3564.2616021      1.2716407      0.0150674
   3567.8301021      1.2703389      0.0153505
   3571.3986021      1.2689767      0.0153412
   3574.9671021      1.2647312      0.0156078
   3578.5356021      1.2570226      0.0159119
   3582.1150927      1.2537624      0.0164477
   3585.7055742      1.2485631      0.0162240
   3589.2850649      1.2398555      0.0165417
   3592.8755464      1.2368729      0.0170796
   3596.4660278      1.2301809      0.0174390
   3600.0675000      1.2279129      0.0171746
   3603.6689722      1.2242032      0.0177148
   3607.2704443      1.2189614      0.0180643
   3610.8829073      1.2161263      0.0178118
   3614.4841113      1.2150795      0.0181269
   3618.1075649      1.2146028      0.0186934
   3621.7200278      1.2114522      0.0190483
   3625.3434814      1.2048442      0.0187480
   3628.9669351      1.1899316      0.0193188
   3632.6011113      1.1817710      0.0196573
   3636.2355557      1.1897219      0.0200113
   3639.8700000      1.1978269      0.0206203
   3643.5044443      1.1985258      0.0202613
   3647.1496113      1.1926088      0.0205824
   3650.7950464      1.1946315      0.0208987
   3654.4514722      1.2003777      0.0215007
   3658.1078979      1.2134566      0.0210747
   3661.7640557      1.2078346      0.0213084
   3665.4204814      1.2197906      0.0219303
   3669.0878979      1.2219617      0.0220752
   3672.7550464      1.2368993      0.0215454
   3676.4334536      1.2431414      0.0221672
   3680.1115927      1.2632142      0.0221872
   3683.7900000      1.2641505      0.0221709
   3687.4684073      1.2642384      0.0215627
   3691.1575371      1.2668654      0.0221006
   3694.8469351      1.2604735      0.0219869
   3698.5470557      1.2570794      0.0218634
   3702.2474443      1.2557991      0.0218782
   3705.9475649      1.2525026      0.0217067
   3709.6589443      1.2407500      0.0215444
   3713.3700557      1.2265871      0.0213971
   3717.0814351      1.2192194      0.0218363
   3720.7925464      1.2166771      0.0212246
   3724.5149165      1.2107555      0.0210534
   3728.2370186      1.2039863      0.0214538
   3731.9701113      1.1932657      0.0213106
   3735.7034722      1.1974334      0.0207051
   3739.4365649      1.1970769      0.0205294
   3743.1809165      1.1953298      0.0209185
   3746.9140092      1.1983461      0.0207749
   3750.6690835      1.2126906      0.0206492
   3754.4134351      1.2194828      0.0205442
   3758.1685092      1.2317595      0.0203821
   3761.9345742      1.2356138      0.0202369
   3765.6899165      1.2493044      0.0201090
   3769.4559814      1.2624321      0.0200077
   3773.2220464      1.2975132      0.0198443
   3776.9991021      1.3208485      0.0196994
   3780.7764258      1.3346297      0.0201332
   3784.5644722      1.3559638      0.0199535
   3788.3415278      1.3668655      0.0193184
   3792.1295742      1.3827032      0.0191755
   3795.9286113      1.3979715      0.0196052
   3799.7169258      1.4066427      0.0194294
   3803.5159629      1.4224617      0.0192787
   3807.3259908      1.4280384      0.0186903
   3811.1360186      1.4420252      0.0191225
   3814.9460464      1.4580785      0.0189795
   3818.7560742      1.4653972      0.0188709
   3822.5770927      1.4677981      0.0193001
   3826.3981113      1.4725503      0.0187746
   3830.2303887      1.4873455      0.0186834
   3834.0623979      1.4911166      0.0186251
   3837.8944073      1.4969774      0.0190773
   3841.7264165      1.5142146      0.0190781
   3845.5694165      1.5238590      0.0185354
   3849.4124165      1.5279063      0.0185047
   3853.2664073      1.5346588      0.0189625
   3857.1203979      1.5483247      0.0189689
   3860.9743887      1.5679691      0.0189941
   3864.8391021      1.5806495      0.0184237
   3868.7040835      1.5940076      0.0188725
   3872.5690649      1.6058372      0.0188789
   3876.4450371      1.6032135      0.0189027
   3880.3210092      1.6197852      0.0189446
   3884.2079722      1.6291732      0.0188019
   3888.0839443      1.6394156      0.0188004
   3891.9709073      1.6526527      0.0188153
   3895.8685927      1.6570425      0.0188474
   3899.7665464      1.6633221      0.0193330
   3903.6645000      1.6596053      0.0187244
   3907.5624536      1.6564809      0.0187301
   3911.4713979      1.6564367      0.0193043
   3915.3800742      1.6648319      0.0192679
   3919.3000092      1.6622759      0.0192484
   3923.2199443      1.6529158      0.0192455
   3927.1506021      1.6509532      0.0192559
   3931.0705371      1.6301876      0.0192092
   3935.0014629      1.6237415      0.0191795
   3938.9431113      1.6129415      0.0191663
   3942.8740371      1.6077406      0.0197054
   3946.8159536      1.6137755      0.0191608
   3950.7685927      1.6191354      0.0191206
   3954.7215000      1.6110713      0.0190971
   3958.6744073      1.6092933      0.0196180
   3962.6380371      1.6323940      0.0196340
   3966.5909443      1.6531513      0.0196727
   3970.5655649      1.6696209      0.0190507
   3974.5294629      1.6897289      0.0190395
   3978.5040835      1.7020230      0.0195679
   3982.4899629      1.7083164      0.0195982
   3986.4645835      1.7225196      0.0196501
   3990.4504629      1.7157662      0.0197242
   3994.4470649      1.7174749      0.0195401
   3998.4439351      1.7017702      0.0195580
   4002.4405371      1.6853158      0.0195933
   4006.4483979      1.6782770      0.0196486
   4010.4450000      1.6800510      0.0197234
   4014.4635835      1.6750911      0.0195388
   4018.4714443      1.6656404      0.0195573
   4022.4900278      1.6639020      0.0195930
   4026.5196021      1.6598043      0.0196464
   4030.5384536      1.6455938      0.0197184
   4034.5790186      1.6339015      0.0195408
   4038.6085927      1.6279503      0.0195568
   4042.6494258      1.6197002      0.0195893
   4046.6899908      1.6180120      0.0202987
   4050.7415464      1.6129245      0.0208932
   4054.7821113      1.6027260      0.0211858
   4058.8449258      1.5825523      0.0231384
   4062.8964814      1.5630645      0.0239576
   4066.9700186      1.5343369      0.0284547
   4071.0325649      1.5273018      0.0226482
   4075.1061021      1.5215759      0.0224476
   4079.1799073      1.5208663      0.0264209
   4083.2534443      1.5244850      0.0279350
   4087.3379722      1.5485626      0.0296994
   4091.4334908      1.5509316      0.0310303
   4095.5180186      1.5573013      0.0307537
   4099.6135371      1.5776985      0.0304487
   4103.7200464      1.5946625      0.0289057
   4107.8155649      1.6104581      0.0269921
   4111.9330649      1.6103861      0.0253262
   4116.0395742      1.6071337      0.0237842
   4120.1570742      1.6094542      0.0232294
   4124.2745742      1.6135856      0.0294059
   4128.4030649      1.6181321      0.0254091
   4132.5315557      1.6375492      0.0220861
   4136.6600464      1.6483909      0.0211623
   4140.7995278      1.6469398      0.0197048
   4144.9390092      1.6538804      0.0189462
   4149.0894814      1.6525449      0.0181554
   4153.2289629      1.6553274      0.0185774
   4157.3904258      1.6638322      0.0184259
   4161.5408979      1.6740717      0.0178105
   4165.7020927      1.6850960      0.0176189
   4169.8745464      1.6852186      0.0174338
   4174.0470000      1.6964532      0.0172557
   4178.2194536      1.7068413      0.0176502
   4182.3919073      1.7182438      0.0174886
   4186.5750835      1.7174892      0.0168977
   4190.7695186      1.7247027      0.0167018
   4194.9529629      1.7304741      0.0165143
   4199.1473979      1.7450742      0.0163347
   4203.3525557      1.7597158      0.0161628
   4207.5579814      1.7734590      0.0165357
   4211.7634073      1.7747622      0.0159810
   4215.9685649      1.7715961      0.0157841
   4220.1849814      1.7811276      0.0155948
   4224.4123887      1.7949265      0.0154127
   4228.6395278      1.7943188      0.0152373
   4232.8669351      1.7955784      0.0150743
   4237.0940742      1.7973216      0.0150733
   4241.3324722      1.7970099      0.0148861
   4245.5706021      1.7938536      0.0147066
   4249.8199908      1.7927577      0.0145374
   4254.0691113      1.7849509      0.0143853
   4258.3294908      1.7824075      0.0142588
   4262.5786113      1.7792571      0.0137744
   4266.8499814      1.7736195      0.0141513
   4271.1100927      1.7779943      0.0140600
   4275.3814629      1.7837408      0.0140095
   4279.6635557      1.7905170      0.0139991
   4283.9459165      1.7905344      0.0140254
   4288.2280092      1.7928370      0.0140826
   4292.5101021      1.7984296      0.0137010
   4296.8034536      1.8073393      0.0141471
   4301.1075278      1.8261722      0.0142100
   4305.4006113      1.8416187      0.0142819
   4309.7159443      1.8554621      0.0143597
   4314.0200186      1.8578529      0.0144478
   4318.3350835      1.8613480      0.0145460
   4322.6504165      1.8709745      0.0141435
   4326.9764722      1.8806995      0.0142481
   4331.3025278      1.8860910      0.0147171
   4335.6395742      1.8855276      0.0147985
   4339.9658979      1.8931226      0.0148847
   4344.3139351      1.8894616      0.0149757
   4348.6509814      1.8870696      0.0150716
   4352.9990186      1.8822589      0.0146502
   4357.3580464      1.8796622      0.0147518
   4361.7170742      1.8706532      0.0148583
   4366.0761021      1.8602613      0.0153333
   4370.4463887      1.8436179      0.0154162
   4374.8164073      1.8375463      0.0155037
   4379.1864258      1.8258832      0.0155957
   4383.5674351      1.8288578      0.0151524
   4387.9484443      1.8372297      0.0152459
   4392.3404443      1.8405731      0.0153428
   4396.7324443      1.8391674      0.0154411
   4401.1244443      1.8523347      0.0155364
   4405.5274351      1.8662516      0.0159954
   4409.9304258      1.8776439      0.0160526
   4414.3444073      1.8910730      0.0160947
   4418.7583887      1.8889911      0.0155923
   4423.1830927      1.8986810      0.0156016
   4427.5970742      1.9032918      0.0155904
   4432.0330371      1.9046125      0.0155602
   4436.4690000      1.8951221      0.0155142
   4440.9049629      1.8868316      0.0154570
   4445.3409258      1.8797795      0.0158367
   4449.7876113      1.8604829      0.0157382
   4454.2345649      1.8578779      0.0151877
   4458.6925092      1.8528858      0.0150977
   4463.1504536      1.8384773      0.0150099
   4467.6083979      1.8375446      0.0149211
   4472.0770649      1.8323264      0.0148318
   4476.5569908      1.8226038      0.0147452
   4481.0259258      1.8231387      0.0146613
   4485.5165742      1.8207070      0.0145800
   4489.9965000      1.8138218      0.0148973
   4494.4874165      1.8061068      0.0143758
   4498.9783330      1.7941754      0.0142761
   4503.4797041      1.7899443      0.0141786
   4507.9816113      1.7911197      0.0140835
   4512.4947774      1.7847683      0.0139904
   4517.0074073      1.7868049      0.0138996
   4521.5200371      1.7816992      0.0138108
   4526.0439258      1.7816856      0.0137239
   4530.5678144      1.7771487      0.0136427
   4535.1024258      1.7845720      0.0131840
   4539.6370371      1.7922244      0.0130928
   4544.1716485      1.7929459      0.0133596
   4548.7175186      1.8022742      0.0132707
   4553.2741113      1.8065025      0.0131920
   4557.8199814      1.8049122      0.0131298
   4562.3878330      1.8029574      0.0130897
   4566.9444258      1.8005552      0.0130764
   4571.5122774      1.7980620      0.0130923
   4576.0795927      1.7876939      0.0131380
   4580.6581670      1.7777153      0.0127836
   4585.2372774      1.7660712      0.0128437
   4589.8265742      1.7562937      0.0129260
   4594.4164073      1.7350415      0.0130258
   4599.0169629      1.7169881      0.0131377
   4603.6067959      1.7085352      0.0135272
   4608.2180742      1.6905297      0.0136502
   4612.8186299      1.6729604      0.0137757
   4617.4304443      1.6567361      0.0139090
   4622.0529814      1.6537427      0.0140496
   4626.6755186      1.6452581      0.0141917
   4631.2980557      1.6379658      0.0138635
   4635.9318515      1.6367174      0.0139864
   4640.5651113      1.6270639      0.0141104
   4645.2096299      1.6228573      0.0142355
   4649.8541485      1.6222664      0.0143617
   4654.5099258      1.6110766      0.0144889
   4659.1651670      1.6108609      0.0146171
   4663.8209443      1.6125106      0.0147464
   4668.4874443      1.6103241      0.0148768
   4673.1539443      1.6089582      0.0153172
   4677.8311670      1.5998793      0.0154544
   4682.5089258      1.5994885      0.0155929
   4687.1861485      1.5953197      0.0157328
   4691.8746299      1.5981818      0.0153905
   4696.5631113      1.6067927      0.0155136
   4701.2628515      1.6115125      0.0156387
   4705.9620557      1.6136346      0.0157665
   4710.6725186      1.6245089      0.0158975
   4715.3829814      1.6295025      0.0160319
   4720.0934443      1.6317612      0.0161700
   4724.8146299      1.6386813      0.0163117
   4729.5470742      1.6426544      0.0164568
   4734.2687959      1.6393681      0.0166049
   4739.0119629      1.6292254      0.0167553
   4743.7444073      1.6180069      0.0169074
   4748.4875742      1.6225677      0.0170607
   4753.2420000      1.6227169      0.0172146
   4757.9964258      1.6175387      0.0173694
   4762.7508515      1.6181983      0.0175256
   4767.5160000      1.6259301      0.0171116
   4772.2811485      1.6304694      0.0172644
   4777.0575557      1.6278237      0.0178230
   4781.8339629      1.6473799      0.0179691
   4786.6103701      1.6654629      0.0181159
   4791.3975000      1.6826715      0.0182636
   4796.1958887      1.6910330      0.0184110
   4800.9830186      1.7147049      0.0185593
   4805.7921299      1.7228566      0.0187081
   4810.5905186      1.7362258      0.0188573
   4815.3996299      1.7531891      0.0190069
   4820.2200000      1.7606323      0.0191569
   4825.0403701      1.7564873      0.0193073
   4829.8714629      1.7677894      0.0194538
   4834.6918330      1.7702900      0.0195954
   4839.5336485      1.7777205      0.0197364
   4844.3760000      1.7743539      0.0198750
   4849.2183515      1.7886980      0.0200056
   4854.0601670      1.8014601      0.0201198
   4858.9245000      1.8192353      0.0202091
   4863.7775742      1.8287520      0.0202652
   4868.6419073      1.8419540      0.0196890
   4873.5169629      1.8526627      0.0196799
   4878.3812959      1.8629258      0.0196313
   4883.2670742      1.8645746      0.0195452
   4888.1421299      1.8642031      0.0194263
   4893.0391670      1.8704675      0.0192809
   4897.9254814      1.8596575      0.0191166
   4902.8337774      1.8560534      0.0189409
   4907.7308144      1.8499031      0.0187601
   4912.6385742      1.8393154      0.0185778
   4917.5575927      1.8285428      0.0183940
   4922.4658887      1.8222276      0.0182040
   4927.3956299      1.8080726      0.0180091
   4932.3146485      1.8032812      0.0178140
   4937.2556485      1.7940736      0.0176188
   4942.1859258      1.7917364      0.0174234
   4947.1269258      1.7907815      0.0172279
   4952.0786485      1.7963535      0.0170322
   4957.0309073      1.8026899      0.0168364
   4961.9938887      1.8089386      0.0166404
   4966.9456113      1.8119482      0.0164443
   4971.9198515      1.8138192      0.0162480
   4976.8935557      1.8155721      0.0160550
   4981.8677959      1.8180053      0.0158657
   4986.8522226      1.8191407      0.0156769
   4991.8371856      1.8134866      0.0154896
   4996.8334073      1.8027868      0.0153074
   5001.8290927      1.7944463      0.0151347
   5006.8253144      1.7765043      0.0149763
   5011.8317226      1.7578522      0.0148357
   5016.8499258      1.7430840      0.0147159
   5021.8675927      1.7231359      0.0146183
   5026.8857959      1.7009088      0.0145428
   5031.9141856      1.6786906      0.0144880
   5036.9431113      1.6600151      0.0144514
   5041.9832959      1.6488739      0.0144293
   5047.0229443      1.6437784      0.0144178
   5052.0738515      1.6366320      0.0144126
   5057.1242226      1.6255566      0.0144101
   5062.1863887      1.6254981      0.0144083
   5067.2480186      1.6254494      0.0144070
   5072.3096485      1.6264310      0.0144103
   5077.3825371      1.6341037      0.0144174
   5082.4661485      1.6372967      0.0144244
   5087.5502959      1.6321523      0.0144313
   5092.6339073      1.6259629      0.0144382
   5097.7287774      1.6237987      0.0144450
   5102.8231113      1.6113956      0.0144519
   5107.9287041      1.6001040      0.0144587
   5113.0348330      1.5871031      0.0144655
   5118.1511485      1.5675875      0.0144724
   5123.2680000      1.5470794      0.0144793
   5128.3955742      1.5332398      0.0144858
   5133.5124258      1.5250006      0.0144919
   5138.6507226      1.5192641      0.0141825
   5143.7895557      1.5148917      0.0141877
   5148.9391113      1.5083754      0.0141919
   5154.0886670      1.5014791      0.0141943
   5159.2382226      1.4988406      0.0141941
   5164.3990371      1.4921659      0.0141908
   5169.5598515      1.4904248      0.0141840
   5174.7313887      1.4928242      0.0141735
   5179.9029258      1.4905219      0.0141592
   5185.0851856      1.4869434      0.0141414
   5190.2787041      1.4829347      0.0141207
   5195.4615000      1.4795545      0.0140976
   5200.6550186      1.4753854      0.0140728
   5205.8597959      1.4746000      0.0140473
   5211.0640371      1.4713531      0.0140215
   5216.2795371      1.4739499      0.0139959
   5221.4950371      1.4757141      0.0139705
   5226.7217959      1.4788578      0.0139449
   5231.9372959      1.4812509      0.0139192
   5237.1747774      1.4817168      0.0138939
   5242.4117226      1.4807765      0.0138691
   5247.6604629      1.4774923      0.0138110
   5252.9086670      1.4765967      0.0137787
   5258.1574073      1.4682781      0.0137469
   5263.4168701      1.4572734      0.0137154
   5268.6763330      1.4492385      0.0136844
   5273.9465186      1.4364886      0.0136584
   5279.2167041      1.4263268      0.0136339
   5284.4981485      1.4131339      0.0136098
   5289.7908515      1.4040723      0.0135873
   5295.0830186      1.3967298      0.0135684
   5300.3751856      1.3920203      0.0135561
   5305.6678887      1.3937463      0.0135536
   5310.9820371      1.3919336      0.0135638
   5316.2854629      1.3960578      0.0135888
   5321.5996113      1.3932385      0.0136303
   5326.9250186      1.3930361      0.0134088
   5332.2504258      1.4016587      0.0134792
   5337.5865557      1.4072573      0.0135630
   5342.9226856      1.4156607      0.0136581
   5348.2700742      1.4172972      0.0137619
   5353.6174629      1.4320645      0.0142830
   5358.9648515      1.4307952      0.0144010
   5364.3336856      1.4321885      0.0145199
   5369.6923330      1.4320909      0.0146407
   5375.0611670      1.4320121      0.0147681
   5380.4417959      1.4245936      0.0148967
   5385.8218887      1.4258010      0.0150264
   5391.2019814      1.4253454      0.0148823
   5396.6040557      1.4187737      0.0149971
   5401.9954073      1.4182485      0.0151129
   5407.3974814      1.4151978      0.0152296
   5412.8108144      1.4146208      0.0153472
   5418.2128887      1.4182366      0.0154660
   5423.6369443      1.4208976      0.0155856
   5429.0610000      1.4244487      0.0157050
   5434.4850557      1.4359058      0.0162981
   5439.9203701      1.4391873      0.0164220
   5445.3664073      1.4436653      0.0165465
   5450.8124443      1.4433566      0.0163706
   5456.2584814      1.4547219      0.0164667
   5461.7157774      1.4497541      0.0165570
   5467.1837959      1.4512565      0.0166398
   5472.6518144      1.4522301      0.0167143
   5478.1198330      1.4602108      0.0167800
   5483.5985742      1.4584668      0.0168368
   5489.0778515      1.4680209      0.0168855
   5494.5678515      1.4647930      0.0169274
   5500.0685742      1.4654982      0.0170930
   5505.5698330      1.4776978      0.0171037
   5511.0705557      1.4801615      0.0171146
   5516.5825371      1.4826809      0.0171270
   5522.0945186      1.4913136      0.0171413
   5527.6172226      1.4944921      0.0171562
   5533.1511856      1.4915704      0.0171701
   5538.6851485      1.4902272      0.0171861
   5544.2303701      1.4947215      0.0172044
   5549.7643330      1.4933914      0.0168899
   5555.3202774      1.4975098      0.0172479
   5560.8756856      1.4980047      0.0181158
   5566.4316299      1.4934686      0.0188877
   5571.9988330      1.5054908      0.0194662
   5577.5762226      1.5159324      0.0212270
   5583.1541485      1.5296462      0.0185426
   5588.7320742      1.5348433      0.0189336
   5594.3207226      1.5427694      0.0191416
   5599.9206299      1.5507019      0.0201264
   5605.5205371      1.5642418      0.0219613
   5611.1204443      1.5894146      0.0251703
   5616.7310742      1.5808253      0.0276475
   5622.3529629      1.5733691      0.0346307
   5627.9748515      1.5970573      0.0388169
   5633.6074629      1.5656691      0.0242838
   5639.2400742      1.5602462      0.0239858
   5644.8726856      1.5580487      0.0240496
   5650.5278144      1.5531580      0.0239876
   5656.1711485      1.5503342      0.0238429
   5661.8262774      1.5499979      0.0489906
   5667.4915927      1.5310792      0.0349086
   5673.1574443      1.5276386      0.0314270
   5678.8340186      1.5062476      0.0259868
   5684.5105927      1.5030073      0.0220581
   5690.1984258      1.5096112      0.0205194
   5695.8857226      1.5128806      0.0195205
   5701.5848144      1.5150058      0.0186489
   5707.2833701      1.5248672      0.0185734
   5712.9926485      1.5385011      0.0220494
   5718.7024629      1.5431663      0.0196869
   5724.4230000      1.5507597      0.0189592
   5730.1547959      1.5566221      0.0180083
   5735.8753330      1.5590987      0.0175175
   5741.6178515      1.5585264      0.0170966
   5747.3603701      1.5646172      0.0170933
   5753.1028887      1.5635233      0.0170427
   5758.8561299      1.5585355      0.0170003
   5764.6206299      1.5543797      0.0169510
   5770.3851299      1.5408032      0.0168936
   5776.1496299      1.5285290      0.0168275
   5781.9253887      1.5160733      0.0167531
   5787.7118701      1.5045093      0.0162204
   5793.4983515      1.4993299      0.0164379
   5799.2955557      1.4902629      0.0163137
   5805.0932959      1.4749882      0.0161888
   5810.9012226      1.4679446      0.0160657
   5816.7096856      1.4641540      0.0159457
   5822.5294073      1.4522374      0.0153976
   5828.3485927      1.4429560      0.0159504
   5834.1790371      1.4370300      0.0163578
   5840.0094814      1.4290849      0.0166999
   5845.8506485      1.4200513      0.0176882
   5851.7030742      1.4071896      0.0152821
   5857.5555000      1.4026328      0.0153863
   5863.4079258      1.3960216      0.0158321
   5869.2710742      1.3884338      0.0165466
   5875.1454814      1.3809009      0.0173072
   5881.0198887      1.3737321      0.0180737
   5886.9050186      1.3795187      0.0181163
   5892.7794258      1.3793244      0.0184904
   5898.6758144      1.3804657      0.0179715
   5904.5829258      1.3750157      0.0184247
   5910.4793144      1.3658420      0.0176363
   5916.3971485      1.3439236      0.0163875
   5922.3047959      1.3392558      0.0158151
   5928.2338887      1.3335918      0.0153814
   5934.1629814      1.3196805      0.0151545
   5940.0920742      1.2975727      0.0201582
   5946.0324258      1.2866701      0.0189735
   5951.9835000      1.2731438      0.0177428
   5957.9345742      1.2636580      0.0174786
   5963.8969073      1.2527916      0.0170830
   5969.8587041      1.2448967      0.0175368
   5975.8322959      1.2342384      0.0178846
   5981.8053515      1.2193840      0.0183273
   5987.7891299      1.2012572      0.0187971
   5993.7734443      1.1879947      0.0192740
   5999.7684814      1.1792090      0.0197586
   6005.7635186      1.1689028      0.0208226
   6011.7698144      1.1530193      0.0212779
   6017.7868330      1.1413965      0.0217371
   6023.8038515      1.1292988      0.0221997
   6029.8315927      1.1172906      0.0224238
   6035.8598701      1.1233732      0.0236826
   6041.8988701      1.1206813      0.0240880
   6047.9378701      1.1128597      0.0244676
   6053.9875927      1.1150531      0.0248032
   6060.0378515      1.1153032      0.0246183
   6066.0988330      1.1199030      0.0254037
   6072.1598144      1.1244502      0.0253467
   6078.2315186      1.1282614      0.0251850
   6084.3144814      1.1264902      0.0242378
   6090.3974443      1.1284426      0.0238636
   6096.4911299      1.1263241      0.0236902
   6102.5853515      1.1230854      0.0231232
   6108.6902959      1.1221915      0.0225354
   6114.8059629      1.1236417      0.0212109
   6120.9109073      1.1271244      0.0206199
   6127.0378330      1.1286805      0.0201732
   6133.1642226      1.1307698      0.0195365
   6139.3024073      1.1434931      0.0181990
   6145.4400557      1.1464261      0.0175835
   6151.5777041      1.1505830      0.0170647
   6157.7378701      1.1534104      0.0164128
   6163.8975000      1.1558377      0.0151394
   6170.0571299      1.1589394      0.0145746
   6176.2280186      1.1664900      0.0140245
   6182.3989073      1.1692686      0.0134575
   6188.5805186      1.1727054      0.0124002
   6194.7733887      1.1735619      0.0118962
   6200.9657226      1.1745807      0.0114394
   6207.1698515      1.1759738      0.0110166
   6213.3841670      1.1684659      0.0103631
   6219.5882959      1.1643907      0.0101051
   6225.8138701      1.1637716      0.0101536
   6232.0394443      1.1630468      0.0104207
   6238.2650186      1.1608814      0.0107757
   6244.5125742      1.1592985      0.0110498
   6250.7494073      1.1597993      0.0122392
   6257.0076856      1.1622452      0.0129591
   6263.2665000      1.1620243      0.0105180
   6269.5253144      1.1648726      0.0111124
   6275.7948515      1.1668963      0.0118375
   6282.0751113      1.1735954      0.0126630
   6288.3559073      1.1832895      0.0137166
   6294.6474258      1.1924635      0.0145314
   6300.9389443      1.2026508      0.0155362
   6307.2411856      1.2027463      0.0145600
   6313.5439629      1.2094615      0.0152431
   6319.8574629      1.2125381      0.0143037
   6326.1816856      1.2097037      0.0133876
   6332.5064443      1.2007403      0.0120743
   6338.8419258      1.1998390      0.0128123
   6345.1774073      1.1950622      0.0152815
   6351.5236113      1.1944577      0.0135777
   6357.8703515      1.1921353      0.0122457
   6364.2385371      1.1863846      0.0117831
   6370.5960000      1.1810410      0.0112553
   6376.9754443      1.1778126      0.0107112
   6383.3436299      1.1728201      0.0104397
   6389.7343330      1.1715672      0.0105885
   6396.1245000      1.1698099      0.0102687
   6402.5146670      1.1720828      0.0101741
   6408.9160927      1.1650587      0.0100804
   6415.3287774      1.1697198      0.0101657
   6421.7409258      1.1676532      0.0098235
   6428.1643330      1.1631196      0.0097206
   6434.5984629      1.1652192      0.0097847
   6441.0325927      1.1587524      0.0094554
   6447.4667226      1.1496196      0.0093444
   6453.9233701      1.1442598      0.0092400
   6460.3682226      1.1389961      0.0092914
   6466.8355927      1.1338958      0.0089647
   6473.3029629      1.1264278      0.0088593
   6479.7703330      1.1160854      0.0087602
   6486.2591485      1.1139852      0.0085906
   6492.7377774      1.1087259      0.0084851
   6499.2378515      1.1037029      0.0083876
   6505.7379258      1.1001126      0.0082356
   6512.2380000      1.0956223      0.0081375
   6518.7493330      1.0916539      0.0080489
   6525.2713887      1.0863510      0.0081014
   6531.7934443      1.0814354      0.0082211
   6538.3262226      1.0823328      0.0084986
   6544.8707959      1.0760195      0.0087101
   6551.4148330      1.0760505      0.0078306
   6557.9588701      1.0711374      0.0078552
   6564.5248887      1.0646814      0.0078286
   6571.0909073      1.0541713      0.0082181
   6577.6569258      1.0458642      0.0085343
   6584.2336670      1.0313016      0.0086041
   6590.8216670      1.0234748      0.0087776
   6597.4096670      1.0118392      0.0090593
   6604.0089258      1.0097848      0.0085607
   6610.6189073      1.0036547      0.0082182
   6617.2288887      0.9918569      0.0080161
   6623.8495927      0.9880987      0.0075355
   6630.4708330      0.9830404      0.0071816
   6637.1027959      0.9804000      0.0069707
   6643.7342226      0.9778036      0.0069508
   6650.3774443      0.9756095      0.0069272
   6657.0313887      0.9794465      0.0076225
   6663.6853330      0.9798539      0.0072954
   6670.3500000      0.9774727      0.0069968
   6677.0259258      0.9737872      0.0069283
   6683.7018515      0.9697707      0.0070392
   6690.3885000      0.9658648      0.0072336
   6697.0751485      0.9589328      0.0077592
   6703.7730557      0.9515064      0.0079880
   6710.4709629      0.9459507      0.0082789
   6717.1908515      0.9421817      0.0089488
   6723.9102041      0.9356916      0.0092145
   6730.6300927      0.9300689      0.0095292
   6737.3607041      0.9199552      0.0098587
   6744.1025742      0.9070650      0.0105435
   6750.8444443      0.9059849      0.0108963
   6757.5970371      0.9010586      0.0116080
   6764.3496299      0.8991831      0.0119435
   6771.1134814      0.8945603      0.0122892
   6777.8880557      0.8965145      0.0129772
   6784.6626299      0.8973644      0.0133024
   6791.4484629      0.9018105      0.0136291
   6798.2450186      0.9012215      0.0145754
   6805.0415742      0.9013740      0.0151082
   6811.8493887      0.9024283      0.0160145
   6818.6566670      0.9096321      0.0151089
   6825.4752041      0.9151251      0.0153642
   6832.3050000      0.9223552      0.0156341
   6839.1347959      0.9318975      0.0166198
   6845.9753144      0.9402026      0.0171914
   6852.8265557      0.9452547      0.0172222
   6859.6670742      0.9540865      0.0178894
   6866.5295742      0.9609849      0.0171363
   6873.4033330      0.9705052      0.0164547
   6880.2765557      0.9781122      0.0159601
   6887.1610371      0.9710703      0.0146120
   6894.0455186      0.9727226      0.0139660
   6900.9407226      0.9757141      0.0131429
   6907.8364629      0.9778153      0.0121707
   6914.7429258      0.9717830      0.0119372
   6921.6601113      0.9680374      0.0114322
   6928.5885557      0.9670399      0.0118389
   6935.5170000      0.9676844      0.0112943
   6942.4454443      0.9720302      0.0105525
   6949.3958701      0.9707233      0.0101861
   6956.3462959      0.9710339      0.0097649
   6963.2961856      0.9736321      0.0096120
   6970.2578701      0.9779898      0.0096134
   6977.2302774      0.9767665      0.0093268
   6984.2134073      0.9798716      0.0092565
   6991.1965371      0.9828236      0.0092058
   6998.1796670      0.9848523      0.0091743
   7005.1853144      0.9908568      0.0091996
   7012.1904258      0.9936603      0.0091861
   7019.2067959      0.9969405      0.0091871
   7026.2226299      1.0043617      0.0092290
   7033.2497226      1.0056080      0.0092263
   7040.2880742      1.0061870      0.0090971
   7047.3151670      1.0042892      0.0092876
   7054.3647774      1.0058354      0.0093017
   7061.4245742      1.0042400      0.0093709
   7068.4849073      1.0041682      0.0093836
   7075.5559629      1.0040221      0.0092745
   7082.6270186      1.0003886      0.0094718
   7089.7200557      1.0023872      0.0093687
   7096.8023701      1.0012800      0.0095914
   7103.8954073      1.0010903      0.0096290
   7111.0104258      0.9944846      0.0095741
   7118.1141856      0.9941604      0.0098456
   7125.2292041      0.9879347      0.0098275
   7132.3554814      0.9847882      0.0101692
   7139.4924814      0.9848533      0.0101850
   7146.6294814      0.9819078      0.0105956
   7153.7772041      0.9783913      0.0106318
   7160.9361856      0.9733766      0.0107925
   7168.0951670      0.9683058      0.0112381
   7175.2654073      0.9673328      0.0112921
   7182.4351113      0.9620273      0.0117529
   7189.6160742      0.9512871      0.0117994
   7196.8082959      0.9465629      0.0120998
   7204.0107041      0.9466434      0.0127888
   7211.2136485      0.9441497      0.0134472
   7218.4278515      0.9409431      0.0130117
   7225.6415186      0.9440081      0.0131833
   7232.8664443      0.9482164      0.0137520
   7240.1020927      0.9455176      0.0143351
   7247.3490000      0.9445925      0.0149983
   7254.5959073      0.9407073      0.0160331
   7261.8428144      0.9406895      0.0167241
   7269.1111670      0.9472382      0.0175838
   7276.3800557      0.9424810      0.0178661
   7283.6596670      0.9322281      0.0179723
   7290.9398144      0.9386746      0.0174507
   7298.2301485      0.9400592      0.0169544
   7305.5322774      0.9331065      0.0162408
   7312.8338701      0.9269894      0.0153508
   7320.1461856      0.9250503      0.0151368
   7327.4702959      0.9263532      0.0145386
   7334.7938701      0.9285237      0.0166407
   7342.1281670      0.9241967      0.0155705
   7349.4737226      0.9240801      0.0148903
   7356.8198144      0.9259421      0.0142490
   7364.1760927      0.9315784      0.0141644
   7371.5436299      0.9377885      0.0138282
   7378.9111670      0.9382500      0.0139630
   7386.3006856      0.9376484      0.0136317
   7393.6794814      0.9339544      0.0135453
   7401.0797226      0.9339163      0.0134325
   7408.4805000      0.9273236      0.0133434
   7415.8920000      0.9203386      0.0132288
   7423.3035000      0.9131272      0.0131369
   7430.7257226      0.9076908      0.0130197
   7438.1592041      0.9007986      0.0129252
   7445.5926856      0.8959135      0.0128058
   7453.0481485      0.9001890      0.0127093
   7460.4928887      0.8974017      0.0125885
   7467.9590742      0.8912566      0.0124910
   7475.4257959      0.8862836      0.0123695
   7482.9027041      0.8832440      0.0122716
   7490.3914073      0.8836770      0.0121498
   7497.8795742      0.8887878      0.0120519
   7505.3790000      0.8881795      0.0119386
   7512.8784258      0.8832678      0.0118482
   7520.3885742      0.8772616      0.0117414
   7527.9099814      0.8770462      0.0116524
   7535.4421113      0.8738782      0.0115586
   7542.9747774      0.8716938      0.0114832
   7550.5176299      0.8622422      0.0114348
   7558.0722774      0.8550625      0.0113901
   7565.6263887      0.8490496      0.0112232
   7573.2024814      0.8467194      0.0114144
   7580.7678515      0.8473012      0.0113073
   7588.3546670      0.8471847      0.0115714
   7595.9420186      0.8420184      0.0115162
   7603.5293701      0.8290857      0.0118456
   7611.1381670      0.8267038      0.0120948
   7618.7475000      0.8278054      0.0121950
   7626.3675557      0.8328421      0.0124635
   7633.9988701      0.8282583      0.0124367
   7641.6296485      0.8320636      0.0128397
   7649.2716856      0.8177024      0.0128191
   7656.9249814      0.8076356      0.0132432
   7664.5782774      0.8044618      0.0132175
   7672.2422959      0.8031998      0.0136459
   7679.9170371      0.8008881      0.0136123
   7687.6030371      0.7982963      0.0140391
   7695.2890371      0.7893896      0.0139869
   7702.9750371      0.7886230      0.0142163
   7710.6830186      0.7922261      0.0143112
   7718.4017226      0.7992412      0.0144879
   7726.1097041      0.7984173      0.0145579
   7733.8396670      0.8014490      0.0146720
   7741.5808887      0.7975146      0.0147162
   7749.3108515      0.8073224      0.0147728
   7757.0627959      0.8073077      0.0147981
   7764.8254629      0.8130034      0.0148153
   7772.5881299      0.8202779      0.0145793
   7780.3620557      0.8180539      0.0148334
   7788.1467041      0.8144029      0.0148483
   7795.9318887      0.8056010      0.0148478
   7803.7277959      0.8015999      0.0148513
   7811.5344258      0.7992951      0.0148530
   7819.3410557      0.7926710      0.0148511
   7827.1589443      0.7845604      0.0146149
   7834.9875557      0.7778388      0.0148531
   7842.8274258      0.7723269      0.0146144
   7850.6672959      0.7643505      0.0148611
   7858.5178887      0.7489133      0.0146218
   7866.3792041      0.7331334      0.0146521
   7874.2410557      0.7286139      0.0148936
   7882.1248887      0.7208983      0.0146732
   7890.0081856      0.7191951      0.0149272
   7897.8920186      0.7099044      0.0147062
   7905.7865742      0.7007888      0.0149726
   7913.7031113      0.7030220      0.0147486
   7921.6089258      0.6985875      0.0147975
   7929.5361856      0.6891935      0.0150569
   7937.4639814      0.6854149      0.0148405
   7945.4025000      0.6846357      0.0151093
   7953.3522774      0.6892830      0.0148771
   7961.3015186      0.6838040      0.0149130
   7969.2620186      0.6821151      0.0149014
   7977.2337774      0.6898794      0.0149223
   7985.2157226      0.6989273      0.0149290
   7993.1982041      0.6892942      0.0148766
   8001.1919443      0.6713788      0.0147965
   8009.1964073      0.6725259      0.0147014
   8017.2008701      0.6729190      0.0144928
   8025.2160557      0.6707911      0.0140260
   8033.2425000      0.6652644      0.0139914
   8041.2796670      0.6669130      0.0135745
   8049.3173701      0.6611258      0.0133184
   8057.3657959      0.6565878      0.0128128
   8065.4249443      0.6502787      0.0122042
   8073.4953515      0.6460083      0.0119836
   8081.5652226      0.6436128      0.0114318
   8089.6468887      0.6423281      0.0108132
   8097.7392774      0.6377611      0.0105796
   8105.8423887      0.6321348      0.0100290
   8113.9455000      0.6284835      0.0095206
   8122.0598701      0.6229120      0.0092776
   8130.1737041      0.6162303      0.0087773
   8138.3100557      0.6146195      0.0085429
   8146.4464073      0.6095515      0.0081274
   8154.5934814      0.6023842      0.0077732
   8162.7518144      0.6031000      0.0076523
   8170.9096113      0.6025211      0.0073950
   8179.0786670      0.5972688      0.0072435
   8187.2589814      0.5958215      0.0072816
   8195.4500186      0.5973792      0.0071516
   8203.6523144      0.5991938      0.0071639
   8211.8540742      0.5955454      0.0071860
   8220.0670927      0.5958380      0.0072441
   8228.2801113      0.5955507      0.0073195
   8236.5151113      0.5939225      0.0073563
   8244.7501113      0.5935560      0.0074295
   8252.9963701      0.5928574      0.0075212
   8261.2533515      0.5952720      0.0075719
   8269.5103330      0.5957793      0.0076763
   8277.7780371      0.5891031      0.0077872
   8286.0570000      0.5899218      0.0078392
   8294.3466856      0.5884320      0.0079546
   8302.6369073      0.5874032      0.0079271
   8310.9378515      0.5856453      0.0081507
   8319.2495186      0.5917208      0.0083008
   8327.5724443      0.5870641      0.0083020
   8335.8953701      0.5857160      0.0085619
   8344.2402774      0.5855289      0.0087596
   8352.5846485      0.5854426      0.0087873
   8360.9408144      0.5807895      0.0090871
   8369.2964443      0.5728418      0.0093190
   8377.6633330      0.5717892      0.0093529
   8386.0409443      0.5696970      0.0096770
   8394.4298144      0.5703613      0.0099139
   8402.8294073      0.5733187      0.0099314
   8411.2290000      0.5792363      0.0101742
   8419.6398515      0.5810713      0.0104997
   8428.0614258      0.5745963      0.0105047
   8436.4830000      0.5678893      0.0107147
   8444.9265557      0.5679628      0.0110114
   8453.3701113      0.5674677      0.0109300
   8461.8249258      0.5748447      0.0110082
   8470.2904629      0.5730889      0.0112019
   8478.7560000      0.5658334      0.0109650
   8487.2435186      0.5585490      0.0108488
   8495.7203144      0.5567811      0.0106689
   8504.2185557      0.5495983      0.0105387
   8512.7280557      0.5435852      0.0102821
   8521.2375557      0.5310891      0.0100035
   8529.7583144      0.5268312      0.0096304
   8538.2897959      0.5262958      0.0095446
   8546.8320000      0.5233140      0.0092599
   8555.3742041      0.5206087      0.0089129
   8563.9276670      0.5141744      0.0088185
   8572.4923887      0.5088307      0.0085337
   8581.0678330      0.5074651      0.0082648
   8589.6432774      0.5055902      0.0079598
   8598.2401670      0.5016844      0.0078865
   8606.8375927      0.4949017      0.0076919
   8615.4462774      0.4926193      0.0074699
   8624.0651485      0.4877416      0.0073438
   8632.6845557      0.4821449      0.0073715
   8641.3146856      0.4769905      0.0072280
   8649.9673330      0.4752840      0.0071916
   8658.6081856      0.4714080      0.0071836
   8667.2715557      0.4690535      0.0072934
   8675.9349258      0.4665133      0.0071987
   8684.6202774      0.4633233      0.0074335
   8693.3050927      0.4642174      0.0077198
   8701.9904443      0.4661149      0.0079283
   8710.6977774      0.4702911      0.0073529
   8719.4045742      0.4703788      0.0074220
   8728.1226299      0.4693009      0.0076579
   8736.8519443      0.4718081      0.0078850
   8745.5919814      0.4766792      0.0082925
   8754.3320186      0.4754450      0.0089462
   8763.0940371      0.4707483      0.0098520
   8771.8560557      0.4701167      0.0098062
   8780.6293330      0.4746733      0.0096669
   8789.4133330      0.4734719      0.0097729
   8798.1973330      0.4744002      0.0100419
   8807.0033144      0.4760764      0.0100374
   8815.8092959      0.4747343      0.0102503
   8824.6152774      0.4768176      0.0102569
   8833.4427041      0.4733528      0.0108132
   8842.2819258      0.4721079      0.0107907
   8851.1206113      0.4766106      0.0118528
   8859.9818144      0.4797463      0.0108089
   8868.8312226      0.4846332      0.0100745
   8877.7031485      0.4924297      0.0095368
   8886.5863330      0.4964333      0.0093405
   8895.4689814      0.4945475      0.0092828
   8904.3628887      0.4959186      0.0093187
   8913.2675186      0.4928461      0.0093810
   8922.1834073      0.4986494      0.0102322
   8931.1100186      0.4983732      0.0102681
   8940.0366299      0.4963146      0.0094471
   8948.9745000      0.4963330      0.0091861
   8957.9343515      0.4957901      0.0092908
   8966.8829443      0.4918994      0.0094993
   8975.8535186      0.4822214      0.0097362
   8984.8353515      0.4746791      0.0099690
   8993.8166485      0.4614956      0.0101288
   9002.8097402      0.4483836      0.0101799
   9011.8135547      0.4450790      0.0100539
   9020.8280918      0.4393469      0.0097579
   9029.8533515      0.4332639      0.0092497
   9038.8786113      0.4326269      0.0090728
   9047.9156661      0.4330266      0.0086730
   9056.9623711      0.4314954      0.0083217
   9066.0208711      0.4329615      0.0080617
   9075.0911661      0.4327563      0.0078059
   9084.1603887      0.4347796      0.0079301
   9093.2521289      0.4406338      0.0081959
   9102.3427969      0.4420548      0.0078256
   9111.4452598      0.4444373      0.0075246
   9120.5584453      0.4450158      0.0073529
   9129.6834258      0.4492517      0.0075318
   9138.8073339      0.4491746      0.0077591
   9147.9430371      0.4501005      0.0080589
   9157.1001856      0.4591372      0.0072734
   9166.2466113      0.4626911      0.0071500
   9175.4155547      0.4700194      0.0072498
   9184.5941485      0.4741642      0.0074356
   9193.7845371      0.4766432      0.0076751
   9202.9749258      0.4774292      0.0079426
   9212.1760371      0.4825480      0.0082770
   9221.3878711      0.4836298      0.0083910
   9230.6115000      0.4904000      0.0085892
   9239.8458515      0.4914260      0.0086827
   9249.0802031      0.4920806      0.0087211
   9258.3360000      0.4914217      0.0087258
   9267.5917969      0.4876075      0.0084885
   9276.8593887      0.4853539      0.0085364
   9286.1377031      0.4822477      0.0086133
   9295.4267402      0.4766291      0.0088508
   9304.7265000      0.4774618      0.0098466
   9314.0262598      0.4747057      0.0097998
   9323.3378144      0.4747221      0.0098958
   9332.6600918      0.4762698      0.0100246
   9341.9930918      0.4772326      0.0106260
   9351.3368144      0.4793345      0.0113742
   9360.6912598      0.4823271      0.0120390
   9370.0575000      0.4791287      0.0126403
   9379.4237402      0.4807199      0.0131069
   9388.8007031      0.4813351      0.0129260
   9398.1883887      0.4961750      0.0129716
   9407.5867969      0.5070532      0.0128740
   9416.9970000      0.5098030      0.0126958
   9426.4179258      0.5218754      0.0125130
   9435.8388515      0.5200219      0.0124092
   9445.2812226      0.5213163      0.0126539
   9454.7246661      0.5176630      0.0141907
   9464.1777598      0.5231577      0.0136228
   9473.6426485      0.5309556      0.0131955
   9483.1182598      0.5331253      0.0128479
   9492.6056661      0.5322002      0.0129393
   9502.0920000      0.5350668      0.0129761
   9511.6008515      0.5358567      0.0127678
   9521.1097031      0.5332829      0.0124637
   9530.6292774      0.5255667      0.0121574
   9540.1595742      0.5174717      0.0119329
   9549.7016661      0.5101215      0.0116511
   9559.2534082      0.4967064      0.0112376
   9568.8062226      0.4850421      0.0106688
   9578.3815547      0.4798599      0.0103210
   9587.9665371      0.4745689      0.0099138
   9597.5407969      0.4705511      0.0095586
   9607.1482969      0.4601212      0.0091950
   9616.7557969      0.4586934      0.0086543
   9626.3750918      0.4529995      0.0083430
   9636.0040371      0.4462032      0.0080431
   9645.6340547      0.4409757      0.0077772
   9655.2844453      0.4340824      0.0075408
   9664.9359082      0.4325018      0.0071946
   9674.5991661      0.4292800      0.0070246
   9684.2720742      0.4256297      0.0068816
   9693.9675000      0.4233377      0.0067270
   9703.6522031      0.4176702      0.0065531
   9713.3583515      0.4182485      0.0064514
   9723.0752226      0.4156187      0.0064007
   9732.8038887      0.4147239      0.0064270
   9742.5325547      0.4116778      0.0064885
   9752.2708711      0.4091091      0.0064402
   9762.0220547      0.4070115      0.0062787
   9771.7936113      0.4047914      0.0061761
   9781.5544453      0.4011104      0.0061295
   9791.3377969      0.3960386      0.0061924
   9801.1318711      0.3934761      0.0062482
   9810.9377402      0.3910177      0.0063855
   9820.7532598      0.3887222      0.0065428
   9830.5698515      0.3847166      0.0066849
   9840.3971661      0.3832776      0.0069280
   9850.2459258      0.3809213      0.0072040
   9860.0946856      0.3802786      0.0074041
   9869.9552402      0.3835926      0.0077943
   9879.8254453      0.3790603      0.0080897
   9889.7074453      0.3800304      0.0082931
   9899.5894453      0.3783034      0.0086617
   9909.4939629      0.3789426      0.0090440
   9919.4092031      0.3778495      0.0092532
   9929.3233711      0.3773473      0.0096235
   9939.2493339      0.3771149      0.0099753
   9949.1978144      0.3760843      0.0101250
   9959.1452226      0.3789461      0.0104145
   9969.1044258      0.3773372      0.0106743
   9979.0743515      0.3769170      0.0107653
   9989.0550000      0.3698521      0.0109453
   9999.0463711      0.3752295      0.0112398
   10009.0388144      0.3788245      0.0112105
   10019.0527031      0.3780049      0.0115634
   10029.0665918      0.3808884      0.0122655
   10039.1019258      0.3793061      0.0129398
   10049.1372598      0.3778323      0.0128878
   10059.1843887      0.3760367      0.0129245
   10069.2529629      0.3739193      0.0130552
   10079.3215371      0.3717482      0.0135130
   10089.4008339      0.3631316      0.0140211
   10099.4919258      0.3608911      0.0147276
   10109.5937402      0.3549715      0.0155071
   10119.6955547      0.3530243      0.0164795
   10129.8188144      0.3506976      0.0174695
   10139.9420742      0.3501641      0.0190554
   10150.0878515      0.3534636      0.0211349
   10160.2336289      0.3595374      0.0244866
   10170.4008515      0.3627206      0.0282395
