# SOURCE  = 'Quimby et al. 2018' /                                                
# OBJECT  = 'PTF10gvb'           /                                                
# Z       =            0.0980000 / wavelengths divided by (1 + z)                 
# NORM    =          2.52534E-17 / fluxes divided by norm                         
# CLIPPED =                    1 / galaxy emission lines removed                  
# SMOOTHED=                    1 / spectrum has been smoothed                     
# COLUMN01= 'Wavelength (Angstrom)' /                                             
# COLUMN02= 'Flux Density (erg/s/cm2/A)' /                                        
# COLUMN03= 'Flux Density Uncertainty (erg/s/cm2/A)' /                            
# END                                                                             
# 
# 
# 
# 
# 
# 
# 
# 
# 
# 
   3500.7094908      2.4481509      0.0856021
   3504.2120464      2.4924355      0.0719276
   3507.7146021      2.5166554      0.0619077
   3511.2174258      2.5543783      0.0533183
   3514.7309722      2.5697210      0.0522411
   3518.2445186      2.5796614      0.0457162
   3521.7690557      2.5917032      0.0413055
   3525.2826021      2.6009593      0.0381458
   3528.8074073      2.6188693      0.0354829
   3532.3429351      2.6270568      0.0331229
   3535.8674722      2.6370282      0.0315613
   3539.4139908      2.6378591      0.0303191
   3542.9495186      2.6514623      0.0294157
   3546.4960371      2.6454494      0.0286138
   3550.0425557      2.6401103      0.0279111
   3553.5890742      2.6544194      0.0274024
   3557.1465835      2.6633487      0.0269654
   3560.7040927      2.6644263      0.0266474
   3564.2616021      2.6620307      0.0263354
   3567.8301021      2.6629796      0.0261906
   3571.3986021      2.6650269      0.0264316
   3574.9671021      2.6711140      0.0266420
   3578.5356021      2.6694727      0.0268458
   3582.1150927      2.6636379      0.0269811
   3585.7055742      2.6643367      0.0270764
   3589.2850649      2.6628442      0.0271903
   3592.8755464      2.6628237      0.0272984
   3596.4660278      2.6477172      0.0275551
   3600.0675000      2.6602266      0.0280498
   3603.6689722      2.6506925      0.0284608
   3607.2704443      2.6420217      0.0284742
   3610.8829073      2.6362631      0.0284065
   3614.4841113      2.6442227      0.0283206
   3618.1075649      2.6323521      0.0281393
   3621.7200278      2.6340191      0.0278769
   3625.3434814      2.6393239      0.0277027
   3628.9669351      2.6406920      0.0273134
   3632.6011113      2.6244199      0.0269233
   3636.2355557      2.6167660      0.0266482
   3639.8700000      2.6028132      0.0262844
   3643.5044443      2.5977962      0.0259463
   3647.1496113      2.6094825      0.0256686
   3650.7950464      2.6093307      0.0254987
   3654.4514722      2.6007874      0.0252780
   3658.1078979      2.5982225      0.0251143
   3661.7640557      2.5901899      0.0250179
   3665.4204814      2.5782554      0.0250970
   3669.0878979      2.5707114      0.0251339
   3672.7550464      2.5731013      0.0252319
   3676.4334536      2.5604494      0.0253710
   3680.1115927      2.5730820      0.0256121
   3683.7900000      2.5665250      0.0257824
   3687.4684073      2.5620570      0.0259055
   3691.1575371      2.5653567      0.0260937
   3694.8469351      2.5709558      0.0261642
   3698.5470557      2.5754304      0.0261951
   3702.2474443      2.5843337      0.0262520
   3705.9475649      2.5906887      0.0262513
   3709.6589443      2.5878260      0.0261045
   3713.3700557      2.5913970      0.0258964
   3717.0814351      2.5826221      0.0257018
   3720.7925464      2.5750010      0.0254124
   3724.5149165      2.5864608      0.0251864
   3728.2370186      2.5761068      0.0249079
   3731.9701113      2.5930443      0.0245599
   3735.7034722      2.6000578      0.0241678
   3739.4365649      2.5816579      0.0237458
   3743.1809165      2.5933137      0.0232668
   3746.9140092      2.6023853      0.0227729
   3750.6690835      2.6115861      0.0223261
   3754.4134351      2.6341436      0.0218037
   3758.1685092      2.6487315      0.0213402
   3761.9345742      2.6550169      0.0208961
   3765.6899165      2.6826844      0.0205432
   3769.4559814      2.6974444      0.0202443
   3773.2220464      2.7185853      0.0200197
   3776.9991021      2.7359307      0.0198204
   3780.7764258      2.7532492      0.0196678
   3784.5644722      2.7648251      0.0195694
   3788.3415278      2.7790835      0.0194808
   3792.1295742      2.7969706      0.0194880
   3795.9286113      2.8126104      0.0195660
   3799.7169258      2.8294942      0.0197107
   3803.5159629      2.8466737      0.0198829
   3807.3259908      2.8690329      0.0201960
   3811.1360186      2.8829319      0.0204636
   3814.9460464      2.9015198      0.0208037
   3818.7560742      2.9262619      0.0210606
   3822.5770927      2.9331086      0.0213425
   3826.3981113      2.9245512      0.0214604
   3830.2303887      2.9179776      0.0215756
   3834.0623979      2.9202898      0.0216293
   3837.8944073      2.9106495      0.0215590
   3841.7264165      2.8973663      0.0215654
   3845.5694165      2.8888831      0.0214866
   3849.4124165      2.8783302      0.0213944
   3853.2664073      2.8737929      0.0211665
   3857.1203979      2.8648870      0.0209015
   3860.9743887      2.8711531      0.0205458
   3864.8391021      2.8677661      0.0201332
   3868.7040835      2.8559277      0.0197348
   3872.5690649      2.8327405      0.0192041
   3876.4450371      2.8369782      0.0188392
   3880.3210092      2.8251348      0.0184625
   3884.2079722      2.8126898      0.0181259
   3888.0839443      2.7948825      0.0178973
   3891.9709073      2.7694495      0.0177536
   3895.8685927      2.7409325      0.0176687
   3899.7665464      2.7251949      0.0177131
   3903.6645000      2.7164128      0.0178718
   3907.5624536      2.6947274      0.0180526
   3911.4713979      2.6842866      0.0183604
   3915.3800742      2.6653247      0.0187589
   3919.3000092      2.6571126      0.0191236
   3923.2199443      2.6573691      0.0193885
   3927.1506021      2.6423454      0.0196314
   3931.0705371      2.6261294      0.0197509
   3935.0014629      2.6236966      0.0196779
   3938.9431113      2.6364057      0.0196109
   3942.8740371      2.6470139      0.0194539
   3946.8159536      2.6730521      0.0191570
   3950.7685927      2.6863408      0.0188833
   3954.7215000      2.7037795      0.0184871
   3958.6744073      2.7189002      0.0179996
   3962.6380371      2.7473807      0.0175570
   3966.5909443      2.7652311      0.0171886
   3970.5655649      2.7805548      0.0169240
   3974.5294629      2.7922511      0.0168489
   3978.5040835      2.8099670      0.0169256
   3982.4899629      2.8154469      0.0170770
   3986.4645835      2.8160152      0.0172137
   3990.4504629      2.8152449      0.0172840
   3994.4470649      2.8109519      0.0173880
   3998.4439351      2.8000014      0.0173747
   4002.4405371      2.7927399      0.0173321
   4006.4483979      2.7810056      0.0170914
   4010.4450000      2.7793598      0.0167952
   4014.4635835      2.7873569      0.0163649
   4018.4714443      2.7853200      0.0157968
   4022.4900278      2.7913270      0.0151514
   4026.5196021      2.7910297      0.0147063
   4030.5384536      2.8007152      0.0143780
   4034.5790186      2.8101475      0.0142419
   4038.6085927      2.8316071      0.0142295
   4042.6494258      2.8390143      0.0144080
   4046.6899908      2.8534150      0.0145901
   4050.7415464      2.8734345      0.0147987
   4054.7821113      2.8888817      0.0149179
   4058.8449258      2.8915534      0.0150370
   4062.8964814      2.9044387      0.0150964
   4066.9700186      2.9042623      0.0150691
   4071.0325649      2.9131064      0.0150886
   4075.1061021      2.9097381      0.0150994
   4079.1799073      2.9065232      0.0150327
   4083.2534443      2.8953202      0.0150141
   4087.3379722      2.8787291      0.0151182
   4091.4334908      2.8749344      0.0153268
   4095.5180186      2.8564692      0.0156317
   4099.6135371      2.8507218      0.0160586
   4103.7200464      2.8437674      0.0165068
   4107.8155649      2.8218708      0.0170014
   4111.9330649      2.8125708      0.0175632
   4116.0395742      2.8098390      0.0181440
   4120.1570742      2.8201239      0.0186969
   4124.2745742      2.8348694      0.0190905
   4128.4030649      2.8267615      0.0193359
   4132.5315557      2.8538127      0.0192497
   4136.6600464      2.8732965      0.0191101
   4140.7995278      2.8730633      0.0187780
   4144.9390092      2.8894782      0.0182756
   4149.0894814      2.9033325      0.0178737
   4153.2289629      2.9049971      0.0175630
   4157.3904258      2.9144957      0.0175620
   4161.5408979      2.9230037      0.0177762
   4165.7020927      2.9401119      0.0183347
   4169.8745464      2.9389381      0.0190732
   4174.0470000      2.9567668      0.0195481
   4178.2194536      2.9572122      0.0195980
   4182.3919073      2.9626923      0.0194846
   4186.5750835      2.9713376      0.0191995
   4190.7695186      2.9705906      0.0187834
   4194.9529629      2.9720676      0.0182931
   4199.1473979      2.9763367      0.0176430
   4203.3525557      2.9628336      0.0170050
   4207.5579814      2.9500496      0.0164298
   4211.7634073      2.9514663      0.0160522
   4215.9685649      2.9502959      0.0159592
   4220.1849814      2.9490726      0.0160965
   4224.4123887      2.9487565      0.0166464
   4228.6395278      2.9414461      0.0171192
   4232.8669351      2.9465957      0.0178554
   4237.0940742      2.9633451      0.0187224
   4241.3324722      2.9715714      0.0196132
   4245.5706021      3.0001521      0.0204093
   4249.8199908      3.0224011      0.0210241
   4254.0691113      3.0569582      0.0211458
   4258.3294908      3.0726068      0.0210209
   4262.5786113      3.0868416      0.0205640
   4266.8499814      3.0965629      0.0196646
   4271.1100927      3.1011353      0.0188970
   4275.3814629      3.1196680      0.0181383
   4279.6635557      3.1069789      0.0174755
   4283.9459165      3.0987308      0.0169913
   4288.2280092      3.0908341      0.0167157
   4292.5101021      3.0878055      0.0166673
   4296.8034536      3.0764439      0.0168048
   4301.1075278      3.0578103      0.0170957
   4305.4006113      3.0416415      0.0174182
   4309.7159443      3.0249581      0.0171981
   4314.0200186      3.0184538      0.0172596
   4318.3350835      3.0036428      0.0172487
   4322.6504165      2.9862757      0.0171932
   4326.9764722      2.9805956      0.0170664
   4331.3025278      2.9697804      0.0170950
   4335.6395742      2.9570501      0.0166771
   4339.9658979      2.9408655      0.0163236
   4344.3139351      2.9225633      0.0161375
   4348.6509814      2.9189990      0.0160930
   4352.9990186      2.9078398      0.0161288
   4357.3580464      2.9091377      0.0162868
   4361.7170742      2.8973761      0.0164809
   4366.0761021      2.8990643      0.0166967
   4370.4463887      2.9048667      0.0169021
   4374.8164073      2.9051080      0.0170868
   4379.1864258      2.9147196      0.0172747
   4383.5674351      2.9157286      0.0174457
   4387.9484443      2.9230669      0.0178703
   4392.3404443      2.9228139      0.0177566
   4396.7324443      2.9246066      0.0178426
   4401.1244443      2.9376907      0.0179705
   4405.5274351      2.9388840      0.0180190
   4409.9304258      2.9451668      0.0181344
   4414.3444073      2.9354150      0.0182774
   4418.7583887      2.9315357      0.0181228
   4423.1830927      2.9356847      0.0178738
   4427.5970742      2.9243486      0.0176410
   4432.0330371      2.9091718      0.0171225
   4436.4690000      2.8990533      0.0164191
   4440.9049629      2.9000590      0.0157011
   4445.3409258      2.9008281      0.0149600
   4449.7876113      2.8944919      0.0142149
   4454.2345649      2.8891456      0.0136552
   4458.6925092      2.8707478      0.0132581
   4463.1504536      2.8650744      0.0131407
   4467.6083979      2.8636532      0.0133892
   4472.0770649      2.8705201      0.0141303
   4476.5569908      2.8732150      0.0143776
   4481.0259258      2.8704472      0.0153683
   4485.5165742      2.8754859      0.0161726
   4489.9965000      2.8633749      0.0167970
   4494.4874165      2.8527274      0.0171188
   4498.9783330      2.8496709      0.0172927
   4503.4797041      2.8484118      0.0171030
   4507.9816113      2.8482451      0.0169476
   4512.4947774      2.8424683      0.0166978
   4517.0074073      2.8202806      0.0164062
   4521.5200371      2.8002739      0.0160732
   4526.0439258      2.7816508      0.0156791
   4530.5678144      2.7681713      0.0153503
   4535.1024258      2.7476041      0.0149704
   4539.6370371      2.7138989      0.0147020
   4544.1716485      2.6854348      0.0143032
   4548.7175186      2.6765051      0.0139352
   4553.2741113      2.6674261      0.0135124
   4557.8199814      2.6723638      0.0131438
   4562.3878330      2.6669686      0.0131649
   4566.9444258      2.6529536      0.0127881
   4571.5122774      2.6574564      0.0127439
   4576.0795927      2.6591268      0.0127292
   4580.6581670      2.6619980      0.0126811
   4585.2372774      2.6711061      0.0124951
   4589.8265742      2.6702003      0.0121762
   4594.4164073      2.6814482      0.0119221
   4599.0169629      2.6906264      0.0116049
   4603.6067959      2.6986597      0.0114204
   4608.2180742      2.7055085      0.0112543
   4612.8186299      2.7171512      0.0112079
   4617.4304443      2.7288392      0.0113156
   4622.0529814      2.7340569      0.0114437
   4626.6755186      2.7295787      0.0117015
   4631.2980557      2.7355218      0.0119522
   4635.9318515      2.7367108      0.0122175
   4640.5651113      2.7338796      0.0124138
   4645.2096299      2.7273748      0.0126549
   4649.8541485      2.7153597      0.0129006
   4654.5099258      2.7087667      0.0128761
   4659.1651670      2.6965196      0.0130920
   4663.8209443      2.6857128      0.0132044
   4668.4874443      2.6711457      0.0134009
   4673.1539443      2.6692936      0.0135791
   4677.8311670      2.6532035      0.0138358
   4682.5089258      2.6544507      0.0139804
   4687.1861485      2.6538720      0.0140551
   4691.8746299      2.6588733      0.0140378
   4696.5631113      2.6550694      0.0136194
   4701.2628515      2.6480083      0.0131060
   4705.9620557      2.6462371      0.0126492
   4710.6725186      2.6335397      0.0123883
   4715.3829814      2.6256647      0.0122467
   4720.0934443      2.6191556      0.0120774
   4724.8146299      2.6111872      0.0119576
   4729.5470742      2.6069837      0.0118826
   4734.2687959      2.5982747      0.0118238
   4739.0119629      2.5896592      0.0118866
   4743.7444073      2.5718548      0.0118327
   4748.4875742      2.5559330      0.0115555
   4753.2420000      2.5553453      0.0111852
   4757.9964258      2.5629761      0.0108159
   4762.7508515      2.5668578      0.0105441
   4767.5160000      2.5645130      0.0104673
   4772.2811485      2.5712733      0.0106629
   4777.0575557      2.5774350      0.0110670
   4781.8339629      2.5773740      0.0115719
   4786.6103701      2.5806353      0.0119564
   4791.3975000      2.5779822      0.0123923
   4796.1958887      2.5774271      0.0127956
   4800.9830186      2.5759060      0.0131976
   4805.7921299      2.5856075      0.0134022
   4810.5905186      2.5908108      0.0135214
   4815.3996299      2.6001866      0.0134969
   4820.2200000      2.5983751      0.0133811
   4825.0403701      2.5960331      0.0132528
   4829.8714629      2.5814462      0.0131715
   4834.6918330      2.5786352      0.0131790
   4839.5336485      2.5816631      0.0132430
   4844.3760000      2.5834887      0.0133523
   4849.2183515      2.5824554      0.0135128
   4854.0601670      2.5654008      0.0136830
   4858.9245000      2.5606661      0.0137721
   4863.7775742      2.5602753      0.0139935
   4868.6419073      2.5443194      0.0138042
   4873.5169629      2.5290530      0.0138822
   4878.3812959      2.5156131      0.0140959
   4883.2670742      2.5036485      0.0142923
   4888.1421299      2.4938138      0.0143986
   4893.0391670      2.4871266      0.0143449
   4897.9254814      2.4795277      0.0140938
   4902.8337774      2.4669633      0.0136478
   4907.7308144      2.4571590      0.0132676
   4912.6385742      2.4487026      0.0128583
   4917.5575927      2.4481280      0.0126157
   4922.4658887      2.4466653      0.0124651
   4927.3956299      2.4396169      0.0124181
   4932.3146485      2.4406774      0.0124857
   4937.2556485      2.4309313      0.0126411
   4942.1859258      2.4330056      0.0128971
   4947.1269258      2.4358611      0.0131714
   4952.0786485      2.4465845      0.0133771
   4957.0309073      2.4481659      0.0135215
   4961.9938887      2.4411356      0.0133118
   4966.9456113      2.4319139      0.0131312
   4971.9198515      2.4230454      0.0130271
   4976.8935557      2.4172595      0.0129626
   4981.8677959      2.4050686      0.0129740
   4986.8522226      2.4053147      0.0130431
   4991.8371856      2.4010253      0.0131406
   4996.8334073      2.3963449      0.0132269
   5001.8290927      2.3995628      0.0132774
   5006.8253144      2.4030325      0.0132792
   5011.8317226      2.3981824      0.0132291
   5016.8499258      2.3907855      0.0131315
   5021.8675927      2.3824561      0.0129436
   5026.8857959      2.3789444      0.0127724
   5031.9141856      2.3740182      0.0125981
   5036.9431113      2.3806684      0.0124500
   5041.9832959      2.3728800      0.0123681
   5047.0229443      2.3662782      0.0124162
   5052.0738515      2.3588777      0.0125196
   5057.1242226      2.3427024      0.0126624
   5062.1863887      2.3276393      0.0127436
   5067.2480186      2.3230669      0.0127925
   5072.3096485      2.3181329      0.0128380
   5077.3825371      2.3216035      0.0129238
   5082.4661485      2.3146701      0.0130130
   5087.5502959      2.3102338      0.0131507
   5092.6339073      2.3234546      0.0131412
   5097.7287774      2.3299134      0.0130995
   5102.8231113      2.3298409      0.0129798
   5107.9287041      2.3290951      0.0129686
   5113.0348330      2.3305199      0.0129469
   5118.1511485      2.3327053      0.0129517
   5123.2680000      2.3303404      0.0130542
   5128.3955742      2.3310740      0.0132496
   5133.5124258      2.3189270      0.0134852
   5138.6507226      2.2927692      0.0137122
   5143.7895557      2.2931938      0.0140078
   5148.9391113      2.2790349      0.0140682
   5154.0886670      2.2653701      0.0140258
   5159.2382226      2.2464092      0.0138639
   5164.3990371      2.2437727      0.0136940
   5169.5598515      2.2287080      0.0135197
   5174.7313887      2.2276545      0.0133686
   5179.9029258      2.2131965      0.0132876
   5185.0851856      2.2149522      0.0132037
   5190.2787041      2.2172592      0.0131085
   5195.4615000      2.2107332      0.0129576
   5200.6550186      2.2154055      0.0128010
   5205.8597959      2.2178900      0.0126259
   5211.0640371      2.2207086      0.0124570
   5216.2795371      2.2171950      0.0120957
   5221.4950371      2.2072670      0.0117718
   5226.7217959      2.1933646      0.0115214
   5231.9372959      2.1793530      0.0114110
   5237.1747774      2.1687522      0.0113214
   5242.4117226      2.1641829      0.0113125
   5247.6604629      2.1460400      0.0113599
   5252.9086670      2.1332221      0.0114678
   5258.1574073      2.1152496      0.0116127
   5263.4168701      2.1079721      0.0119002
   5268.6763330      2.0896163      0.0120788
   5273.9465186      2.0882559      0.0122661
   5279.2167041      2.0754755      0.0123682
   5284.4981485      2.0754092      0.0124443
   5289.7908515      2.0620739      0.0124941
   5295.0830186      2.0580022      0.0122564
   5300.3751856      2.0534754      0.0121714
   5305.6678887      2.0459719      0.0121152
   5310.9820371      2.0327096      0.0121792
   5316.2854629      2.0234649      0.0120482
   5321.5996113      2.0124681      0.0120321
   5326.9250186      2.0160840      0.0121177
   5332.2504258      2.0177016      0.0121558
   5337.5865557      2.0276201      0.0122233
   5342.9226856      2.0295906      0.0122486
   5348.2700742      2.0323191      0.0122049
   5353.6174629      2.0336061      0.0121987
   5358.9648515      2.0343640      0.0122435
   5364.3336856      2.0438654      0.0122762
   5369.6923330      2.0504785      0.0123037
   5375.0611670      2.0537560      0.0124493
   5380.4417959      2.0519581      0.0127057
   5385.8218887      2.0529485      0.0130281
   5391.2019814      2.0401599      0.0136646
   5396.6040557      2.0470824      0.0135567
   5401.9954073      2.0327640      0.0137565
   5407.3974814      2.0293314      0.0139566
   5412.8108144      2.0130494      0.0141948
   5418.2128887      2.0072167      0.0143822
   5423.6369443      2.0004201      0.0145304
   5429.0610000      2.0055466      0.0145644
   5434.4850557      1.9992783      0.0144939
   5439.9203701      1.9894580      0.0143911
   5445.3664073      1.9735897      0.0144107
   5450.8124443      1.9764220      0.0140767
   5456.2584814      1.9532145      0.0137334
   5461.7157774      1.9511683      0.0134645
   5467.1837959      1.9487897      0.0131253
   5472.6518144      1.9415593      0.0128701
   5478.1198330      1.9364066      0.0126501
   5483.5985742      1.9280276      0.0124340
   5489.0778515      1.9231236      0.0122473
   5494.5678515      1.9359185      0.0121578
   5500.0685742      1.9388180      0.0117989
   5505.5698330      1.9316199      0.0115704
   5511.0705557      1.9433219      0.0114691
   5516.5825371      1.9437422      0.0115046
   5522.0945186      1.9393299      0.0116844
   5527.6172226      1.9294395      0.0119911
   5533.1511856      1.9185433      0.0125594
   5538.6851485      1.9085658      0.0133408
   5544.2303701      1.8884580      0.0143058
   5549.7643330      1.8706799      0.0155203
   5555.3202774      1.8595763      0.0162729
   5560.8756856      1.8403813      0.0167026
   5566.4316299      1.8414030      0.0167142
   5571.9988330      1.8197896      0.0158812
   5577.5762226      1.8227530      0.0145477
   5583.1541485      1.8294709      0.0138331
   5588.7320742      1.8342462      0.0133007
   5594.3207226      1.8236761      0.0128851
   5599.9206299      1.8320528      0.0125184
   5605.5205371      1.8305963      0.0122039
   5611.1204443      1.8415726      0.0118446
   5616.7310742      1.8618110      0.0114895
   5622.3529629      1.8742213      0.0111044
   5627.9748515      1.8555110      0.0106099
   5633.6074629      1.8535715      0.0100841
   5639.2400742      1.8440939      0.0095682
   5644.8726856      1.8309381      0.0090467
   5650.5278144      1.8150656      0.0086805
   5656.1711485      1.8004936      0.0085159
   5661.8262774      1.7807498      0.0085859
   5667.4915927      1.7704767      0.0087976
   5673.1574443      1.7459372      0.0090192
   5678.8340186      1.7224398      0.0091878
   5684.5105927      1.7178476      0.0092603
   5690.1984258      1.6974005      0.0092168
   5695.8857226      1.6696777      0.0091020
   5701.5848144      1.6388284      0.0088769
   5707.2833701      1.6273718      0.0086208
   5712.9926485      1.6099706      0.0083504
   5718.7024629      1.5994774      0.0078965
   5724.4230000      1.5923533      0.0076411
   5730.1547959      1.5854422      0.0074731
   5735.8753330      1.5731755      0.0074039
   5741.6178515      1.5700113      0.0073874
   5747.3603701      1.5669464      0.0073812
   5753.1028887      1.5696303      0.0073336
   5758.8561299      1.5732688      0.0073357
   5764.6206299      1.5704778      0.0072997
   5770.3851299      1.5649816      0.0073175
   5776.1496299      1.5584395      0.0072910
   5781.9253887      1.5536664      0.0072806
   5787.7118701      1.5497477      0.0072974
   5793.4983515      1.5501755      0.0073265
   5799.2955557      1.5386432      0.0073225
   5805.0932959      1.5227581      0.0072798
   5810.9012226      1.5105368      0.0072190
   5816.7096856      1.4951262      0.0071301
   5822.5294073      1.4782057      0.0071584
   5828.3485927      1.4711590      0.0070370
   5834.1790371      1.4553790      0.0067759
   5840.0094814      1.4445810      0.0066178
   5845.8506485      1.4338585      0.0065968
   5851.7030742      1.4268759      0.0066281
   5857.5555000      1.4184124      0.0067468
   5863.4079258      1.4073561      0.0068693
   5869.2710742      1.3994910      0.0069940
   5875.1454814      1.3857431      0.0070457
   5881.0198887      1.3784806      0.0071010
   5886.9050186      1.3713043      0.0071333
   5892.7794258      1.3632339      0.0072195
   5898.6758144      1.3485225      0.0072702
   5904.5829258      1.3337159      0.0073188
   5910.4793144      1.3103734      0.0073046
   5916.3971485      1.2841736      0.0072123
   5922.3047959      1.2620301      0.0070803
   5928.2338887      1.2412527      0.0069323
   5934.1629814      1.2226541      0.0070172
   5940.0920742      1.2043796      0.0067613
   5946.0324258      1.1877764      0.0063602
   5951.9835000      1.1808167      0.0059531
   5957.9345742      1.1790972      0.0056582
   5963.8969073      1.1777124      0.0055468
   5969.8587041      1.1760925      0.0055313
   5975.8322959      1.1873701      0.0055148
   5981.8053515      1.2016469      0.0054607
   5987.7891299      1.2134339      0.0053723
   5993.7734443      1.2229565      0.0051588
   5999.7684814      1.2264736      0.0048404
   6005.7635186      1.2332021      0.0044579
   6011.7698144      1.2360260      0.0041380
   6017.7868330      1.2370400      0.0039682
   6023.8038515      1.2397501      0.0039200
   6029.8315927      1.2443281      0.0039727
   6035.8598701      1.2493629      0.0041406
   6041.8988701      1.2517228      0.0044852
   6047.9378701      1.2505327      0.0049669
   6053.9875927      1.2474546      0.0052148
   6060.0378515      1.2503202      0.0054337
   6066.0988330      1.2520458      0.0055221
   6072.1598144      1.2538143      0.0055668
   6078.2315186      1.2591274      0.0056212
   6084.3144814      1.2601444      0.0057021
   6090.3974443      1.2670603      0.0057147
   6096.4911299      1.2685252      0.0057515
   6102.5853515      1.2750295      0.0058385
   6108.6902959      1.2755949      0.0059020
   6114.8059629      1.2800105      0.0058718
   6120.9109073      1.2811491      0.0057878
   6127.0378330      1.2819469      0.0057087
   6133.1642226      1.2841311      0.0056767
   6139.3024073      1.2850552      0.0056685
   6145.4400557      1.2843792      0.0056584
   6151.5777041      1.2938889      0.0056382
   6157.7378701      1.3011630      0.0055945
   6163.8975000      1.3090901      0.0055254
   6170.0571299      1.3079147      0.0054482
   6176.2280186      1.3056498      0.0053242
   6182.3989073      1.3030092      0.0051073
   6188.5805186      1.3041781      0.0048330
   6194.7733887      1.3029231      0.0047280
   6200.9657226      1.3015831      0.0045291
   6207.1698515      1.3011141      0.0044885
   6213.3841670      1.2997007      0.0044813
   6219.5882959      1.3024932      0.0044928
   6225.8138701      1.3006074      0.0044862
   6232.0394443      1.2968245      0.0044470
   6238.2650186      1.2918063      0.0043477
   6244.5125742      1.2869469      0.0042687
   6250.7494073      1.2799158      0.0042691
   6257.0076856      1.2747771      0.0043686
   6263.2665000      1.2706733      0.0044792
   6269.5253144      1.2712297      0.0046029
   6275.7948515      1.2724046      0.0047333
   6282.0751113      1.2733333      0.0048925
   6288.3559073      1.2612077      0.0050664
   6294.6474258      1.2538222      0.0050760
   6300.9389443      1.2482187      0.0049555
   6307.2411856      1.2465284      0.0047841
   6313.5439629      1.2456909      0.0046484
   6319.8574629      1.2429515      0.0044937
   6326.1816856      1.2415880      0.0043580
   6332.5064443      1.2381026      0.0042233
   6338.8419258      1.2357858      0.0041286
   6345.1774073      1.2299275      0.0040531
   6351.5236113      1.2234870      0.0040007
   6357.8703515      1.2223229      0.0039208
   6364.2385371      1.2152013      0.0038671
   6370.5960000      1.2117372      0.0038231
   6376.9754443      1.2078466      0.0038321
   6383.3436299      1.1995645      0.0038905
   6389.7343330      1.1939821      0.0039959
   6396.1245000      1.1903619      0.0041647
   6402.5146670      1.1853966      0.0044287
   6408.9160927      1.1765819      0.0047204
   6415.3287774      1.1714127      0.0048310
   6421.7409258      1.1669713      0.0050580
   6428.1643330      1.1687542      0.0052367
   6434.5984629      1.1644361      0.0054163
   6441.0325927      1.1620045      0.0055103
   6447.4667226      1.1628882      0.0055508
   6453.9233701      1.1536676      0.0055471
   6460.3682226      1.1493027      0.0055573
   6466.8355927      1.1401258      0.0055233
   6473.3029629      1.1386791      0.0054836
   6479.7703330      1.1409482      0.0054446
   6486.2591485      1.1291595      0.0054242
   6492.7377774      1.1231813      0.0054305
   6499.2378515      1.1058474      0.0054366
   6505.7379258      1.0960495      0.0053723
   6512.2380000      1.0876648      0.0052083
   6518.7493330      1.0741677      0.0050172
   6525.2713887      1.0582112      0.0049042
   6531.7934443      1.0441017      0.0048572
   6538.3262226      1.0323277      0.0048240
   6544.8707959      1.0238301      0.0047729
   6551.4148330      1.0138052      0.0046654
   6557.9588701      1.0014968      0.0045650
   6564.5248887      1.0011570      0.0045470
   6571.0909073      0.9928885      0.0045287
   6577.6569258      0.9842376      0.0045039
   6584.2336670      0.9871114      0.0043930
   6590.8216670      0.9884032      0.0042324
   6597.4096670      0.9937828      0.0040718
   6604.0089258      0.9929495      0.0039488
   6610.6189073      0.9855564      0.0038417
   6617.2288887      0.9787005      0.0037425
   6623.8495927      0.9713465      0.0036515
   6630.4708330      0.9677866      0.0035833
   6637.1027959      0.9634396      0.0035596
   6643.7342226      0.9569005      0.0035718
   6650.3774443      0.9520242      0.0036297
   6657.0313887      0.9480612      0.0037618
   6663.6853330      0.9411908      0.0038563
   6670.3500000      0.9414778      0.0038861
   6677.0259258      0.9395926      0.0038431
   6683.7018515      0.9357662      0.0037844
   6690.3885000      0.9388379      0.0037740
   6697.0751485      0.9390875      0.0037923
   6703.7730557      0.9427100      0.0037847
   6710.4709629      0.9501016      0.0037428
   6717.1908515      0.9525837      0.0037000
   6723.9102041      0.9554988      0.0036996
   6730.6300927      0.9565721      0.0037632
   6737.3607041      0.9587954      0.0038510
   6744.1025742      0.9615151      0.0039197
   6750.8444443      0.9658405      0.0039547
   6757.5970371      0.9724174      0.0039617
   6764.3496299      0.9817048      0.0039245
   6771.1134814      0.9868718      0.0038385
   6777.8880557      0.9967657      0.0037899
   6784.6626299      0.9979238      0.0037971
   6791.4484629      1.0001101      0.0038184
   6798.2450186      1.0006750      0.0038319
   6805.0415742      0.9961058      0.0038349
   6811.8493887      0.9916629      0.0038882
   6818.6566670      0.9929227      0.0040281
   6825.4752041      0.9897895      0.0042518
   6832.3050000      0.9877191      0.0044819
   6839.1347959      0.9824156      0.0046606
   6845.9753144      0.9777938      0.0047789
   6852.8265557      0.9803326      0.0048263
   6859.6670742      0.9895350      0.0048321
   6866.5295742      0.9938386      0.0047647
   6873.4033330      1.0027581      0.0046201
   6880.2765557      1.0075244      0.0044639
   6887.1610371      1.0116020      0.0043033
   6894.0455186      1.0155720      0.0041987
   6900.9407226      1.0175287      0.0041240
   6907.8364629      1.0167209      0.0040885
   6914.7429258      1.0130087      0.0041968
   6921.6601113      1.0137919      0.0043744
   6928.5885557      1.0095667      0.0045417
   6935.5170000      1.0063831      0.0046567
   6942.4454443      1.0055883      0.0047454
   6949.3958701      0.9975581      0.0047611
   6956.3462959      0.9947908      0.0047113
   6963.2961856      0.9938146      0.0046908
   6970.2578701      0.9934841      0.0046580
   6977.2302774      0.9946789      0.0045013
   6984.2134073      0.9969791      0.0042651
   6991.1965371      1.0033327      0.0039625
   6998.1796670      1.0031831      0.0037074
   7005.1853144      0.9988882      0.0034956
   7012.1904258      0.9945237      0.0033568
   7019.2067959      0.9917505      0.0033002
   7026.2226299      0.9872102      0.0033056
   7033.2497226      0.9811370      0.0034113
   7040.2880742      0.9740899      0.0034943
   7047.3151670      0.9763486      0.0035589
   7054.3647774      0.9748321      0.0036102
   7061.4245742      0.9722936      0.0036329
   7068.4849073      0.9650436      0.0035870
   7075.5559629      0.9593742      0.0034736
   7082.6270186      0.9550283      0.0033290
   7089.7200557      0.9535989      0.0032453
   7096.8023701      0.9539459      0.0032379
   7103.8954073      0.9505578      0.0032998
   7111.0104258      0.9442823      0.0033172
   7118.1141856      0.9398012      0.0033634
   7125.2292041      0.9383779      0.0034503
   7132.3554814      0.9339198      0.0035452
   7139.4924814      0.9279493      0.0036031
   7146.6294814      0.9248084      0.0036338
   7153.7772041      0.9215488      0.0036206
   7160.9361856      0.9150712      0.0035788
   7168.0951670      0.9129532      0.0035158
   7175.2654073      0.9103315      0.0034572
   7182.4351113      0.9104415      0.0034092
   7189.6160742      0.9066404      0.0034584
   7196.8082959      0.9033511      0.0036159
   7204.0107041      0.8979074      0.0038208
   7211.2136485      0.8967562      0.0039893
   7218.4278515      0.8913307      0.0041084
   7225.6415186      0.8906497      0.0042383
   7232.8664443      0.8854115      0.0043744
   7240.1020927      0.8809441      0.0044267
   7247.3490000      0.8746508      0.0043622
   7254.5959073      0.8689159      0.0041980
   7261.8428144      0.8660142      0.0040006
   7269.1111670      0.8641190      0.0037942
   7276.3800557      0.8659390      0.0036212
   7283.6596670      0.8637660      0.0034935
   7290.9398144      0.8592625      0.0034362
   7298.2301485      0.8576739      0.0034689
   7305.5322774      0.8561071      0.0035101
   7312.8338701      0.8512259      0.0035669
   7320.1461856      0.8488415      0.0036163
   7327.4702959      0.8492142      0.0036691
   7334.7938701      0.8463773      0.0037946
   7342.1281670      0.8456179      0.0041135
   7349.4737226      0.8426482      0.0044331
   7356.8198144      0.8373153      0.0046338
   7364.1760927      0.8409806      0.0047516
   7371.5436299      0.8357150      0.0048412
   7378.9111670      0.8348603      0.0049776
   7386.3006856      0.8287978      0.0049978
   7393.6794814      0.8273981      0.0049008
   7401.0797226      0.8298235      0.0047154
   7408.4805000      0.8289340      0.0044893
   7415.8920000      0.8234818      0.0042453
   7423.3035000      0.8168027      0.0040349
   7430.7257226      0.8112886      0.0038664
   7438.1592041      0.8084158      0.0037662
   7445.5926856      0.8039024      0.0036820
   7453.0481485      0.7977113      0.0036529
   7460.4928887      0.7975843      0.0036320
   7467.9590742      0.7901338      0.0035804
   7475.4257959      0.7840992      0.0035310
   7482.9027041      0.7804193      0.0035465
   7490.3914073      0.7779772      0.0036740
   7497.8795742      0.7767342      0.0038490
   7505.3790000      0.7745987      0.0040233
   7512.8784258      0.7721876      0.0041994
   7520.3885742      0.7741122      0.0043830
   7527.9099814      0.7733600      0.0045694
   7535.4421113      0.7702430      0.0047165
   7542.9747774      0.7714424      0.0047729
   7550.5176299      0.7657362      0.0048014
   7558.0722774      0.7577028      0.0048893
   7565.6263887      0.7577386      0.0050470
   7573.2024814      0.7567301      0.0052176
   7580.7678515      0.7569118      0.0054296
   7588.3546670      0.7485296      0.0056653
   7595.9420186      0.7490122      0.0058692
   7603.5293701      0.7476696      0.0058796
   7611.1381670      0.7392150      0.0057007
   7618.7475000      0.7377869      0.0056408
   7626.3675557      0.7371929      0.0054778
   7633.9988701      0.7453781      0.0051432
   7641.6296485      0.7465349      0.0045524
   7649.2716856      0.7387169      0.0039395
   7656.9249814      0.7322984      0.0035987
   7664.5782774      0.7254481      0.0035203
   7672.2422959      0.7150888      0.0035029
   7679.9170371      0.7052518      0.0036118
   7687.6030371      0.6999317      0.0037363
   7695.2890371      0.6915669      0.0038513
   7702.9750371      0.6846879      0.0039584
   7710.6830186      0.6837837      0.0041527
   7718.4017226      0.6728992      0.0043104
   7726.1097041      0.6658220      0.0043738
   7733.8396670      0.6605529      0.0043419
   7741.5808887      0.6573741      0.0042910
   7749.3108515      0.6518310      0.0042332
   7757.0627959      0.6454327      0.0041357
   7764.8254629      0.6428736      0.0041650
   7772.5881299      0.6494260      0.0041710
   7780.3620557      0.6487231      0.0040436
   7788.1467041      0.6436854      0.0038770
   7795.9318887      0.6411898      0.0037680
   7803.7277959      0.6401642      0.0037282
   7811.5344258      0.6417717      0.0037476
   7819.3410557      0.6395665      0.0037951
   7827.1589443      0.6380891      0.0039352
   7834.9875557      0.6420254      0.0040399
   7842.8274258      0.6432209      0.0041246
   7850.6672959      0.6441968      0.0042624
   7858.5178887      0.6424168      0.0044505
   7866.3792041      0.6382223      0.0046076
   7874.2410557      0.6326638      0.0047294
   7882.1248887      0.6347478      0.0047975
   7890.0081856      0.6273318      0.0048320
   7897.8920186      0.6239737      0.0048635
   7905.7865742      0.6178082      0.0048943
   7913.7031113      0.6239517      0.0049461
   7921.6089258      0.6208668      0.0049699
   7929.5361856      0.6114634      0.0048621
   7937.4639814      0.6004588      0.0046998
   7945.4025000      0.5969595      0.0046342
   7953.3522774      0.5946711      0.0046662
   7961.3015186      0.5969931      0.0047814
   7969.2620186      0.5939372      0.0050272
   7977.2337774      0.5927086      0.0052461
   7985.2157226      0.5920185      0.0052236
   7993.1982041      0.5987466      0.0051125
   8001.1919443      0.5972452      0.0050317
   8009.1964073      0.5939850      0.0049032
   8017.2008701      0.5911757      0.0046899
   8025.2160557      0.5896697      0.0044189
   8033.2425000      0.5915228      0.0041944
   8041.2796670      0.5901379      0.0039717
   8049.3173701      0.5886828      0.0037542
   8057.3657959      0.5878919      0.0035426
   8065.4249443      0.5852682      0.0033386
   8073.4953515      0.5785432      0.0031605
   8081.5652226      0.5757646      0.0029922
   8089.6468887      0.5720862      0.0028095
   8097.7392774      0.5736158      0.0026728
   8105.8423887      0.5713878      0.0026093
   8113.9455000      0.5711442      0.0026119
   8122.0598701      0.5685328      0.0026570
   8130.1737041      0.5665023      0.0026978
   8138.3100557      0.5707893      0.0027428
   8146.4464073      0.5705315      0.0027989
   8154.5934814      0.5633600      0.0028201
   8162.7518144      0.5602378      0.0028563
   8170.9096113      0.5592168      0.0028512
   8179.0786670      0.5583979      0.0028645
   8187.2589814      0.5554510      0.0028671
   8195.4500186      0.5536119      0.0028300
   8203.6523144      0.5507594      0.0027500
   8211.8540742      0.5486830      0.0026349
   8220.0670927      0.5431201      0.0023513
   8228.2801113      0.5404031      0.0021166
   8236.5151113      0.5378882      0.0021117
   8244.7501113      0.5349542      0.0021653
   8252.9963701      0.5340946      0.0023006
   8261.2533515      0.5288624      0.0025515
   8269.5103330      0.5266455      0.0029525
   8277.7780371      0.5227349      0.0034523
   8286.0570000      0.5255553      0.0039359
   8294.3466856      0.5281701      0.0045066
   8302.6369073      0.5142375      0.0049550
   8310.9378515      0.5039454      0.0052064
   8319.2495186      0.4965671      0.0054245
   8327.5724443      0.4977592      0.0053379
   8335.8953701      0.4981069      0.0051945
   8344.2402774      0.4973475      0.0051074
   8352.5846485      0.4995489      0.0050014
   8360.9408144      0.4991007      0.0049668
   8369.2964443      0.5019943      0.0049058
   8377.6633330      0.5078926      0.0047635
   8386.0409443      0.5091597      0.0045405
   8394.4298144      0.5102298      0.0045443
   8402.8294073      0.5135883      0.0048146
   8411.2290000      0.5222150      0.0048524
   8419.6398515      0.5301154      0.0047146
   8428.0614258      0.5210494      0.0044731
   8436.4830000      0.5206475      0.0043786
   8444.9265557      0.5160161      0.0042866
   8453.3701113      0.5120343      0.0043288
   8461.8249258      0.5110514      0.0042084
   8470.2904629      0.5103846      0.0039892
   8478.7560000      0.5128687      0.0037400
   8487.2435186      0.5131050      0.0035841
   8495.7203144      0.5082312      0.0034713
   8504.2185557      0.5065396      0.0033552
   8512.7280557      0.5042241      0.0032393
   8521.2375557      0.5063245      0.0031795
   8529.7583144      0.5092216      0.0031733
   8538.2897959      0.5092502      0.0031378
   8546.8320000      0.5078029      0.0030841
   8555.3742041      0.5047014      0.0030792
   8563.9276670      0.5075464      0.0032219
   8572.4923887      0.5081528      0.0032833
   8581.0678330      0.5071812      0.0033245
   8589.6432774      0.5028896      0.0033978
   8598.2401670      0.5020493      0.0035791
   8606.8375927      0.4957787      0.0038405
   8615.4462774      0.4949640      0.0041372
   8624.0651485      0.4966554      0.0042285
   8632.6845557      0.5004126      0.0042497
   8641.3146856      0.4962000      0.0041462
   8649.9673330      0.4861057      0.0039826
   8658.6081856      0.4761591      0.0037464
   8667.2715557      0.4774227      0.0035230
   8675.9349258      0.4761496      0.0033223
   8684.6202774      0.4764690      0.0030779
   8693.3050927      0.4750775      0.0027977
   8701.9904443      0.4779508      0.0025499
   8710.6977774      0.4776601      0.0024253
   8719.4045742      0.4756513      0.0025212
   8728.1226299      0.4776727      0.0027254
   8736.8519443      0.4777904      0.0029759
   8745.5919814      0.4829704      0.0032577
   8754.3320186      0.4827884      0.0035489
   8763.0940371      0.4812077      0.0037927
   8771.8560557      0.4783484      0.0039983
   8780.6293330      0.4781362      0.0042248
   8789.4133330      0.4859500      0.0043950
   8798.1973330      0.4903828      0.0045088
   8807.0033144      0.4800214      0.0045354
   8815.8092959      0.4727295      0.0045361
   8824.6152774      0.4725172      0.0045098
   8833.4427041      0.4735743      0.0044936
   8842.2819258      0.4718881      0.0046507
   8851.1206113      0.4749628      0.0047437
   8859.9818144      0.4701386      0.0047401
   8868.8312226      0.4702210      0.0046240
   8877.7031485      0.4576741      0.0043901
   8886.5863330      0.4525058      0.0041666
   8895.4689814      0.4518557      0.0040484
   8904.3628887      0.4464780      0.0039247
   8913.2675186      0.4472519      0.0037997
   8922.1834073      0.4414538      0.0036762
   8931.1100186      0.4416496      0.0035950
   8940.0366299      0.4418550      0.0035523
   8948.9745000      0.4466750      0.0035806
   8957.9343515      0.4500323      0.0036292
   8966.8829443      0.4464491      0.0036348
   8975.8535186      0.4462100      0.0036570
   8984.8353515      0.4503218      0.0037075
   8993.8166485      0.4530875      0.0036692
   9002.8097402      0.4546038      0.0036090
   9011.8135547      0.4587440      0.0035061
   9020.8280918      0.4587595      0.0033562
   9029.8533515      0.4536304      0.0032446
   9038.8786113      0.4524542      0.0031540
   9047.9156661      0.4541557      0.0030238
   9056.9623711      0.4575627      0.0028767
   9066.0208711      0.4609199      0.0027284
   9075.0911661      0.4635110      0.0025911
   9084.1603887      0.4676396      0.0024999
   9093.2521289      0.4691763      0.0024366
   9102.3427969      0.4688645      0.0023743
   9111.4452598      0.4688957      0.0023162
   9120.5584453      0.4701311      0.0022585
   9129.6834258      0.4660999      0.0021936
   9138.8073339      0.4629067      0.0021109
   9147.9430371      0.4655202      0.0020453
   9157.1001856      0.4664319      0.0020200
   9166.2466113      0.4668510      0.0020240
   9175.4155547      0.4689236      0.0020432
   9184.5941485      0.4702567      0.0020561
   9193.7845371      0.4688531      0.0020698
   9202.9749258      0.4674537      0.0021144
   9212.1760371      0.4694543      0.0022102
   9221.3878711      0.4720366      0.0022981
   9230.6115000      0.4706626      0.0023607
   9239.8458515      0.4696190      0.0024219
   9249.0802031      0.4692023      0.0025175
   9258.3360000      0.4690037      0.0026528
   9267.5917969      0.4649830      0.0028659
   9276.8593887      0.4563857      0.0031195
   9286.1377031      0.4500678      0.0034041
   9295.4267402      0.4401834      0.0036842
   9304.7265000      0.4292055      0.0039221
   9314.0262598      0.4260721      0.0040843
   9323.3378144      0.4279899      0.0041787
   9332.6600918      0.4271152      0.0042155
   9341.9930918      0.4303516      0.0042114
   9351.3368144      0.4334548      0.0040712
   9360.6912598      0.4373506      0.0037126
   9370.0575000      0.4297195      0.0033423
   9379.4237402      0.4298123      0.0031701
   9388.8007031      0.4272173      0.0031254
   9398.1883887      0.4262812      0.0032027
   9407.5867969      0.4200392      0.0033260
   9416.9970000      0.4175932      0.0034456
   9426.4179258      0.4146894      0.0035498
   9435.8388515      0.4136530      0.0036449
   9445.2812226      0.4130766      0.0037311
   9454.7246661      0.4172100      0.0037674
   9464.1777598      0.4151425      0.0037658
   9473.6426485      0.4144262      0.0036943
   9483.1182598      0.4102063      0.0036380
   9492.6056661      0.4083236      0.0035506
   9502.0920000      0.4069146      0.0034545
   9511.6008515      0.4089653      0.0033624
   9521.1097031      0.4097959      0.0032774
   9530.6292774      0.4105311      0.0032526
   9540.1595742      0.4134508      0.0032766
   9549.7016661      0.4127740      0.0033316
   9559.2534082      0.4117068      0.0032970
   9568.8062226      0.4121629      0.0032442
   9578.3815547      0.4087042      0.0032048
   9587.9665371      0.4046085      0.0031678
   9597.5407969      0.4046892      0.0031126
   9607.1482969      0.4007777      0.0030020
   9616.7557969      0.3961630      0.0028919
   9626.3750918      0.3945842      0.0028508
   9636.0040371      0.3916644      0.0028483
   9645.6340547      0.3889742      0.0028645
   9655.2844453      0.3866560      0.0028840
   9664.9359082      0.3834997      0.0028866
   9674.5991661      0.3832908      0.0028698
   9684.2720742      0.3840485      0.0028529
   9693.9675000      0.3817707      0.0028399
   9703.6522031      0.3791831      0.0028604
   9713.3583515      0.3760464      0.0028914
   9723.0752226      0.3762159      0.0029164
   9732.8038887      0.3748342      0.0029549
   9742.5325547      0.3713635      0.0030241
   9752.2708711      0.3716140      0.0031154
   9762.0220547      0.3699822      0.0031484
   9771.7936113      0.3694199      0.0032232
   9781.5544453      0.3688068      0.0032791
   9791.3377969      0.3673363      0.0033198
   9801.1318711      0.3643802      0.0033516
   9810.9377402      0.3662895      0.0033830
   9820.7532598      0.3645566      0.0034236
   9830.5698515      0.3626496      0.0034742
   9840.3971661      0.3617693      0.0035672
   9850.2459258      0.3613371      0.0036526
   9860.0946856      0.3612790      0.0038035
   9869.9552402      0.3587717      0.0039919
   9879.8254453      0.3550953      0.0042559
   9889.7074453      0.3539252      0.0045308
   9899.5894453      0.3548355      0.0048083
   9909.4939629      0.3545825      0.0051332
   9919.4092031      0.3550159      0.0055845
   9929.3233711      0.3557335      0.0059326
   9939.2493339      0.3567020      0.0066037
   9949.1978144      0.3557630      0.0075339
   9959.1452226      0.3567871      0.0088064
   9969.1044258      0.3631544      0.0104794
   9979.0743515      0.3669172      0.0126115
   9989.0550000      0.3640081      0.0146601
   9999.0463711      0.3673105      0.0169103
