4000.00	4.19214e-18
4002.01	1.25509e-17
4004.02	1.07121e-17
4006.03	1.04195e-17
4008.04	-1.5741e-18
4010.05	5.18317e-18
4012.06	6.25092e-18
4014.07	2.80203e-18
4016.08	7.29656e-19
4018.09	5.39829e-18
4020.10	6.15563e-18
4022.11	5.66773e-18
4024.12	7.3672e-18
4026.13	5.17528e-18
4028.14	5.85487e-18
4030.15	6.06263e-18
4032.16	-9.81079e-19
4034.17	-5.59071e-19
4036.18	8.43426e-18
4038.19	8.4622e-18
4040.20	4.27838e-18
4042.21	2.29867e-18
4044.22	1.70043e-19
4046.23	-2.7858e-19
4048.24	6.3674e-18
4050.25	3.91266e-18
4052.26	8.79808e-18
4054.27	1.5151e-18
4056.28	6.02568e-18
4058.29	3.70779e-18
4060.30	1.39402e-17
4062.31	3.48789e-18
4064.32	5.00606e-19
4066.33	5.31808e-18
4068.34	6.32887e-18
4070.35	7.63499e-18
4072.36	1.06847e-18
4074.37	2.80089e-18
4076.38	6.10623e-18
4078.39	5.11216e-18
4080.40	2.16571e-18
4082.41	6.49736e-18
4084.42	5.53203e-18
4086.43	3.3168e-18
4088.44	4.72824e-18
4090.45	3.36207e-18
4092.46	6.61396e-18
4094.47	9.74531e-18
4096.48	6.46443e-18
4098.49	5.33006e-18
4100.50	1.26716e-18
4102.51	-3.08586e-19
4104.52	5.77192e-18
4106.53	5.11121e-18
4108.54	1.5971e-18
4110.55	2.40915e-18
4112.56	1.37088e-18
4114.57	5.22111e-18
4116.58	8.04446e-18
4118.59	3.26494e-18
4120.60	1.02736e-18
4122.61	1.51923e-18
4124.62	2.27947e-18
4126.63	-1.11204e-18
4128.64	-4.67382e-19
4130.65	6.7605e-18
4132.66	6.15107e-18
4134.67	-3.01794e-19
4136.68	2.13523e-18
4138.69	2.93345e-18
4140.70	-1.15968e-18
4142.71	-1.22947e-18
4144.72	4.79959e-19
4146.73	3.27235e-18
4148.74	5.68116e-18
4150.75	5.07711e-18
4152.76	1.10477e-17
4154.77	1.12245e-17
4156.78	5.70687e-18
4158.79	2.18035e-18
4160.80	-2.50275e-18
4162.81	1.19323e-18
4164.82	3.05459e-18
4166.83	4.48612e-18
4168.84	6.9394e-18
4170.85	5.81925e-18
4172.86	5.78078e-18
4174.87	5.74921e-18
4176.88	1.3304e-18
4178.89	3.67249e-18
4180.90	5.93849e-18
4182.91	4.87458e-18
4184.92	2.21181e-18
4186.93	3.68759e-18
4188.94	5.14271e-18
4190.95	1.60616e-18
4192.96	2.9939e-18
4194.97	3.68074e-18
4196.98	4.3146e-18
4198.99	-1.04225e-18
4201.00	-3.7185e-19
4203.01	6.23299e-18
4205.02	4.32197e-18
4207.03	2.48389e-18
4209.04	6.82216e-18
4211.05	5.63666e-18
4213.06	2.83242e-18
4215.07	5.47393e-18
4217.08	-1.19464e-18
4219.09	9.35193e-19
4221.10	4.39677e-18
4223.11	3.40528e-19
4225.12	2.05297e-18
4227.13	5.26136e-18
4229.14	3.98437e-18
4231.15	6.77107e-19
4233.16	-1.08128e-18
4235.17	9.53509e-20
4237.18	3.85163e-18
4239.19	3.29836e-18
4241.20	4.0868e-18
4243.21	3.00401e-18
4245.22	-3.33408e-19
4247.23	2.89047e-18
4249.24	6.08796e-18
4251.25	1.48744e-18
4253.26	2.61776e-18
4255.27	2.43921e-18
4257.28	2.61448e-18
4259.29	2.9445e-18
4261.30	6.27321e-18
4263.31	5.65055e-18
4265.32	1.84413e-18
4267.33	9.50335e-19
4269.34	1.67495e-18
4271.35	1.62311e-18
4273.36	4.73616e-18
4275.37	-9.30098e-19
4277.38	1.4074e-18
4279.39	5.06862e-18
4281.40	2.82403e-18
4283.41	3.30846e-18
4285.42	2.17617e-18
4287.43	3.55846e-18
4289.44	5.61225e-18
4291.45	4.92977e-18
4293.46	4.64052e-18
4295.47	4.80353e-18
4297.48	1.22013e-18
4299.49	3.269e-18
4301.50	5.36488e-18
4303.51	3.53266e-18
4305.52	2.81691e-18
4307.53	1.24847e-18
4309.54	4.57517e-18
4311.55	3.76721e-18
4313.56	1.44941e-18
4315.57	4.09547e-18
4317.58	1.92598e-18
4319.59	3.41269e-18
4321.60	2.56263e-18
4323.61	4.83847e-18
4325.62	3.15175e-18
4327.63	1.80738e-18
4329.64	4.31958e-18
4331.65	2.84027e-18
4333.66	3.18852e-18
4335.67	3.70994e-18
4337.68	2.7803e-18
4339.69	4.9034e-18
4341.70	5.03178e-18
4343.71	3.81794e-18
4345.72	5.46537e-18
4347.73	3.92639e-18
4349.74	3.64174e-18
4351.75	5.79312e-18
4353.76	2.18899e-18
4355.77	2.78431e-18
4357.78	4.66857e-18
4359.79	7.2849e-18
4361.80	4.43079e-18
4363.81	6.76073e-19
4365.82	1.67469e-18
4367.83	5.0524e-18
4369.84	2.25129e-18
4371.85	2.086e-18
4373.86	4.59066e-18
4375.87	5.0114e-18
4377.88	1.11157e-18
4379.89	4.98761e-18
4381.90	4.96773e-18
4383.91	2.57618e-18
4385.92	4.04996e-18
4387.93	4.02922e-18
4389.94	1.9121e-18
4391.95	5.00554e-18
4393.96	4.98335e-18
4395.97	6.25966e-18
4397.98	3.42294e-18
4399.99	3.89173e-18
4402.00	3.23423e-18
4404.01	6.04847e-18
4406.02	4.9626e-18
4408.03	6.87767e-18
4410.04	4.70646e-18
4412.05	7.0716e-19
4414.06	3.42844e-18
4416.07	5.18524e-18
4418.08	3.78963e-18
4420.09	2.87992e-18
4422.10	2.4067e-18
4424.11	2.22784e-18
4426.12	5.55281e-18
4428.13	4.31414e-18
4430.14	4.50098e-18
4432.15	3.27601e-18
4434.16	1.34185e-18
4436.17	1.89364e-18
4438.18	-1.67563e-18
4440.19	2.98091e-18
4442.20	2.55251e-18
4444.21	-1.16893e-19
4446.22	2.45536e-18
4448.23	3.70925e-18
4450.24	4.31358e-18
4452.25	4.52051e-18
4454.26	4.56022e-18
4456.27	2.35644e-18
4458.28	5.4369e-19
4460.29	6.91339e-19
4462.30	4.91079e-18
4464.31	5.46988e-18
4466.32	5.6761e-18
4468.33	1.3092e-18
4470.34	2.99417e-18
4472.35	3.28277e-18
4474.36	4.01744e-18
4476.37	4.06406e-18
4478.38	3.33146e-18
4480.39	6.40161e-19
4482.40	3.01541e-18
4484.41	4.993e-18
4486.42	3.74993e-18
4488.43	4.68635e-18
4490.44	6.45755e-18
4492.45	3.65686e-18
4494.46	2.53931e-18
4496.47	4.68054e-18
4498.48	3.32415e-18
4500.49	2.58302e-18
4502.50	2.10206e-18
4504.51	3.4594e-18
4506.52	4.02628e-18
4508.53	4.88383e-18
4510.54	1.97589e-18
4512.55	8.32753e-19
4514.56	3.0861e-18
4516.57	3.21103e-18
4518.58	3.36056e-18
4520.59	3.12612e-18
4522.60	4.17555e-18
4524.61	3.61668e-18
4526.62	3.35065e-18
4528.63	4.64726e-18
4530.64	4.71164e-18
4532.65	4.70988e-18
4534.66	4.86592e-18
4536.67	2.24216e-18
4538.68	3.7032e-18
4540.69	3.37938e-18
4542.70	3.80009e-18
4544.71	3.66849e-18
4546.72	1.55908e-18
4548.73	3.77345e-18
4550.74	4.93935e-18
4552.75	3.34376e-18
4554.76	1.72965e-18
4556.77	5.14588e-18
4558.78	5.35002e-18
4560.79	4.23457e-18
4562.80	3.96476e-18
4564.81	5.01206e-18
4566.82	3.92934e-18
4568.83	1.75376e-18
4570.84	2.1143e-18
4572.85	3.84472e-18
4574.86	3.98308e-18
4576.87	2.90437e-18
4578.88	3.15939e-18
4580.89	4.23746e-18
4582.90	5.11832e-18
4584.91	2.54018e-18
4586.92	3.60606e-18
4588.93	4.27485e-18
4590.94	3.63757e-18
4592.95	2.01682e-18
4594.96	3.09516e-18
4596.97	1.57558e-18
4598.98	3.57392e-18
4600.99	2.06469e-18
4603.00	2.0138e-18
4605.01	3.36183e-18
4607.02	3.46943e-18
4609.03	2.18753e-18
4611.04	3.92606e-18
4613.05	4.15872e-18
4615.06	3.45307e-18
4617.07	3.02814e-18
4619.08	2.82852e-18
4621.09	4.88804e-18
4623.10	2.35051e-18
4625.11	2.19147e-18
4627.12	2.00956e-18
4629.13	2.03181e-18
4631.14	3.13871e-18
4633.15	2.26989e-18
4635.16	1.7711e-18
4637.17	1.94539e-18
4639.18	3.82308e-18
4641.19	3.12429e-18
4643.20	2.40631e-18
4645.21	2.38084e-18
4647.22	3.47148e-18
4649.23	4.10743e-18
4651.24	3.43644e-18
4653.25	1.8526e-18
4655.26	2.92845e-18
4657.27	4.23771e-18
4659.28	3.85633e-18
4661.29	1.17942e-18
4663.30	3.2701e-18
4665.31	4.64871e-18
4667.32	2.48762e-18
4669.33	1.34903e-18
4671.34	2.57023e-18
4673.35	3.42292e-18
4675.36	6.14562e-18
4677.37	7.36069e-19
4679.38	2.24589e-18
4681.39	2.3805e-18
4683.40	4.13007e-18
4685.41	4.62347e-18
4687.42	5.58171e-18
4689.43	4.09457e-18
4691.44	5.38112e-18
4693.45	3.10104e-18
4695.46	1.56042e-18
4697.47	4.27318e-18
4699.48	4.58235e-18
4701.49	3.91145e-18
4703.50	3.08069e-18
4705.51	4.23387e-18
4707.52	3.79425e-18
4709.53	2.41364e-18
4711.54	2.52595e-18
4713.55	4.41526e-18
4715.56	4.08569e-18
4717.57	3.58719e-18
4719.58	3.86689e-18
4721.59	5.61405e-18
4723.60	3.27129e-18
4725.61	3.28931e-18
4727.62	3.45846e-18
4729.63	4.50581e-18
4731.64	2.96415e-18
4733.65	2.16293e-18
4735.66	2.39241e-18
4737.67	2.26834e-18
4739.68	1.84106e-18
4741.69	3.02482e-18
4743.70	3.34621e-18
4745.71	3.34609e-18
4747.72	3.05326e-18
4749.73	2.93181e-18
4751.74	2.45552e-18
4753.75	2.29315e-18
4755.76	2.90068e-18
4757.77	1.54626e-18
4759.78	2.33288e-18
4761.79	2.95923e-18
4763.80	2.99199e-18
4765.81	2.82167e-18
4767.82	4.13335e-18
4769.83	3.01465e-18
4771.84	2.80873e-18
4773.85	4.40619e-18
4775.86	3.35017e-18
4777.87	3.77153e-18
4779.88	5.70341e-18
4781.89	3.82088e-18
4783.90	3.62051e-18
4785.91	3.46425e-18
4787.92	3.47017e-18
4789.93	3.22121e-18
4791.94	4.7024e-18
4793.95	3.65164e-18
4795.96	3.34542e-18
4797.97	1.99041e-18
4799.98	3.2492e-18
4801.99	3.7569e-18
4804.00	4.71931e-18
4806.01	3.82219e-18
4808.02	4.03686e-18
4810.03	4.3828e-18
4812.04	4.78534e-18
4814.05	3.85334e-18
4816.06	5.19469e-18
4818.07	5.9891e-18
4820.08	3.29627e-18
4822.09	3.58254e-18
4824.10	2.32372e-18
4826.11	3.97982e-18
4828.12	3.1414e-18
4830.13	2.85926e-18
4832.14	3.83382e-18
4834.15	4.51752e-18
4836.16	4.04354e-18
4838.17	4.30808e-18
4840.18	3.52866e-18
4842.19	4.0875e-18
4844.20	5.04366e-18
4846.21	1.85467e-18
4848.22	2.1614e-18
4850.23	3.56021e-18
4852.24	3.73148e-18
4854.25	2.96293e-18
4856.26	3.95124e-18
4858.27	3.15102e-18
4860.28	3.67969e-18
4862.29	2.56054e-18
4864.30	4.07866e-18
4866.31	2.8515e-18
4868.32	1.44449e-18
4870.33	3.90167e-18
4872.34	4.62347e-18
4874.35	4.03231e-18
4876.36	3.27081e-18
4878.37	4.14472e-18
4880.38	3.04764e-18
4882.39	3.2411e-18
4884.40	4.23895e-18
4886.41	3.92729e-18
4888.42	2.88936e-18
4890.43	4.76906e-18
4892.44	3.47505e-18
4894.45	2.89288e-18
4896.46	2.47981e-18
4898.47	4.1526e-18
4900.48	2.62172e-18
4902.49	3.60345e-18
4904.50	3.14175e-18
4906.51	4.31679e-18
4908.52	4.40763e-18
4910.53	3.84133e-18
4912.54	2.81577e-18
4914.55	3.4288e-18
4916.56	2.83733e-18
4918.57	2.71277e-18
4920.58	2.12444e-18
4922.59	2.42761e-18
4924.60	3.8251e-18
4926.61	4.18875e-18
4928.62	4.20545e-18
4930.63	3.03434e-18
4932.64	3.47093e-18
4934.65	3.23386e-18
4936.66	3.744e-18
4938.67	3.97379e-18
4940.68	3.24615e-18
4942.69	2.15927e-18
4944.70	3.21315e-18
4946.71	1.89782e-18
4948.72	3.53483e-18
4950.73	2.09074e-18
4952.74	2.9738e-18
4954.75	2.89443e-18
4956.76	3.3161e-18
4958.77	4.25564e-18
4960.78	3.55839e-18
4962.79	4.60909e-18
4964.80	2.99002e-18
4966.81	2.4632e-18
4968.82	2.14928e-18
4970.83	3.4486e-18
4972.84	1.79323e-18
4974.85	2.14242e-18
4976.86	3.15012e-18
4978.87	3.71787e-18
4980.88	2.94464e-18
4982.89	2.7951e-18
4984.90	3.13969e-18
4986.91	4.06205e-18
4988.92	3.65479e-18
4990.93	3.3344e-18
4992.94	2.91658e-18
4994.95	3.27861e-18
4996.96	2.70589e-18
4998.97	1.8877e-18
5000.98	1.75563e-18
5002.99	3.22365e-18
5005.00	6.27581e-18
5007.01	8.57489e-18
5009.02	1.10858e-17
5011.03	1.4081e-17
5013.04	1.5766e-17
5015.05	1.13294e-17
5017.06	8.99146e-18
5019.07	6.8572e-18
5021.08	2.95193e-18
5023.09	2.52147e-18
5025.10	3.42947e-18
5027.11	3.42203e-18
5029.12	3.39664e-18
5031.13	4.76918e-18
5033.14	4.54011e-18
5035.15	4.29882e-18
5037.16	3.05938e-18
5039.17	2.69037e-18
5041.18	2.58702e-18
5043.19	2.08044e-18
5045.20	3.19866e-18
5047.21	2.58954e-18
5049.22	2.38297e-18
5051.23	4.88785e-18
5053.24	3.69779e-18
5055.25	3.50064e-18
5057.26	3.75938e-18
5059.27	3.42167e-18
5061.28	3.28879e-18
5063.29	3.58529e-18
5065.30	3.69852e-18
5067.31	3.79862e-18
5069.32	4.12014e-18
5071.33	4.35962e-18
5073.34	4.32603e-18
5075.35	3.93573e-18
5077.36	3.94899e-18
5079.37	4.76485e-18
5081.38	4.56928e-18
5083.39	3.7582e-18
5085.40	3.16996e-18
5087.41	3.22892e-18
5089.42	4.69403e-18
5091.43	4.38132e-18
5093.44	3.38134e-18
5095.45	3.21487e-18
5097.46	3.33004e-18
5099.47	4.41459e-18
5101.48	4.49823e-18
5103.49	4.09351e-18
5105.50	3.12195e-18
5107.51	2.47992e-18
5109.52	4.2433e-18
5111.53	2.79209e-18
5113.54	3.08465e-18
5115.55	3.21504e-18
5117.56	3.74861e-18
5119.57	3.81117e-18
5121.58	4.49954e-18
5123.59	4.21833e-18
5125.60	4.8404e-18
5127.61	5.18277e-18
5129.62	4.20787e-18
5131.63	4.20226e-18
5133.64	4.73369e-18
5135.65	3.86857e-18
5137.66	5.56411e-18
5139.67	5.16264e-18
5141.68	2.85572e-18
5143.69	4.37242e-18
5145.70	4.54608e-18
5147.71	3.72289e-18
5149.72	4.2148e-18
5151.73	4.53518e-18
5153.74	3.0348e-18
5155.75	2.53626e-18
5157.76	3.30857e-18
5159.77	4.00007e-18
5161.78	3.47196e-18
5163.79	3.94403e-18
5165.80	3.70982e-18
5167.81	3.79246e-18
5169.82	4.8961e-18
5171.83	4.39146e-18
5173.84	3.48807e-18
5175.85	2.99171e-18
5177.86	3.65945e-18
5179.87	5.76482e-18
5181.88	5.37383e-18
5183.89	4.9398e-18
5185.90	3.71246e-18
5187.91	4.34481e-18
5189.92	5.58877e-18
5191.93	4.98044e-18
5193.94	5.05398e-18
5195.95	4.69724e-18
5197.96	5.39072e-18
5199.97	5.21043e-18
5201.98	5.4473e-18
5203.99	6.26281e-18
5206.00	6.77145e-18
5208.01	5.16313e-18
5210.02	4.0683e-18
5212.03	6.20199e-18
5214.04	6.26272e-18
5216.05	3.81983e-18
5218.06	3.17325e-18
5220.07	3.93322e-18
5222.08	4.16661e-18
5224.09	3.92695e-18
5226.10	3.82352e-18
5228.11	3.81154e-18
5230.12	4.4497e-18
5232.13	4.33151e-18
5234.14	4.14693e-18
5236.15	4.37041e-18
5238.16	4.87357e-18
5240.17	4.24417e-18
5242.18	4.54123e-18
5244.19	4.54461e-18
5246.20	4.70182e-18
5248.21	5.22929e-18
5250.22	4.53784e-18
5252.23	4.26644e-18
5254.24	4.3706e-18
5256.25	4.57259e-18
5258.26	5.4192e-18
5260.27	5.67781e-18
5262.28	4.97858e-18
5264.29	4.78208e-18
5266.30	4.08413e-18
5268.31	4.475e-18
5270.32	5.07674e-18
5272.33	5.84e-18
5274.34	5.66124e-18
5276.35	4.94879e-18
5278.36	5.11537e-18
5280.37	5.71139e-18
5282.38	5.32435e-18
5284.39	4.61668e-18
5286.40	4.15337e-18
5288.41	4.40302e-18
5290.42	3.94512e-18
5292.43	4.19557e-18
5294.44	4.63552e-18
5296.45	5.04956e-18
5298.46	4.32235e-18
5300.47	3.31167e-18
5302.48	3.60094e-18
5304.49	5.82352e-18
5306.50	6.16755e-18
5308.51	4.89265e-18
5310.52	4.36636e-18
5312.53	4.03865e-18
5314.54	4.91008e-18
5316.55	4.50724e-18
5318.56	5.22714e-18
5320.57	4.87514e-18
5322.58	5.31024e-18
5324.59	5.27852e-18
5326.60	4.34577e-18
5328.61	3.74906e-18
5330.62	3.48871e-18
5332.63	3.84229e-18
5334.64	4.11778e-18
5336.65	3.33102e-18
5338.66	3.75847e-18
5340.67	4.21616e-18
5342.68	4.78473e-18
5344.69	4.89076e-18
5346.70	4.11128e-18
5348.71	4.54963e-18
5350.72	4.18207e-18
5352.73	4.23723e-18
5354.74	4.34675e-18
5356.75	5.16512e-18
5358.76	6.24628e-18
5360.77	5.46036e-18
5362.78	4.90503e-18
5364.79	4.78953e-18
5366.80	4.79982e-18
5368.81	5.09767e-18
5370.82	4.98926e-18
5372.83	4.71444e-18
5374.84	5.78563e-18
5376.85	4.96709e-18
5378.86	5.22863e-18
5380.87	4.59142e-18
5382.88	5.68559e-18
5384.89	6.2497e-18
5386.90	5.93888e-18
5388.91	4.81626e-18
5390.92	4.80762e-18
5392.93	4.83762e-18
5394.94	4.99422e-18
5396.95	5.31988e-18
5398.96	4.69113e-18
5400.97	3.79677e-18
5402.98	4.73187e-18
5404.99	5.21494e-18
5407.00	4.62531e-18
5409.01	4.8147e-18
5411.02	5.57943e-18
5413.03	5.72698e-18
5415.04	5.44578e-18
5417.05	5.46531e-18
5419.06	6.33663e-18
5421.07	5.37113e-18
5423.08	4.54002e-18
5425.09	5.47693e-18
5427.10	4.75799e-18
5429.11	5.05701e-18
5431.12	5.08324e-18
5433.13	5.29274e-18
5435.14	4.25056e-18
5437.15	5.43329e-18
5439.16	6.72538e-18
5441.17	6.413e-18
5443.18	5.62543e-18
5445.19	3.92272e-18
5447.20	3.74674e-18
5449.21	3.55768e-18
5451.22	3.991e-18
5453.23	4.65783e-18
5455.24	5.62607e-18
5457.25	5.84267e-18
5459.26	5.91251e-18
5461.27	4.40698e-18
5463.28	4.81126e-18
5465.29	5.16837e-18
5467.30	4.94779e-18
5469.31	4.21951e-18
5471.32	4.92441e-18
5473.33	4.53701e-18
5475.34	5.05775e-18
5477.35	4.36698e-18
5479.36	4.80668e-18
5481.37	4.08745e-18
5483.38	5.127e-18
5485.39	5.32988e-18
5487.40	5.90439e-18
5489.41	5.03926e-18
5491.42	5.44135e-18
5493.43	5.13075e-18
5495.44	4.38335e-18
5497.45	4.41052e-18
5499.46	4.30034e-18
5501.47	5.92605e-18
5503.48	5.4157e-18
5505.49	3.79406e-18
5507.50	4.52463e-18
5509.51	5.09225e-18
5511.52	4.50525e-18
5513.53	5.09811e-18
5515.54	5.11089e-18
5517.55	4.36739e-18
5519.56	4.85277e-18
5521.57	4.9883e-18
5523.58	4.78902e-18
5525.59	4.62539e-18
5527.60	4.84792e-18
5529.61	5.94536e-18
5531.62	6.08466e-18
5533.63	6.01488e-18
5535.64	5.89202e-18
5537.65	5.4594e-18
5539.66	6.56619e-18
5541.67	5.61328e-18
5543.68	5.55787e-18
5545.69	5.71308e-18
5547.70	5.06572e-18
5549.71	5.43056e-18
5551.72	4.35266e-18
5553.73	4.73861e-18
5555.74	5.27857e-18
5557.75	5.90841e-18
5559.76	4.76305e-18
5561.77	4.90504e-18
5563.78	5.04702e-18
5565.79	5.189e-18
5567.80	5.33099e-18
5569.81	5.47297e-18
5571.82	5.61495e-18
5573.83	5.75693e-18
5575.84	5.89892e-18
5577.85	6.0409e-18
5579.86	6.18288e-18
5581.87	6.18288e-18
5583.88	5.32338e-18
5585.89	6.19769e-18
5587.90	4.60686e-18
5589.91	5.01328e-18
5591.92	5.64324e-18
5593.93	5.00842e-18
5595.94	5.21802e-18
5597.95	5.64938e-18
5599.96	5.443e-18
5601.97	5.71396e-18
5603.98	6.82756e-18
5605.99	5.59781e-18
5608.00	5.97478e-18
5610.01	5.11073e-18
5612.02	4.60381e-18
5614.03	4.59265e-18
5616.04	4.73625e-18
5618.05	5.03821e-18
5620.06	5.24586e-18
5622.07	4.13685e-18
5624.08	3.95567e-18
5626.09	5.03992e-18
5628.10	4.94675e-18
5630.11	5.76707e-18
5632.12	6.36099e-18
5634.13	5.55394e-18
5636.14	5.87298e-18
5638.15	5.12493e-18
5640.16	5.5497e-18
5642.17	5.50638e-18
5644.18	5.61603e-18
5646.19	5.19061e-18
5648.20	5.47777e-18
5650.21	5.88607e-18
5652.22	5.73307e-18
5654.23	6.14717e-18
5656.24	5.26415e-18
5658.25	5.42633e-18
5660.26	6.11648e-18
5662.27	6.10942e-18
5664.28	5.6458e-18
5666.29	5.42083e-18
5668.30	5.33525e-18
5670.31	4.15072e-18
5672.32	5.04156e-18
5674.33	4.86334e-18
5676.34	5.60459e-18
5678.35	5.79218e-18
5680.36	5.63913e-18
5682.37	4.59876e-18
5684.38	3.72873e-18
5686.39	3.91177e-18
5688.40	5.56349e-18
5690.41	5.70044e-18
5692.42	5.17718e-18
5694.43	5.1232e-18
5696.44	4.80972e-18
5698.45	5.19972e-18
5700.46	4.59194e-18
5702.47	5.13847e-18
5704.48	4.89913e-18
5706.49	5.89287e-18
5708.50	6.53757e-18
5710.51	4.73639e-18
5712.52	3.08528e-18
5714.53	4.35755e-18
5716.54	4.6038e-18
5718.55	6.03827e-18
5720.56	4.88943e-18
5722.57	5.41072e-18
5724.58	4.89968e-18
5726.59	4.68331e-18
5728.60	6.04459e-18
5730.61	4.92653e-18
5732.62	4.69775e-18
5734.63	5.04039e-18
5736.64	3.74544e-18
5738.65	4.4565e-18
5740.66	4.12063e-18
5742.67	4.60083e-18
5744.68	5.21955e-18
5746.69	4.91078e-18
5748.70	5.04769e-18
5750.71	5.64716e-18
5752.72	5.83098e-18
5754.73	6.09012e-18
5756.74	4.93748e-18
5758.75	3.94208e-18
5760.76	5.05247e-18
5762.77	6.12858e-18
5764.78	5.50024e-18
5766.79	3.49851e-18
5768.80	3.63472e-18
5770.81	3.93181e-18
5772.82	5.2686e-18
5774.83	5.21379e-18
5776.84	4.5316e-18
5778.85	4.52856e-18
5780.86	5.86943e-18
5782.87	5.00935e-18
5784.88	4.32121e-18
5786.89	3.93977e-18
5788.90	5.87867e-18
5790.91	6.77614e-18
5792.92	5.38442e-18
5794.93	4.8073e-18
5796.94	4.79046e-18
5798.95	3.68993e-18
5800.96	4.20641e-18
5802.97	4.45303e-18
5804.98	4.5436e-18
5806.99	5.08814e-18
5809.00	4.77315e-18
5811.01	4.60829e-18
5813.02	3.65068e-18
5815.03	3.6012e-18
5817.04	5.44721e-18
5819.05	4.27727e-18
5821.06	5.51103e-18
5823.07	4.84167e-18
5825.08	3.98736e-18
5827.09	4.37711e-18
5829.10	4.43933e-18
5831.11	5.96901e-18
5833.12	4.79584e-18
5835.13	5.51128e-18
5837.14	4.59969e-18
5839.15	5.42865e-18
5841.16	5.06446e-18
5843.17	4.41498e-18
5845.18	4.19615e-18
5847.19	4.42939e-18
5849.20	5.38523e-18
5851.21	4.69566e-18
5853.22	4.78095e-18
5855.23	4.41374e-18
5857.24	5.77231e-18
5859.25	4.44619e-18
5861.26	5.09883e-18
5863.27	5.59037e-18
5865.28	3.92626e-18
5867.29	5.08406e-18
5869.30	5.04085e-18
5871.31	5.85871e-18
5873.32	5.33121e-18
5875.33	5.27641e-18
5877.34	5.12704e-18
5879.35	4.11172e-18
5881.36	4.21553e-18
5883.37	4.31934e-18
5885.38	4.42315e-18
5887.39	4.52696e-18
5889.40	4.63077e-18
5891.41	4.73458e-18
5893.42	4.73458e-18
5895.43	4.39129e-18
5897.44	4.84188e-18
5899.45	3.72909e-18
5901.46	5.24204e-18
5903.47	5.23391e-18
5905.48	6.53082e-18
5907.49	4.98809e-18
5909.50	4.9667e-18
5911.51	6.27801e-18
5913.52	4.6153e-18
5915.53	4.67248e-18
5917.54	5.14065e-18
5919.55	5.15944e-18
5921.56	3.81731e-18
5923.57	5.2903e-18
5925.58	4.88946e-18
5927.59	4.72961e-18
5929.60	4.78452e-18
5931.61	5.59652e-18
5933.62	4.99684e-18
5935.63	3.69876e-18
5937.64	4.18937e-18
5939.65	4.2804e-18
5941.66	6.12865e-18
5943.67	5.05114e-18
5945.68	4.42947e-18
5947.69	5.00641e-18
5949.70	5.53272e-18
5951.71	5.09216e-18
5953.72	3.99584e-18
5955.73	4.99075e-18
5957.74	4.53024e-18
5959.75	4.76404e-18
5961.76	4.81621e-18
5963.77	5.20822e-18
5965.78	4.96363e-18
5967.79	5.1645e-18
5969.80	4.82414e-18
5971.81	4.30753e-18
5973.82	5.18982e-18
5975.83	4.89506e-18
5977.84	4.97801e-18
5979.85	4.23124e-18
5981.86	4.66718e-18
5983.87	4.57683e-18
5985.88	4.97181e-18
5987.89	4.79771e-18
5989.90	6.0009e-18
5991.91	5.41203e-18
5993.92	5.51462e-18
5995.93	5.308e-18
5997.94	5.09351e-18
5999.95	4.9801e-18
6001.96	5.38399e-18
6003.97	5.48389e-18
6005.98	5.0561e-18
6007.99	5.75991e-18
6010.00	5.82427e-18
6012.01	5.16717e-18
6014.02	5.35802e-18
6016.03	5.497e-18
6018.04	6.02164e-18
6020.05	5.32478e-18
6022.06	5.37735e-18
6024.07	5.40313e-18
6026.08	6.10928e-18
6028.09	5.79278e-18
6030.10	5.09398e-18
6032.11	5.88355e-18
6034.12	6.00926e-18
6036.13	5.58924e-18
6038.14	4.99922e-18
6040.15	5.63352e-18
6042.16	6.18087e-18
6044.17	5.62651e-18
6046.18	4.96655e-18
6048.19	5.47835e-18
6050.20	5.4425e-18
6052.21	5.13472e-18
6054.22	6.08515e-18
6056.23	6.41849e-18
6058.24	5.2676e-18
6060.25	5.56775e-18
6062.26	4.96686e-18
6064.27	5.5013e-18
6066.28	5.21342e-18
6068.29	5.05929e-18
6070.30	6.02619e-18
6072.31	5.9315e-18
6074.32	5.67188e-18
6076.33	5.70669e-18
6078.34	5.7333e-18
6080.35	4.89596e-18
6082.36	5.52595e-18
6084.37	6.18775e-18
6086.38	5.81616e-18
6088.39	5.3367e-18
6090.40	5.42999e-18
6092.41	4.94791e-18
6094.42	4.74312e-18
6096.43	5.03581e-18
6098.44	5.14316e-18
6100.45	5.82269e-18
6102.46	5.3355e-18
6104.47	5.91065e-18
6106.48	6.34711e-18
6108.49	6.5677e-18
6110.50	6.17564e-18
6112.51	5.76549e-18
6114.52	5.79223e-18
6116.53	4.94318e-18
6118.54	4.78836e-18
6120.55	5.77968e-18
6122.56	6.31641e-18
6124.57	5.7171e-18
6126.58	5.8516e-18
6128.59	5.5422e-18
6130.60	5.13163e-18
6132.61	6.43497e-18
6134.62	5.22496e-18
6136.63	5.46954e-18
6138.64	6.56157e-18
6140.65	6.19766e-18
6142.66	5.49541e-18
6144.67	6.26461e-18
6146.68	6.22031e-18
6148.69	5.66762e-18
6150.70	5.3895e-18
6152.71	6.39027e-18
6154.72	5.88772e-18
6156.73	5.74385e-18
6158.74	6.88871e-18
6160.75	5.36116e-18
6162.76	5.81383e-18
6164.77	5.75927e-18
6166.78	5.7822e-18
6168.79	5.07161e-18
6170.80	6.07325e-18
6172.81	6.0392e-18
6174.82	5.65264e-18
6176.83	4.97e-18
6178.84	4.96314e-18
6180.85	6.0181e-18
6182.86	6.31011e-18
6184.87	4.90981e-18
6186.88	4.75946e-18
6188.89	5.63457e-18
6190.90	5.35819e-18
6192.91	6.01434e-18
6194.92	6.57867e-18
6196.93	6.22458e-18
6198.94	6.36857e-18
6200.95	5.76598e-18
6202.96	5.66444e-18
6204.97	5.70046e-18
6206.98	4.43759e-18
6208.99	4.61773e-18
6211.00	5.25644e-18
6213.01	5.50145e-18
6215.02	5.28773e-18
6217.03	5.27391e-18
6219.04	6.49571e-18
6221.05	6.09266e-18
6223.06	5.20102e-18
6225.07	5.69965e-18
6227.08	5.88897e-18
6229.09	5.18121e-18
6231.10	6.19638e-18
6233.11	5.58559e-18
6235.12	5.18102e-18
6237.13	5.05028e-18
6239.14	4.71228e-18
6241.15	5.4552e-18
6243.16	5.23113e-18
6245.17	4.10073e-18
6247.18	4.38579e-18
6249.19	4.57636e-18
6251.20	6.44086e-18
6253.21	6.51823e-18
6255.22	6.54563e-18
6257.23	6.02815e-18
6259.24	5.48874e-18
6261.25	6.3927e-18
6263.26	6.25985e-18
6265.27	5.23613e-18
6267.28	5.45321e-18
6269.29	5.37647e-18
6271.30	5.60977e-18
6273.31	5.42558e-18
6275.32	3.74782e-18
6277.33	2.96292e-18
6279.34	4.66464e-18
6281.35	5.17731e-18
6283.36	5.6805e-18
6285.37	5.42603e-18
6287.38	4.81026e-18
6289.39	5.60812e-18
6291.40	7.05383e-18
6293.41	6.84006e-18
6295.42	5.56362e-18
6297.43	5.53153e-18
6299.44	2.83188e-18
6301.45	2.18773e-18
6303.46	3.3749e-18
6305.47	4.53524e-18
6307.48	5.84038e-18
6309.49	5.84039e-18
6311.50	5.99294e-18
6313.51	5.59487e-18
6315.52	5.13178e-18
6317.53	4.53158e-18
6319.54	4.50293e-18
6321.55	4.49394e-18
6323.56	4.87814e-18
6325.57	5.30889e-18
6327.58	4.57127e-18
6329.59	4.53448e-18
6331.60	4.50313e-18
6333.61	5.62982e-18
6335.62	5.15573e-18
6337.63	5.20789e-18
6339.64	5.56628e-18
6341.65	5.8328e-18
6343.66	6.563e-18
6345.67	5.27455e-18
6347.68	5.17631e-18
6349.69	6.08506e-18
6351.70	6.03875e-18
6353.71	5.99243e-18
6355.72	5.94612e-18
6357.73	5.89981e-18
6359.74	5.85349e-18
6361.75	5.80718e-18
6363.76	5.76087e-18
6365.77	5.71455e-18
6367.78	5.66824e-18
6369.79	5.62193e-18
6371.80	5.57561e-18
6373.81	5.5293e-18
6375.82	5.48299e-18
6377.83	5.43667e-18
6379.84	5.39036e-18
6381.85	5.34405e-18
6383.86	5.29773e-18
6385.87	5.29773e-18
6387.88	4.582e-18
6389.89	4.58509e-18
6391.90	4.00073e-18
6393.91	3.72844e-18
6395.92	4.94449e-18
6397.93	5.50352e-18
6399.94	4.51182e-18
6401.95	4.87845e-18
6403.96	4.6347e-18
6405.97	5.19738e-18
6407.98	5.94451e-18
6409.99	4.91581e-18
6412.00	4.50145e-18
6414.01	4.74063e-18
6416.02	5.54627e-18
6418.03	4.87771e-18
6420.04	5.45727e-18
6422.05	5.97936e-18
6424.06	4.42402e-18
6426.07	5.30313e-18
6428.08	4.56478e-18
6430.09	4.26993e-18
6432.10	4.69832e-18
6434.11	5.18297e-18
6436.12	4.60959e-18
6438.13	4.5605e-18
6440.14	5.09395e-18
6442.15	4.52186e-18
6444.16	4.63466e-18
6446.17	5.83977e-18
6448.18	5.88122e-18
6450.19	5.68718e-18
6452.20	5.11061e-18
6454.21	5.36465e-18
6456.22	5.08731e-18
6458.23	5.14946e-18
6460.24	4.48712e-18
6462.25	5.47203e-18
6464.26	6.35199e-18
6466.27	5.82959e-18
6468.28	5.03145e-18
6470.29	5.13752e-18
6472.30	4.89874e-18
6474.31	4.22099e-18
6476.32	4.27649e-18
6478.33	4.36617e-18
6480.34	4.87864e-18
6482.35	5.61521e-18
6484.36	5.46409e-18
6486.37	4.58677e-18
6488.38	4.85519e-18
6490.39	4.40234e-18
6492.40	5.1224e-18
6494.41	6.1613e-18
6496.42	6.04438e-18
6498.43	5.11873e-18
6500.44	4.93665e-18
6502.45	4.80379e-18
6504.46	4.91178e-18
6506.47	5.16298e-18
6508.48	4.86901e-18
6510.49	5.60683e-18
6512.50	5.04486e-18
6514.51	4.37546e-18
6516.52	4.82668e-18
6518.53	4.95278e-18
6520.54	4.06353e-18
6522.55	3.97077e-18
6524.56	3.92601e-18
6526.57	4.59599e-18
6528.58	5.70127e-18
6530.59	8.11184e-18
6532.60	8.75962e-18
6534.61	9.30583e-18
6536.62	8.81797e-18
6538.63	7.62203e-18
6540.64	5.49105e-18
6542.65	4.74627e-18
6544.66	4.383e-18
6546.67	4.1466e-18
6548.68	4.35188e-18
6550.69	4.71243e-18
6552.70	4.43776e-18
6554.71	4.08933e-18
6556.72	4.57098e-18
6558.73	3.96331e-18
6560.74	3.59648e-18
6562.75	3.38427e-18
6564.76	4.23615e-18
6566.77	3.56151e-18
6568.78	3.38372e-18
6570.79	4.0015e-18
6572.80	4.22951e-18
6574.81	5.26337e-18
6576.82	5.59819e-18
6578.83	4.47863e-18
6580.84	3.8676e-18
6582.85	3.85889e-18
6584.86	4.51479e-18
6586.87	5.03868e-18
6588.88	4.80491e-18
6590.89	4.61511e-18
6592.90	3.64786e-18
6594.91	4.82215e-18
6596.92	4.81957e-18
6598.93	5.18105e-18
6600.94	5.64719e-18
6602.95	5.23084e-18
6604.96	4.89468e-18
6606.97	3.89733e-18
6608.98	4.13757e-18
6610.99	5.11349e-18
6613.00	4.37142e-18
6615.01	3.98674e-18
6617.02	4.28669e-18
6619.03	3.90018e-18
6621.04	4.44634e-18
6623.05	5.15164e-18
6625.06	5.05248e-18
6627.07	5.10348e-18
6629.08	4.55211e-18
6631.09	4.72418e-18
6633.10	4.86722e-18
6635.11	4.31248e-18
6637.12	5.0046e-18
6639.13	5.08052e-18
6641.14	5.04587e-18
6643.15	4.90658e-18
6645.16	3.83866e-18
6647.17	4.70089e-18
6649.18	3.45103e-18
6651.19	4.66698e-18
6653.20	4.43942e-18
6655.21	3.9867e-18
6657.22	3.96512e-18
6659.23	4.89645e-18
6661.24	5.27272e-18
6663.25	6.23173e-18
6665.26	5.19461e-18
6667.27	4.77673e-18
6669.28	4.6536e-18
6671.29	4.21576e-18
6673.30	5.32846e-18
6675.31	4.88957e-18
6677.32	4.34712e-18
6679.33	4.32648e-18
6681.34	3.80109e-18
6683.35	4.91996e-18
6685.36	5.01547e-18
6687.37	4.74067e-18
6689.38	5.28547e-18
6691.39	5.08375e-18
6693.40	4.92725e-18
6695.41	4.63978e-18
6697.42	3.90308e-18
6699.43	4.25617e-18
6701.44	5.01273e-18
6703.45	5.50176e-18
6705.46	5.47205e-18
6707.47	5.86756e-18
6709.48	5.12339e-18
6711.49	4.56984e-18
6713.50	4.8924e-18
6715.51	5.03573e-18
6717.52	4.34339e-18
6719.53	4.11342e-18
6721.54	3.70291e-18
6723.55	5.53276e-18
6725.56	6.71279e-18
6727.57	6.60623e-18
6729.58	6.90523e-18
6731.59	4.67326e-18
6733.60	4.03687e-18
6735.61	5.67512e-18
6737.62	5.10896e-18
6739.63	4.17737e-18
6741.64	4.24859e-18
6743.65	4.63378e-18
6745.66	5.56567e-18
6747.67	5.03756e-18
6749.68	4.46574e-18
6751.69	4.81385e-18
6753.70	4.60832e-18
6755.71	4.67726e-18
6757.72	4.52145e-18
6759.73	4.59354e-18
6761.74	4.7397e-18
6763.75	4.66122e-18
6765.76	5.64251e-18
6767.77	5.05113e-18
6769.78	5.31142e-18
6771.79	4.16601e-18
6773.80	5.55252e-18
6775.81	5.32052e-18
6777.82	5.07855e-18
6779.83	4.58965e-18
6781.84	4.02397e-18
6783.85	4.51388e-18
6785.86	4.74319e-18
6787.87	4.69649e-18
6789.88	3.94751e-18
6791.89	4.87135e-18
6793.90	5.07956e-18
6795.91	4.91214e-18
6797.92	4.28825e-18
6799.93	4.51956e-18
6801.94	4.67901e-18
6803.95	4.55368e-18
6805.96	4.7474e-18
6807.97	4.94767e-18
6809.98	4.47185e-18
6811.99	5.15659e-18
6814.00	5.40549e-18
6816.01	5.38079e-18
6818.02	5.11825e-18
6820.03	4.22909e-18
6822.04	5.2972e-18
6824.05	4.85788e-18
6826.06	5.26174e-18
6828.07	5.4794e-18
6830.08	5.16616e-18
6832.09	3.77173e-18
6834.10	5.52373e-18
6836.11	5.70674e-18
6838.12	6.61367e-18
6840.13	5.63793e-18
6842.14	4.87582e-18
6844.15	4.80374e-18
6846.16	4.27807e-18
6848.17	5.21555e-18
6850.18	5.25961e-18
6852.19	4.1058e-18
6854.20	4.50166e-18
6856.21	4.83468e-18
6858.22	5.03586e-18
6860.23	5.32036e-18
6862.24	5.13801e-18
6864.25	4.94689e-18
6866.26	5.12901e-18
6868.27	4.69167e-18
6870.28	4.06708e-18
6872.29	4.80639e-18
6874.30	5.37688e-18
6876.31	5.81291e-18
6878.32	4.9312e-18
6880.33	4.50751e-18
6882.34	4.95578e-18
6884.35	5.314e-18
6886.36	4.86036e-18
6888.37	3.82276e-18
6890.38	3.8351e-18
6892.39	4.33808e-18
6894.40	4.93819e-18
6896.41	5.02633e-18
6898.42	4.29743e-18
6900.43	4.64089e-18
6902.44	5.28038e-18
6904.45	4.30862e-18
6906.46	4.59128e-18
6908.47	5.25786e-18
6910.48	5.07853e-18
6912.49	3.93653e-18
6914.50	4.52458e-18
6916.51	5.14098e-18
6918.52	5.07579e-18
6920.53	3.91701e-18
6922.54	3.47121e-18
6924.55	3.72905e-18
6926.56	4.49861e-18
6928.57	5.67592e-18
6930.58	4.21457e-18
6932.59	4.97643e-18
6934.60	5.59969e-18
6936.61	4.73737e-18
6938.62	4.13617e-18
6940.63	3.81089e-18
6942.64	5.09524e-18
6944.65	4.17924e-18
6946.66	4.10181e-18
6948.67	4.53621e-18
6950.68	4.7805e-18
6952.69	4.6385e-18
6954.70	5.91598e-18
6956.71	5.18854e-18
6958.72	4.66551e-18
6960.73	4.89735e-18
6962.74	4.0146e-18
6964.75	3.60424e-18
6966.76	5.56698e-18
6968.77	5.16339e-18
6970.78	4.88279e-18
6972.79	4.50492e-18
6974.80	4.69798e-18
6976.81	5.83828e-18
6978.82	4.66057e-18
6980.83	3.95364e-18
6982.84	3.99807e-18
6984.85	4.57449e-18
6986.86	6.29229e-18
6988.87	5.68591e-18
6990.88	5.0729e-18
6992.89	5.24419e-18
6994.90	5.36501e-18
6996.91	4.84319e-18
6998.92	4.98719e-18
7000.93	4.81867e-18
7002.94	5.54206e-18
7004.95	4.96985e-18
7006.96	4.88314e-18
7008.97	5.57737e-18
7010.98	4.87365e-18
7012.99	5.03402e-18
7015.00	5.24527e-18
7017.01	5.33348e-18
7019.02	4.97412e-18
7021.03	5.60146e-18
7023.04	4.7408e-18
7025.05	5.46795e-18
7027.06	4.98829e-18
7029.07	4.17484e-18
7031.08	4.60777e-18
7033.09	4.70798e-18
7035.10	4.71125e-18
7037.11	4.14471e-18
7039.12	4.75964e-18
7041.13	4.51611e-18
7043.14	5.12266e-18
7045.15	5.16039e-18
7047.16	5.48593e-18
7049.17	5.86352e-18
7051.18	4.3587e-18
7053.19	3.65578e-18
7055.20	4.26105e-18
7057.21	4.70274e-18
7059.22	4.79057e-18
7061.23	4.95264e-18
7063.24	4.87572e-18
7065.25	5.11127e-18
7067.26	4.92043e-18
7069.27	4.35846e-18
7071.28	4.44486e-18
7073.29	4.83719e-18
7075.30	3.85731e-18
7077.31	3.47179e-18
7079.32	3.83994e-18
7081.33	3.80882e-18
7083.34	4.79353e-18
7085.35	4.33377e-18
7087.36	5.14424e-18
7089.37	4.50014e-18
7091.38	3.8597e-18
7093.39	3.91441e-18
7095.40	3.83631e-18
7097.41	4.41182e-18
7099.42	4.34873e-18
7101.43	3.59286e-18
7103.44	5.08537e-18
7105.45	4.8416e-18
7107.46	4.78351e-18
7109.47	4.3387e-18
7111.48	4.08928e-18
7113.49	4.33355e-18
7115.50	4.81044e-18
7117.51	4.88281e-18
7119.52	4.25889e-18
7121.53	5.22692e-18
7123.54	4.784e-18
7125.55	3.56438e-18
7127.56	4.2361e-18
7129.57	4.45998e-18
7131.58	5.13681e-18
7133.59	4.63724e-18
7135.60	4.03739e-18
7137.61	4.70196e-18
7139.62	4.93852e-18
7141.63	4.61087e-18
7143.64	4.86682e-18
7145.65	4.47567e-18
7147.66	3.80977e-18
7149.67	4.34888e-18
7151.68	4.38645e-18
7153.69	4.33069e-18
7155.70	4.59824e-18
7157.71	4.24779e-18
7159.72	4.23888e-18
7161.73	4.44147e-18
7163.74	3.60429e-18
7165.75	4.51854e-18
7167.76	5.58694e-18
7169.77	5.5087e-18
7171.78	5.09391e-18
7173.79	5.02568e-18
7175.80	4.49903e-18
7177.81	4.40359e-18
7179.82	4.47797e-18
7181.83	4.27338e-18
7183.84	4.9924e-18
7185.85	4.38646e-18
7187.86	3.64239e-18
7189.87	4.49611e-18
7191.88	4.46366e-18
7193.89	4.62756e-18
7195.90	4.55033e-18
7197.91	4.88809e-18
7199.92	4.52118e-18
7201.93	4.55712e-18
7203.94	4.36861e-18
7205.95	3.786e-18
7207.96	4.20102e-18
7209.97	4.20913e-18
7211.98	4.58492e-18
7213.99	4.40419e-18
7216.00	3.93241e-18
7218.01	4.03122e-18
7220.02	4.29401e-18
7222.03	4.22505e-18
7224.04	4.22458e-18
7226.05	4.4437e-18
7228.06	4.70537e-18
7230.07	4.37956e-18
7232.08	5.35036e-18
7234.09	5.25323e-18
7236.10	4.48932e-18
7238.11	4.79555e-18
7240.12	4.36058e-18
7242.13	4.1508e-18
7244.14	3.57713e-18
7246.15	3.14296e-18
7248.16	3.63311e-18
7250.17	4.2189e-18
7252.18	5.34377e-18
7254.19	3.91261e-18
7256.20	4.23191e-18
7258.21	4.03916e-18
7260.22	3.46829e-18
7262.23	4.95782e-18
7264.24	5.20102e-18
7266.25	4.69315e-18
7268.26	4.5879e-18
7270.27	5.02575e-18
7272.28	6.06033e-18
7274.29	5.11934e-18
7276.30	3.97796e-18
7278.31	4.53924e-18
7280.32	4.29169e-18
7282.33	3.47584e-18
7284.34	4.42041e-18
7286.35	4.20478e-18
7288.36	3.98918e-18
7290.37	4.46385e-18
7292.38	3.99135e-18
7294.39	3.92082e-18
7296.40	5.04871e-18
7298.41	4.83565e-18
7300.42	3.8928e-18
7302.43	3.20965e-18
7304.44	3.16957e-18
7306.45	2.66386e-18
7308.46	4.83441e-18
7310.47	5.66841e-18
7312.48	3.98336e-18
7314.49	2.20649e-18
7316.50	4.612e-18
7318.51	2.60706e-18
7320.52	3.62632e-18
7322.53	4.67301e-18
7324.54	4.7383e-18
7326.55	4.03056e-18
7328.56	4.10735e-18
7330.57	3.1703e-18
7332.58	5.94335e-18
7334.59	5.7343e-18
7336.60	4.91135e-18
7338.61	3.74596e-18
7340.62	3.22199e-18
7342.63	2.82064e-18
7344.64	2.51464e-18
7346.65	3.85875e-18
7348.66	5.12797e-18
7350.67	4.26513e-18
7352.68	4.82604e-18
7354.69	4.94314e-18
7356.70	4.25397e-18
7358.71	3.36762e-18
7360.72	4.57294e-18
7362.73	4.53925e-18
7364.74	5.16747e-18
7366.75	4.39012e-18
7368.76	2.13239e-18
7370.77	2.52484e-18
7372.78	2.7561e-18
7374.79	3.42919e-18
7376.80	3.93002e-18
7378.81	3.64005e-18
7380.82	4.44029e-18
7382.83	4.15176e-18
7384.84	4.01565e-18
7386.85	5.01778e-18
7388.86	4.68436e-18
7390.87	3.52209e-18
7392.88	3.4785e-18
7394.89	3.86288e-18
7396.90	4.67445e-18
7398.91	4.75848e-18
7400.92	4.05985e-18
7402.93	2.67407e-18
7404.94	2.7324e-18
7406.95	4.16622e-18
7408.96	4.04202e-18
7410.97	3.46144e-18
7412.98	4.23498e-18
7414.99	3.8162e-18
7417.00	3.80601e-18
7419.01	4.11605e-18
7421.02	4.50043e-18
7423.03	4.51436e-18
7425.04	4.76915e-18
7427.05	4.57128e-18
7429.06	3.20565e-18
7431.07	3.83392e-18
7433.08	5.06695e-18
7435.09	4.87058e-18
7437.10	3.30495e-18
7439.11	4.45787e-18
7441.12	4.64489e-18
7443.13	3.86821e-18
7445.14	4.28547e-18
7447.15	4.13684e-18
7449.16	4.45955e-18
7451.17	4.20315e-18
7453.18	4.2104e-18
7455.19	4.07075e-18
7457.20	4.5567e-18
7459.21	4.92368e-18
7461.22	4.61091e-18
7463.23	3.99492e-18
7465.24	3.09029e-18
7467.25	3.40109e-18
7469.26	4.72955e-18
7471.27	4.43508e-18
7473.28	4.92425e-18
7475.29	4.83985e-18
7477.30	4.01374e-18
7479.31	4.44115e-18
7481.32	3.82247e-18
7483.33	3.21209e-18
7485.34	3.51057e-18
7487.35	3.81405e-18
7489.36	3.79597e-18
7491.37	4.34087e-18
7493.38	4.31492e-18
7495.39	4.59909e-18
7497.40	4.04376e-18
7499.41	3.75923e-18
7501.42	4.74745e-18
7503.43	4.40844e-18
7505.44	3.8172e-18
7507.45	3.89859e-18
7509.46	4.01571e-18
7511.47	4.04434e-18
7513.48	4.36385e-18
7515.49	3.41131e-18
7517.50	4.35717e-18
7519.51	4.61582e-18
7521.52	2.89431e-18
7523.53	3.87866e-18
7525.54	2.92652e-18
7527.55	3.20787e-18
7529.56	3.09019e-18
7531.57	4.58244e-18
7533.58	3.70002e-18
7535.59	4.17629e-18
7537.60	4.86217e-18
7539.61	4.11233e-18
7541.62	3.80516e-18
7543.63	4.10082e-18
7545.64	4.58371e-18
7547.65	4.35828e-18
7549.66	3.97012e-18
7551.67	4.05258e-18
7553.68	3.77571e-18
7555.69	4.23907e-18
7557.70	4.04063e-18
7559.71	3.43192e-18
7561.72	3.54528e-18
7563.73	4.76726e-18
7565.74	4.46178e-18
7567.75	3.84538e-18
7569.76	3.07968e-18
7571.77	2.74526e-18
7573.78	1.94406e-18
7575.79	2.98097e-18
7577.80	3.53412e-18
7579.81	3.97031e-18
7581.82	4.13592e-18
7583.83	3.88139e-18
7585.84	3.34601e-18
7587.85	3.95674e-18
7589.86	4.96792e-18
7591.87	3.13947e-18
7593.88	3.02623e-18
7595.89	3.31191e-18
7597.90	4.11878e-18
7599.91	3.67447e-18
7601.92	4.9424e-18
7603.93	2.10512e-18
7605.94	3.81729e-18
7607.95	3.47529e-18
7609.96	3.53421e-18
7611.97	3.96924e-18
7613.98	2.98858e-18
7615.99	3.62173e-18
7618.00	3.24188e-18
7620.01	3.69922e-18
7622.02	3.06252e-18
7624.03	2.52682e-18
7626.04	2.41202e-18
7628.05	2.48364e-18
7630.06	2.45256e-18
7632.07	2.72662e-18
7634.08	2.914e-18
7636.09	3.89431e-18
7638.10	4.20415e-18
7640.11	3.79958e-18
7642.12	2.62201e-18
7644.13	3.32065e-18
7646.14	4.07618e-18
7648.15	3.46224e-18
7650.16	3.02482e-18
7652.17	2.62206e-18
7654.18	3.4007e-18
7656.19	4.50592e-18
7658.20	3.95289e-18
7660.21	3.78025e-18
7662.22	3.43026e-18
7664.23	3.15341e-18
7666.24	3.6031e-18
7668.25	4.04828e-18
7670.26	3.73359e-18
7672.27	3.51754e-18
7674.28	3.88527e-18
7676.29	3.14321e-18
7678.30	3.40941e-18
7680.31	3.55399e-18
7682.32	4.16439e-18
7684.33	3.67541e-18
7686.34	4.41269e-18
7688.35	4.8534e-18
7690.36	4.59604e-18
7692.37	4.08919e-18
7694.38	3.31721e-18
7696.39	3.88067e-18
7698.40	4.08976e-18
7700.41	3.28318e-18
7702.42	3.78543e-18
7704.43	3.85528e-18
7706.44	3.71835e-18
7708.45	4.18319e-18
7710.46	4.41644e-18
7712.47	4.62329e-18
7714.48	2.87231e-18
7716.49	3.12232e-18
7718.50	4.90006e-18
7720.51	4.39721e-18
7722.52	3.00925e-18
7724.53	3.58968e-18
7726.54	3.1957e-18
7728.55	3.10454e-18
7730.56	3.41333e-18
7732.57	3.89135e-18
7734.58	3.87841e-18
7736.59	3.74068e-18
7738.60	4.62255e-18
7740.61	4.10666e-18
7742.62	4.68695e-18
7744.63	5.18077e-18
7746.64	4.88402e-18
7748.65	5.02068e-18
7750.66	3.37864e-18
7752.67	3.76129e-18
7754.68	4.19322e-18
7756.69	4.01474e-18
7758.70	3.58753e-18
7760.71	3.77497e-18
7762.72	4.23208e-18
7764.73	4.56313e-18
7766.74	3.96156e-18
7768.75	3.2579e-18
7770.76	3.3293e-18
7772.77	2.97413e-18
7774.78	3.66368e-18
7776.79	3.44213e-18
7778.80	3.07152e-18
7780.81	4.15153e-18
7782.82	4.22104e-18
7784.83	3.80483e-18
7786.84	4.3407e-18
7788.85	5.00046e-18
7790.86	5.23819e-18
7792.87	2.07261e-18
7794.88	1.1215e-18
7796.89	2.72891e-18
7798.90	4.55545e-18
7800.91	4.85547e-18
7802.92	3.47659e-18
7804.93	3.50749e-18
7806.94	2.93969e-18
7808.95	3.19103e-18
7810.96	3.97986e-18
7812.97	4.53603e-18
7814.98	4.56531e-18
7816.99	4.47961e-18
7819.00	4.3997e-18
7821.01	2.27771e-18
7823.02	2.00683e-18
7825.03	4.02893e-18
7827.04	3.62682e-18
7829.05	3.6147e-18
7831.06	4.51218e-18
7833.07	4.01182e-18
7835.08	4.64454e-18
7837.09	4.8449e-18
7839.10	4.1814e-18
7841.11	2.8567e-18
7843.12	2.43031e-18
7845.13	3.76379e-18
7847.14	3.80663e-18
7849.15	4.63695e-18
7851.16	4.46076e-18
7853.17	2.06107e-18
7855.18	1.95345e-18
7857.19	3.55252e-18
7859.20	2.52506e-18
7861.21	3.89468e-18
7863.22	3.80837e-18
7865.23	3.23868e-18
7867.24	3.11663e-18
7869.25	3.38799e-18
7871.26	2.64971e-18
7873.27	4.55605e-18
7875.28	4.2917e-18
7877.29	5.41591e-18
7879.30	4.49406e-18
7881.31	3.59473e-18
7883.32	3.64192e-18
7885.33	4.30913e-18
7887.34	5.17021e-18
7889.35	3.5902e-18
7891.36	3.13148e-18
7893.37	4.02333e-18
7895.38	4.14129e-18
7897.39	3.82963e-18
7899.40	4.73877e-18
7901.41	4.07256e-18
7903.42	4.00032e-18
7905.43	4.66801e-18
7907.44	4.54516e-18
7909.45	4.56261e-18
7911.46	2.80378e-18
7913.47	2.09414e-18
7915.48	3.39615e-18
7917.49	4.39863e-18
7919.50	3.56852e-18
7921.51	2.75177e-18
7923.52	2.93979e-18
7925.53	2.58754e-18
7927.54	2.91149e-18
7929.55	3.54404e-18
7931.56	4.33171e-18
7933.57	3.68291e-18
7935.58	4.71134e-18
7937.59	4.17615e-18
7939.60	3.75223e-18
7941.61	3.44249e-18
7943.62	4.29758e-18
7945.63	3.40187e-18
7947.64	3.91861e-18
7949.65	4.37242e-18
7951.66	3.76399e-18
7953.67	4.27415e-18
7955.68	3.08096e-18
7957.69	4.27888e-18
7959.70	4.45894e-18
7961.71	4.07368e-18
7963.72	3.03554e-18
7965.73	2.4693e-18
7967.74	2.02129e-18
7969.75	3.62804e-18
7971.76	4.62958e-18
7973.77	3.79409e-18
7975.78	3.79304e-18
7977.79	3.09583e-18
7979.80	3.18854e-18
7981.81	3.23795e-18
7983.82	3.95121e-18
7985.83	4.44359e-18
7987.84	4.26583e-18
7989.85	4.45914e-18
7991.86	4.14059e-18
7993.87	2.78374e-18
7995.88	2.67507e-18
7997.89	2.93744e-18
7999.90	3.35904e-18
8001.91	2.99398e-18
8003.92	4.00862e-18
8005.93	3.12481e-18
8007.94	3.80352e-18
8009.95	4.2984e-18
8011.96	4.17132e-18
8013.97	3.68619e-18
8015.98	2.71333e-18
8017.99	2.46553e-18
8020.0	3.86114e-18
8022.01	4.33837e-18
8024.02	4.09032e-18
8026.03	3.09596e-18
8028.04	3.58443e-18
8030.05	3.90496e-18
8032.06	3.16036e-18
8034.07	3.58711e-18
8036.08	3.58097e-18
8038.09	3.02251e-18
8040.10	3.45198e-18
8042.11	3.66053e-18
8044.12	4.62594e-18
8046.13	4.24056e-18
8048.14	3.86664e-18
8050.15	3.35396e-18
8052.16	3.55021e-18
8054.17	2.83611e-18
8056.18	3.81107e-18
8058.19	3.52986e-18
8060.20	3.24889e-18
8062.21	3.53943e-18
8064.22	2.40167e-18
8066.23	2.86753e-18
8068.24	4.30903e-18
8070.25	3.69794e-18
8072.26	2.6181e-18
8074.27	3.03467e-18
8076.28	3.98599e-18
8078.29	3.4297e-18
8080.30	3.88378e-18
8082.31	3.36072e-18
8084.32	3.25242e-18
8086.33	3.05676e-18
8088.34	2.39642e-18
8090.35	2.75671e-18
8092.36	3.35642e-18
8094.37	3.41463e-18
8096.38	3.49237e-18
8098.39	3.54026e-18
8100.40	3.24854e-18
8102.41	2.78873e-18
8104.42	3.06854e-18
8106.43	2.29659e-18
8108.44	3.00049e-18
8110.45	3.18359e-18
8112.46	3.24036e-18
8114.47	3.43757e-18
8116.48	3.10937e-18
8118.49	3.15843e-18
8120.50	2.87599e-18
8122.51	3.15512e-18
8124.52	2.8119e-18
8126.53	2.8676e-18
8128.54	2.81048e-18
8130.55	3.15646e-18
8132.56	3.4868e-18
8134.57	3.32914e-18
8136.58	3.73937e-18
8138.59	3.27246e-18
8140.60	2.91723e-18
8142.61	3.02948e-18
8144.62	3.38324e-18
8146.63	3.12283e-18
8148.64	3.3178e-18
8150.65	3.2684e-18
8152.66	3.31176e-18
8154.67	3.5981e-18
8156.68	2.95194e-18
8158.69	3.14122e-18
8160.70	3.13207e-18
8162.71	3.46743e-18
8164.72	3.40968e-18
8166.73	3.20414e-18
8168.74	3.7889e-18
8170.75	3.47683e-18
8172.76	3.03739e-18
8174.77	2.8502e-18
8176.78	3.54589e-18
8178.79	3.37843e-18
8180.80	3.14804e-18
8182.81	3.18235e-18
8184.82	3.02461e-18
8186.83	3.02346e-18
8188.84	3.50831e-18
8190.85	3.16054e-18
8192.86	2.84352e-18
8194.87	2.68088e-18
8196.88	2.76371e-18
8198.89	2.95012e-18
8200.90	2.60017e-18
8202.91	3.19821e-18
8204.92	2.93375e-18
8206.93	2.73583e-18
8208.94	3.28524e-18
8210.95	3.53894e-18
8212.96	3.11028e-18
8214.97	2.46524e-18
8216.98	3.36726e-18
8218.99	2.97946e-18
8221.00	2.76485e-18
8223.01	2.92205e-18
8225.02	3.05549e-18
8227.03	2.40534e-18
8229.04	2.30996e-18
8231.05	3.01404e-18
8233.06	3.39464e-18
8235.07	3.0805e-18
8237.08	3.01837e-18
8239.09	3.34007e-18
8241.10	3.0884e-18
8243.11	2.76794e-18
8245.12	2.73819e-18
8247.13	3.02992e-18
8249.14	2.79909e-18
8251.15	2.22101e-18
8253.16	2.74913e-18
8255.17	2.6999e-18
8257.18	2.83716e-18
8259.19	3.09114e-18
8261.20	2.86266e-18
8263.21	2.77795e-18
8265.22	1.99841e-18
8267.23	2.67392e-18
8269.24	3.85979e-18
8271.25	3.13904e-18
8273.26	3.15615e-18
8275.27	3.78041e-18
8277.28	3.49443e-18
8279.29	3.75025e-18
8281.30	4.15455e-18
8283.31	3.75085e-18
8285.32	3.60872e-18
8287.33	3.70952e-18
8289.34	2.05962e-18
8291.35	2.03357e-18
8293.36	2.29843e-18
8295.37	2.93489e-18
8297.38	2.16151e-18
8299.39	3.01636e-18
8301.40	2.45105e-18
8303.41	3.9295e-18
8305.42	3.87732e-18
8307.43	4.01865e-18
8309.44	2.96459e-18
8311.45	2.58385e-18
8313.46	2.55759e-18
8315.47	3.17894e-18
8317.48	2.72915e-18
8319.49	2.4356e-18
8321.50	2.4887e-18
8323.51	2.34978e-18
8325.52	2.33896e-18
8327.53	2.8764e-18
8329.54	3.0624e-18
8331.55	3.41498e-18
8333.56	3.00858e-18
8335.57	2.97405e-18
8337.58	3.00196e-18
8339.59	4.3365e-18
8341.60	4.8463e-18
8343.61	2.70641e-18
8345.62	3.08936e-18
8347.63	4.3352e-18
8349.64	4.79854e-18
8351.65	3.99421e-18
8353.66	2.06747e-18
8355.67	1.27529e-18
8357.68	4.35105e-18
8359.69	3.02492e-18
8361.70	3.70083e-18
8363.71	3.70731e-18
8365.72	2.51944e-18
8367.73	3.08803e-18
8369.74	3.31353e-18
8371.75	4.0254e-18
8373.76	4.38029e-18
8375.77	4.43424e-18
8377.78	2.83533e-18
8379.79	2.43547e-18
8381.80	3.2378e-18
8383.81	3.50248e-18
8385.82	2.71848e-18
8387.83	2.89312e-18
8389.84	2.85936e-18
8391.85	2.81837e-18
8393.86	3.0816e-18
8395.87	4.00086e-18
8397.88	2.99115e-18
8399.89	3.33375e-18
8401.90	1.63725e-18
8403.91	2.22544e-18
8405.92	2.63922e-18
8407.93	3.62119e-18
8409.94	3.69461e-18
8411.95	3.54446e-18
8413.96	2.96385e-18
8415.97	2.16203e-18
8417.98	3.65977e-18
8419.99	3.49529e-18
8422.00	3.61193e-18
8424.01	3.1121e-18
8426.02	3.89692e-18
8428.03	3.99837e-18
8430.04	3.74516e-18
8432.05	2.85803e-18
8434.06	3.25853e-18
8436.07	3.81702e-18
8438.08	3.94417e-18
8440.09	2.77299e-18
8442.10	2.6088e-18
8444.11	2.82168e-18
8446.12	3.08757e-18
8448.13	2.96835e-18
8450.14	3.04407e-18
8452.15	2.61083e-18
8454.16	2.5249e-18
8456.17	3.25306e-18
8458.18	3.87264e-18
8460.19	2.63604e-18
8462.20	3.07938e-18
8464.21	2.88999e-18
8466.22	3.41427e-18
8468.23	3.08691e-18
8470.24	3.54623e-18
8472.25	3.11007e-18
8474.26	3.18984e-18
8476.27	3.56901e-18
8478.28	3.17739e-18
8480.29	2.46041e-18
8482.30	3.27713e-18
8484.31	3.64815e-18
8486.32	3.87179e-18
8488.33	3.90876e-18
8490.34	3.57445e-18
8492.35	2.52028e-18
8494.36	1.44925e-18
8496.37	2.04534e-18
8498.38	2.58539e-18
8500.39	4.53097e-18
8502.40	3.5451e-18
8504.41	2.3894e-18
8506.42	1.47584e-18
8508.43	2.33368e-18
8510.44	3.41637e-18
8512.45	2.86933e-18
8514.46	2.52865e-18
8516.47	2.48973e-18
8518.48	2.1458e-18
8520.49	2.33439e-18
8522.50	2.64855e-18
8524.51	3.09053e-18
8526.52	2.65549e-18
8528.53	3.27278e-18
8530.54	3.64029e-18
8532.55	2.45176e-18
8534.56	1.7265e-18
8536.57	2.76455e-18
8538.58	1.95644e-18
8540.59	2.32042e-18
8542.60	2.52869e-18
8544.61	2.8057e-18
8546.62	2.44876e-18
8548.63	1.99905e-18
8550.64	2.34742e-18
8552.65	2.66625e-18
8554.66	2.71809e-18
8556.67	2.90462e-18
8558.68	2.47229e-18
8560.69	3.46083e-18
8562.70	3.30739e-18
8564.71	3.06208e-18
8566.72	3.38729e-18
8568.73	2.77221e-18
8570.74	2.46792e-18
8572.75	2.40557e-18
8574.76	2.09103e-18
8576.77	2.16444e-18
8578.78	2.67386e-18
8580.79	2.76908e-18
8582.80	2.69995e-18
8584.81	2.33962e-18
8586.82	2.1157e-18
8588.83	3.50086e-18
8590.84	3.28502e-18
8592.85	3.01803e-18
8594.86	1.55206e-18
8596.87	2.29451e-18
8598.88	3.07844e-18
8600.89	2.88964e-18
8602.90	2.64674e-18
8604.91	3.39034e-18
8606.92	2.49921e-18
8608.93	2.43975e-18
8610.94	3.49695e-18
8612.95	3.01014e-18
8614.96	3.60957e-18
8616.97	2.76232e-18
8618.98	3.79243e-18
8620.99	4.14406e-18
8623.00	4.24255e-18
8625.01	2.32428e-18
8627.02	2.08237e-18
8629.03	1.67291e-18
8631.04	1.93075e-18
8633.05	2.95385e-18
8635.06	4.32484e-18
8637.07	4.16359e-18
8639.08	3.86963e-18
8641.09	3.53389e-18
8643.10	4.08241e-18
8645.11	3.83742e-18
8647.12	2.03198e-18
8649.13	2.1343e-18
8651.14	3.32396e-18
8653.15	3.26748e-18
8655.16	3.17129e-18
8657.17	2.97021e-18
8659.18	3.24058e-18
8661.19	4.09067e-18
8663.20	3.24575e-18
8665.21	2.28911e-18
8667.22	3.86355e-18
8669.23	2.24155e-18
8671.24	2.79884e-18
8673.25	2.4312e-18
8675.26	3.04156e-18
8677.27	1.98851e-18
8679.28	2.25276e-18
8681.29	1.83935e-18
8683.30	3.31776e-18
8685.31	3.81678e-18
8687.32	2.88345e-18
8689.33	2.4222e-18
8691.34	2.64914e-18
8693.35	3.23692e-18
8695.36	2.83608e-18
8697.37	3.69478e-18
8699.38	3.09627e-18
8701.39	2.54255e-18
8703.40	2.82189e-18
8705.41	1.82305e-18
8707.42	2.86052e-18
8709.43	1.87276e-18
8711.44	3.14725e-18
8713.45	3.0628e-18
8715.46	2.4877e-18
8717.47	2.22782e-18
8719.48	2.71376e-18
8721.49	3.09819e-18
8723.50	2.70212e-18
8725.51	2.25659e-18
8727.52	2.27902e-18
8729.53	2.90722e-18
8731.54	2.91679e-18
8733.55	1.37704e-18
8735.56	2.58082e-18
8737.57	3.45294e-18
8739.58	2.4483e-18
8741.59	2.20751e-18
8743.60	2.50879e-18
8745.61	2.91378e-18
8747.62	2.2234e-18
8749.63	2.43066e-18
8751.64	2.1008e-18
8753.65	3.3901e-18
8755.66	4.35703e-18
8757.67	4.66887e-18
8759.68	2.69722e-18
8761.69	3.60038e-18
8763.70	4.60979e-18
8765.71	3.60608e-18
8767.72	3.38591e-18
8769.73	2.70645e-18
8771.74	3.44034e-18
8773.75	3.8098e-18
8775.76	3.47825e-18
8777.77	2.01712e-18
8779.78	1.83294e-18
8781.79	2.83223e-18
8783.80	3.95586e-18
8785.81	2.25321e-18
8787.82	3.16567e-18
8789.83	1.74464e-18
8791.84	2.15565e-18
8793.85	-6.39086e-20
8795.86	2.87606e-18
8797.87	3.69088e-18
8799.88	3.20303e-18
8801.89	3.03824e-18
8803.90	4.05524e-18
8805.91	3.56031e-18
8807.92	3.97371e-18
8809.93	2.72523e-18
8811.94	3.31704e-18
8813.95	3.95343e-18
8815.96	4.67878e-18
8817.97	6.39084e-18
8819.98	1.03531e-17
8821.99	1.24694e-17
8824.00	1.25294e-17
8826.01	1.07588e-17
8828.02	6.29142e-18
8830.03	4.10983e-18
8832.04	2.2887e-18
8834.05	2.56017e-18
8836.06	3.16603e-18
8838.07	2.86966e-18
8840.08	3.00915e-18
8842.09	4.73021e-18
8844.10	3.99693e-18
8846.11	3.81776e-18
8848.12	5.02891e-18
8850.13	4.77249e-18
8852.14	5.12025e-18
8854.15	3.54764e-18
8856.16	3.46212e-18
8858.17	3.40374e-18
8860.18	2.50361e-18
8862.19	3.83689e-18
8864.20	2.69428e-18
8866.21	1.59298e-18
8868.22	2.24008e-18
8870.23	3.43142e-18
8872.24	2.88572e-18
8874.25	2.21671e-18
8876.26	2.55796e-18
8878.27	3.7602e-18
8880.28	2.46708e-18
8882.29	4.38541e-18
8884.30	4.61735e-18
8886.31	1.16608e-18
8888.32	-1.80696e-19
8890.33	-4.93971e-19
8892.34	1.38842e-18
8894.35	2.66852e-18
8896.36	1.70692e-18
8898.37	2.71674e-18
8900.38	3.12945e-18
8902.39	1.87334e-18
8904.40	2.11333e-18
8906.41	2.7212e-18
8908.42	3.76944e-18
8910.43	3.43599e-18
8912.44	2.89323e-18
8914.45	4.10783e-18
8916.46	4.64367e-18
8918.47	3.95192e-18
8920.48	1.62946e-18
8922.49	2.85062e-18
8924.50	1.15957e-18
8926.51	3.44961e-18
8928.52	1.99006e-18
8930.53	1.55011e-18
8932.54	2.04152e-18
8934.55	1.75345e-18
8936.56	1.84127e-18
8938.57	2.77076e-18
8940.58	1.98143e-18
8942.59	2.03861e-18
8944.60	1.12796e-18
8946.61	2.3e-18
8948.62	1.91484e-18
8950.63	2.63608e-18
8952.64	3.00114e-18
8954.65	4.25235e-18
8956.66	3.71438e-18
8958.67	3.5618e-18
8960.68	3.04932e-18
8962.69	1.46496e-18
8964.70	2.10137e-18
8966.71	2.69953e-18
8968.72	1.90171e-18
8970.73	2.28932e-18
8972.74	2.49857e-18
8974.75	2.22904e-18
8976.76	1.95952e-18
8978.77	2.04515e-18
8980.78	1.99908e-18
8982.79	1.51875e-18
8984.80	2.49462e-18
8986.81	2.16907e-18
8988.82	1.56756e-18
8990.83	1.6956e-18
8992.84	2.08507e-18
8994.85	3.17605e-18
8996.86	3.37837e-18
8998.87	3.75079e-18
9000.88	2.06366e-18
9002.89	9.48575e-19
9004.90	1.34532e-18
9006.91	3.08877e-18
9008.92	1.98359e-18
9010.93	2.0783e-18
9012.94	2.88937e-18
9014.95	2.3166e-18
9016.96	1.37634e-18
9018.97	1.98776e-18
9020.98	2.91849e-18
9022.99	1.90802e-18
9025.00	2.6009e-18
9027.01	2.28795e-18
9029.02	4.02247e-18
9031.03	3.52404e-18
9033.04	3.12361e-18
9035.05	3.17141e-18
9037.06	3.02703e-18
9039.07	3.27783e-18
9041.08	2.90693e-18
9043.09	2.6513e-18
9045.10	3.55293e-18
9047.11	4.45297e-18
9049.12	2.7584e-18
9051.13	3.07434e-18
9053.14	4.23587e-18
9055.15	2.06174e-18
9057.16	3.19894e-18
9059.17	3.12529e-18
9061.18	1.77034e-18
9063.19	1.45634e-18
9065.20	1.96502e-18
9067.21	1.41909e-18
9069.22	2.06395e-18
9071.23	2.41047e-18
9073.24	2.17372e-18
9075.25	1.44553e-18
9077.26	2.71813e-18
9079.27	2.91637e-18
9081.28	2.30201e-18
9083.29	1.88533e-18
9085.30	1.73657e-18
9087.31	2.09418e-18
9089.32	2.75194e-18
9091.33	2.11394e-18
9093.34	2.80526e-18
9095.35	2.72247e-18
9097.36	2.0296e-18
9099.37	1.1082e-18
9101.38	1.69758e-18
9103.39	1.26356e-18
9105.40	1.64323e-18
9107.41	1.47095e-18
9109.42	1.41222e-18
9111.43	1.40901e-18
9113.44	2.92428e-18
9115.45	2.66458e-18
9117.46	1.64112e-18
9119.47	1.67413e-18
9121.48	1.73381e-18
9123.49	6.35396e-19
9125.50	2.0962e-18
9127.51	2.384e-18
9129.52	1.54593e-18
9131.53	2.08351e-18
9133.54	2.3867e-18
9135.55	2.32981e-18
9137.56	1.97075e-18
9139.57	1.68088e-18
9141.58	2.05903e-18
9143.59	2.09549e-18
9145.60	1.89816e-18
9147.61	1.66095e-18
9149.62	2.51934e-18
9151.63	3.49536e-18
9153.64	2.58095e-18
9155.65	1.64526e-18
9157.66	1.61036e-18
9159.67	2.27524e-18
9161.68	2.06567e-18
9163.69	1.44965e-18
9165.70	2.1245e-18
9167.71	2.1856e-18
9169.72	2.22832e-18
9171.73	1.72379e-18
9173.74	1.48287e-18
9175.75	2.22274e-18
9177.76	2.39109e-18
9179.77	1.6085e-18
9181.78	2.13946e-18
9183.79	1.93021e-18
9185.80	2.20354e-18
9187.81	2.25771e-18
9189.82	2.23728e-18
9191.83	1.97612e-18
9193.84	1.84054e-18
9195.85	2.59206e-18
9197.86	1.81869e-18
9199.87	7.58287e-19
9201.88	2.26113e-18
9203.89	1.64049e-18
9205.90	2.01173e-18
9207.91	1.86569e-18
9209.92	1.85432e-18
9211.93	1.66317e-18
9213.94	1.81573e-18
9215.95	1.75392e-18
9217.96	1.85063e-18
9219.97	1.95637e-18
9221.98	1.06421e-18
9223.99	1.65061e-18
9226.00	3.01948e-18
9228.01	2.3391e-18
9230.02	1.81599e-18
9232.03	1.47349e-18
9234.04	1.50563e-18
9236.05	1.42462e-18
9238.06	2.32092e-18
9240.07	1.51905e-18
9242.08	2.13991e-18
9244.09	1.86535e-18
9246.10	2.09355e-18
9248.11	2.43322e-18
9250.12	1.48966e-18
9252.13	1.30987e-18
9254.14	1.6304e-18
9256.15	1.72511e-18
9258.16	6.31331e-19
9260.17	1.14573e-18
9262.18	2.1727e-18
9264.19	2.00521e-18
9266.20	2.41646e-18
9268.21	1.72117e-18
9270.22	1.34968e-18
9272.23	1.76365e-18
9274.24	2.09463e-18
9276.25	2.25171e-18
9278.26	1.73569e-18
9280.27	1.17907e-18
9282.28	1.75104e-18
9284.29	1.73027e-18
9286.30	1.73042e-18
9288.31	2.50243e-18
9290.32	1.33184e-18
9292.33	1.52609e-18
9294.34	1.3311e-18
9296.35	1.07616e-18
9298.36	7.41923e-19
9300.37	-2.28602e-19
9302.38	1.92265e-18
9304.39	2.99979e-18
9306.40	2.74777e-18
9308.41	3.49189e-18
9310.42	8.03577e-19
9312.43	1.91184e-18
9314.44	4.31265e-19
9316.45	-2.54497e-19
9318.46	3.87395e-19
9320.47	8.40098e-19
9322.48	1.29337e-18
9324.49	2.2201e-18
9326.50	1.11036e-18
9328.51	3.98139e-19
9330.52	1.12712e-18
9332.53	2.09893e-18
9334.54	2.48765e-18
9336.55	2.16995e-18
9338.56	2.17512e-18
9340.57	1.43984e-18
9342.58	9.35255e-19
9344.59	7.47576e-20
9346.60	1.11692e-18
9348.61	1.6018e-18
9350.62	3.12065e-18
9352.63	2.1179e-18
9354.64	8.79857e-19
9356.65	1.20537e-18
9358.66	1.99273e-18
9360.67	2.37233e-18
9362.68	2.65e-18
9364.69	1.5941e-18
9366.70	1.51787e-18
9368.71	1.30915e-18
9370.72	3.66614e-18
9372.73	2.03042e-18
9374.74	5.25032e-18
9376.75	6.00775e-18
9378.76	3.62916e-18
9380.77	1.22782e-18
9382.78	2.57322e-18
9384.79	1.71701e-18
9386.80	7.39348e-19
9388.81	6.82461e-19
9390.82	1.49661e-18
9392.83	2.24764e-18
9394.84	2.02026e-18
9396.85	1.03212e-18
9398.86	2.5856e-18
9400.87	1.9613e-18
9402.88	2.05256e-18
9404.89	2.8915e-18
9406.90	1.01253e-18
9408.91	4.91071e-19
9410.92	9.43052e-19
9412.93	1.69426e-18
9414.94	3.46555e-18
9416.95	2.88781e-18
9418.96	2.34779e-18
9420.97	2.02766e-18
9422.98	4.27357e-19
9424.99	1.58445e-18
9427.00	2.23681e-18
9429.01	3.04987e-18
9431.02	2.53313e-18
9433.03	2.33697e-18
9435.04	3.69313e-18
9437.05	2.24125e-18
9439.06	-5.7173e-20
9441.07	3.02114e-18
9443.08	2.98069e-18
9445.09	1.73871e-18
9447.10	2.72178e-18
9449.11	1.24837e-18
9451.12	8.63412e-19
9453.13	2.7777e-18
9455.14	7.28985e-19
9457.15	-5.4238e-19
9459.16	2.07507e-20
9461.17	-3.03896e-20
9463.18	1.01913e-18
9465.19	1.57492e-18
9467.20	1.2417e-18
9469.21	1.20722e-18
9471.22	-8.89705e-20
9473.23	5.22868e-18
9475.24	3.0958e-18
9477.25	1.3611e-18
9479.26	-5.44863e-20
9481.27	2.17212e-18
9483.28	2.3462e-18
9485.29	3.20872e-18
9487.30	2.525e-18
9489.31	2.18353e-18
9491.32	1.89887e-18
9493.33	1.93004e-18
9495.34	2.66927e-18
9497.35	2.37803e-18
9499.36	3.40583e-18
9501.37	3.96942e-18
9503.38	1.71139e-18
9505.39	1.88441e-18
9507.40	1.94351e-18
9509.41	1.16918e-18
9511.42	2.3998e-18
9513.43	2.98049e-18
9515.44	2.03487e-18
9517.45	2.40731e-18
9519.46	3.63691e-18
9521.47	2.28345e-18
9523.48	2.54247e-18
9525.49	1.55919e-18
9527.50	5.93456e-19
9529.51	1.73718e-18
9531.52	1.83494e-18
9533.53	7.92182e-19
9535.54	1.41693e-18
9537.55	2.08862e-18
9539.56	1.8836e-18
9541.57	1.94312e-18
9543.58	1.41859e-18
9545.59	2.67681e-19
9547.60	1.9937e-18
9549.61	2.82545e-18
9551.62	1.12137e-18
9553.63	8.37355e-19
9555.64	1.81383e-18
9557.65	1.0007e-18
9559.66	6.44551e-19
9561.67	5.96507e-20
9563.68	1.84538e-18
9565.69	4.15146e-18
9567.70	5.33915e-19
9569.71	1.76791e-18
9571.72	-6.54773e-20
9573.73	3.6537e-19
9575.74	2.24829e-18
9577.75	2.08457e-18
9579.76	2.05905e-18
9581.77	1.19307e-18
9583.78	2.31493e-18
9585.79	2.57321e-18
9587.80	2.22147e-18
9589.81	1.99984e-18
9591.82	1.579e-18
9593.83	1.33442e-18
9595.84	2.63885e-18
9597.85	2.604e-18
9599.86	2.02746e-18
9601.87	-3.78815e-19
9603.88	1.89359e-18
9605.89	2.9165e-18
9607.90	3.54116e-18
9609.91	1.54791e-18
9611.92	2.2573e-18
9613.93	2.79763e-18
9615.94	2.27862e-18
9617.95	2.0638e-18
9619.96	2.77291e-18
9621.97	3.01653e-18
9623.98	1.9899e-18
9625.99	1.63231e-18
9628.00	-1.12049e-18
9630.01	9.26666e-19
9632.02	2.64954e-18
9634.03	1.27119e-18
9636.04	6.25863e-19
9638.05	1.78658e-18
9640.06	2.37632e-18
9642.07	1.79304e-18
9644.08	2.86156e-18
9646.09	1.84462e-18
9648.10	7.39486e-19
9650.11	1.00534e-18
9652.12	-4.66852e-19
9654.13	-2.28405e-19
9656.14	2.01776e-18
9658.15	1.91897e-18
9660.16	5.81064e-19
9662.17	-4.45071e-19
9664.18	1.0369e-18
9666.19	1.83066e-18
9668.20	2.93161e-19
9670.21	1.15386e-18
9672.22	2.30763e-18
9674.23	1.72695e-19
9676.24	4.01398e-18
9678.25	3.3858e-18
9680.26	3.31014e-18
9682.27	3.33907e-18
9684.28	2.53608e-18
9686.29	2.30091e-18
9688.30	1.74327e-18
9690.31	-6.95105e-19
9692.32	-1.03059e-18
9694.33	1.63116e-18
9696.34	1.06451e-18
9698.35	1.5702e-18
9700.36	8.83767e-19
9702.37	1.58858e-18
9704.38	2.96784e-18
9706.39	1.54591e-18
9708.40	1.98627e-18
9710.41	1.16087e-18
9712.42	1.03576e-18
9714.43	2.02363e-18
9716.44	1.30445e-18
9718.45	2.18369e-19
9720.46	2.94766e-18
9722.47	3.1995e-18
9724.48	2.66152e-18
9726.49	3.29487e-18
9728.50	1.82478e-18
9730.51	2.70725e-18
9732.52	8.89931e-19
9734.53	2.14622e-18
9736.54	2.96085e-18
9738.55	1.35547e-18
9740.56	1.96486e-18
9742.57	2.05752e-18
9744.58	1.81292e-18
9746.59	1.55759e-18
9748.60	3.35909e-18
9750.61	2.65912e-18
9752.62	1.83345e-18
9754.63	5.47991e-19
9756.64	2.65165e-19
9758.65	1.51833e-19
9760.66	1.41617e-18
9762.67	1.38068e-18
9764.68	1.03082e-18
9766.69	1.834e-18
9768.70	3.18629e-18
9770.71	1.26468e-18
9772.72	2.23259e-18
9774.73	2.57314e-18
9776.74	2.52703e-18
9778.75	9.59192e-19
9780.76	6.42947e-19
9782.77	2.34503e-18
9784.78	1.72642e-18
9786.79	3.7042e-19
9788.80	-5.84099e-19
9790.81	3.33901e-18
9792.82	-8.28818e-19
9794.83	3.74163e-18
9796.84	1.89527e-18
9798.85	1.25378e-19
9800.86	-1.79056e-18
9802.87	-1.17525e-19
9804.88	2.61884e-18
9806.89	9.40463e-19
9808.90	-2.01686e-18
9810.91	-2.72084e-19
9812.92	-5.45593e-19
9814.93	-1.40972e-18
9816.94	1.79626e-18
9818.95	9.03177e-19
9820.96	2.64771e-18
9822.97	1.86707e-18
9824.98	1.46096e-18
9826.99	2.12171e-18
9829.00	1.64723e-18
9831.01	2.00144e-18
9833.02	2.15919e-18
9835.03	2.61368e-18
9837.04	2.72076e-18
9839.05	2.22623e-18
9841.06	3.45375e-18
9843.07	7.46746e-19
9845.08	-1.67597e-18
9847.09	-1.47392e-19
9849.10	3.98085e-19
9851.11	9.6475e-19
9853.12	1.31031e-18
9855.13	2.79157e-18
9857.14	2.67672e-18
9859.15	2.76022e-18
9861.16	2.21696e-18
9863.17	1.16124e-18
9865.18	1.98507e-19
9867.19	1.71938e-18
9869.20	3.54043e-18
9871.21	1.60613e-18
9873.22	2.21701e-18
9875.23	2.67478e-18
9877.24	1.89542e-18
9879.25	1.61251e-18
9881.26	2.25188e-18
9883.27	2.52071e-18
9885.28	4.56607e-18
9887.29	3.51236e-18
9889.30	3.57317e-18
9891.31	1.87199e-18
9893.32	1.46642e-18
9895.33	1.71831e-18
9897.34	2.48218e-18
9899.35	2.14113e-19
9901.36	5.96602e-19
9903.37	2.02185e-18
9905.38	1.77186e-18
9907.39	2.72175e-18
9909.40	2.67047e-18
9911.41	5.08634e-18
9913.42	2.05183e-18
9915.43	-1.54633e-19
9917.44	4.4954e-18
9919.45	5.00985e-18
9921.46	1.76887e-18
9923.47	2.10318e-18
9925.48	3.38878e-18
9927.49	2.66151e-18
9929.50	-1.26619e-19
9931.51	1.22103e-18
9933.52	-1.10794e-18
9935.53	-5.2954e-19
9937.54	9.96293e-20
9939.55	-7.50232e-19
9941.56	2.24823e-18
9943.57	-1.93404e-19
9945.58	2.95385e-18
9947.59	4.98905e-18
9949.60	3.29574e-19
9951.61	6.58712e-18
9953.62	3.78305e-18
9955.63	1.06215e-18
9957.64	4.3897e-18
9959.65	1.30744e-18
9961.66	-2.04983e-18
9963.67	-1.39748e-18
9965.68	-9.36785e-19
9967.69	2.12666e-18
9969.70	2.83237e-18
9971.71	2.12613e-18
9973.72	2.40769e-18
9975.73	2.78129e-18
9977.74	4.94573e-19
9979.75	1.37818e-18
9981.76	4.77947e-18
9983.77	3.30905e-19
9985.78	3.23063e-18
9987.79	4.46866e-18
9989.80	4.07384e-18
9991.81	4.72236e-18
9993.82	7.41872e-19
9995.83	-2.2875e-18
9997.84	2.92599e-18
9999.85	2.67259e-18
