5340.00	2.1657e-18
5341.00	5.49535e-19
5342.00	2.55152e-19
5343.00	1.37216e-18
5344.00	2.15334e-18
5345.00	2.32354e-18
5346.00	1.38326e-18
5347.00	-2.83542e-19
5348.00	2.85659e-19
5349.00	1.08228e-18
5350.00	1.41463e-18
5351.00	8.41606e-19
5352.00	1.06973e-18
5353.00	1.70507e-18
5354.00	2.28068e-18
5355.00	2.12402e-18
5356.00	8.95179e-19
5357.00	3.24878e-19
5358.00	8.59464e-19
5359.00	1.28645e-18
5360.00	2.06467e-18
5361.00	2.37481e-18
5362.00	1.74137e-18
5363.00	1.80399e-18
5364.00	1.95726e-18
5365.00	1.84516e-18
5366.00	1.05051e-18
5367.00	1.05473e-18
5368.00	7.94854e-19
5369.00	5.76662e-19
5370.00	2.4301e-18
5371.00	2.22706e-18
5372.00	1.27264e-18
5373.00	6.32276e-19
5374.00	1.77187e-18
5375.00	2.63541e-18
5376.00	3.04932e-18
5377.00	3.07988e-18
5378.00	2.63519e-18
5379.00	2.37502e-18
5380.00	2.29037e-18
5381.00	1.92606e-18
5382.00	1.54098e-18
5383.00	1.42846e-18
5384.00	1.74097e-18
5385.00	2.4599e-18
5386.00	2.90016e-18
5387.00	2.75294e-18
5388.00	1.86376e-18
5389.00	1.34346e-18
5390.00	1.31978e-18
5391.00	1.64955e-18
5392.00	2.06045e-18
5393.00	1.56322e-18
5394.00	1.19987e-18
5395.00	1.1826e-18
5396.00	6.83714e-19
5397.00	1.08877e-18
5398.00	1.50035e-18
5399.00	1.3223e-18
5400.00	1.64026e-18
5401.00	1.69086e-18
5402.00	1.65548e-18
5403.00	1.92662e-18
5404.00	2.45837e-18
5405.00	2.49968e-18
5406.00	2.02209e-18
5407.00	1.59709e-18
5408.00	1.4933e-18
5409.00	1.73124e-18
5410.00	2.16349e-18
5411.00	1.87464e-18
5412.00	1.67468e-18
5413.00	1.96381e-18
5414.00	3.04233e-18
5415.00	3.40131e-18
5416.00	3.15582e-18
5417.00	2.662e-18
5418.00	2.69571e-18
5419.00	2.51777e-18
5420.00	2.30419e-18
5421.00	2.11763e-18
5422.00	1.90049e-18
5423.00	2.00204e-18
5424.00	2.44993e-18
5425.00	3.14996e-18
5426.00	2.94338e-18
5427.00	2.6589e-18
5428.00	2.46162e-18
5429.00	2.34385e-18
5430.00	2.53144e-18
5431.00	2.99777e-18
5432.00	3.42972e-18
5433.00	2.85253e-18
5434.00	2.34458e-18
5435.00	1.74878e-18
5436.00	1.11585e-18
5437.00	1.68096e-18
5438.00	2.50789e-18
5439.00	2.97567e-18
5440.00	2.43896e-18
5441.00	2.6799e-18
5442.00	3.01033e-18
5443.00	3.19125e-18
5444.00	3.0929e-18
5445.00	2.75201e-18
5446.00	2.58171e-18
5447.00	2.6959e-18
5448.00	2.40161e-18
5449.00	1.31585e-18
5450.00	5.15276e-19
5451.00	1.16482e-18
5452.00	2.12454e-18
5453.00	2.51018e-18
5454.00	2.37953e-18
5455.00	2.39725e-18
5456.00	2.42266e-18
5457.00	2.3746e-18
5458.00	2.20045e-18
5459.00	1.81823e-18
5460.00	1.72449e-18
5461.00	1.93435e-18
5462.00	2.35477e-18
5463.00	2.06889e-18
5464.00	1.9195e-18
5465.00	1.9753e-18
5466.00	2.14557e-18
5467.00	1.26777e-18
5468.00	1.06658e-18
5469.00	1.74667e-18
5470.00	1.91015e-18
5471.00	1.73007e-18
5472.00	1.58407e-18
5473.00	1.7234e-18
5474.00	1.93796e-18
5475.00	1.96228e-18
5476.00	1.77112e-18
5477.00	1.39045e-18
5478.00	1.84568e-18
5479.00	2.27899e-18
5480.00	2.4623e-18
5481.00	2.50671e-18
5482.00	2.20759e-18
5483.00	1.72962e-18
5484.00	1.2988e-18
5485.00	1.55087e-18
5486.00	1.6508e-18
5487.00	1.65309e-18
5488.00	1.71348e-18
5489.00	2.34033e-18
5490.00	2.68501e-18
5491.00	2.65321e-18
5492.00	2.40759e-18
5493.00	2.68019e-18
5494.00	2.92964e-18
5495.00	2.91818e-18
5496.00	2.66519e-18
5497.00	2.20589e-18
5498.00	2.06372e-18
5499.00	2.5707e-18
5500.00	2.5273e-18
5501.00	2.13053e-18
5502.00	1.77547e-18
5503.00	2.04402e-18
5504.00	2.54452e-18
5505.00	2.64513e-18
5506.00	2.31722e-18
5507.00	2.23497e-18
5508.00	2.46976e-18
5509.00	2.70012e-18
5510.00	2.77573e-18
5511.00	3.35104e-18
5512.00	3.28451e-18
5513.00	2.90842e-18
5514.00	2.82069e-18
5515.00	2.81291e-18
5516.00	2.75623e-18
5517.00	2.77721e-18
5518.00	3.32652e-18
5519.00	3.68799e-18
5520.00	3.59649e-18
5521.00	3.02706e-18
5522.00	2.71134e-18
5523.00	2.29437e-18
5524.00	2.15892e-18
5525.00	2.63302e-18
5526.00	2.21276e-18
5527.00	1.87801e-18
5528.00	1.82998e-18
5529.00	2.08351e-18
5530.00	2.1295e-18
5531.00	2.04539e-18
5532.00	1.9703e-18
5533.00	2.39383e-18
5534.00	2.55671e-18
5535.00	2.52833e-18
5536.00	2.37704e-18
5537.00	1.84425e-18
5538.00	2.27554e-18
5539.00	3.03102e-18
5540.00	2.80144e-18
5541.00	2.14855e-18
5542.00	1.51529e-18
5543.00	1.17136e-18
5544.00	1.24425e-18
5545.00	1.95492e-18
5546.00	2.74549e-18
5547.00	3.21982e-18
5548.00	3.49198e-18
5549.00	3.12142e-18
5550.00	2.46454e-18
5551.00	2.0236e-18
5552.00	2.19152e-18
5553.00	2.70664e-18
5554.00	3.15621e-18
5555.00	2.76807e-18
5556.00	2.37879e-18
5557.00	1.91014e-18
5558.00	1.4069e-18
5559.00	1.03547e-18
5560.00	1.18525e-18
5561.00	1.66784e-18
5562.00	2.21398e-18
5563.00	2.11421e-18
5564.00	1.94348e-18
5565.00	2.06182e-18
5566.00	2.98489e-18
5567.00	3.06601e-18
5568.00	2.85011e-18
5569.00	2.51403e-18
5570.00	1.94201e-18
5571.00	1.84552e-18
5572.00	1.93626e-18
5573.00	1.84548e-18
5574.00	1.44257e-19
5575.00	1.41922e-18
5576.00	1.47026e-18
5577.00	1.5213e-18
5578.00	1.57234e-18
5579.00	1.62338e-18
5580.00	1.67442e-18
5581.00	1.72546e-18
5582.00	1.7765e-18
5583.00	1.82754e-18
5584.00	1.87858e-18
5585.00	1.92962e-18
5586.00	1.98066e-18
5587.00	1.98066e-18
5588.00	1.15241e-18
5589.00	1.63246e-18
5590.00	2.0684e-18
5591.00	2.29612e-18
5592.00	2.83995e-18
5593.00	2.63989e-18
5594.00	2.06273e-18
5595.00	1.49834e-18
5596.00	1.9319e-18
5597.00	2.03627e-18
5598.00	1.88129e-18
5599.00	1.67032e-18
5600.00	2.17228e-18
5601.00	2.53235e-18
5602.00	2.71363e-18
5603.00	3.00355e-18
5604.00	2.80961e-18
5605.00	2.51098e-18
5606.00	2.34047e-18
5607.00	2.5878e-18
5608.00	2.62052e-18
5609.00	2.65209e-18
5610.00	2.81101e-18
5611.00	2.73945e-18
5612.00	2.28186e-18
5613.00	1.83503e-18
5614.00	1.99961e-18
5615.00	1.74993e-18
5616.00	1.64755e-18
5617.00	1.77104e-18
5618.00	1.89173e-18
5619.00	1.95599e-18
5620.00	2.09972e-18
5621.00	2.32525e-18
5622.00	2.13392e-18
5623.00	2.11375e-18
5624.00	2.11972e-18
5625.00	1.92066e-18
5626.00	1.5423e-18
5627.00	1.39256e-18
5628.00	1.5824e-18
5629.00	2.13641e-18
5630.00	2.52459e-18
5631.00	2.73208e-18
5632.00	2.72109e-18
5633.00	2.46051e-18
5634.00	2.18609e-18
5635.00	2.17069e-18
5636.00	2.57756e-18
5637.00	2.49704e-18
5638.00	1.96533e-18
5639.00	1.47613e-18
5640.00	1.90503e-18
5641.00	2.05524e-18
5642.00	2.03746e-18
5643.00	1.91827e-18
5644.00	1.8616e-18
5645.00	2.25257e-18
5646.00	2.49355e-18
5647.00	2.19213e-18
5648.00	1.87433e-18
5649.00	2.00105e-18
5650.00	2.31375e-18
5651.00	2.35335e-18
5652.00	2.29306e-18
5653.00	2.24141e-18
5654.00	2.15294e-18
5655.00	1.70241e-18
5656.00	2.06186e-18
5657.00	2.29509e-18
5658.00	1.90347e-18
5659.00	1.18009e-18
5660.00	1.29531e-18
5661.00	1.7085e-18
5662.00	1.69692e-18
5663.00	1.69251e-18
5664.00	1.84137e-18
5665.00	2.07584e-18
5666.00	2.17577e-18
5667.00	2.10471e-18
5668.00	1.80095e-18
5669.00	1.44515e-18
5670.00	1.86764e-18
5671.00	2.40216e-18
5672.00	2.84979e-18
5673.00	3.02894e-18
5674.00	2.6563e-18
5675.00	2.13403e-18
5676.00	1.78792e-18
5677.00	2.0071e-18
5678.00	2.4081e-18
5679.00	2.64032e-18
5680.00	2.58784e-18
5681.00	2.41421e-18
5682.00	2.20897e-18
5683.00	1.96662e-18
5684.00	1.74385e-18
5685.00	1.97487e-18
5686.00	2.17206e-18
5687.00	2.20487e-18
5688.00	1.99622e-18
5689.00	1.87232e-18
5690.00	1.62806e-18
5691.00	1.44506e-18
5692.00	1.94322e-18
5693.00	2.28249e-18
5694.00	2.45072e-18
5695.00	2.41776e-18
5696.00	2.14979e-18
5697.00	2.17643e-18
5698.00	2.35215e-18
5699.00	2.46063e-18
5700.00	2.42177e-18
5701.00	2.46048e-18
5702.00	2.50571e-18
5703.00	2.2387e-18
5704.00	2.59982e-18
5705.00	2.69215e-18
5706.00	2.32288e-18
5707.00	2.31227e-18
5708.00	2.65698e-18
5709.00	2.52564e-18
5710.00	1.39567e-18
5711.00	1.51315e-18
5712.00	1.81812e-18
5713.00	2.04537e-18
5714.00	2.03372e-18
5715.00	2.26116e-18
5716.00	2.48909e-18
5717.00	2.61982e-18
5718.00	2.59919e-18
5719.00	2.63796e-18
5720.00	2.48528e-18
5721.00	1.94238e-18
5722.00	6.8483e-19
5723.00	7.69146e-19
5724.00	1.5285e-18
5725.00	1.75648e-18
5726.00	2.16153e-18
5727.00	2.59982e-18
5728.00	2.84753e-18
5729.00	2.36767e-18
5730.00	2.39876e-18
5731.00	2.4785e-18
5732.00	2.36265e-18
5733.00	1.93978e-18
5734.00	2.15915e-18
5735.00	2.59549e-18
5736.00	2.72795e-18
5737.00	2.7335e-18
5738.00	2.86647e-18
5739.00	3.12159e-18
5740.00	3.39236e-18
5741.00	3.33331e-18
5742.00	3.17539e-18
5743.00	2.96229e-18
5744.00	2.43269e-18
5745.00	2.18141e-18
5746.00	2.33802e-18
5747.00	2.84956e-18
5748.00	2.28297e-18
5749.00	2.00832e-18
5750.00	2.30059e-18
5751.00	3.27356e-18
5752.00	3.02906e-18
5753.00	2.36166e-18
5754.00	1.7329e-18
5755.00	1.70352e-18
5756.00	2.03039e-18
5757.00	2.3047e-18
5758.00	2.22074e-18
5759.00	1.64908e-18
5760.00	1.6663e-18
5761.00	1.92613e-18
5762.00	1.83981e-18
5763.00	2.52093e-18
5764.00	2.79895e-18
5765.00	2.47229e-18
5766.00	1.74353e-18
5767.00	1.82833e-18
5768.00	1.91987e-18
5769.00	1.77615e-18
5770.00	2.33519e-18
5771.00	2.4483e-18
5772.00	2.3417e-18
5773.00	2.33581e-18
5774.00	2.50012e-18
5775.00	2.6914e-18
5776.00	2.84293e-18
5777.00	2.90729e-18
5778.00	2.83325e-18
5779.00	2.54028e-18
5780.00	2.15978e-18
5781.00	2.31679e-18
5782.00	2.19778e-18
5783.00	2.11754e-18
5784.00	2.37073e-18
5785.00	3.19136e-18
5786.00	3.38709e-18
5787.00	3.03374e-18
5788.00	2.53393e-18
5789.00	2.74638e-18
5790.00	2.95082e-18
5791.00	2.9223e-18
5792.00	2.63626e-18
5793.00	3.0684e-18
5794.00	3.44215e-18
5795.00	3.21912e-18
5796.00	2.27361e-18
5797.00	1.6194e-18
5798.00	1.5097e-18
5799.00	2.06142e-18
5800.00	2.15087e-18
5801.00	2.40552e-18
5802.00	2.72737e-18
5803.00	2.55596e-18
5804.00	2.30486e-18
5805.00	2.20416e-18
5806.00	2.35376e-18
5807.00	2.55723e-18
5808.00	2.71085e-18
5809.00	2.58114e-18
5810.00	2.02439e-18
5811.00	2.07058e-18
5812.00	2.40856e-18
5813.00	2.52432e-18
5814.00	1.49725e-18
5815.00	1.45271e-18
5816.00	2.02347e-18
5817.00	2.8278e-18
5818.00	2.8775e-18
5819.00	2.87913e-18
5820.00	2.83761e-18
5821.00	2.79939e-18
5822.00	3.24808e-18
5823.00	3.22251e-18
5824.00	2.80777e-18
5825.00	2.34998e-18
5826.00	1.64447e-18
5827.00	1.95275e-18
5828.00	3.16842e-18
5829.00	3.97144e-18
5830.00	3.37672e-18
5831.00	2.32677e-18
5832.00	1.51434e-18
5833.00	1.15663e-18
5834.00	1.86631e-18
5835.00	2.61877e-18
5836.00	2.19699e-18
5837.00	2.1951e-18
5838.00	2.36468e-18
5839.00	2.65986e-18
5840.00	3.08733e-18
5841.00	3.21591e-18
5842.00	2.99518e-18
5843.00	2.57356e-18
5844.00	2.7933e-18
5845.00	2.73908e-18
5846.00	2.49139e-18
5847.00	2.18203e-18
5848.00	1.73968e-18
5849.00	2.03677e-18
5850.00	2.73643e-18
5851.00	2.93562e-18
5852.00	3.19761e-18
5853.00	3.1822e-18
5854.00	2.85303e-18
5855.00	2.46316e-18
5856.00	2.32456e-18
5857.00	2.57435e-18
5858.00	3.14738e-18
5859.00	2.69153e-18
5860.00	2.6511e-18
5861.00	2.96076e-18
5862.00	3.2457e-18
5863.00	2.90716e-18
5864.00	2.42709e-18
5865.00	2.11847e-18
5866.00	2.45305e-18
5867.00	2.28671e-18
5868.00	2.05961e-18
5869.00	2.02241e-18
5870.00	2.0769e-18
5871.00	2.4154e-18
5872.00	2.79476e-18
5873.00	2.91152e-18
5874.00	2.41366e-18
5875.00	2.03049e-18
5876.00	1.99413e-18
5877.00	2.42891e-18
5878.00	2.45697e-18
5879.00	2.6318e-18
5880.00	3.04368e-18
5881.00	3.07865e-18
5882.00	2.76961e-18
5883.00	2.27889e-18
5884.00	1.80989e-18
5885.00	1.86748e-18
5886.00	2.37168e-18
5887.00	2.74461e-18
5888.00	2.01027e-18
5889.00	1.69172e-18
5890.00	1.94901e-18
5891.00	2.52773e-18
5892.00	2.15751e-18
5893.00	2.35293e-18
5894.00	2.59503e-18
5895.00	2.56031e-18
5896.00	2.91153e-18
5897.00	2.7578e-18
5898.00	2.37697e-18
5899.00	2.30064e-18
5900.00	2.69822e-18
5901.00	2.78543e-18
5902.00	2.57195e-18
5903.00	2.71022e-18
5904.00	3.28552e-18
5905.00	3.35849e-18
5906.00	2.62496e-18
5907.00	2.48732e-18
5908.00	2.9129e-18
5909.00	3.35841e-18
5910.00	3.23688e-18
5911.00	2.92413e-18
5912.00	2.7435e-18
5913.00	2.77041e-18
5914.00	2.99e-18
5915.00	2.95829e-18
5916.00	2.98023e-18
5917.00	3.11163e-18
5918.00	3.02007e-18
5919.00	3.11956e-18
5920.00	3.07791e-18
5921.00	2.63959e-18
5922.00	2.39748e-18
5923.00	2.41125e-18
5924.00	2.49189e-18
5925.00	2.2629e-18
5926.00	2.79415e-18
5927.00	3.07717e-18
5928.00	2.81943e-18
5929.00	2.236e-18
5930.00	2.0141e-18
5931.00	2.14138e-18
5932.00	2.51475e-18
5933.00	2.54985e-18
5934.00	2.25323e-18
5935.00	2.01511e-18
5936.00	2.33831e-18
5937.00	2.52626e-18
5938.00	2.51392e-18
5939.00	2.39356e-18
5940.00	2.49655e-18
5941.00	2.60634e-18
5942.00	2.59782e-18
5943.00	2.44235e-18
5944.00	2.4076e-18
5945.00	2.32521e-18
5946.00	2.36058e-18
5947.00	2.66323e-18
5948.00	2.49261e-18
5949.00	2.30805e-18
5950.00	2.3776e-18
5951.00	3.10926e-18
5952.00	3.1573e-18
5953.00	3.08519e-18
5954.00	3.11675e-18
5955.00	3.32814e-18
5956.00	2.88592e-18
5957.00	2.66443e-18
5958.00	3.30974e-18
5959.00	3.46617e-18
5960.00	2.85061e-18
5961.00	2.11499e-18
5962.00	2.38231e-18
5963.00	2.84376e-18
5964.00	3.1234e-18
5965.00	3.03529e-18
5966.00	2.48419e-18
5967.00	2.61938e-18
5968.00	2.99787e-18
5969.00	3.21013e-18
5970.00	2.60003e-18
5971.00	2.3377e-18
5972.00	2.27554e-18
5973.00	2.04114e-18
5974.00	1.75428e-18
5975.00	2.08633e-18
5976.00	2.88711e-18
5977.00	3.39386e-18
5978.00	3.26989e-18
5979.00	2.85596e-18
5980.00	2.48231e-18
5981.00	2.76744e-18
5982.00	3.09956e-18
5983.00	3.38769e-18
5984.00	3.56341e-18
5985.00	3.19293e-18
5986.00	3.08432e-18
5987.00	3.2332e-18
5988.00	3.27598e-18
5989.00	3.35263e-18
5990.00	3.04117e-18
5991.00	2.40311e-18
5992.00	2.33675e-18
5993.00	2.48479e-18
5994.00	2.64182e-18
5995.00	2.68497e-18
5996.00	3.13404e-18
5997.00	3.13515e-18
5998.00	2.77099e-18
5999.00	2.37574e-18
6000.00	2.2275e-18
6001.00	2.21922e-18
6002.00	2.22969e-18
6003.00	1.91723e-18
6004.00	2.30631e-18
6005.00	2.97865e-18
6006.00	3.55489e-18
6007.00	3.5904e-18
6008.00	2.80106e-18
6009.00	1.84696e-18
6010.00	1.56533e-18
6011.00	1.73748e-18
6012.00	2.30347e-18
6013.00	2.94006e-18
6014.00	3.00045e-18
6015.00	3.01857e-18
6016.00	2.87552e-18
6017.00	2.59226e-18
6018.00	2.45384e-18
6019.00	2.37108e-18
6020.00	2.3649e-18
6021.00	2.42203e-18
6022.00	1.84887e-18
6023.00	1.99657e-18
6024.00	2.72426e-18
6025.00	3.29357e-18
6026.00	3.14596e-18
6027.00	3.04701e-18
6028.00	3.25684e-18
6029.00	3.57361e-18
6030.00	3.45033e-18
6031.00	3.04988e-18
6032.00	2.52869e-18
6033.00	1.87266e-18
6034.00	1.53189e-18
6035.00	1.69942e-18
6036.00	2.5483e-18
6037.00	3.03134e-18
6038.00	3.16716e-18
6039.00	2.99881e-18
6040.00	2.66866e-18
6041.00	2.74444e-18
6042.00	2.93282e-18
6043.00	3.01203e-18
6044.00	2.8075e-18
6045.00	2.65008e-18
6046.00	2.43494e-18
6047.00	2.0118e-18
6048.00	2.02216e-18
6049.00	2.15367e-18
6050.00	2.33693e-18
6051.00	2.61873e-18
6052.00	2.70769e-18
6053.00	2.72323e-18
6054.00	2.69914e-18
6055.00	2.54022e-18
6056.00	2.36082e-18
6057.00	2.1516e-18
6058.00	1.93259e-18
6059.00	2.17771e-18
6060.00	2.56801e-18
6061.00	2.88969e-18
6062.00	2.88759e-18
6063.00	2.85646e-18
6064.00	2.58821e-18
6065.00	2.16158e-18
6066.00	2.07369e-18
6067.00	2.17067e-18
6068.00	2.19176e-18
6069.00	1.97778e-18
6070.00	1.91084e-18
6071.00	1.93509e-18
6072.00	2.1754e-18
6073.00	2.81969e-18
6074.00	2.80332e-18
6075.00	2.7006e-18
6076.00	2.71248e-18
6077.00	2.72437e-18
6078.00	2.73625e-18
6079.00	2.74813e-18
6080.00	2.76001e-18
6081.00	2.7719e-18
6082.00	2.7719e-18
6083.00	2.7398e-18
6084.00	2.75901e-18
6085.00	2.74969e-18
6086.00	2.61359e-18
6087.00	2.45824e-18
6088.00	2.58812e-18
6089.00	2.65945e-18
6090.00	2.70654e-18
6091.00	2.74668e-18
6092.00	2.85781e-18
6093.00	2.82342e-18
6094.00	2.72778e-18
6095.00	2.66094e-18
6096.00	2.60598e-18
6097.00	2.51535e-18
6098.00	2.47584e-18
6099.00	2.68559e-18
6100.00	2.3482e-18
6101.00	2.18306e-18
6102.00	2.36089e-18
6103.00	2.55594e-18
6104.00	2.42918e-18
6105.00	2.34885e-18
6106.00	2.59016e-18
6107.00	3.1e-18
6108.00	3.25802e-18
6109.00	3.10509e-18
6110.00	2.83323e-18
6111.00	2.61115e-18
6112.00	2.56601e-18
6113.00	2.64223e-18
6114.00	2.60944e-18
6115.00	2.19384e-18
6116.00	1.92513e-18
6117.00	2.13819e-18
6118.00	2.89778e-18
6119.00	3.30158e-18
6120.00	3.29409e-18
6121.00	2.94657e-18
6122.00	2.82457e-18
6123.00	2.69515e-18
6124.00	2.59067e-18
6125.00	2.65606e-18
6126.00	2.90891e-18
6127.00	3.21691e-18
6128.00	3.42755e-18
6129.00	3.26675e-18
6130.00	2.75442e-18
6131.00	2.18698e-18
6132.00	1.85167e-18
6133.00	1.88932e-18
6134.00	2.01905e-18
6135.00	2.26916e-18
6136.00	2.80125e-18
6137.00	3.14038e-18
6138.00	3.08806e-18
6139.00	2.76928e-18
6140.00	2.87114e-18
6141.00	3.0267e-18
6142.00	3.07995e-18
6143.00	2.95038e-18
6144.00	2.92104e-18
6145.00	2.83024e-18
6146.00	2.6175e-18
6147.00	2.22973e-18
6148.00	2.35804e-18
6149.00	2.68193e-18
6150.00	2.94853e-18
6151.00	2.71978e-18
6152.00	2.77982e-18
6153.00	2.9407e-18
6154.00	3.07602e-18
6155.00	3.07289e-18
6156.00	2.72406e-18
6157.00	2.39407e-18
6158.00	2.48729e-18
6159.00	2.88989e-18
6160.00	3.18498e-18
6161.00	3.27667e-18
6162.00	3.22193e-18
6163.00	2.94946e-18
6164.00	2.57017e-18
6165.00	2.20279e-18
6166.00	2.0024e-18
6167.00	2.37128e-18
6168.00	2.79229e-18
6169.00	2.79096e-18
6170.00	2.28584e-18
6171.00	2.48531e-18
6172.00	3.0707e-18
6173.00	3.18475e-18
6174.00	2.97785e-18
6175.00	2.44924e-18
6176.00	1.85873e-18
6177.00	1.87295e-18
6178.00	2.537e-18
6179.00	3.15523e-18
6180.00	3.23896e-18
6181.00	2.96322e-18
6182.00	2.72695e-18
6183.00	2.72217e-18
6184.00	3.10121e-18
6185.00	2.60888e-18
6186.00	2.30136e-18
6187.00	2.34812e-18
6188.00	2.39685e-18
6189.00	2.76628e-18
6190.00	2.97851e-18
6191.00	2.77142e-18
6192.00	2.2857e-18
6193.00	1.22252e-18
6194.00	9.63863e-19
6195.00	2.73461e-18
6196.00	2.3832e-18
6197.00	2.07009e-18
6198.00	2.18258e-18
6199.00	2.68331e-18
6200.00	2.52437e-18
6201.00	2.2925e-18
6202.00	2.25949e-18
6203.00	2.57001e-18
6204.00	2.60644e-18
6205.00	2.39595e-18
6206.00	2.06209e-18
6207.00	2.36897e-18
6208.00	2.67106e-18
6209.00	2.78442e-18
6210.00	2.58575e-18
6211.00	2.68454e-18
6212.00	2.70782e-18
6213.00	2.59888e-18
6214.00	2.5511e-18
6215.00	2.45976e-18
6216.00	2.52182e-18
6217.00	2.80562e-18
6218.00	2.93123e-18
6219.00	2.6434e-18
6220.00	2.28821e-18
6221.00	2.32694e-18
6222.00	2.21953e-18
6223.00	2.20817e-18
6224.00	2.28661e-18
6225.00	2.27876e-18
6226.00	2.50715e-18
6227.00	2.86573e-18
6228.00	3.20821e-18
6229.00	3.12409e-18
6230.00	2.95964e-18
6231.00	2.73307e-18
6232.00	2.45019e-18
6233.00	2.24181e-18
6234.00	2.23777e-18
6235.00	2.3944e-18
6236.00	2.60745e-18
6237.00	2.4596e-18
6238.00	2.19096e-18
6239.00	1.90643e-18
6240.00	1.52352e-18
6241.00	1.89255e-18
6242.00	2.58866e-18
6243.00	3.13371e-18
6244.00	2.61175e-18
6245.00	2.44717e-18
6246.00	2.54592e-18
6247.00	2.41558e-18
6248.00	2.18125e-18
6249.00	2.05714e-18
6250.00	2.16298e-18
6251.00	2.66378e-18
6252.00	2.70136e-18
6253.00	2.42094e-18
6254.00	2.04644e-18
6255.00	2.38136e-18
6256.00	2.59561e-18
6257.00	2.83552e-18
6258.00	3.36182e-18
6259.00	3.14308e-18
6260.00	2.6051e-18
6261.00	2.14569e-18
6262.00	2.49198e-18
6263.00	2.16521e-18
6264.00	2.04823e-18
6265.00	2.43776e-18
6266.00	2.7482e-18
6267.00	2.80677e-18
6268.00	2.16345e-18
6269.00	2.09457e-18
6270.00	2.02569e-18
6271.00	1.95681e-18
6272.00	1.95681e-18
6273.00	1.86786e-18
6274.00	1.89881e-18
6275.00	2.23264e-18
6276.00	2.76423e-18
6277.00	2.64456e-18
6278.00	2.82391e-18
6279.00	2.97419e-18
6280.00	2.87553e-18
6281.00	3.04148e-18
6282.00	3.10895e-18
6283.00	2.81485e-18
6284.00	1.84374e-18
6285.00	1.77724e-18
6286.00	2.00862e-18
6287.00	2.28684e-18
6288.00	2.45218e-18
6289.00	2.25201e-18
6290.00	2.0534e-18
6291.00	2.06835e-18
6292.00	2.09922e-18
6293.00	2.2372e-18
6294.00	2.42302e-18
6295.00	2.56976e-18
6296.00	2.32048e-18
6297.00	1.86784e-18
6298.00	1.74473e-18
6299.00	3.09157e-18
6300.00	3.91794e-18
6301.00	4.11929e-18
6302.00	3.67085e-18
6303.00	2.96918e-18
6304.00	2.8234e-18
6305.00	3.02062e-18
6306.00	3.24239e-18
6307.00	2.73095e-18
6308.00	2.15753e-18
6309.00	1.83154e-18
6310.00	2.04307e-18
6311.00	2.47205e-18
6312.00	2.89179e-18
6313.00	3.0444e-18
6314.00	2.44022e-18
6315.00	2.07853e-18
6316.00	1.94863e-18
6317.00	2.02634e-18
6318.00	2.28709e-18
6319.00	2.39804e-18
6320.00	2.42778e-18
6321.00	2.54599e-18
6322.00	2.80231e-18
6323.00	2.88411e-18
6324.00	2.77858e-18
6325.00	2.74724e-18
6326.00	2.59458e-18
6327.00	2.31856e-18
6328.00	2.00794e-18
6329.00	2.1306e-18
6330.00	2.47613e-18
6331.00	2.75148e-18
6332.00	2.65813e-18
6333.00	2.32645e-18
6334.00	2.26513e-18
6335.00	2.42185e-18
6336.00	2.39412e-18
6337.00	2.25277e-18
6338.00	2.20094e-18
6339.00	2.29904e-18
6340.00	2.36648e-18
6341.00	2.29594e-18
6342.00	2.12917e-18
6343.00	1.94195e-18
6344.00	2.05354e-18
6345.00	2.36276e-18
6346.00	2.56047e-18
6347.00	2.15036e-18
6348.00	1.83639e-18
6349.00	1.91772e-18
6350.00	2.3983e-18
6351.00	2.88463e-18
6352.00	2.80633e-18
6353.00	2.39599e-18
6354.00	1.95645e-18
6355.00	2.3362e-18
6356.00	2.70608e-18
6357.00	2.89502e-18
6358.00	2.83464e-18
6359.00	2.74089e-18
6360.00	2.75974e-18
6361.00	2.83928e-18
6362.00	2.70889e-18
6363.00	2.50902e-18
6364.00	2.30476e-18
6365.00	2.13836e-18
6366.00	1.97232e-18
6367.00	1.92359e-18
6368.00	1.91921e-18
6369.00	1.88002e-18
6370.00	2.09116e-18
6371.00	2.38439e-18
6372.00	2.61556e-18
6373.00	2.57326e-18
6374.00	2.50344e-18
6375.00	2.42927e-18
6376.00	2.429e-18
6377.00	2.73857e-18
6378.00	2.86399e-18
6379.00	2.74173e-18
6380.00	2.40981e-18
6381.00	2.65574e-18
6382.00	2.91901e-18
6383.00	2.9776e-18
6384.00	2.62238e-18
6385.00	2.47357e-18
6386.00	2.38867e-18
6387.00	2.39106e-18
6388.00	2.71354e-18
6389.00	2.62686e-18
6390.00	2.33013e-18
6391.00	2.0408e-18
6392.00	2.19006e-18
6393.00	2.63382e-18
6394.00	2.89505e-18
6395.00	2.39664e-18
6396.00	1.91641e-18
6397.00	1.72725e-18
6398.00	1.90658e-18
6399.00	2.40923e-18
6400.00	2.65694e-18
6401.00	2.5834e-18
6402.00	2.20158e-18
6403.00	1.78689e-18
6404.00	1.80496e-18
6405.00	2.13122e-18
6406.00	2.54726e-18
6407.00	2.37785e-18
6408.00	2.08699e-18
6409.00	1.85401e-18
6410.00	1.79337e-18
6411.00	2.10849e-18
6412.00	2.12439e-18
6413.00	1.71982e-18
6414.00	1.63978e-18
6415.00	1.73972e-18
6416.00	2.04285e-18
6417.00	2.50331e-18
6418.00	2.53561e-18
6419.00	2.22958e-18
6420.00	1.89713e-18
6421.00	1.99038e-18
6422.00	2.45216e-18
6423.00	2.76932e-18
6424.00	2.78151e-18
6425.00	2.63934e-18
6426.00	2.45173e-18
6427.00	2.32594e-18
6428.00	2.29231e-18
6429.00	2.02603e-18
6430.00	1.76076e-18
6431.00	1.72431e-18
6432.00	2.15161e-18
6433.00	2.35424e-18
6434.00	2.18527e-18
6435.00	1.88985e-18
6436.00	2.23303e-18
6437.00	2.3088e-18
6438.00	2.20123e-18
6439.00	2.00533e-18
6440.00	2.09183e-18
6441.00	1.97486e-18
6442.00	1.91874e-18
6443.00	2.20763e-18
6444.00	2.53189e-18
6445.00	2.42921e-18
6446.00	2.19064e-18
6447.00	2.61792e-18
6448.00	2.81378e-18
6449.00	2.59267e-18
6450.00	2.10525e-18
6451.00	2.3438e-18
6452.00	2.54916e-18
6453.00	2.60111e-18
6454.00	2.44862e-18
6455.00	2.42997e-18
6456.00	2.24038e-18
6457.00	2.0929e-18
6458.00	2.37884e-18
6459.00	2.63354e-18
6460.00	2.59102e-18
6461.00	2.34834e-18
6462.00	2.54087e-18
6463.00	2.52886e-18
6464.00	2.44921e-18
6465.00	2.41406e-18
6466.00	2.58132e-18
6467.00	2.69292e-18
6468.00	2.63067e-18
6469.00	2.30586e-18
6470.00	2.44354e-18
6471.00	2.71064e-18
6472.00	2.92971e-18
6473.00	2.92439e-18
6474.00	2.57853e-18
6475.00	2.18374e-18
6476.00	1.90959e-18
6477.00	1.74425e-18
6478.00	1.64756e-18
6479.00	1.84802e-18
6480.00	2.50289e-18
6481.00	2.58243e-18
6482.00	2.59669e-18
6483.00	2.57698e-18
6484.00	2.40366e-18
6485.00	2.15484e-18
6486.00	2.00268e-18
6487.00	1.99071e-18
6488.00	1.96847e-18
6489.00	2.03407e-18
6490.00	2.05039e-18
6491.00	1.9273e-18
6492.00	1.81494e-18
6493.00	2.05249e-18
6494.00	2.49293e-18
6495.00	2.85482e-18
6496.00	2.56786e-18
6497.00	2.1755e-18
6498.00	2.01167e-18
6499.00	2.53909e-18
6500.00	2.56511e-18
6501.00	2.45979e-18
6502.00	2.4153e-18
6503.00	2.1149e-18
6504.00	2.3917e-18
6505.00	2.94706e-18
6506.00	3.30823e-18
6507.00	3.00274e-18
6508.00	2.55552e-18
6509.00	2.23994e-18
6510.00	2.33021e-18
6511.00	2.52092e-18
6512.00	2.51894e-18
6513.00	2.25621e-18
6514.00	2.19814e-18
6515.00	2.15171e-18
6516.00	2.15082e-18
6517.00	2.22784e-18
6518.00	2.24351e-18
6519.00	2.48638e-18
6520.00	2.74118e-18
6521.00	2.5065e-18
6522.00	2.55285e-18
6523.00	2.44736e-18
6524.00	2.15516e-18
6525.00	2.05567e-18
6526.00	2.28995e-18
6527.00	2.59222e-18
6528.00	2.71716e-18
6529.00	2.43476e-18
6530.00	2.18834e-18
6531.00	2.13968e-18
6532.00	2.41344e-18
6533.00	2.56569e-18
6534.00	2.50028e-18
6535.00	2.21817e-18
6536.00	1.78937e-18
6537.00	1.79093e-18
6538.00	2.06637e-18
6539.00	2.42918e-18
6540.00	2.39903e-18
6541.00	2.20365e-18
6542.00	2.00918e-18
6543.00	1.97237e-18
6544.00	1.78231e-18
6545.00	1.80675e-18
6546.00	2.08084e-18
6547.00	2.59003e-18
6548.00	2.15234e-18
6549.00	1.84911e-18
6550.00	2.04858e-18
6551.00	2.06713e-18
6552.00	2.04785e-18
6553.00	1.9511e-18
6554.00	1.73862e-18
6555.00	1.29502e-18
6556.00	1.63316e-18
6557.00	2.33693e-18
6558.00	2.3551e-18
6559.00	2.24664e-18
6560.00	2.27004e-18
6561.00	2.4229e-18
6562.00	2.23457e-18
6563.00	2.27278e-18
6564.00	2.3642e-18
6565.00	2.39935e-18
6566.00	2.57219e-18
6567.00	2.95377e-18
6568.00	3.08313e-18
6569.00	2.32576e-18
6570.00	2.27456e-18
6571.00	2.47533e-18
6572.00	2.63879e-18
6573.00	2.25985e-18
6574.00	2.15772e-18
6575.00	2.46935e-18
6576.00	3.13427e-18
6577.00	3.31564e-18
6578.00	3.35603e-18
6579.00	3.14714e-18
6580.00	2.54965e-18
6581.00	1.49102e-18
6582.00	1.08388e-18
6583.00	1.48578e-18
6584.00	2.56076e-18
6585.00	2.51713e-18
6586.00	2.23583e-18
6587.00	2.09871e-18
6588.00	2.12232e-18
6589.00	2.03122e-18
6590.00	2.07587e-18
6591.00	2.4432e-18
6592.00	2.58776e-18
6593.00	2.55591e-18
6594.00	2.40205e-18
6595.00	2.20549e-18
6596.00	2.13794e-18
6597.00	2.23437e-18
6598.00	2.43172e-18
6599.00	2.48866e-18
6600.00	2.46235e-18
6601.00	2.33897e-18
6602.00	2.13898e-18
6603.00	2.08234e-18
6604.00	1.87332e-18
6605.00	1.7046e-18
6606.00	1.87435e-18
6607.00	1.90273e-18
6608.00	1.8763e-18
6609.00	1.85373e-18
6610.00	1.93724e-18
6611.00	2.11046e-18
6612.00	2.28448e-18
6613.00	2.37845e-18
6614.00	2.25519e-18
6615.00	2.23953e-18
6616.00	2.3138e-18
6617.00	2.42474e-18
6618.00	2.55875e-18
6619.00	2.58378e-18
6620.00	2.47813e-18
6621.00	2.27912e-18
6622.00	1.86586e-18
6623.00	1.63488e-18
6624.00	1.73718e-18
6625.00	2.04459e-18
6626.00	2.0463e-18
6627.00	1.85387e-18
6628.00	1.61063e-18
6629.00	1.47497e-18
6630.00	1.77823e-18
6631.00	2.25118e-18
6632.00	2.38127e-18
6633.00	2.2206e-18
6634.00	2.23766e-18
6635.00	2.46385e-18
6636.00	2.44494e-18
6637.00	2.20149e-18
6638.00	1.83072e-18
6639.00	1.49755e-18
6640.00	1.77574e-18
6641.00	2.25736e-18
6642.00	2.58057e-18
6643.00	2.36652e-18
6644.00	2.29908e-18
6645.00	2.30846e-18
6646.00	2.34096e-18
6647.00	2.28637e-18
6648.00	2.04949e-18
6649.00	1.87219e-18
6650.00	1.8913e-18
6651.00	2.09814e-18
6652.00	2.1401e-18
6653.00	2.15338e-18
6654.00	2.29687e-18
6655.00	2.32161e-18
6656.00	2.22127e-18
6657.00	2.13452e-18
6658.00	2.39382e-18
6659.00	2.03849e-18
6660.00	1.83566e-18
6661.00	2.01848e-18
6662.00	2.23048e-18
6663.00	2.33265e-18
6664.00	2.38401e-18
6665.00	2.44094e-18
6666.00	2.51281e-18
6667.00	2.47949e-18
6668.00	2.40726e-18
6669.00	2.4301e-18
6670.00	2.42165e-18
6671.00	2.44973e-18
6672.00	0E-21
6673.00	0E-21
6674.00	0E-21
6675.00	0E-21
6676.00	0E-21
6677.00	0E-21
6678.00	0E-21
6679.00	0E-21
6680.00	0E-21
6681.00	0E-21
6682.00	0E-21
6683.00	0E-21
6684.00	0E-21
6685.00	0E-21
6686.00	0E-21
6687.00	0E-21
6688.00	0E-21
6689.00	0E-21
6690.00	0E-21
6691.00	0E-21
6692.00	0E-21
6693.00	0E-21
6694.00	0E-21
6695.00	0E-21
6696.00	0E-21
6697.00	0E-21
6698.00	0E-21
6699.00	0E-21
6700.00	0E-21
6701.00	0E-21
6702.00	0E-21
6703.00	0E-21
6704.00	0E-21
6705.00	2.35529e-18
6706.00	3.30595e-18
6707.00	2.91159e-18
6708.00	2.456e-18
6709.00	2.20014e-18
6710.00	1.58311e-18
6711.00	1.95951e-18
6712.00	2.29789e-18
6713.00	2.05576e-18
6714.00	2.17696e-18
6715.00	2.00593e-18
6716.00	1.9169e-18
6717.00	2.40782e-18
6718.00	2.5735e-18
6719.00	2.52434e-18
6720.00	2.36892e-18
6721.00	2.30717e-18
6722.00	2.42131e-18
6723.00	2.54422e-18
6724.00	2.57196e-18
6725.00	2.4178e-18
6726.00	2.55681e-18
6727.00	2.63796e-18
6728.00	2.29411e-18
6729.00	1.47927e-18
6730.00	1.50869e-18
6731.00	2.08917e-18
6732.00	2.1777e-18
6733.00	2.23245e-18
6734.00	2.1347e-18
6735.00	1.94911e-18
6736.00	2.04789e-18
6737.00	1.86591e-18
6738.00	1.71349e-18
6739.00	1.81959e-18
6740.00	1.97489e-18
6741.00	1.83835e-18
6742.00	1.73882e-18
6743.00	2.23603e-18
6744.00	2.21268e-18
6745.00	1.99916e-18
6746.00	1.9191e-18
6747.00	2.68051e-18
6748.00	2.97803e-18
6749.00	2.81763e-18
6750.00	2.34628e-18
6751.00	2.53372e-18
6752.00	2.45314e-18
6753.00	2.16419e-18
6754.00	1.8618e-18
6755.00	2.16297e-18
6756.00	2.55504e-18
6757.00	2.73004e-18
6758.00	2.26262e-18
6759.00	2.08613e-18
6760.00	2.40919e-18
6761.00	3.02533e-18
6762.00	2.38057e-18
6763.00	2.1362e-18
6764.00	2.1176e-18
6765.00	2.0675e-18
6766.00	1.87843e-18
6767.00	2.10375e-18
6768.00	2.50126e-18
6769.00	2.46342e-18
6770.00	2.30263e-18
6771.00	2.32363e-18
6772.00	2.59627e-18
6773.00	2.9546e-18
6774.00	2.62214e-18
6775.00	2.2909e-18
6776.00	2.42633e-18
6777.00	2.27827e-18
6778.00	2.5715e-18
6779.00	3.02378e-18
6780.00	3.11681e-18
6781.00	2.92652e-18
6782.00	2.66936e-18
6783.00	2.6018e-18
6784.00	3.274e-18
6785.00	3.14261e-18
6786.00	2.95657e-18
6787.00	3.12229e-18
6788.00	3.44587e-18
6789.00	3.45113e-18
6790.00	3.33089e-18
6791.00	3.35252e-18
6792.00	3.30411e-18
6793.00	3.27189e-18
6794.00	3.2136e-18
6795.00	3.00229e-18
6796.00	2.75125e-18
6797.00	2.50075e-18
6798.00	2.32732e-18
6799.00	2.54352e-18
6800.00	1.79807e-18
6801.00	1.23209e-18
6802.00	1.86673e-18
6803.00	2.70394e-18
6804.00	2.87846e-18
6805.00	2.65934e-18
6806.00	2.86769e-18
6807.00	2.38277e-18
6808.00	1.9044e-18
6809.00	1.71295e-18
6810.00	1.83301e-18
6811.00	2.26668e-18
6812.00	2.45751e-18
6813.00	2.11076e-18
6814.00	2.19185e-18
6815.00	2.14083e-18
6816.00	2.01216e-18
6817.00	1.96404e-18
6818.00	2.68562e-18
6819.00	2.90528e-18
6820.00	2.45143e-18
6821.00	1.84925e-18
6822.00	1.74297e-18
6823.00	1.92079e-18
6824.00	2.19384e-18
6825.00	2.18308e-18
6826.00	2.32106e-18
6827.00	2.37553e-18
6828.00	2.07708e-18
6829.00	1.90453e-18
6830.00	1.57628e-18
6831.00	1.31185e-18
6832.00	1.71116e-18
6833.00	1.89237e-18
6834.00	1.91929e-18
6835.00	1.80107e-18
6836.00	1.54333e-18
6837.00	1.75126e-18
6838.00	1.97999e-18
6839.00	1.87365e-18
6840.00	2.12957e-18
6841.00	2.68468e-18
6842.00	3.18364e-18
6843.00	3.06046e-18
6844.00	3.00259e-18
6845.00	2.83271e-18
6846.00	2.50888e-18
6847.00	1.94378e-18
6848.00	2.08509e-18
6849.00	2.20931e-18
6850.00	1.91559e-18
6851.00	2.19237e-18
6852.00	1.96777e-18
6853.00	1.75178e-18
6854.00	2.36001e-18
6855.00	2.78947e-18
6856.00	2.47732e-18
6857.00	1.60831e-18
6858.00	1.02998e-18
6859.00	1.25128e-18
6860.00	1.75045e-18
6861.00	2.06204e-18
6862.00	1.27084e-18
6863.00	1.48863e-18
6864.00	2.43285e-18
6865.00	3.52921e-18
6866.00	3.15976e-18
6867.00	3.15803e-18
6868.00	3.53887e-18
6869.00	3.54704e-18
6870.00	2.97323e-18
6871.00	2.49656e-18
6872.00	2.44486e-18
6873.00	2.91488e-18
6874.00	2.55397e-18
6875.00	2.05888e-18
6876.00	2.07048e-18
6877.00	2.48659e-18
6878.00	2.80762e-18
6879.00	2.91728e-18
6880.00	2.80795e-18
6881.00	2.244e-18
6882.00	2.0574e-18
6883.00	2.25728e-18
6884.00	1.84402e-18
6885.00	2.06049e-18
6886.00	2.2322e-18
6887.00	1.95194e-18
6888.00	1.59022e-18
6889.00	1.7053e-18
6890.00	2.13197e-18
6891.00	2.55926e-18
6892.00	2.6468e-18
6893.00	2.59777e-18
6894.00	2.39283e-18
6895.00	1.79773e-18
6896.00	1.52924e-18
6897.00	1.69997e-18
6898.00	2.20413e-18
6899.00	2.14195e-18
6900.00	2.0943e-18
6901.00	2.03835e-18
6902.00	1.92792e-18
6903.00	2.04336e-18
6904.00	2.0602e-18
6905.00	2.01221e-18
6906.00	2.09321e-18
6907.00	2.2483e-18
6908.00	2.46771e-18
6909.00	2.64094e-18
6910.00	2.41131e-18
6911.00	2.07889e-18
6912.00	1.87515e-18
6913.00	1.99003e-18
6914.00	2.46517e-18
6915.00	2.78401e-18
6916.00	2.78931e-18
6917.00	2.38643e-18
6918.00	2.11166e-18
6919.00	2.07987e-18
6920.00	2.16595e-18
6921.00	1.78424e-18
6922.00	1.77174e-18
6923.00	2.04629e-18
6924.00	2.51619e-18
6925.00	3.07431e-18
6926.00	2.63806e-18
6927.00	1.86964e-18
6928.00	1.72965e-18
6929.00	2.49997e-18
6930.00	2.70762e-18
6931.00	2.27353e-18
6932.00	1.9486e-18
6933.00	2.21254e-18
6934.00	2.24936e-18
6935.00	1.80135e-18
6936.00	1.69197e-18
6937.00	1.7809e-18
6938.00	1.78515e-18
6939.00	1.47676e-18
6940.00	1.58047e-18
6941.00	1.709e-18
6942.00	1.88559e-18
6943.00	2.33339e-18
6944.00	2.30276e-18
6945.00	2.05957e-18
6946.00	1.82776e-18
6947.00	2.05326e-18
6948.00	2.24793e-18
6949.00	2.25441e-18
6950.00	1.99085e-18
6951.00	1.72778e-18
6952.00	1.85685e-18
6953.00	2.07684e-18
6954.00	1.85224e-18
6955.00	1.64723e-18
6956.00	1.59636e-18
6957.00	1.71616e-18
6958.00	1.88383e-18
6959.00	2.00215e-18
6960.00	2.03884e-18
6961.00	1.99551e-18
6962.00	2.00834e-18
6963.00	2.0945e-18
6964.00	2.10381e-18
6965.00	1.87244e-18
6966.00	1.89909e-18
6967.00	2.1563e-18
6968.00	2.43358e-18
6969.00	2.26666e-18
6970.00	2.0006e-18
6971.00	1.9384e-18
6972.00	2.15329e-18
6973.00	2.1782e-18
6974.00	2.1636e-18
6975.00	2.30498e-18
6976.00	2.71639e-18
6977.00	2.46041e-18
6978.00	2.40146e-18
6979.00	2.70159e-18
6980.00	3.39207e-18
6981.00	3.47127e-18
6982.00	3.28587e-18
6983.00	2.94677e-18
6984.00	2.39223e-18
6985.00	2.02752e-18
6986.00	1.94781e-18
6987.00	2.15259e-18
6988.00	2.12047e-18
6989.00	1.92171e-18
6990.00	1.84169e-18
6991.00	2.27471e-18
6992.00	2.38345e-18
6993.00	2.27157e-18
6994.00	2.07755e-18
6995.00	2.16999e-18
6996.00	1.94496e-18
6997.00	1.78886e-18
6998.00	1.9485e-18
6999.00	2.58007e-18
7000.00	2.35295e-18
7001.00	1.7224e-18
7002.00	1.3852e-18
7003.00	1.90285e-18
7004.00	2.11118e-18
7005.00	1.9447e-18
7006.00	1.91791e-18
7007.00	1.964e-18
7008.00	2.03631e-18
7009.00	2.16825e-18
7010.00	2.68133e-18
7011.00	2.65484e-18
7012.00	2.41168e-18
7013.00	2.30677e-18
7014.00	2.40578e-18
7015.00	2.28895e-18
7016.00	2.07766e-18
7017.00	2.13e-18
7018.00	2.08473e-18
7019.00	1.9994e-18
7020.00	1.88782e-18
7021.00	1.71083e-18
7022.00	1.94275e-18
7023.00	2.04647e-18
7024.00	1.70071e-18
7025.00	1.58033e-18
7026.00	1.79736e-18
7027.00	2.06295e-18
7028.00	1.95562e-18
7029.00	1.90363e-18
7030.00	2.0661e-18
7031.00	2.31765e-18
7032.00	2.16328e-18
7033.00	2.00997e-18
7034.00	1.98874e-18
7035.00	2.11776e-18
7036.00	1.97818e-18
7037.00	1.9702e-18
7038.00	2.12432e-18
7039.00	2.42215e-18
7040.00	2.67433e-18
7041.00	2.54623e-18
7042.00	2.15174e-18
7043.00	1.81637e-18
7044.00	2.27379e-18
7045.00	2.95535e-18
7046.00	3.64669e-18
7047.00	4.62831e-18
7048.00	5.29488e-18
7049.00	5.33433e-18
7050.00	4.53669e-18
7051.00	3.25662e-18
7052.00	2.35012e-18
7053.00	1.90859e-18
7054.00	1.77103e-18
7055.00	1.67751e-18
7056.00	1.72185e-18
7057.00	1.88127e-18
7058.00	2.04035e-18
7059.00	2.09815e-18
7060.00	1.93611e-18
7061.00	1.59392e-18
7062.00	2.00857e-18
7063.00	2.04835e-18
7064.00	1.84402e-18
7065.00	1.76391e-18
7066.00	1.78159e-18
7067.00	1.69184e-18
7068.00	1.49826e-18
7069.00	1.33588e-18
7070.00	1.54379e-18
7071.00	1.61882e-18
7072.00	1.37124e-18
7073.00	1.47576e-18
7074.00	1.58028e-18
7075.00	1.68479e-18
7076.00	1.78931e-18
7077.00	1.89383e-18
7078.00	1.89383e-18
7079.00	1.52089e-18
7080.00	1.69922e-18
7081.00	1.57085e-18
7082.00	1.56832e-18
7083.00	1.82611e-18
7084.00	2.24288e-18
7085.00	2.07865e-18
7086.00	1.80235e-18
7087.00	1.82769e-18
7088.00	1.85139e-18
7089.00	1.853e-18
7090.00	1.87006e-18
7091.00	1.96264e-18
7092.00	2.49494e-18
7093.00	2.52197e-18
7094.00	2.02089e-18
7095.00	2.02086e-18
7096.00	1.95489e-18
7097.00	1.89518e-18
7098.00	1.8886e-18
7099.00	1.93813e-18
7100.00	1.91468e-18
7101.00	1.8614e-18
7102.00	1.85365e-18
7103.00	1.64516e-18
7104.00	1.59967e-18
7105.00	1.72658e-18
7106.00	1.8066e-18
7107.00	1.75167e-18
7108.00	1.69883e-18
7109.00	1.74382e-18
7110.00	1.97877e-18
7111.00	2.08483e-18
7112.00	2.30068e-18
7113.00	2.82818e-18
7114.00	2.38758e-18
7115.00	1.92896e-18
7116.00	1.67582e-18
7117.00	1.6405e-18
7118.00	1.76026e-18
7119.00	1.93366e-18
7120.00	1.95421e-18
7121.00	1.15778e-18
7122.00	1.24048e-18
7123.00	1.64044e-18
7124.00	1.81567e-18
7125.00	1.62275e-18
7126.00	1.79933e-18
7127.00	2.01083e-18
7128.00	1.52505e-18
7129.00	1.76522e-18
7130.00	1.8084e-18
7131.00	1.53909e-18
7132.00	1.5032e-18
7133.00	1.61162e-18
7134.00	1.47649e-18
7135.00	1.0497e-18
7136.00	1.80367e-18
7137.00	2.20031e-18
7138.00	2.09198e-18
7139.00	1.5427e-18
7140.00	1.43494e-18
7141.00	1.6457e-18
7142.00	1.98581e-18
7143.00	2.03398e-18
7144.00	2.33754e-18
7145.00	2.33067e-18
7146.00	1.88371e-18
7147.00	1.80556e-18
7148.00	1.70315e-18
7149.00	1.66432e-18
7150.00	1.7643e-18
7151.00	1.39407e-18
7152.00	1.41225e-18
7153.00	1.75173e-18
7154.00	2.00382e-18
7155.00	1.46041e-18
7156.00	1.3363e-18
7157.00	1.89279e-18
7158.00	2.22113e-18
7159.00	2.01166e-18
7160.00	1.51347e-18
7161.00	1.01545e-18
7162.00	1.03907e-18
7163.00	1.46004e-18
7164.00	1.94624e-18
7165.00	2.04579e-18
7166.00	1.99047e-18
7167.00	1.75275e-18
7168.00	1.51128e-18
7169.00	1.77207e-18
7170.00	1.904e-18
7171.00	1.91176e-18
7172.00	1.81667e-18
7173.00	1.76314e-18
7174.00	1.85254e-18
7175.00	2.01886e-18
7176.00	2.1538e-18
7177.00	1.56594e-18
7178.00	1.37464e-18
7179.00	1.69317e-18
7180.00	2.1116e-18
7181.00	2.36771e-18
7182.00	2.25814e-18
7183.00	1.83755e-18
7184.00	1.89274e-18
7185.00	1.9137e-18
7186.00	1.7713e-18
7187.00	1.4076e-18
7188.00	1.33132e-18
7189.00	1.49404e-18
7190.00	1.74476e-18
7191.00	1.79109e-18
7192.00	2.32166e-18
7193.00	2.53815e-18
7194.00	2.23595e-18
7195.00	1.86444e-18
7196.00	1.3728e-18
7197.00	1.05163e-18
7198.00	1.0903e-18
7199.00	1.08548e-18
7200.00	1.344e-18
7201.00	1.81164e-18
7202.00	2.37209e-18
7203.00	1.96232e-18
7204.00	1.88107e-18
7205.00	2.21235e-18
7206.00	2.04052e-18
7207.00	1.47616e-18
7208.00	1.26079e-18
7209.00	1.63106e-18
7210.00	1.04102e-18
7211.00	1.03509e-18
7212.00	1.45245e-18
7213.00	1.91298e-18
7214.00	1.97114e-18
7215.00	1.98501e-18
7216.00	1.97187e-18
7217.00	1.76352e-18
7218.00	1.51984e-18
7219.00	1.63192e-18
7220.00	2.08166e-18
7221.00	1.86223e-18
7222.00	1.80987e-18
7223.00	1.75267e-18
7224.00	1.54421e-18
7225.00	1.97161e-18
7226.00	1.98469e-18
7227.00	1.73251e-18
7228.00	1.81502e-18
7229.00	2.25353e-18
7230.00	2.33517e-18
7231.00	1.92052e-18
7232.00	1.50518e-18
7233.00	1.57238e-18
7234.00	1.73783e-18
7235.00	1.66977e-18
7236.00	1.0251e-18
7237.00	1.54483e-18
7238.00	2.42449e-18
7239.00	2.20965e-18
7240.00	1.91235e-18
7241.00	1.85664e-18
7242.00	1.972e-18
7243.00	1.57345e-18
7244.00	2.22822e-18
7245.00	2.77776e-18
7246.00	2.59223e-18
7247.00	2.11934e-18
7248.00	1.74964e-18
7249.00	1.32227e-18
7250.00	6.61695e-19
7251.00	1.3245e-18
7252.00	1.8752e-18
7253.00	2.10083e-18
7254.00	2.34271e-18
7255.00	2.28999e-18
7256.00	2.13451e-18
7257.00	1.97367e-18
7258.00	1.73705e-18
7259.00	2.23288e-18
7260.00	2.42555e-18
7261.00	1.51646e-18
7262.00	1.74401e-18
7263.00	1.68259e-18
7264.00	1.47032e-18
7265.00	1.77224e-18
7266.00	1.67277e-18
7267.00	1.68301e-18
7268.00	1.82864e-18
7269.00	1.61198e-18
7270.00	1.39465e-18
7271.00	1.37104e-18
7272.00	1.62522e-18
7273.00	1.84381e-18
7274.00	1.00286e-18
7275.00	3.47246e-19
7276.00	1.70035e-18
7277.00	2.25061e-18
7278.00	2.38662e-18
7279.00	2.26713e-18
7280.00	2.15173e-18
7281.00	2.25247e-18
7282.00	2.33848e-18
7283.00	2.25252e-18
7284.00	1.90393e-18
7285.00	1.50448e-18
7286.00	1.12389e-18
7287.00	8.47773e-19
7288.00	1.4734e-18
7289.00	1.9319e-18
7290.00	2.00873e-18
7291.00	1.79737e-18
7292.00	1.56952e-18
7293.00	1.63027e-18
7294.00	1.96737e-18
7295.00	1.84723e-18
7296.00	2.00716e-18
7297.00	2.04248e-18
7298.00	1.62027e-18
7299.00	1.23315e-18
7300.00	1.21589e-18
7301.00	1.43751e-18
7302.00	1.59105e-18
7303.00	1.24115e-18
7304.00	1.28827e-18
7305.00	1.79391e-18
7306.00	1.91608e-18
7307.00	1.76222e-18
7308.00	1.59731e-18
7309.00	1.59579e-18
7310.00	1.64428e-18
7311.00	1.23112e-18
7312.00	1.02098e-18
7313.00	1.93163e-18
7314.00	1.60258e-18
7315.00	1.46589e-18
7316.00	1.78691e-18
7317.00	2.46038e-18
7318.00	1.18473e-18
7319.00	6.7354e-19
7320.00	1.90228e-18
7321.00	1.96799e-18
7322.00	1.85157e-18
7323.00	1.61642e-18
7324.00	1.29542e-18
7325.00	1.28375e-18
7326.00	1.57387e-18
7327.00	1.91776e-18
7328.00	1.84728e-18
7329.00	1.45324e-18
7330.00	1.63307e-18
7331.00	2.37525e-18
7332.00	2.00151e-18
7333.00	1.38356e-18
7334.00	1.31725e-18
7335.00	2.26438e-18
7336.00	2.23336e-18
7337.00	2.15754e-18
7338.00	2.31138e-18
7339.00	2.95914e-18
7340.00	2.0385e-18
7341.00	1.805e-18
7342.00	2.44668e-18
7343.00	2.08494e-18
7344.00	2.00034e-18
7345.00	1.77265e-18
7346.00	1.32206e-18
7347.00	2.02945e-18
7348.00	2.45363e-18
7349.00	2.36602e-18
7350.00	1.72153e-18
7351.00	1.21423e-18
7352.00	1.23008e-18
7353.00	1.47285e-18
7354.00	8.64782e-19
7355.00	6.53309e-19
7356.00	8.99731e-19
7357.00	1.49031e-18
7358.00	1.6092e-18
7359.00	1.30217e-18
7360.00	1.07401e-18
7361.00	1.39389e-18
7362.00	1.46474e-18
7363.00	1.56591e-18
7364.00	1.68734e-18
7365.00	1.71148e-18
7366.00	1.9217e-18
7367.00	1.68649e-18
7368.00	1.07363e-18
7369.00	1.34631e-18
7370.00	1.63615e-18
7371.00	1.73914e-18
7372.00	1.53436e-18
7373.00	1.30197e-18
7374.00	1.21168e-18
7375.00	1.32237e-18
7376.00	1.68752e-18
7377.00	1.3312e-18
7378.00	1.13571e-18
7379.00	1.31615e-18
7380.00	1.6346e-18
7381.00	1.8899e-18
7382.00	1.9731e-18
7383.00	1.81543e-18
7384.00	1.3901e-18
7385.00	1.54095e-18
7386.00	1.84557e-18
7387.00	1.68564e-18
7388.00	1.78918e-18
7389.00	1.52347e-18
7390.00	1.21167e-18
7391.00	2.05107e-18
7392.00	2.25568e-18
7393.00	2.0738e-18
7394.00	1.6813e-18
7395.00	1.49744e-18
7396.00	1.34921e-18
7397.00	1.49572e-18
7398.00	2.12717e-18
7399.00	2.21613e-18
7400.00	2.36986e-18
7401.00	2.39253e-18
7402.00	1.70841e-18
7403.00	9.23233e-19
7404.00	7.4801e-19
7405.00	1.22447e-18
7406.00	1.25469e-18
7407.00	1.57048e-18
7408.00	1.83248e-18
7409.00	1.77567e-18
7410.00	1.56622e-18
7411.00	1.47925e-18
7412.00	1.45976e-18
7413.00	1.35591e-18
7414.00	1.13735e-18
7415.00	1.23482e-18
7416.00	1.67171e-18
7417.00	2.13248e-18
7418.00	2.35953e-18
7419.00	2.19636e-18
7420.00	1.69471e-18
7421.00	1.77792e-18
7422.00	1.74531e-18
7423.00	1.55317e-18
7424.00	1.24596e-18
7425.00	1.26106e-18
7426.00	1.43657e-18
7427.00	1.65056e-18
7428.00	1.7264e-18
7429.00	1.77363e-18
7430.00	1.73085e-18
7431.00	1.63947e-18
7432.00	1.84546e-18
7433.00	1.73414e-18
7434.00	1.27173e-18
7435.00	5.78552e-19
7436.00	1.31296e-18
7437.00	1.01626e-18
7438.00	3.40014e-19
7439.00	1.36695e-18
7440.00	1.60542e-18
7441.00	1.57291e-18
7442.00	1.48077e-18
7443.00	1.5751e-18
7444.00	1.74772e-18
7445.00	1.76079e-18
7446.00	1.51076e-18
7447.00	1.659e-18
7448.00	1.8358e-18
7449.00	1.84154e-18
7450.00	1.46894e-18
7451.00	1.28612e-18
7452.00	1.61622e-18
7453.00	2.09896e-18
7454.00	1.33948e-18
7455.00	1.46968e-18
7456.00	1.68808e-18
7457.00	1.55411e-18
7458.00	1.1831e-18
7459.00	1.55447e-18
7460.00	1.93634e-18
7461.00	1.44205e-18
7462.00	1.77591e-18
7463.00	1.71071e-18
7464.00	1.40385e-18
7465.00	1.87586e-18
7466.00	1.86935e-18
7467.00	1.54321e-18
7468.00	1.10526e-18
7469.00	1.23511e-18
7470.00	1.55454e-18
7471.00	1.76432e-18
7472.00	1.62192e-18
7473.00	1.32826e-18
7474.00	1.30382e-18
7475.00	1.47839e-18
7476.00	1.58036e-18
7477.00	1.63253e-18
7478.00	1.69704e-18
7479.00	1.6669e-18
7480.00	9.95873e-19
7481.00	1.24889e-18
7482.00	1.6852e-18
7483.00	1.76497e-18
7484.00	1.83378e-18
7485.00	1.67926e-18
7486.00	1.5513e-18
7487.00	1.81517e-18
7488.00	1.99054e-18
7489.00	1.99527e-18
7490.00	1.67002e-18
7491.00	5.10761e-19
7492.00	1.05121e-18
7493.00	1.65555e-18
7494.00	1.49579e-18
7495.00	1.34234e-18
7496.00	1.34329e-18
7497.00	1.41554e-18
7498.00	1.45327e-18
7499.00	1.85714e-18
7500.00	1.65459e-18
7501.00	1.08718e-18
7502.00	1.13713e-18
7503.00	1.31389e-18
7504.00	1.61183e-18
7505.00	1.91956e-18
7506.00	2.02864e-18
7507.00	1.13914e-18
7508.00	4.41492e-19
7509.00	9.47184e-19
7510.00	1.65636e-18
7511.00	1.62114e-18
7512.00	1.22976e-18
7513.00	1.47187e-18
7514.00	1.39311e-18
7515.00	1.44798e-18
7516.00	1.59491e-18
7517.00	1.18032e-18
7518.00	1.1134e-18
7519.00	1.373e-18
7520.00	1.81571e-18
7521.00	1.58577e-18
7522.00	1.21688e-18
7523.00	9.69946e-19
7524.00	1.08862e-18
7525.00	1.77282e-18
7526.00	2.16823e-18
7527.00	2.06844e-18
7528.00	1.57563e-18
7529.00	1.71667e-18
7530.00	1.83988e-18
7531.00	1.63882e-18
7532.00	1.34172e-18
7533.00	1.72379e-18
7534.00	2.13586e-18
7535.00	1.84765e-18
7536.00	1.57486e-18
7537.00	1.30704e-18
7538.00	1.20014e-18
7539.00	1.56566e-18
7540.00	1.67948e-18
7541.00	1.42812e-18
7542.00	1.01338e-18
7543.00	1.58028e-18
7544.00	1.7393e-18
7545.00	1.72589e-18
7546.00	1.76832e-18
7547.00	1.63661e-18
7548.00	1.44409e-18
7549.00	1.12748e-18
7550.00	5.1881e-19
7551.00	7.36332e-19
7552.00	1.04077e-18
7553.00	1.23338e-18
7554.00	1.57347e-18
7555.00	1.36302e-18
7556.00	1.15786e-18
7557.00	1.29108e-18
7558.00	1.29935e-18
7559.00	1.35566e-18
7560.00	1.50674e-18
7561.00	1.78339e-18
7562.00	1.49836e-18
7563.00	1.03679e-18
7564.00	6.53783e-19
7565.00	9.68142e-19
7566.00	1.18776e-18
7567.00	1.40738e-18
7568.00	1.627e-18
7569.00	1.84663e-18
7570.00	2.06625e-18
7571.00	2.06625e-18
7572.00	2.16459e-18
7573.00	1.24987e-18
7574.00	1.36276e-18
7575.00	2.06777e-18
7576.00	1.63073e-18
7577.00	1.34045e-18
7578.00	1.34072e-18
7579.00	1.58648e-18
7580.00	1.45215e-18
7581.00	1.51442e-18
7582.00	1.4513e-18
7583.00	1.06809e-18
7584.00	1.21131e-18
7585.00	1.4572e-18
7586.00	1.64985e-18
7587.00	1.64874e-18
7588.00	1.83929e-18
7589.00	1.72196e-18
7590.00	1.30032e-18
7591.00	1.07689e-18
7592.00	9.00205e-19
7593.00	9.57446e-19
7594.00	1.19423e-18
7595.00	3.87638e-19
7596.00	1.34998e-19
7597.00	5.85177e-19
7598.00	1.65716e-18
7599.00	2.34822e-18
7600.00	1.98883e-18
7601.00	1.21735e-18
7602.00	2.14868e-18
7603.00	1.90901e-18
7604.00	1.8276e-18
7605.00	2.33527e-18
7606.00	2.37312e-18
7607.00	2.36353e-18
7608.00	2.14272e-18
7609.00	1.58204e-18
7610.00	1.58525e-18
7611.00	1.15662e-18
7612.00	8.35899e-19
7613.00	2.16092e-18
7614.00	1.75547e-18
7615.00	1.07072e-18
7616.00	6.53952e-19
7617.00	4.25398e-19
7618.00	7.75934e-19
7619.00	1.24134e-18
7620.00	1.46587e-18
7621.00	1.8642e-18
7622.00	1.91438e-18
7623.00	1.85757e-18
7624.00	2.18165e-18
7625.00	1.81273e-18
7626.00	1.70955e-18
7627.00	1.90439e-18
7628.00	1.59997e-18
7629.00	1.07584e-18
7630.00	1.10477e-18
7631.00	1.9218e-18
7632.00	1.84035e-18
7633.00	1.37504e-18
7634.00	1.08116e-18
7635.00	1.52498e-18
7636.00	1.26854e-18
7637.00	7.88504e-19
7638.00	6.53545e-19
7639.00	2.06774e-18
7640.00	2.27105e-18
7641.00	1.62836e-18
7642.00	6.57541e-19
7643.00	1.16815e-18
7644.00	1.66273e-18
7645.00	1.60129e-18
7646.00	6.72855e-19
7647.00	5.32018e-19
7648.00	8.18617e-19
7649.00	1.18634e-18
7650.00	1.11201e-18
7651.00	9.57143e-19
7652.00	1.03425e-18
7653.00	1.37533e-18
7654.00	1.60801e-18
7655.00	1.5318e-18
7656.00	1.27064e-18
7657.00	9.76473e-19
7658.00	1.0298e-18
7659.00	9.39446e-19
7660.00	8.4663e-19
7661.00	1.05415e-18
7662.00	1.26003e-18
7663.00	1.63934e-18
7664.00	2.01395e-18
7665.00	1.8225e-18
7666.00	1.15966e-18
7667.00	7.1761e-19
7668.00	8.65232e-19
7669.00	1.07348e-18
7670.00	1.1889e-18
7671.00	1.39803e-18
7672.00	1.90946e-18
7673.00	1.71342e-18
7674.00	1.21743e-18
7675.00	8.09285e-19
7676.00	1.12465e-18
7677.00	1.47475e-18
7678.00	1.55092e-18
7679.00	1.27881e-18
7680.00	1.12163e-18
7681.00	1.39431e-18
7682.00	1.56964e-18
7683.00	1.19646e-18
7684.00	1.10582e-18
7685.00	1.09604e-18
7686.00	1.08912e-18
7687.00	9.55356e-19
7688.00	1.51193e-18
7689.00	1.87197e-18
7690.00	1.74872e-18
7691.00	1.31015e-18
7692.00	1.40852e-18
7693.00	1.56111e-18
7694.00	1.40845e-18
7695.00	1.11773e-18
7696.00	9.96867e-19
7697.00	1.0888e-18
7698.00	1.38213e-18
7699.00	1.3342e-18
7700.00	1.15875e-18
7701.00	1.04228e-18
7702.00	1.34157e-18
7703.00	1.45384e-18
7704.00	1.37753e-18
7705.00	1.19321e-18
7706.00	1.44799e-18
7707.00	1.44755e-18
7708.00	1.14944e-18
7709.00	6.3968e-19
7710.00	1.56776e-18
7711.00	1.66688e-18
7712.00	9.79828e-19
7713.00	7.15412e-19
7714.00	1.1581e-18
7715.00	9.60156e-19
7716.00	9.62772e-20
7717.00	1.37321e-18
7718.00	1.59762e-18
7719.00	1.30857e-18
7720.00	1.14239e-18
7721.00	1.05804e-18
7722.00	1.35944e-18
7723.00	1.70486e-18
7724.00	1.41436e-18
7725.00	1.4414e-18
7726.00	1.52401e-18
7727.00	1.53902e-18
7728.00	1.30833e-18
7729.00	1.3031e-18
7730.00	1.25214e-18
7731.00	9.91775e-19
7732.00	7.81813e-19
7733.00	8.53039e-19
7734.00	1.01167e-18
7735.00	9.55182e-19
7736.00	1.00764e-18
7737.00	1.10336e-18
7738.00	1.1567e-18
7739.00	9.90056e-19
7740.00	6.74638e-19
7741.00	8.50526e-19
7742.00	1.61481e-18
7743.00	1.41103e-18
7744.00	1.39691e-18
7745.00	1.54759e-18
7746.00	1.72075e-18
7747.00	1.71713e-18
7748.00	1.08314e-18
7749.00	4.24135e-19
7750.00	1.21907e-18
7751.00	2.01287e-18
7752.00	2.03627e-18
7753.00	1.21891e-18
7754.00	9.95256e-19
7755.00	1.06921e-18
7756.00	1.36014e-18
7757.00	1.71809e-18
7758.00	1.27009e-18
7759.00	1.16552e-18
7760.00	1.44065e-18
7761.00	1.82238e-18
7762.00	2.20743e-18
7763.00	2.0416e-18
7764.00	1.47163e-18
7765.00	1.66196e-18
7766.00	1.54847e-18
7767.00	1.29608e-18
7768.00	1.05257e-18
7769.00	9.87364e-19
7770.00	1.16641e-18
7771.00	1.379e-18
7772.00	1.34916e-18
7773.00	1.82395e-18
7774.00	1.8028e-18
7775.00	1.24717e-18
7776.00	7.03733e-19
7777.00	6.99269e-19
7778.00	1.14997e-18
7779.00	1.80767e-18
7780.00	1.65991e-18
7781.00	1.53536e-18
7782.00	1.53769e-18
7783.00	1.70481e-18
7784.00	2.06682e-18
7785.00	1.86992e-18
7786.00	1.29695e-18
7787.00	1.02957e-18
7788.00	1.02201e-18
7789.00	1.07495e-18
7790.00	1.0686e-18
7791.00	8.67504e-19
7792.00	1.26769e-18
7793.00	1.40503e-18
7794.00	6.85953e-19
7795.00	8.15141e-19
7796.00	9.48895e-19
7797.00	9.99775e-19
7798.00	1.01955e-18
7799.00	1.39685e-18
7800.00	1.42397e-18
7801.00	1.13711e-18
7802.00	1.46624e-18
7803.00	1.3671e-18
7804.00	9.73419e-19
7805.00	5.06955e-19
7806.00	8.62226e-19
7807.00	8.06706e-19
7808.00	6.69231e-19
7809.00	1.0294e-18
7810.00	1.22578e-18
7811.00	1.13485e-18
7812.00	1.02609e-18
7813.00	1.7904e-18
7814.00	1.39242e-18
7815.00	1.06824e-18
7816.00	1.37417e-18
7817.00	1.93812e-18
7818.00	1.80911e-18
7819.00	1.31041e-18
7820.00	9.03403e-19
7821.00	1.57258e-18
7822.00	9.47421e-19
7823.00	1.82098e-19
7824.00	2.72786e-18
7825.00	2.18904e-18
7826.00	1.53971e-18
7827.00	1.67154e-18
7828.00	1.64317e-18
7829.00	1.59183e-18
7830.00	1.59601e-18
7831.00	1.63959e-18
7832.00	8.95849e-19
7833.00	7.16819e-19
7834.00	1.13898e-18
7835.00	1.91147e-18
7836.00	1.56832e-18
7837.00	1.10541e-18
7838.00	8.61676e-19
7839.00	8.37688e-19
7840.00	9.21413e-19
7841.00	9.87718e-19
7842.00	1.01853e-18
7843.00	1.52269e-18
7844.00	1.55682e-18
7845.00	1.29036e-18
7846.00	1.07194e-18
7847.00	1.58299e-18
7848.00	1.8079e-18
7849.00	1.43862e-18
7850.00	2.97463e-19
7851.00	-2.80335e-20
7852.00	5.82316e-19
7853.00	1.83833e-18
7854.00	1.89217e-18
7855.00	2.36016e-18
7856.00	2.2093e-18
7857.00	5.84794e-19
7858.00	1.25148e-18
7859.00	1.26911e-18
7860.00	6.80873e-19
7861.00	5.98478e-19
7862.00	1.02902e-18
7863.00	1.24922e-18
7864.00	1.1069e-18
7865.00	1.31514e-18
7866.00	6.57447e-19
7867.00	4.48325e-19
7868.00	1.51847e-18
7869.00	1.82104e-18
7870.00	1.42563e-18
7871.00	8.26093e-19
7872.00	7.436e-19
7873.00	1.15796e-18
7874.00	1.42737e-18
7875.00	1.36489e-18
7876.00	1.15499e-18
7877.00	4.78708e-19
7878.00	3.42745e-19
7879.00	1.048e-18
7880.00	3.71246e-19
7881.00	4.29727e-19
7882.00	9.18787e-19
7883.00	1.22431e-18
7884.00	1.04877e-18
7885.00	1.01765e-18
7886.00	1.19908e-18
7887.00	1.34119e-18
7888.00	1.86856e-18
7889.00	1.64039e-18
7890.00	4.74156e-19
7891.00	1.30508e-19
7892.00	8.77819e-21
7893.00	2.33675e-19
7894.00	8.92538e-19
7895.00	1.41266e-18
7896.00	1.56462e-18
7897.00	1.46874e-18
7898.00	1.43403e-18
7899.00	1.51579e-18
7900.00	1.31692e-18
7901.00	8.94269e-19
7902.00	9.77179e-19
7903.00	1.22224e-18
7904.00	1.40658e-18
7905.00	1.34226e-18
7906.00	9.01321e-19
7907.00	6.68265e-19
7908.00	6.19872e-19
7909.00	5.85492e-19
7910.00	1.04175e-18
7911.00	1.00912e-18
7912.00	5.39403e-19
7913.00	5.74742e-19
7914.00	1.16446e-18
7915.00	1.64343e-18
7916.00	1.61035e-18
7917.00	1.2481e-18
7918.00	8.91447e-19
7919.00	7.42768e-19
7920.00	9.76285e-19
7921.00	1.56811e-18
7922.00	1.8758e-18
7923.00	1.80187e-18
7924.00	1.48188e-18
7925.00	1.43757e-18
7926.00	1.52171e-18
7927.00	1.49353e-18
7928.00	4.80126e-19
7929.00	2.4505e-19
7930.00	5.48465e-19
7931.00	1.0499e-18
7932.00	1.49852e-18
7933.00	1.71074e-18
7934.00	1.60762e-18
7935.00	1.09278e-18
7936.00	1.18874e-18
7937.00	1.22485e-18
7938.00	1.11852e-18
7939.00	1.4468e-18
7940.00	1.41723e-18
7941.00	1.17868e-18
7942.00	9.09984e-19
7943.00	1.08277e-18
7944.00	9.92408e-19
7945.00	7.60238e-19
7946.00	6.76492e-19
7947.00	1.3191e-18
7948.00	1.66455e-18
7949.00	1.44883e-18
7950.00	7.76986e-19
7951.00	5.68672e-19
7952.00	7.92534e-19
7953.00	1.28257e-18
7954.00	1.19286e-18
7955.00	9.30123e-19
7956.00	7.50864e-19
7957.00	8.88351e-19
7958.00	1.12722e-18
7959.00	1.14128e-18
7960.00	1.10091e-18
7961.00	1.54541e-18
7962.00	2.09441e-18
7963.00	2.34543e-18
7964.00	2.08905e-18
7965.00	1.2707e-18
7966.00	1.31793e-18
7967.00	1.49846e-18
7968.00	1.14706e-18
7969.00	8.23618e-19
7970.00	1.06584e-18
7971.00	1.54176e-18
7972.00	1.53176e-18
7973.00	1.48129e-18
7974.00	1.48954e-18
7975.00	1.47945e-18
7976.00	1.00674e-18
7977.00	6.73846e-19
7978.00	6.9649e-19
7979.00	1.13214e-18
7980.00	1.278e-18
7981.00	1.46745e-18
7982.00	1.50843e-18
7983.00	1.11457e-18
7984.00	1.0012e-18
7985.00	1.00345e-18
7986.00	9.85322e-19
7987.00	6.29228e-19
7988.00	8.14101e-19
7989.00	1.0795e-18
7990.00	1.16167e-18
7991.00	9.57461e-19
7992.00	1.37036e-18
7993.00	1.88636e-18
7994.00	1.8612e-18
7995.00	9.6678e-19
7996.00	7.29968e-20
7997.00	-3.93462e-19
7998.00	-1.05146e-19
7999.00	1.24306e-18
8000.00	1.74558e-18
8001.00	8.81243e-19
8002.00	9.70289e-20
8003.00	4.25366e-19
8004.00	1.06932e-18
8005.00	1.30866e-18
8006.00	1.4704e-18
8007.00	1.36317e-18
8008.00	1.07153e-18
8009.00	7.45359e-19
8010.00	1.00544e-18
8011.00	1.07987e-18
8012.00	9.15831e-19
8013.00	1.26671e-18
8014.00	1.1796e-18
8015.00	9.51815e-19
8016.00	8.45971e-19
8017.00	1.24807e-18
8018.00	1.34347e-18
8019.00	1.15795e-18
8020.00	8.66162e-19
8021.00	1.25247e-18
8022.00	1.15477e-18
8023.00	8.75363e-19
8024.00	2.17063e-18
8025.00	1.60442e-18
8026.00	6.2206e-19
8027.00	8.29715e-20
8028.00	5.1858e-19
8029.00	5.7312e-19
8030.00	5.29581e-19
8031.00	7.60835e-19
8032.00	7.36553e-19
8033.00	8.03806e-19
8034.00	9.87412e-19
8035.00	1.21561e-18
8036.00	1.24871e-18
8037.00	1.28952e-18
8038.00	1.39531e-18
8039.00	1.47698e-18
8040.00	1.37393e-18
8041.00	1.28999e-18
8042.00	1.34857e-18
8043.00	1.06885e-18
8044.00	5.1172e-19
8045.00	1.3537e-19
8046.00	6.1255e-19
8047.00	1.3096e-18
8048.00	1.38835e-18
8049.00	9.34944e-19
8050.00	1.18543e-18
8051.00	1.50252e-18
8052.00	1.50027e-18
8053.00	1.0238e-18
8054.00	7.78442e-19
8055.00	8.91643e-19
8056.00	1.07191e-18
8057.00	9.45208e-19
8058.00	1.01734e-18
8059.00	1.43248e-18
8060.00	1.80857e-18
8061.00	1.03127e-18
8062.00	1.20262e-18
8063.00	1.45068e-18
8064.00	1.38148e-18
8065.00	1.05686e-18
8066.00	1.49924e-18
8067.00	1.73316e-18
8068.00	8.38523e-19
8069.00	7.26023e-19
8070.00	8.59622e-19
8071.00	9.89914e-19
8072.00	7.85839e-19
8073.00	9.42154e-19
8074.00	1.22386e-18
8075.00	1.41724e-18
8076.00	1.03615e-18
8077.00	8.85371e-19
8078.00	9.58565e-19
8079.00	1.19025e-18
8080.00	1.20385e-18
8081.00	1.23121e-18
8082.00	1.20975e-18
8083.00	9.91925e-19
8084.00	1.10474e-18
8085.00	1.25309e-18
8086.00	1.34922e-18
8087.00	1.40084e-18
8088.00	1.57616e-18
8089.00	1.61138e-18
8090.00	1.36769e-18
8091.00	1.02564e-18
8092.00	9.00194e-19
8093.00	1.01625e-18
8094.00	1.33893e-18
8095.00	1.41508e-18
8096.00	1.10786e-18
8097.00	7.2153e-19
8098.00	1.04396e-18
8099.00	1.44255e-18
8100.00	1.31684e-18
8101.00	6.67131e-19
8102.00	1.11831e-18
8103.00	1.08668e-18
8104.00	5.88146e-19
8105.00	-1.82726e-19
8106.00	-6.37275e-20
8107.00	2.8287e-20
8108.00	-2.7088e-21
8109.00	-4.53839e-23
8110.00	5.32747e-23
8111.00	0E-21
8112.00	0E-21
8113.00	0E-21
8114.00	0E-21
8115.00	0E-21
8116.00	0E-21
8117.00	0E-21
8118.00	0E-21
8119.00	0E-21
8120.00	0E-21
8121.00	0E-21
8122.00	0E-21
8123.00	0E-21
8124.00	0E-21
8125.00	0E-21
8126.00	4.58603e-24
8127.00	1.2175e-24
8128.00	-6.87397e-22
8129.00	6.59054e-21
8130.00	-5.15117e-21
8131.00	-5.84134e-20
8132.00	1.12249e-19
8133.00	4.52226e-19
8134.00	8.57902e-19
8135.00	1.13179e-18
8136.00	1.52442e-18
8137.00	1.51743e-18
8138.00	9.72295e-19
8139.00	3.31523e-19
8140.00	2.7734e-19
8141.00	6.07116e-19
8142.00	1.01717e-18
8143.00	6.97461e-19
8144.00	2.31974e-19
8145.00	1.0881e-19
8146.00	9.91884e-19
8147.00	1.68893e-18
8148.00	1.58822e-18
8149.00	8.33966e-19
8150.00	9.05842e-19
8151.00	8.75133e-19
8152.00	7.81342e-19
8153.00	6.87476e-19
8154.00	8.01472e-19
8155.00	1.03961e-18
8156.00	1.16988e-18
8157.00	8.9491e-19
8158.00	9.39058e-19
8159.00	1.09265e-18
8160.00	1.27344e-18
8161.00	1.44559e-18
8162.00	1.25583e-18
8163.00	9.78461e-19
8164.00	8.13955e-19
8165.00	9.06763e-19
8166.00	1.10745e-18
8167.00	1.2305e-18
8168.00	1.10231e-18
8169.00	1.06686e-18
8170.00	1.04921e-18
8171.00	1.02921e-18
8172.00	9.57907e-19
8173.00	1.18761e-18
8174.00	1.25512e-18
8175.00	1.04834e-18
8176.00	1.00728e-18
8177.00	1.19149e-18
8178.00	1.02621e-18
8179.00	1.56093e-19
8180.00	5.12738e-19
8181.00	9.8966e-19
8182.00	1.32223e-18
8183.00	1.39803e-18
8184.00	1.45478e-18
8185.00	1.44053e-18
8186.00	1.3991e-18
8187.00	1.54627e-18
8188.00	1.27855e-18
8189.00	9.62674e-19
8190.00	8.76639e-19
8191.00	1.00043e-18
8192.00	1.18256e-18
8193.00	1.31663e-18
8194.00	1.29893e-18
8195.00	1.14348e-18
8196.00	1.00003e-18
8197.00	9.06672e-19
8198.00	8.15384e-19
8199.00	8.08781e-19
8200.00	8.55894e-19
8201.00	9.13148e-19
8202.00	8.34343e-19
8203.00	8.85205e-19
8204.00	1.03237e-18
8205.00	1.20049e-18
8206.00	1.08864e-18
8207.00	1.08706e-18
8208.00	1.08639e-18
8209.00	6.14971e-19
8210.00	6.79621e-19
8211.00	9.0095e-19
8212.00	1.07794e-18
8213.00	1.01571e-18
8214.00	1.01837e-18
8215.00	9.12657e-19
8216.00	5.78254e-19
8217.00	3.68075e-19
8218.00	7.42708e-19
8219.00	1.25749e-18
8220.00	1.0566e-18
8221.00	9.26193e-19
8222.00	1.17778e-18
8223.00	1.70513e-18
8224.00	1.77736e-18
8225.00	1.39486e-18
8226.00	1.27756e-18
8227.00	1.7797e-18
8228.00	1.72411e-18
8229.00	1.68255e-18
8230.00	1.66315e-18
8231.00	1.5975e-18
8232.00	1.57294e-18
8233.00	1.53839e-18
8234.00	1.28101e-18
8235.00	1.54839e-19
8236.00	3.38729e-19
8237.00	8.88741e-19
8238.00	1.26923e-18
8239.00	1.38163e-18
8240.00	1.27911e-18
8241.00	1.06403e-18
8242.00	8.57934e-19
8243.00	1.0087e-18
8244.00	9.70717e-19
8245.00	7.93684e-19
8246.00	8.23872e-19
8247.00	8.32198e-19
8248.00	7.65501e-19
8249.00	6.70904e-19
8250.00	8.86836e-19
8251.00	8.26643e-19
8252.00	7.01962e-19
8253.00	6.9067e-19
8254.00	5.77471e-19
8255.00	4.69707e-19
8256.00	4.39969e-19
8257.00	5.82564e-19
8258.00	4.76378e-19
8259.00	4.18489e-19
8260.00	4.68738e-19
8261.00	5.36501e-19
8262.00	3.28866e-19
8263.00	1.89698e-19
8264.00	3.4179e-19
8265.00	6.77259e-19
8266.00	8.70182e-19
8267.00	1.08082e-18
8268.00	1.54977e-18
8269.00	1.4677e-18
8270.00	1.30463e-18
8271.00	1.20751e-18
8272.00	1.21485e-18
8273.00	1.35437e-18
8274.00	1.16043e-18
8275.00	5.32521e-19
8276.00	1.26185e-19
8277.00	6.10657e-19
8278.00	1.2846e-18
8279.00	1.4178e-18
8280.00	1.72795e-18
8281.00	1.75511e-18
8282.00	1.33648e-18
8283.00	2.08419e-19
8284.00	3.53176e-19
8285.00	1.03948e-18
8286.00	1.72695e-18
8287.00	1.5108e-18
8288.00	9.97699e-19
8289.00	3.92098e-19
8290.00	-3.44494e-20
8291.00	7.64228e-19
8292.00	9.68575e-19
8293.00	6.47635e-19
8294.00	3.39581e-19
8295.00	8.00865e-19
8296.00	1.20471e-18
8297.00	1.23169e-18
8298.00	7.98467e-19
8299.00	1.94973e-19
8300.00	3.01254e-19
8301.00	1.35525e-18
8302.00	1.09236e-18
8303.00	1.12939e-18
8304.00	1.32595e-18
8305.00	1.32106e-18
8306.00	1.55332e-18
8307.00	1.26874e-18
8308.00	7.58647e-19
8309.00	1.21717e-18
8310.00	1.10335e-18
8311.00	8.11161e-19
8312.00	5.22426e-19
8313.00	2.06574e-19
8314.00	5.98763e-19
8315.00	1.01955e-18
8316.00	8.0683e-19
8317.00	7.57294e-19
8318.00	8.34108e-19
8319.00	7.93889e-19
8320.00	1.07279e-19
8321.00	3.35341e-19
8322.00	6.93879e-19
8323.00	9.10086e-19
8324.00	1.12138e-18
8325.00	9.82548e-19
8326.00	9.82037e-19
8327.00	1.41267e-18
8328.00	1.3321e-18
8329.00	1.49774e-18
8330.00	1.68074e-18
8331.00	1.40258e-18
8332.00	9.00891e-19
8333.00	7.16417e-19
8334.00	9.02046e-19
8335.00	1.08642e-18
8336.00	9.07151e-19
8337.00	8.0388e-19
8338.00	1.0106e-18
8339.00	1.22169e-18
8340.00	1.41555e-18
8341.00	1.61627e-18
8342.00	1.85809e-18
8343.00	2.07564e-18
8344.00	2.42337e-18
8345.00	2.61572e-18
8346.00	1.85987e-18
8347.00	1.72833e-18
8348.00	1.60508e-18
8349.00	1.23934e-18
8350.00	7.0628e-19
8351.00	1.37461e-19
8352.00	2.40546e-19
8353.00	1.50635e-18
8354.00	1.88347e-18
8355.00	1.60055e-18
8356.00	9.99819e-19
8357.00	6.17723e-19
8358.00	6.62086e-19
8359.00	9.00541e-19
8360.00	1.21962e-18
8361.00	1.6778e-18
8362.00	1.35879e-18
8363.00	7.35122e-19
8364.00	3.27249e-19
8365.00	1.28692e-18
8366.00	1.43642e-18
8367.00	1.00565e-18
8368.00	7.64834e-19
8369.00	1.13125e-18
8370.00	1.13747e-18
8371.00	7.58212e-19
8372.00	7.81777e-19
8373.00	7.8233e-19
8374.00	6.80572e-19
8375.00	5.08267e-19
8376.00	7.53723e-19
8377.00	1.0885e-18
8378.00	1.33172e-18
8379.00	1.32829e-18
8380.00	1.36323e-18
8381.00	1.65546e-18
8382.00	1.93896e-18
8383.00	1.49976e-18
8384.00	1.02662e-18
8385.00	9.86561e-19
8386.00	1.39736e-18
8387.00	1.23792e-18
8388.00	7.74238e-19
8389.00	5.2199e-19
8390.00	8.989e-19
8391.00	1.37576e-18
8392.00	1.39514e-18
8393.00	1.11427e-18
8394.00	9.79845e-19
8395.00	1.29136e-18
8396.00	1.84451e-18
8397.00	2.22845e-18
8398.00	1.43621e-18
8399.00	1.87206e-19
8400.00	-4.84933e-19
8401.00	6.98717e-20
8402.00	8.62558e-19
8403.00	1.45632e-18
8404.00	1.65544e-18
8405.00	1.32631e-18
8406.00	1.29911e-18
8407.00	1.23411e-18
8408.00	1.07247e-18
8409.00	8.43928e-19
8410.00	9.24004e-19
8411.00	1.05244e-18
8412.00	1.00166e-18
8413.00	2.92966e-19
8414.00	3.21986e-19
8415.00	8.07912e-19
8416.00	1.2796e-18
8417.00	1.39549e-18
8418.00	1.25562e-18
8419.00	1.04752e-18
8420.00	1.11754e-18
8421.00	1.08837e-18
8422.00	1.16931e-18
8423.00	1.26482e-18
8424.00	5.89441e-19
8425.00	2.59385e-19
8426.00	6.50618e-19
8427.00	1.84642e-18
8428.00	1.69453e-18
8429.00	1.18001e-18
8430.00	9.63511e-19
8431.00	1.94892e-18
8432.00	7.13898e-19
8433.00	6.67185e-19
8434.00	1.86651e-18
8435.00	3.97602e-19
8436.00	3.50075e-19
8437.00	8.56212e-19
8438.00	1.2349e-18
8439.00	1.20583e-18
8440.00	1.14906e-18
8441.00	1.05694e-18
8442.00	8.56603e-19
8443.00	9.63196e-19
8444.00	1.12215e-18
8445.00	1.16727e-18
8446.00	8.48326e-19
8447.00	6.85114e-19
8448.00	6.26975e-19
8449.00	6.4201e-19
8450.00	6.38196e-19
8451.00	6.58573e-19
8452.00	8.80207e-19
8453.00	1.42665e-18
8454.00	1.22124e-18
8455.00	4.62226e-19
8456.00	-5.32907e-20
8457.00	1.32151e-18
8458.00	1.43756e-18
8459.00	1.0714e-18
8460.00	6.3932e-19
8461.00	6.9916e-19
8462.00	1.13208e-18
8463.00	1.92766e-18
8464.00	2.80661e-18
8465.00	9.07229e-19
8466.00	3.97022e-19
8467.00	9.48184e-19
8468.00	9.11436e-19
8469.00	2.66984e-19
8470.00	-1.97377e-19
8471.00	-1.28272e-19
8472.00	6.2e-19
8473.00	1.30509e-18
8474.00	1.57824e-18
8475.00	1.26429e-18
8476.00	8.36971e-19
8477.00	7.61528e-19
8478.00	8.83981e-19
8479.00	9.22173e-19
8480.00	9.75047e-19
8481.00	1.10487e-18
8482.00	1.1045e-18
8483.00	3.35364e-19
8484.00	3.12686e-19
8485.00	6.77704e-19
8486.00	1.13931e-18
8487.00	1.11594e-18
8488.00	1.08083e-18
8489.00	1.08389e-18
8490.00	1.14727e-18
8491.00	1.41076e-18
8492.00	1.38779e-18
8493.00	1.1466e-18
8494.00	9.6405e-19
8495.00	1.63653e-18
8496.00	1.75484e-18
8497.00	1.03496e-18
8498.00	6.88857e-19
8499.00	1.0367e-18
8500.00	1.18885e-18
8501.00	5.99904e-19
8502.00	1.34573e-18
8503.00	2.04859e-18
8504.00	2.2053e-18
8505.00	1.36875e-18
8506.00	1.20796e-18
8507.00	1.44154e-18
8508.00	1.77716e-18
8509.00	1.54849e-18
8510.00	1.11294e-18
8511.00	9.01546e-19
8512.00	1.09792e-18
8513.00	9.26137e-19
8514.00	8.53732e-19
8515.00	8.58453e-19
8516.00	8.56754e-19
8517.00	1.00624e-18
8518.00	1.07962e-18
8519.00	1.03866e-18
8520.00	9.33813e-19
8521.00	9.04735e-19
8522.00	9.04426e-19
8523.00	9.06954e-19
8524.00	8.45042e-19
8525.00	1.15987e-18
8526.00	1.46502e-18
8527.00	1.35495e-18
8528.00	9.01858e-19
8529.00	9.73134e-19
8530.00	1.16943e-18
8531.00	3.04845e-19
8532.00	4.14541e-19
8533.00	7.89772e-19
8534.00	1.13757e-18
8535.00	1.35915e-18
8536.00	1.2905e-18
8537.00	1.10743e-18
8538.00	1.0072e-18
8539.00	1.47162e-18
8540.00	1.35761e-18
8541.00	9.36791e-19
8542.00	8.62902e-19
8543.00	1.33225e-18
8544.00	1.34982e-18
8545.00	8.09192e-19
8546.00	3.34327e-19
8547.00	4.38648e-19
8548.00	7.85466e-19
8549.00	1.09443e-18
8550.00	1.02616e-18
8551.00	1.10729e-18
8552.00	1.20634e-18
8553.00	1.10637e-18
8554.00	9.27791e-19
8555.00	9.36803e-19
8556.00	1.11079e-18
8557.00	1.26866e-18
8558.00	9.9836e-19
8559.00	8.85422e-19
8560.00	1.14377e-18
8561.00	1.39286e-18
8562.00	1.39464e-18
8563.00	1.38121e-18
8564.00	1.50896e-18
8565.00	4.20979e-19
8566.00	3.22001e-19
8567.00	1.04104e-18
8568.00	1.51645e-18
8569.00	1.34805e-18
8570.00	1.17356e-18
8571.00	1.1721e-18
8572.00	9.80827e-19
8573.00	1.2175e-18
8574.00	1.53116e-18
8575.00	1.59296e-18
8576.00	1.02565e-18
8577.00	8.4625e-19
8578.00	1.0958e-18
8579.00	1.61012e-18
8580.00	1.53609e-18
8581.00	1.35892e-18
8582.00	1.16803e-18
8583.00	7.1665e-19
8584.00	1.02802e-18
8585.00	1.27487e-18
8586.00	1.02844e-18
8587.00	7.41933e-19
8588.00	1.10814e-18
8589.00	1.61316e-18
8590.00	1.59496e-18
8591.00	1.43985e-18
8592.00	1.32e-18
8593.00	1.28269e-18
8594.00	1.33522e-18
8595.00	1.03215e-18
8596.00	8.19462e-19
8597.00	8.84147e-19
8598.00	1.12274e-18
8599.00	1.04643e-18
8600.00	8.82889e-19
8601.00	8.68113e-19
8602.00	9.7197e-19
8603.00	7.56882e-19
8604.00	3.96833e-19
8605.00	3.20975e-19
8606.00	6.40191e-19
8607.00	7.25856e-19
8608.00	4.84694e-19
8609.00	4.6331e-19
8610.00	5.8243e-19
8611.00	9.24371e-19
8612.00	1.42744e-18
8613.00	1.20842e-18
8614.00	7.3189e-19
8615.00	5.18911e-19
8616.00	1.17773e-18
8617.00	1.82422e-18
8618.00	2.02638e-18
8619.00	1.59226e-18
8620.00	3.42238e-19
8621.00	1.36177e-19
8622.00	2.55371e-19
8623.00	4.54242e-19
8624.00	1.76779e-18
8625.00	2.22823e-18
8626.00	2.0093e-18
8627.00	1.54673e-18
8628.00	1.54661e-18
8629.00	8.18291e-19
8630.00	-1.49375e-19
8631.00	2.78129e-19
8632.00	6.39312e-19
8633.00	9.06126e-19
8634.00	1.10536e-18
8635.00	1.79206e-18
8636.00	1.62877e-18
8637.00	1.28994e-18
8638.00	1.3365e-18
8639.00	4.01048e-19
8640.00	-1.82056e-19
8641.00	-4.71577e-20
8642.00	1.06107e-18
8643.00	1.08698e-18
8644.00	9.0292e-19
8645.00	8.55457e-19
8646.00	1.18703e-18
8647.00	1.03193e-18
8648.00	5.81451e-19
8649.00	6.03032e-20
8650.00	-9.77729e-20
8651.00	4.36902e-19
8652.00	1.15326e-18
8653.00	1.32544e-18
8654.00	8.76412e-19
8655.00	6.38912e-19
8656.00	8.99571e-19
8657.00	1.83992e-18
8658.00	1.35803e-18
8659.00	1.15725e-18
8660.00	1.94903e-18
8661.00	2.42564e-18
8662.00	1.98759e-18
8663.00	1.38938e-18
8664.00	1.46905e-18
8665.00	1.246e-18
8666.00	1.23701e-18
8667.00	1.57347e-18
8668.00	2.53936e-18
8669.00	1.29069e-18
8670.00	2.60761e-20
8671.00	-3.83453e-19
8672.00	-4.92758e-19
8673.00	-1.46848e-19
8674.00	7.56086e-19
8675.00	2.10944e-18
8676.00	2.08702e-18
8677.00	1.57373e-18
8678.00	1.0052e-18
8679.00	8.12323e-19
8680.00	1.05414e-18
8681.00	1.37166e-18
8682.00	1.46565e-18
8683.00	7.98381e-19
8684.00	7.99709e-19
8685.00	1.13194e-18
8686.00	1.52635e-18
8687.00	1.81887e-18
8688.00	2.16921e-18
8689.00	2.24227e-18
8690.00	1.609e-18
8691.00	1.27004e-18
8692.00	1.25383e-18
8693.00	1.43541e-18
8694.00	1.41922e-18
8695.00	1.50297e-18
8696.00	1.43868e-18
8697.00	1.18124e-18
8698.00	1.15843e-18
8699.00	1.31684e-18
8700.00	1.43142e-18
8701.00	1.28951e-18
8702.00	1.30595e-18
8703.00	9.55178e-19
8704.00	4.64874e-19
8705.00	4.64614e-19
8706.00	8.81413e-19
8707.00	9.75695e-19
8708.00	6.78916e-19
8709.00	1.111e-18
8710.00	1.36971e-18
8711.00	1.35178e-18
8712.00	1.05729e-18
8713.00	1.11621e-18
8714.00	1.04899e-18
8715.00	8.95363e-19
8716.00	8.2907e-19
8717.00	8.71384e-19
8718.00	7.74108e-19
8719.00	5.71182e-19
8720.00	6.49448e-19
8721.00	6.22138e-19
8722.00	5.93914e-19
8723.00	6.34777e-19
8724.00	7.1572e-19
8725.00	1.02883e-18
8726.00	1.30553e-18
8727.00	1.19623e-18
8728.00	9.16845e-19
8729.00	7.54821e-19
8730.00	8.13987e-19
8731.00	1.19509e-18
8732.00	8.35385e-19
8733.00	5.62353e-19
8734.00	7.13366e-19
8735.00	7.49095e-19
8736.00	1.13451e-18
8737.00	1.37278e-18
8738.00	1.0046e-18
8739.00	1.17546e-18
8740.00	1.21036e-18
8741.00	1.04703e-18
8742.00	7.98637e-19
8743.00	7.29034e-19
8744.00	7.06553e-19
8745.00	7.05603e-19
8746.00	8.31332e-19
8747.00	8.69936e-19
8748.00	7.74296e-19
8749.00	5.77939e-19
8750.00	9.28548e-19
8751.00	9.07266e-19
8752.00	6.78282e-19
8753.00	7.06274e-19
8754.00	7.11432e-19
8755.00	5.36449e-19
8756.00	2.68022e-19
8757.00	2.303e-19
8758.00	1.04019e-18
8759.00	2.08301e-18
8760.00	2.7195e-18
8761.00	1.66607e-18
8762.00	4.40282e-19
8763.00	-1.96927e-20
8764.00	1.12384e-18
8765.00	1.85111e-18
8766.00	1.91512e-18
8767.00	1.28229e-18
8768.00	-8.37068e-20
8769.00	6.99963e-19
8770.00	1.28824e-18
8771.00	8.0351e-19
8772.00	6.76047e-19
8773.00	1.08361e-18
8774.00	1.45538e-18
8775.00	1.25842e-18
8776.00	1.20163e-18
8777.00	1.04703e-18
8778.00	1.07081e-18
8779.00	1.92475e-18
8780.00	1.68555e-18
8781.00	9.15898e-19
8782.00	1.56668e-19
8783.00	6.15205e-19
8784.00	1.0238e-18
8785.00	1.15145e-18
8786.00	9.29903e-19
8787.00	1.21693e-18
8788.00	1.49097e-18
8789.00	1.52706e-18
8790.00	1.11064e-18
8791.00	8.40085e-19
8792.00	8.69244e-19
8793.00	1.14721e-18
8794.00	1.39844e-18
8795.00	1.12174e-18
8796.00	8.87649e-19
8797.00	9.8065e-19
8798.00	9.49814e-19
8799.00	4.75717e-19
8800.00	9.63954e-20
8801.00	4.56935e-19
8802.00	1.10577e-18
8803.00	1.25913e-18
8804.00	1.01073e-18
8805.00	1.085e-18
8806.00	1.04136e-18
8807.00	1.05699e-18
8808.00	1.17287e-18
8809.00	1.21158e-18
8810.00	1.38438e-18
8811.00	1.30506e-18
8812.00	6.98818e-19
8813.00	8.54148e-19
8814.00	9.96607e-19
8815.00	1.05359e-18
8816.00	1.17631e-18
8817.00	8.05156e-19
8818.00	8.51216e-19
8819.00	1.34898e-18
8820.00	1.16695e-18
8821.00	9.69419e-19
8822.00	9.45231e-19
8823.00	1.22588e-18
8824.00	1.82825e-18
8825.00	1.71012e-18
8826.00	1.00659e-18
8827.00	1.00552e-19
8828.00	1.94443e-18
8829.00	2.33558e-18
8830.00	1.25968e-18
8831.00	2.5062e-18
8832.00	1.83282e-18
8833.00	1.00018e-18
8834.00	9.27924e-19
8835.00	9.82004e-19
8836.00	3.18315e-19
8837.00	-1.26965e-19
8838.00	7.46477e-19
8839.00	2.03055e-18
8840.00	1.6527e-18
8841.00	2.15288e-19
8842.00	1.46682e-19
8843.00	5.43851e-19
8844.00	9.35031e-19
8845.00	1.09797e-18
8846.00	1.3201e-18
8847.00	1.51935e-18
8848.00	1.49052e-18
8849.00	1.14126e-18
8850.00	1.58246e-18
8851.00	1.85607e-18
8852.00	1.70908e-18
8853.00	9.88763e-19
8854.00	6.54799e-19
8855.00	7.4623e-19
8856.00	1.07685e-18
8857.00	8.74139e-19
8858.00	7.81165e-19
8859.00	1.17964e-18
8860.00	2.08901e-18
8861.00	1.6029e-18
8862.00	8.5324e-19
8863.00	5.22797e-19
8864.00	1.30647e-18
8865.00	1.61854e-18
8866.00	1.70077e-18
8867.00	1.66123e-18
8868.00	1.78921e-18
8869.00	1.06419e-18
8870.00	3.51414e-19
8871.00	2.36709e-19
8872.00	1.18294e-18
8873.00	1.17245e-18
8874.00	6.78696e-19
8875.00	4.45613e-19
8876.00	8.80706e-19
8877.00	1.16017e-18
8878.00	1.2248e-18
8879.00	1.44928e-18
8880.00	1.04843e-18
8881.00	2.81354e-19
8882.00	-4.41991e-19
8883.00	-4.02787e-20
8884.00	1.05087e-18
8885.00	2.21434e-18
8886.00	2.85002e-18
8887.00	2.50724e-18
8888.00	1.21351e-18
8889.00	-1.42755e-19
8890.00	-1.7367e-19
8891.00	-6.08871e-20
8892.00	1.8388e-19
8893.00	3.6083e-19
8894.00	-2.02104e-20
8895.00	2.07983e-20
8896.00	6.00091e-19
8897.00	1.55294e-18
8898.00	1.14698e-18
8899.00	9.96686e-19
8900.00	1.20678e-18
8901.00	1.63704e-18
8902.00	8.72539e-19
8903.00	2.22636e-19
8904.00	9.81126e-20
8905.00	4.74649e-19
8906.00	1.75243e-18
8907.00	2.22523e-18
8908.00	1.3171e-18
8909.00	1.24469e-18
8910.00	1.26363e-18
8911.00	1.25109e-18
8912.00	1.12656e-18
8913.00	9.27722e-19
8914.00	9.29804e-19
8915.00	1.32715e-18
8916.00	2.50547e-18
8917.00	2.44386e-18
8918.00	2.05161e-18
8919.00	1.66322e-18
8920.00	1.14348e-18
8921.00	6.15039e-19
8922.00	1.80002e-19
8923.00	-2.01999e-20
8924.00	5.93669e-19
8925.00	1.24602e-18
8926.00	1.43279e-18
8927.00	5.50928e-19
8928.00	8.70044e-19
8929.00	1.27563e-18
8930.00	1.28702e-18
8931.00	4.68508e-19
8932.00	3.10029e-19
8933.00	5.60132e-19
8934.00	9.01174e-19
8935.00	2.93236e-19
8936.00	4.11575e-19
8937.00	9.08866e-19
8938.00	1.09749e-18
8939.00	1.54415e-18
8940.00	1.70313e-18
8941.00	1.33396e-18
8942.00	8.47122e-20
8943.00	-5.99402e-20
8944.00	7.83853e-20
8945.00	1.01011e-19
8946.00	8.02167e-20
8947.00	2.88964e-19
8948.00	6.56293e-19
8949.00	1.07298e-18
8950.00	1.39714e-18
8951.00	1.30782e-18
8952.00	1.05934e-18
8953.00	1.27499e-18
8954.00	1.54779e-18
8955.00	1.56792e-18
8956.00	1.18234e-18
8957.00	2.66226e-19
8958.00	5.77334e-19
8959.00	1.28548e-18
8960.00	1.61452e-18
8961.00	1.34103e-18
8962.00	1.25274e-18
8963.00	1.18244e-18
8964.00	6.32134e-19
8965.00	1.27715e-18
8966.00	1.76729e-18
8967.00	1.79867e-18
8968.00	1.91162e-18
8969.00	1.4085e-18
8970.00	5.31642e-19
8971.00	-3.1108e-19
8972.00	2.47897e-19
8973.00	1.54087e-18
8974.00	2.36752e-18
8975.00	1.43161e-18
8976.00	9.04485e-19
8977.00	8.06949e-19
8978.00	8.5443e-19
8979.00	1.00993e-19
8980.00	5.10751e-19
8981.00	1.0957e-18
8982.00	1.18736e-18
8983.00	-1.00683e-19
8984.00	-4.93192e-19
8985.00	-7.87207e-20
8986.00	7.80134e-19
8987.00	2.92005e-19
8988.00	1.10255e-18
8989.00	2.5248e-18
8990.00	2.30898e-18
8991.00	1.66673e-18
8992.00	1.48392e-18
8993.00	1.80176e-18
8994.00	1.06809e-18
8995.00	9.97854e-19
8996.00	1.26636e-18
8997.00	1.56733e-18
8998.00	2.04374e-18
8999.00	1.00407e-18
9000.00	-2.00427e-19
9001.00	7.59268e-19
9002.00	2.52347e-18
9003.00	2.23555e-18
9004.00	2.75973e-19
9005.00	6.93127e-19
9006.00	1.07901e-18
9007.00	1.02535e-18
9008.00	4.53441e-19
9009.00	8.43905e-19
9010.00	4.63924e-19
9011.00	3.15718e-19
9012.00	1.70477e-18
9013.00	2.05493e-18
9014.00	2.24572e-18
9015.00	2.45645e-18
9016.00	2.81083e-18
9017.00	1.73362e-18
9018.00	1.31647e-18
9019.00	2.16417e-18
9020.00	2.30709e-18
9021.00	1.24208e-18
9022.00	2.83012e-20
9023.00	-2.96074e-19
9024.00	-2.2599e-19
9025.00	3.02102e-19
9026.00	8.95325e-19
9027.00	8.97148e-19
9028.00	5.80518e-19
9029.00	7.65634e-19
9030.00	1.47003e-18
9031.00	1.49768e-18
9032.00	1.57603e-18
9033.00	1.35043e-18
9034.00	6.74665e-19
9035.00	4.92648e-19
9036.00	1.31344e-18
9037.00	2.33542e-18
9038.00	2.33787e-18
9039.00	1.36742e-18
9040.00	7.60491e-19
9041.00	7.68824e-19
9042.00	8.03936e-19
9043.00	4.45544e-19
9044.00	6.06423e-19
9045.00	1.57821e-18
9046.00	1.86654e-18
9047.00	1.32832e-18
9048.00	5.88674e-19
9049.00	3.90754e-19
9050.00	8.14427e-19
9051.00	6.14537e-19
9052.00	2.68448e-19
9053.00	1.7517e-18
9054.00	1.28128e-18
9055.00	1.17506e-18
9056.00	2.03298e-18
9057.00	1.97965e-18
9058.00	8.79785e-19
9059.00	-1.20846e-19
9060.00	1.99642e-21
9061.00	4.58169e-19
9062.00	7.35994e-19
9063.00	8.87883e-19
9064.00	1.29367e-18
9065.00	5.31322e-19
9066.00	1.39898e-19
9067.00	5.08069e-19
9068.00	9.49305e-19
9069.00	1.11051e-18
9070.00	9.19849e-19
9071.00	4.16614e-19
9072.00	1.20801e-19
9073.00	7.32944e-19
9074.00	1.54397e-18
9075.00	1.45764e-18
9076.00	1.28841e-18
9077.00	1.05171e-18
9078.00	9.0694e-19
9079.00	1.16428e-18
9080.00	1.5421e-18
9081.00	1.57415e-18
9082.00	1.12757e-18
9083.00	1.07647e-18
9084.00	1.20373e-18
9085.00	1.25887e-18
9086.00	9.83134e-19
9087.00	3.31778e-19
9088.00	3.29843e-20
9089.00	1.90394e-19
9090.00	6.9535e-19
9091.00	5.12741e-19
9092.00	7.50059e-19
9093.00	1.54143e-18
9094.00	1.41582e-18
9095.00	7.8511e-19
9096.00	-2.33428e-20
9097.00	-6.46744e-19
9098.00	-3.8837e-19
9099.00	4.76466e-19
9100.00	1.52324e-18
9101.00	2.19438e-18
9102.00	2.12669e-18
9103.00	1.89376e-18
9104.00	1.76752e-18
9105.00	1.94708e-18
9106.00	1.35641e-18
9107.00	8.24486e-19
9108.00	8.79944e-19
9109.00	8.35977e-19
9110.00	9.13678e-19
9111.00	9.27979e-19
9112.00	6.1798e-19
9113.00	1.99255e-19
9114.00	2.42186e-19
9115.00	7.70997e-19
9116.00	1.38833e-18
9117.00	2.01727e-18
9118.00	2.22178e-18
9119.00	1.84614e-18
9120.00	1.46447e-18
9121.00	1.01249e-18
9122.00	8.01736e-19
9123.00	1.12906e-18
9124.00	1.47518e-18
9125.00	1.48436e-18
9126.00	1.14426e-18
9127.00	5.7673e-19
9128.00	4.44183e-19
9129.00	7.67882e-19
9130.00	1.30944e-18
9131.00	9.93325e-19
9132.00	9.22044e-19
9133.00	1.08088e-18
9134.00	1.40104e-18
9135.00	1.75984e-18
9136.00	1.69135e-18
9137.00	1.33073e-18
9138.00	9.94188e-19
9139.00	1.6178e-18
9140.00	1.68738e-18
9141.00	1.10188e-18
9142.00	1.34398e-18
9143.00	1.12658e-18
9144.00	5.03774e-19
9145.00	-2.13292e-19
9146.00	9.21103e-19
9147.00	1.1687e-18
9148.00	9.31949e-19
9149.00	1.15845e-18
9150.00	1.20889e-18
9151.00	1.4815e-18
9152.00	1.77811e-18
9153.00	1.40127e-18
9154.00	5.52692e-19
9155.00	3.58011e-19
9156.00	1.05048e-18
9157.00	3.47914e-19
9158.00	7.48086e-19
9159.00	1.31442e-18
9160.00	9.53955e-19
9161.00	9.39726e-19
9162.00	9.64981e-19
9163.00	1.05948e-18
9164.00	1.38549e-18
9165.00	1.62052e-18
9166.00	1.50127e-18
9167.00	1.05408e-18
9168.00	9.2085e-19
9169.00	4.44027e-19
9170.00	3.24126e-20
9171.00	6.13122e-20
9172.00	6.03374e-19
9173.00	1.33436e-18
9174.00	1.79185e-18
9175.00	1.36916e-18
9176.00	1.22898e-18
9177.00	9.29315e-19
9178.00	5.25544e-19
9179.00	5.0356e-19
9180.00	6.77138e-19
9181.00	1.17061e-18
9182.00	1.8489e-18
9183.00	1.36555e-18
9184.00	9.10767e-19
9185.00	6.35148e-19
9186.00	5.47866e-19
9187.00	5.37316e-19
9188.00	1.01527e-18
9189.00	1.58204e-18
9190.00	1.03428e-18
9191.00	5.48581e-19
9192.00	1.70806e-19
9193.00	6.89674e-20
9194.00	7.17894e-19
9195.00	1.18827e-18
9196.00	1.15037e-18
9197.00	4.47333e-19
9198.00	6.00655e-19
9199.00	1.02362e-18
9200.00	1.43367e-18
9201.00	1.53396e-18
9202.00	1.34856e-18
9203.00	1.05683e-18
9204.00	8.6933e-19
9205.00	1.22973e-18
9206.00	1.50296e-18
9207.00	1.29058e-18
9208.00	4.40742e-19
9209.00	3.76201e-19
9210.00	3.6124e-19
9211.00	1.83333e-19
9212.00	-3.38854e-19
9213.00	7.27447e-20
9214.00	5.78766e-19
9215.00	7.16487e-19
9216.00	-2.83469e-19
9217.00	7.91864e-19
9218.00	2.39775e-18
9219.00	3.21497e-18
9220.00	1.2368e-18
9221.00	1.0902e-18
9222.00	1.69166e-18
9223.00	1.16405e-18
9224.00	1.67252e-18
9225.00	1.49093e-18
9226.00	8.27192e-19
9227.00	1.16062e-18
9228.00	1.39429e-18
9229.00	1.81755e-18
9230.00	2.21758e-18
9231.00	1.0124e-18
9232.00	7.54496e-19
9233.00	1.12984e-18
9234.00	1.60841e-18
9235.00	1.33796e-18
9236.00	1.34049e-18
9237.00	1.82108e-18
9238.00	2.83031e-18
9239.00	3.21457e-18
9240.00	2.98674e-18
9241.00	2.11722e-18
9242.00	4.34636e-19
9243.00	1.16347e-20
9244.00	4.97662e-19
9245.00	1.41089e-18
9246.00	1.43699e-18
9247.00	1.8861e-18
9248.00	2.21989e-18
9249.00	1.41759e-18
9250.00	1.61995e-19
9251.00	-2.44353e-19
9252.00	2.064e-19
9253.00	1.52697e-19
9254.00	5.83986e-19
9255.00	1.0598e-18
9256.00	1.22932e-18
9257.00	6.24472e-19
9258.00	4.19085e-19
9259.00	6.40417e-19
9260.00	1.13168e-18
9261.00	8.02232e-19
9262.00	-5.14659e-20
9263.00	-7.87039e-19
9264.00	-1.51805e-19
9265.00	6.70441e-19
9266.00	9.99546e-19
9267.00	5.64946e-19
9268.00	-7.62939e-20
9269.00	-9.63292e-20
9270.00	7.90065e-20
9271.00	2.14711e-20
9272.00	1.42162e-19
9273.00	1.11263e-19
9274.00	1.9218e-19
9275.00	9.96398e-19
9276.00	1.06953e-18
9277.00	1.21864e-18
9278.00	1.46972e-18
9279.00	8.74925e-19
9280.00	5.50482e-19
9281.00	1.17494e-18
9282.00	2.88388e-18
9283.00	2.8612e-18
9284.00	2.22594e-18
9285.00	1.61654e-18
9286.00	1.71638e-18
9287.00	1.21202e-18
9288.00	4.20888e-19
9289.00	-5.64927e-20
9290.00	1.29604e-18
9291.00	1.59908e-18
9292.00	1.17454e-18
9293.00	5.73028e-19
9294.00	2.20579e-18
9295.00	2.30224e-18
9296.00	1.19105e-18
9297.00	-2.63695e-19
9298.00	-6.80341e-20
9299.00	1.51742e-19
9300.00	3.74306e-19
9301.00	1.50583e-18
9302.00	1.69919e-18
9303.00	2.02523e-18
9304.00	2.01442e-18
9305.00	2.00361e-18
9306.00	1.99279e-18
9307.00	1.98198e-18
9308.00	1.97116e-18
9309.00	1.97116e-18
9310.00	1.79114e-18
9311.00	1.9624e-18
9312.00	2.09344e-18
9313.00	2.58031e-18
9314.00	1.78966e-18
9315.00	-9.80423e-20
9316.00	-5.53285e-19
9317.00	1.52408e-19
9318.00	5.57951e-19
9319.00	-1.1844e-19
9320.00	6.62454e-19
9321.00	8.76239e-19
9322.00	6.08448e-19
9323.00	3.20302e-19
9324.00	1.50143e-18
9325.00	1.26521e-18
9326.00	-1.85539e-19
9327.00	-7.92119e-20
9328.00	3.69663e-19
9329.00	6.05715e-19
9330.00	4.73127e-19
9331.00	1.23596e-18
9332.00	1.27859e-18
9333.00	9.80174e-19
9334.00	8.59407e-19
9335.00	-3.8752e-19
9336.00	-5.4429e-19
9337.00	4.26161e-19
9338.00	1.67768e-18
9339.00	1.46661e-18
9340.00	1.08872e-18
9341.00	1.08207e-18
9342.00	1.28395e-18
9343.00	1.34586e-18
9344.00	1.21637e-18
9345.00	8.45317e-19
9346.00	-1.9238e-19
9347.00	-1.54742e-20
9348.00	9.58018e-19
9349.00	1.56401e-18
9350.00	4.68436e-19
9351.00	-6.58762e-20
9352.00	5.15624e-19
9353.00	1.35151e-18
9354.00	1.14243e-18
9355.00	7.54732e-19
9356.00	6.89535e-19
9357.00	-1.62895e-19
9358.00	-2.0467e-20
9359.00	7.89786e-19
9360.00	1.54135e-18
9361.00	1.36001e-18
9362.00	1.02995e-18
9363.00	7.1198e-19
9364.00	5.02605e-20
9365.00	8.90028e-19
9366.00	1.74569e-18
9367.00	1.82018e-18
9368.00	1.28855e-18
9369.00	1.71811e-18
9370.00	1.59591e-18
9371.00	-5.4613e-19
9372.00	3.12292e-19
9373.00	6.26929e-19
9374.00	8.34042e-20
9375.00	-7.1399e-19
9376.00	1.84731e-18
9377.00	2.92347e-18
9378.00	1.20485e-18
9379.00	-1.17824e-19
9380.00	6.40601e-19
9381.00	1.3212e-18
9382.00	2.93693e-19
9383.00	6.45716e-19
9384.00	1.25255e-18
9385.00	1.31948e-18
9386.00	-1.70493e-19
9387.00	-7.73841e-19
9388.00	-6.02089e-19
9389.00	3.27947e-20
9390.00	1.81641e-19
9391.00	-3.67073e-19
9392.00	-4.2992e-19
9393.00	6.32909e-19
9394.00	1.66398e-18
9395.00	1.54851e-18
9396.00	1.00768e-18
9397.00	1.12426e-18
9398.00	7.37296e-19
9399.00	5.13749e-19
9400.00	4.68725e-19
9401.00	2.75086e-19
9402.00	-6.22011e-19
9403.00	-2.95365e-19
9404.00	1.55813e-18
9405.00	1.22159e-18
9406.00	5.33703e-19
9407.00	6.81869e-19
9408.00	2.49395e-18
9409.00	1.5544e-18
9410.00	1.41957e-18
9411.00	2.11004e-18
9412.00	2.30678e-18
9413.00	1.85517e-18
9414.00	1.04007e-18
9415.00	3.00705e-19
9416.00	8.55839e-19
9417.00	1.2541e-19
9418.00	2.21984e-19
9419.00	2.45977e-18
9420.00	2.06816e-18
9421.00	2.27303e-18
9422.00	2.88535e-18
9423.00	2.86716e-18
9424.00	3.81753e-18
9425.00	2.56706e-18
9426.00	-4.15672e-19
9427.00	-6.8777e-19
9428.00	-3.42932e-19
9429.00	-5.25683e-20
9430.00	-1.75515e-20
9431.00	1.80134e-18
9432.00	2.4816e-18
9433.00	2.25968e-18
9434.00	1.84427e-18
9435.00	1.32905e-18
9436.00	1.4982e-18
9437.00	1.86079e-18
9438.00	7.2893e-19
9439.00	-2.90407e-19
9440.00	-9.10584e-19
9441.00	-7.85032e-19
9442.00	7.75556e-19
9443.00	1.38405e-18
9444.00	1.23367e-18
9445.00	7.2572e-19
9446.00	2.0426e-19
9447.00	5.12752e-19
9448.00	1.31433e-18
9449.00	1.68245e-18
9450.00	1.43491e-18
9451.00	1.77958e-18
9452.00	2.71172e-18
9453.00	2.42704e-18
9454.00	1.21643e-18
9455.00	8.00259e-19
9456.00	2.14058e-18
9457.00	1.54197e-18
9458.00	4.22148e-19
9459.00	1.31706e-19
9460.00	2.3658e-18
9461.00	3.22335e-18
9462.00	2.41035e-18
9463.00	5.93102e-19
9464.00	9.19017e-20
9465.00	4.47689e-19
9466.00	7.21807e-19
9467.00	5.69377e-19
9468.00	1.81416e-18
9469.00	2.69576e-18
9470.00	2.89733e-18
9471.00	2.27761e-18
9472.00	4.31217e-19
9473.00	-1.44811e-19
9474.00	1.24459e-18
9475.00	1.44183e-18
9476.00	1.63906e-18
9477.00	1.8363e-18
9478.00	1.8363e-18
9479.00	4.01964e-18
9480.00	2.18924e-18
9481.00	-5.73784e-19
9482.00	-8.81417e-19
9483.00	-3.6464e-19
9484.00	8.07189e-19
9485.00	2.0541e-18
9486.00	2.59479e-18
9487.00	2.29974e-18
9488.00	1.50328e-18
9489.00	8.68392e-19
9490.00	2.26029e-18
9491.00	2.14992e-18
9492.00	1.2867e-18
9493.00	3.34583e-19
9494.00	-6.62764e-19
9495.00	-7.67315e-19
9496.00	-3.01786e-19
9497.00	6.90947e-20
9498.00	9.85619e-19
9499.00	2.82147e-19
9500.00	-1.43853e-18
9501.00	-7.0118e-19
9502.00	5.79752e-19
9503.00	1.49929e-18
9504.00	1.62014e-18
9505.00	2.17847e-18
9506.00	2.03068e-18
9507.00	1.26829e-18
9508.00	1.9535e-19
9509.00	9.36255e-19
9510.00	2.33651e-18
9511.00	3.11834e-18
9512.00	1.01819e-18
9513.00	-1.99622e-19
9514.00	-4.59195e-19
9515.00	3.5288e-20
9516.00	-4.94918e-19
9517.00	-1.82602e-19
9518.00	1.37236e-19
9519.00	-3.97833e-19
9520.00	-2.11102e-18
9521.00	-1.9107e-18
9522.00	-7.31965e-20
9523.00	1.99676e-18
9524.00	2.08389e-18
9525.00	1.41734e-18
9526.00	9.27147e-19
9527.00	2.09224e-18
9528.00	3.77616e-18
9529.00	4.1705e-18
9530.00	2.43082e-18
9531.00	2.45147e-18
9532.00	3.47756e-18
9533.00	3.62847e-18
9534.00	4.76145e-19
9535.00	5.14252e-19
9536.00	1.3974e-18
9537.00	1.78514e-18
9538.00	-3.93996e-19
9539.00	-9.79679e-19
9540.00	-4.65042e-19
