3718.65405273437  3.563209E-16
3722.10703611374  1.080365E-15
3725.5600194931  1.155325E-15
3729.01300287247  1.204718E-15
3732.46598625183  1.302274E-15
3735.91896963119  1.269153E-15
3739.37195301056  1.280097E-15
3742.82493638992  1.390574E-15
3746.27791976929  1.608063E-15
3749.73090314865  1.609060E-15
3753.18388652801  1.408727E-15
3756.63686990738  1.280042E-15
3760.08985328674  1.193230E-15
3763.54283666611  1.107670E-15
3766.99582004547  1.153687E-15
3770.44880342483  1.010868E-15
3773.9017868042  8.337913E-16
3777.35477018356  7.304049E-16
3780.80775356293  7.149491E-16
3784.26073694229  7.309991E-16
3787.71372032165  6.346522E-16
3791.16670370102  5.359993E-16
3794.61968708038  5.201458E-16
3798.07267045975  5.105149E-16
3801.52565383911  5.921256E-16
3804.97863721847  6.346403E-16
3808.43162059784  5.706358E-16
3811.8846039772  6.113151E-16
3815.33758735657  6.712450E-16
3818.79057073593  7.568562E-16
3822.24355411529  8.482116E-16
3825.69653749466  8.306287E-16
3829.14952087402  8.037914E-16
3832.60250425339  7.253347E-16
3836.05548763275  6.672387E-16
3839.50847101211  6.565648E-16
3842.96145439148  6.011399E-16
3846.41443777084  5.929301E-16
3849.86742115021  5.322015E-16
3853.32040452957  5.100408E-16
3856.77338790894  5.573695E-16
3860.2263712883  5.275599E-16
3863.67935466766  5.545439E-16
3867.13233804703  5.687558E-16
3870.58532142639  5.302591E-16
3874.03830480576  5.190416E-16
3877.49128818512  4.954788E-16
3880.94427156448  5.130196E-16
3884.39725494385  4.896786E-16
3887.85023832321  4.680889E-16
3891.30322170258  4.671428E-16
3894.75620508194  4.633508E-16
3898.2091884613  4.861618E-16
3901.66217184067  5.307056E-16
3905.11515522003  5.675542E-16
3908.56813859939  6.105918E-16
3912.02112197876  6.159777E-16
3915.47410535812  5.681275E-16
3918.92708873749  5.772533E-16
3922.38007211685  6.153653E-16
3925.83305549621  5.514335E-16
3929.28603887558  5.017068E-16
3932.73902225494  4.573933E-16
3936.19200563431  4.202516E-16
3939.64498901367  3.811642E-16
3943.09797239303  3.600530E-16
3946.5509557724  4.018633E-16
3950.00393915176  3.340685E-16
3953.45692253113  2.761272E-16
3956.90990591049  3.730500E-16
3960.36288928986  4.317428E-16
3963.81587266922  4.392368E-16
3967.26885604858  4.248550E-16
3970.72183942795  4.325484E-16
3974.17482280731  4.772324E-16
3977.62780618668  4.702235E-16
3981.08078956604  4.767633E-16
3984.5337729454  5.025738E-16
3987.98675632477  4.606026E-16
3991.43973970413  4.358905E-16
3994.8927230835  4.284658E-16
3998.34570646286  4.088758E-16
4001.79868984222  3.840394E-16
4005.25167322159  3.060736E-16
4008.70465660095  3.089578E-16
4012.15763998031  3.429091E-16
4015.61062335968  3.481895E-16
4019.06360673904  3.453437E-16
4022.51659011841  3.490122E-16
4025.96957349777  3.527458E-16
4029.42255687713  3.616506E-16
4032.8755402565  3.438074E-16
4036.32852363586  3.425933E-16
4039.78150701523  3.516589E-16
4043.23449039459  3.418947E-16
4046.68747377396  3.669385E-16
4050.14045715332  3.993701E-16
4053.59344053268  3.723446E-16
4057.04642391205  4.012599E-16
4060.49940729141  4.227981E-16
4063.95239067078  4.430172E-16
4067.40537405014  4.645505E-16
4070.8583574295  4.486924E-16
4074.31134080887  4.535039E-16
4077.76432418823  4.097024E-16
4081.2173075676  3.529780E-16
4084.67029094696  3.646562E-16
4088.12327432632  3.416587E-16
4091.57625770569  3.265268E-16
4095.02924108505  3.330197E-16
4098.48222446442  3.407447E-16
4101.93520784378  3.571628E-16
4105.38819122314  3.823008E-16
4108.84117460251  4.179731E-16
4112.29415798187  4.499913E-16
4115.74714136124  4.532545E-16
4119.2001247406  4.421360E-16
4122.65310811996  4.319955E-16
4126.10609149933  4.241074E-16
4129.55907487869  4.246406E-16
4133.01205825806  4.188535E-16
4136.46504163742  3.860737E-16
4139.91802501678  3.799287E-16
4143.37100839615  3.679324E-16
4146.82399177551  3.522546E-16
4150.27697515488  3.403121E-16
4153.72995853424  3.431763E-16
4157.1829419136  3.505259E-16
4160.63592529297  3.441058E-16
4164.08890867233  3.316222E-16
4167.5418920517  3.156527E-16
4170.99487543106  2.891866E-16
4174.44785881042  2.931335E-16
4177.90084218979  3.110378E-16
4181.35382556915  3.369521E-16
4184.80680894852  3.353503E-16
4188.25979232788  3.259663E-16
4191.71277570724  3.129826E-16
4195.16575908661  3.066596E-16
4198.61874246597  3.199279E-16
4202.07172584534  3.194632E-16
4205.5247092247  3.251054E-16
4208.97769260406  3.180597E-16
4212.43067598343  3.118366E-16
4215.88365936279  3.189715E-16
4219.33664274216  3.322854E-16
4222.78962612152  3.392869E-16
4226.24260950088  3.437582E-16
4229.69559288025  3.356023E-16
4233.14857625961  3.313170E-16
4236.60155963898  3.413837E-16
4240.05454301834  3.498945E-16
4243.5075263977  3.503245E-16
4246.96050977707  3.515019E-16
4250.41349315643  3.336689E-16
4253.8664765358  3.338053E-16
4257.31945991516  3.301223E-16
4260.77244329452  3.355377E-16
4264.22542667389  3.410779E-16
4267.67841005325  3.307578E-16
4271.13139343262  3.264104E-16
4274.58437681198  3.285749E-16
4278.03736019134  3.159343E-16
4281.49034357071  3.067267E-16
4284.94332695007  3.020810E-16
4288.39631032944  2.964704E-16
4291.8492937088  2.802413E-16
4295.30227708816  2.596252E-16
4298.75526046753  2.310751E-16
4302.20824384689  2.212963E-16
4305.66122722626  2.206182E-16
4309.11421060562  2.331520E-16
4312.56719398498  2.519352E-16
4316.02017736435  2.565819E-16
4319.47316074371  2.676945E-16
4322.92614412308  2.842289E-16
4326.37912750244  2.954707E-16
4329.83211088181  3.007935E-16
4333.28509426117  2.988445E-16
4336.73807764053  2.933380E-16
4340.1910610199  2.757636E-16
4343.64404439926  2.656370E-16
4347.09702777862  2.579433E-16
4350.55001115799  2.471287E-16
4354.00299453735  2.334148E-16
4357.45597791672  2.303934E-16
4360.90896129608  2.314174E-16
4364.36194467544  2.278866E-16
4367.81492805481  2.206213E-16
4371.26791143417  2.243621E-16
4374.72089481354  2.216938E-16
4378.1738781929  2.206164E-16
4381.62686157227  2.241487E-16
4385.07984495163  2.290008E-16
4388.53282833099  2.235147E-16
4391.98581171036  2.339514E-16
4395.43879508972  2.477070E-16
4398.89177846908  2.497774E-16
4402.34476184845  2.473728E-16
4405.79774522781  2.490149E-16
4409.25072860718  2.458549E-16
4412.70371198654  2.421238E-16
4416.1566953659  2.386103E-16
4419.60967874527  2.432163E-16
4423.06266212463  2.490722E-16
4426.515645504  2.596504E-16
4429.96862888336  2.672068E-16
4433.42161226273  2.732768E-16
4436.87459564209  2.868889E-16
4440.32757902145  2.918812E-16
4443.78056240082  2.976797E-16
4447.23354578018  2.965348E-16
4450.68652915955  2.961249E-16
4454.13951253891  2.809056E-16
4457.59249591827  2.657221E-16
4461.04547929764  2.695894E-16
4464.498462677  2.721738E-16
4467.95144605636  2.647679E-16
4471.40442943573  2.896697E-16
4474.85741281509  2.995484E-16
4478.31039619446  3.079007E-16
4481.76337957382  3.209538E-16
4485.21636295318  3.302036E-16
4488.66934633255  3.311652E-16
4492.12232971191  3.252002E-16
4495.57531309128  3.256766E-16
4499.02829647064  3.318170E-16
4502.48127985  3.146049E-16
4505.93426322937  3.007462E-16
4509.38724660873  2.949376E-16
4512.8402299881  2.871106E-16
4516.29321336746  2.839344E-16
4519.74619674682  2.796341E-16
4523.19918012619  2.775831E-16
4526.65216350555  2.770200E-16
4530.10514688492  2.747835E-16
4533.55813026428  2.728851E-16
4537.01111364365  2.814138E-16
4540.46409702301  2.948872E-16
4543.91708040237  3.013320E-16
4547.37006378174  2.948755E-16
4550.8230471611  2.922113E-16
4554.27603054047  2.977132E-16
4557.72901391983  2.999358E-16
4561.18199729919  3.035504E-16
4564.63498067856  3.071335E-16
4568.08796405792  3.123728E-16
4571.54094743729  3.048465E-16
4574.99393081665  2.998495E-16
4578.44691419601  3.028619E-16
4581.89989757538  3.095645E-16
4585.35288095474  3.042494E-16
4588.80586433411  2.982692E-16
4592.25884771347  2.928411E-16
4595.71183109283  2.869109E-16
4599.1648144722  2.795842E-16
4602.61779785156  2.804698E-16
4606.07078123093  2.814674E-16
4609.52376461029  2.904447E-16
4612.97674798965  2.998282E-16
4616.42973136902  3.021391E-16
4619.88271474838  3.058379E-16
4623.33569812775  3.087106E-16
4626.78868150711  3.128097E-16
4630.24166488647  3.144639E-16
4633.69464826584  3.096464E-16
4637.1476316452  3.141402E-16
4640.60061502457  3.167842E-16
4644.05359840393  3.147868E-16
4647.50658178329  3.226907E-16
4650.95956516266  3.230309E-16
4654.41254854202  3.171517E-16
4657.86553192139  3.225982E-16
4661.31851530075  3.307174E-16
4664.77149868011  3.440170E-16
4668.22448205948  3.360887E-16
4671.67746543884  3.297627E-16
4675.13044881821  3.250468E-16
4678.58343219757  3.178741E-16
4682.03641557693  3.186064E-16
4685.4893989563  3.200041E-16
4688.94238233566  3.127267E-16
4692.39536571503  3.032475E-16
4695.84834909439  2.924033E-16
4699.30133247375  2.942730E-16
4702.75431585312  2.899595E-16
4706.20729923248  2.873057E-16
4709.66028261185  2.853471E-16
4713.11326599121  2.820052E-16
4716.56624937057  2.786591E-16
4720.01923274994  2.723809E-16
4723.4722161293  2.710791E-16
4726.92519950867  2.710644E-16
4730.37818288803  2.725603E-16
4733.8311662674  2.772971E-16
4737.28414964676  2.737231E-16
4740.73713302612  2.712074E-16
4744.19011640549  2.804545E-16
4747.64309978485  2.856436E-16
4751.09608316422  2.881100E-16
4754.54906654358  2.902162E-16
4758.00204992294  2.874067E-16
4761.45503330231  2.817967E-16
4764.90801668167  2.754696E-16
4768.36100006104  2.770736E-16
4771.8139834404  2.805759E-16
4775.26696681976  2.740314E-16
4778.71995019913  2.721398E-16
4782.17293357849  2.691468E-16
4785.62591695786  2.658332E-16
4789.07890033722  2.767000E-16
4792.53188371658  2.804631E-16
4795.98486709595  2.770498E-16
4799.43785047531  2.731638E-16
4802.89083385468  2.683759E-16
4806.34381723404  2.663260E-16
4809.7968006134  2.669329E-16
4813.24978399277  2.677298E-16
4816.70276737213  2.593498E-16
4820.15575075149  2.461337E-16
4823.60873413086  2.438824E-16
4827.06171751022  2.463931E-16
4830.51470088959  2.510998E-16
4833.96768426895  2.539771E-16
4837.42066764832  2.497018E-16
4840.87365102768  2.448489E-16
4844.32663440704  2.461627E-16
4847.77961778641  2.565533E-16
4851.23260116577  2.632239E-16
4854.68558454514  2.629936E-16
4858.1385679245  2.642442E-16
4861.59155130386  2.592084E-16
4865.04453468323  2.542104E-16
4868.49751806259  2.545291E-16
4871.95050144196  2.570253E-16
4875.40348482132  2.595833E-16
4878.85646820068  2.583747E-16
4882.30945158005  2.542680E-16
4885.76243495941  2.529041E-16
4889.21541833878  2.506363E-16
4892.66840171814  2.497402E-16
4896.1213850975  2.512512E-16
4899.57436847687  2.507273E-16
4903.02735185623  2.458846E-16
4906.4803352356  2.433238E-16
4909.93331861496  2.414997E-16
4913.38630199432  2.429563E-16
4916.83928537369  2.526164E-16
4920.29226875305  2.585529E-16
4923.74525213242  2.556384E-16
4927.19823551178  2.485351E-16
4930.65121889114  2.438195E-16
4934.10420227051  2.429150E-16
4937.55718564987  2.369801E-16
4941.01016902923  2.299486E-16
4944.4631524086  2.227611E-16
4947.91613578796  2.054912E-16
4951.36911916733  1.889769E-16
4954.82210254669  1.818203E-16
4958.27508592606  1.793122E-16
4961.72806930542  1.764914E-16
4965.18105268478  1.737237E-16
4968.63403606415  1.695059E-16
4972.08701944351  1.655609E-16
4975.54000282288  1.690112E-16
4978.99298620224  1.807771E-16
4982.4459695816  1.946110E-16
4985.89895296097  1.991885E-16
4989.35193634033  1.965967E-16
4992.8049197197  1.974295E-16
4996.25790309906  1.931283E-16
4999.71088647842  1.919363E-16
5003.16386985779  1.964583E-16
5006.61685323715  1.887727E-16
5010.06983661652  1.788639E-16
5013.52281999588  1.710224E-16
5016.97580337524  1.716647E-16
5020.42878675461  1.771580E-16
5023.88177013397  1.778460E-16
5027.33475351334  1.800155E-16
5030.7877368927  1.825026E-16
5034.24072027207  1.780176E-16
5037.69370365143  1.745994E-16
5041.14668703079  1.708142E-16
5044.59967041016  1.661482E-16
5048.05265378952  1.655158E-16
5051.50563716889  1.656453E-16
5054.95862054825  1.620815E-16
5058.41160392761  1.623518E-16
5061.86458730698  1.620733E-16
5065.31757068634  1.569531E-16
5068.77055406571  1.527963E-16
5072.22353744507  1.452888E-16
5075.67652082443  1.450409E-16
5079.1295042038  1.452804E-16
5082.58248758316  1.406306E-16
5086.03547096253  1.376874E-16
5089.48845434189  1.327224E-16
5092.94143772125  1.314220E-16
5096.39442110062  1.361032E-16
5099.84740447998  1.418902E-16
5103.30038785934  1.480759E-16
5106.75337123871  1.483345E-16
5110.20635461807  1.495474E-16
5113.65933799744  1.538252E-16
5117.1123213768  1.556936E-16
5120.56530475616  1.569097E-16
5124.01828813553  1.547073E-16
5127.47127151489  1.546168E-16
5130.92425489426  1.551495E-16
5134.37723827362  1.540168E-16
5137.83022165299  1.477933E-16
5141.28320503235  1.425703E-16
5144.73618841171  1.467634E-16
5148.18917179108  1.526761E-16
5151.64215517044  1.547280E-16
5155.09513854981  1.570937E-16
5158.54812192917  1.554243E-16
5162.00110530853  1.525375E-16
5165.4540886879  1.527238E-16
5168.90707206726  1.600418E-16
5172.36005544662  1.630927E-16
5175.81303882599  1.576228E-16
5179.26602220535  1.553684E-16
5182.71900558472  1.542776E-16
5186.17198896408  1.537322E-16
5189.62497234345  1.547094E-16
5193.07795572281  1.568416E-16
5196.53093910217  1.613487E-16
5199.98392248154  1.603785E-16
5203.4369058609  1.525968E-16
5206.88988924027  1.495743E-16
5210.34287261963  1.510706E-16
5213.79585599899  1.532306E-16
5217.24883937836  1.523363E-16
5220.70182275772  1.534531E-16
5224.15480613708  1.521767E-16
5227.60778951645  1.492482E-16
5231.06077289581  1.522860E-16
5234.51375627518  1.585975E-16
5237.96673965454  1.608737E-16
5241.41972303391  1.582199E-16
5244.87270641327  1.594078E-16
5248.32568979263  1.631161E-16
5251.778673172  1.639452E-16
5255.23165655136  1.683829E-16
5258.68463993073  1.718288E-16
5262.13762331009  1.683264E-16
5265.59060668945  1.670568E-16
5269.04359006882  1.666741E-16
5272.49657344818  1.666297E-16
5275.94955682755  1.661830E-16
5279.40254020691  1.619839E-16
5282.85552358627  1.628070E-16
5286.30850696564  1.629862E-16
5289.761490345  1.602961E-16
5293.21447372437  1.628429E-16
5296.66745710373  1.691775E-16
5300.12044048309  1.736601E-16
5303.57342386246  1.744354E-16
5307.02640724182  1.755299E-16
5310.47939062119  1.778264E-16
5313.93237400055  1.763014E-16
5317.38535737991  1.751898E-16
5320.83834075928  1.745164E-16
5324.29132413864  1.739330E-16
5327.74430751801  1.710397E-16
5331.19729089737  1.676546E-16
5334.65027427673  1.674856E-16
5338.1032576561  1.659366E-16
5341.55624103546  1.644192E-16
5345.00922441483  1.627991E-16
5348.46220779419  1.627511E-16
5351.91519117355  1.623859E-16
5355.36817455292  1.600354E-16
5358.82115793228  1.553715E-16
5362.27414131165  1.521915E-16
5365.72712469101  1.539159E-16
5369.18010807037  1.566665E-16
5372.63309144974  1.559039E-16
5376.0860748291  1.533343E-16
5379.53905820847  1.500274E-16
5382.99204158783  1.465971E-16
5386.44502496719  1.443842E-16
5389.89800834656  1.464272E-16
5393.35099172592  1.491386E-16
5396.80397510529  1.477961E-16
5400.25695848465  1.447671E-16
5403.70994186401  1.457994E-16
5407.16292524338  1.489854E-16
5410.61590862274  1.523982E-16
5414.06889200211  1.575486E-16
5417.52187538147  1.613011E-16
5420.97485876083  1.634786E-16
5424.4278421402  1.649039E-16
5427.88082551956  1.659947E-16
5431.33380889893  1.668733E-16
5434.78679227829  1.661889E-16
5438.23977565765  1.646729E-16
5441.69275903702  1.617566E-16
5445.14574241638  1.592586E-16
5448.59872579575  1.567425E-16
5452.05170917511  1.529671E-16
5455.50469255448  1.489111E-16
5458.95767593384  1.440328E-16
5462.4106593132  1.404112E-16
5465.86364269257  1.392592E-16
5469.31662607193  1.383527E-16
5472.76960945129  1.376388E-16
5476.22259283066  1.368649E-16
5479.67557621002  1.384240E-16
5483.12855958939  1.414580E-16
5486.58154296875  1.432765E-16
5490.03452634812  1.449623E-16
5493.48750972748  1.474057E-16
5496.94049310684  1.454990E-16
5500.39347648621  1.453540E-16
5503.84645986557  1.475347E-16
5507.29944324493  1.446916E-16
5510.7524266243  1.419787E-16
5514.20541000366  1.457109E-16
5517.65839338303  1.474054E-16
5521.11137676239  1.516158E-16
5524.56436014176  1.530973E-16
5528.01734352112  1.553843E-16
5531.47032690048  1.582028E-16
5534.92331027985  1.591131E-16
5538.37629365921  1.623301E-16
5541.82927703858  1.623289E-16
5545.28226041794  1.583410E-16
5548.7352437973  1.591775E-16
5552.18822717667  1.540115E-16
5555.64121055603  1.515760E-16
5559.0941939354  1.534214E-16
5562.54717731476  1.525027E-16
5566.00016069412  1.511836E-16
5569.45314407349  1.527597E-16
5572.90612745285  1.546968E-16
5576.35911083221  1.531294E-16
5579.81209421158  1.504887E-16
5583.26507759094  1.511561E-16
5586.71806097031  1.551468E-16
5590.17104434967  1.563223E-16
5593.62402772903  1.565667E-16
5597.0770111084  1.596697E-16
5600.52999448776  1.592669E-16
5603.98297786713  1.589335E-16
5607.43596124649  1.592063E-16
5610.88894462585  1.587513E-16
5614.34192800522  1.557962E-16
5617.79491138458  1.513504E-16
5621.24789476395  1.510531E-16
5624.70087814331  1.492054E-16
5628.15386152268  1.443046E-16
5631.60684490204  1.429382E-16
5635.0598282814  1.404294E-16
5638.51281166077  1.387808E-16
5641.96579504013  1.379496E-16
5645.4187784195  1.413252E-16
5648.87176179886  1.411499E-16
5652.32474517822  1.370084E-16
5655.77772855759  1.367519E-16
5659.23071193695  1.387336E-16
5662.68369531632  1.412626E-16
5666.13667869568  1.410478E-16
5669.58966207504  1.411750E-16
5673.04264545441  1.423824E-16
5676.49562883377  1.416231E-16
5679.94861221314  1.420937E-16
5683.4015955925  1.445750E-16
5686.85457897186  1.457297E-16
5690.30756235123  1.450647E-16
5693.76054573059  1.439575E-16
5697.21352910995  1.464583E-16
5700.66651248932  1.471611E-16
5704.11949586868  1.461530E-16
5707.57247924805  1.473948E-16
5711.02546262741  1.475189E-16
5714.47844600678  1.473559E-16
5717.93142938614  1.460651E-16
5721.38441276551  1.443193E-16
5724.83739614487  1.444508E-16
5728.29037952423  1.441746E-16
5731.7433629036  1.427748E-16
5735.19634628296  1.419817E-16
5738.64932966232  1.405125E-16
5742.10231304169  1.409106E-16
5745.55529642105  1.409826E-16
5749.00827980042  1.413734E-16
5752.46126317978  1.363185E-16
5755.91424655914  1.358875E-16
5759.36722993851  1.453613E-16
5762.82021331787  1.542572E-16
5766.27319669724  1.614846E-16
5769.7261800766  1.602595E-16
5773.17916345596  1.525252E-16
5776.63214683533  1.479492E-16
5780.08513021469  1.530779E-16
5783.53811359406  1.664710E-16
5786.99109697342  1.711641E-16
5790.44408035278  1.635265E-16
5793.89706373215  1.507449E-16
5797.35004711151  1.394234E-16
5800.80303049088  1.399327E-16
5804.25601387024  1.484180E-16
5807.7089972496  1.500983E-16
5811.16198062897  1.400305E-16
5814.61496400833  1.286907E-16
5818.0679473877  1.240830E-16
5821.52093076706  1.220408E-16
5824.97391414642  1.302943E-16
5828.42689752579  1.358768E-16
5831.87988090515  1.359063E-16
5835.33286428452  1.303381E-16
5838.78584766388  1.313919E-16
5842.23883104324  1.351567E-16
5845.69181442261  1.395889E-16
5849.14479780197  1.387411E-16
5852.59778118134  1.414033E-16
5856.0507645607  1.408859E-16
5859.50374794006  1.474152E-16
5862.95673131943  1.542520E-16
5866.40971469879  1.621619E-16
5869.86269807816  1.617505E-16
5873.31568145752  1.588237E-16
5876.76866483688  1.576474E-16
5880.22164821625  1.539879E-16
5883.67463159561  1.497307E-16
5887.12761497498  1.470667E-16
5890.58059835434  1.367379E-16
5894.0335817337  1.267648E-16
5897.48656511307  1.174640E-16
5900.93954849243  1.159576E-16
5904.3925318718  1.199589E-16
5907.84551525116  1.231628E-16
5911.29849863052  1.294925E-16
5914.75148200989  1.325325E-16
5918.20446538925  1.317731E-16
5921.65744876862  1.376917E-16
5925.11043214798  1.442063E-16
5928.56341552734  1.482510E-16
5932.01639890671  1.532176E-16
5935.46938228607  1.529791E-16
5938.92236566544  1.472015E-16
5942.3753490448  1.427717E-16
5945.82833242417  1.385485E-16
5949.28131580353  1.350470E-16
5952.73429918289  1.289725E-16
5956.18728256226  1.256246E-16
5959.64026594162  1.264647E-16
5963.09324932098  1.275559E-16
5966.54623270035  1.296925E-16
5969.99921607971  1.341560E-16
5973.45219945908  1.342160E-16
5976.90518283844  1.345889E-16
5980.35816621781  1.386220E-16
5983.81114959717  1.417206E-16
5987.26413297653  1.434597E-16
5990.7171163559  1.503152E-16
5994.17009973526  1.465332E-16
5997.62308311463  1.442253E-16
6001.07606649399  1.415205E-16
6004.52904987335  1.428474E-16
6007.98203325272  1.486448E-16
6011.43501663208  1.487755E-16
6014.88800001145  1.485424E-16
6018.34098339081  1.471947E-16
6021.79396677017  1.431756E-16
6025.24695014954  1.471254E-16
6028.6999335289  1.505057E-16
6032.15291690827  1.558113E-16
6035.60590028763  1.544080E-16
6039.05888366699  1.523439E-16
6042.51186704636  1.534176E-16
6045.96485042572  1.552133E-16
6049.41783380508  1.571514E-16
6052.87081718445  1.569480E-16
6056.32380056381  1.568168E-16
6059.77678394318  1.572151E-16
6063.22976732254  1.541117E-16
6066.68275070191  1.553931E-16
6070.13573408127  1.520359E-16
6073.58871746063  1.491888E-16
6077.04170084  1.449749E-16
6080.49468421936  1.429932E-16
6083.94766759873  1.415579E-16
6087.40065097809  1.406225E-16
6090.85363435745  1.358434E-16
6094.30661773682  1.364807E-16
6097.75960111618  1.357025E-16
6101.21258449555  1.381961E-16
6104.66556787491  1.430089E-16
6108.11855125427  1.513682E-16
6111.57153463364  1.556634E-16
6115.024518013  1.534840E-16
6118.47750139236  1.510399E-16
6121.93048477173  1.515581E-16
6125.38346815109  1.486410E-16
6128.83645153046  1.496103E-16
6132.28943490982  1.492927E-16
6135.74241828919  1.464814E-16
6139.19540166855  1.380978E-16
6142.64838504791  1.340168E-16
6146.10136842728  1.319467E-16
6149.55435180664  1.356594E-16
6153.00733518601  1.441012E-16
6156.46031856537  1.483677E-16
6159.91330194473  1.494656E-16
6163.3662853241  1.410261E-16
6166.81926870346  1.345432E-16
6170.27225208283  1.352407E-16
6173.72523546219  1.349361E-16
6177.17821884155  1.399406E-16
6180.63120222092  1.368612E-16
6184.08418560028  1.289107E-16
6187.53716897965  1.249792E-16
6190.99015235901  1.239570E-16
6194.44313573837  1.327633E-16
6197.89611911774  1.386912E-16
6201.3491024971  1.398387E-16
6204.80208587647  1.362478E-16
6208.25506925583  1.344108E-16
6211.70805263519  1.315733E-16
6215.16103601456  1.289699E-16
6218.61401939392  1.285222E-16
6222.06700277329  1.263227E-16
6225.51998615265  1.246681E-16
6228.97296953201  1.257020E-16
6232.42595291138  1.270590E-16
6235.87893629074  1.307452E-16
6239.33191967011  1.288081E-16
6242.78490304947  1.280699E-16
6246.23788642883  1.285113E-16
6249.6908698082  1.302502E-16
6253.14385318756  1.357860E-16
6256.59683656693  1.410826E-16
6260.04981994629  1.370333E-16
6263.50280332565  1.326778E-16
6266.95578670502  1.293963E-16
6270.40877008438  1.274357E-16
6273.86175346375  1.281663E-16
6277.31473684311  1.303323E-16
6280.76772022247  1.260058E-16
6284.22070360184  1.142951E-16
6287.6736869812  1.032205E-16
6291.12667036057  1.091857E-16
6294.57965373993  1.169734E-16
6298.03263711929  1.286011E-16
6301.48562049866  1.301228E-16
6304.93860387802  1.256276E-16
6308.39158725739  1.225571E-16
6311.84457063675  1.239162E-16
6315.29755401611  1.293989E-16
6318.75053739548  1.340353E-16
6322.20352077484  1.282895E-16
6325.65650415421  1.242883E-16
6329.10948753357  1.184436E-16
6332.56247091293  1.186912E-16
6336.0154542923  1.239651E-16
6339.46843767166  1.255727E-16
6342.92142105103  1.236381E-16
6346.37440443039  1.238395E-16
6349.82738780975  1.229090E-16
6353.28037118912  1.288210E-16
6356.73335456848  1.285672E-16
6360.18633794785  1.250281E-16
6363.63932132721  1.260352E-16
6367.09230470657  1.228070E-16
6370.54528808594  1.247801E-16
6373.9982714653  1.309440E-16
6377.45125484467  1.323485E-16
6380.90423822403  1.329335E-16
6384.35722160339  1.248712E-16
6387.81020498276  1.202283E-16
6391.26318836212  1.188965E-16
6394.71617174149  1.169912E-16
6398.16915512085  1.194797E-16
6401.62213850021  1.169196E-16
6405.07512187958  1.128145E-16
6408.52810525894  1.151272E-16
6411.98108863831  1.148347E-16
6415.43407201767  1.172658E-16
6418.88705539703  1.208049E-16
6422.3400387764  1.191725E-16
6425.79302215576  1.187518E-16
6429.24600553513  1.187763E-16
6432.69898891449  1.203129E-16
6436.15197229386  1.196191E-16
6439.60495567322  1.174193E-16
6443.05793905258  1.164385E-16
6446.51092243195  1.177244E-16
6449.96390581131  1.167581E-16
6453.41688919067  1.178073E-16
6456.86987257004  1.174025E-16
6460.3228559494  1.190533E-16
6463.77583932877  1.199555E-16
6467.22882270813  1.209027E-16
6470.68180608749  1.205016E-16
6474.13478946686  1.189357E-16
6477.58777284622  1.162648E-16
6481.04075622559  1.153275E-16
6484.49373960495  1.125419E-16
6487.94672298431  1.119197E-16
6491.39970636368  1.072173E-16
6494.85268974304  1.027550E-16
6498.30567312241  1.030695E-16
6501.75865650177  9.970005E-17
6505.21163988114  1.021360E-16
6508.6646232605  1.021220E-16
6512.11760663986  1.016901E-16
6515.57059001923  1.057681E-16
6519.02357339859  1.049561E-16
6522.47655677795  1.087738E-16
6525.92954015732  1.100456E-16
6529.38252353668  1.116144E-16
6532.83550691605  1.153411E-16
6536.28849029541  1.149057E-16
6539.74147367477  1.149506E-16
6543.19445705414  1.156818E-16
6546.6474404335  1.134186E-16
6550.10042381287  1.143648E-16
6553.55340719223  1.170450E-16
6557.00639057159  1.200694E-16
6560.45937395096  1.206243E-16
6563.91235733032  1.173406E-16
6567.36534070969  1.142261E-16
6570.81832408905  1.156546E-16
6574.27130746841  1.179171E-16
6577.72429084778  1.173625E-16
6581.17727422714  1.186625E-16
6584.63025760651  1.133605E-16
6588.08324098587  1.097710E-16
6591.53622436523  1.082055E-16
6594.9892077446  1.099387E-16
6598.44219112396  1.131299E-16
6601.89517450333  1.126725E-16
6605.34815788269  1.090344E-16
6608.80114126205  1.066638E-16
6612.25412464142  1.053727E-16
6615.70710802078  1.074823E-16
6619.16009140015  1.079775E-16
6622.61307477951  1.066976E-16
6626.06605815887  1.074219E-16
6629.51904153824  1.083677E-16
6632.9720249176  1.081712E-16
6636.42500829697  1.086238E-16
6639.87799167633  1.119941E-16
6643.33097505569  1.137776E-16
6646.78395843506  1.130003E-16
6650.23694181442  1.117983E-16
6653.68992519379  1.130642E-16
6657.14290857315  1.151265E-16
6660.59589195251  1.157831E-16
6664.04887533188  1.168770E-16
6667.50185871124  1.188692E-16
6670.95484209061  1.178430E-16
6674.40782546997  1.169272E-16
6677.86080884933  1.190811E-16
6681.3137922287  1.194817E-16
6684.76677560806  1.175764E-16
6688.21975898743  1.155075E-16
6691.67274236679  1.156449E-16
6695.12572574616  1.158956E-16
6698.57870912552  1.154962E-16
6702.03169250488  1.137262E-16
6705.48467588425  1.120076E-16
6708.93765926361  1.121371E-16
6712.39064264297  1.123704E-16
6715.84362602234  1.133573E-16
6719.2966094017  1.143809E-16
6722.74959278107  1.140505E-16
6726.20257616043  1.148327E-16
6729.6555595398  1.150160E-16
6733.10854291916  1.161962E-16
6736.56152629852  1.192159E-16
6740.01450967789  1.168022E-16
6743.46749305725  1.193617E-16
6746.92047643661  1.227489E-16
6750.37345981598  1.207206E-16
6753.82644319534  1.180966E-16
6757.27942657471  1.161218E-16
6760.73240995407  1.147852E-16
6764.18539333344  1.155885E-16
6767.6383767128  1.144988E-16
6771.09136009216  1.166758E-16
6774.54434347153  1.139179E-16
6777.99732685089  1.106488E-16
6781.45031023026  1.108602E-16
6784.90329360962  1.091413E-16
6788.35627698898  1.079195E-16
6791.80926036835  1.083390E-16
6795.26224374771  1.077501E-16
6798.71522712708  1.079409E-16
6802.16821050644  1.054327E-16
6805.6211938858  1.059227E-16
6809.07417726517  1.040303E-16
6812.52716064453  9.985325E-17
6815.9801440239  9.995356E-17
6819.43312740326  9.755281E-17
6822.88611078262  9.992343E-17
6826.33909416199  1.055364E-16
6829.79207754135  1.146032E-16
6833.24506092071  1.172681E-16
6836.69804430008  1.139246E-16
6840.15102767944  1.176244E-16
6843.60401105881  1.229348E-16
6847.05699443817  1.278409E-16
6850.50997781754  1.294650E-16
6853.9629611969  1.236098E-16
6857.41594457626  1.236094E-16
6860.86892795563  1.205255E-16
6864.32191133499  1.215804E-16
6867.77489471436  1.262304E-16
6871.22787809372  1.180529E-16
6874.68086147308  1.104888E-16
6878.13384485245  1.059939E-16
6881.58682823181  1.074659E-16
6885.03981161117  1.130002E-16
6888.49279499054  1.046093E-16
6891.9457783699  9.581017E-17
6895.39876174927  8.868776E-17
6898.85174512863  8.453885E-17
6902.304728508  8.782584E-17
6905.75771188736  9.133352E-17
6909.21069526672  9.144398E-17
6912.66367864609  8.942153E-17
6916.11666202545  8.993382E-17
6919.56964540482  9.425468E-17
6923.02262878418  9.833814E-17
6926.47561216354  1.024693E-16
6929.92859554291  1.017512E-16
6933.38157892227  1.011267E-16
6936.83456230164  1.044927E-16
6940.287545681  1.057592E-16
6943.74052906036  1.080672E-16
6947.19351243973  1.054222E-16
6950.64649581909  1.024053E-16
6954.09947919846  1.016028E-16
6957.55246257782  9.838605E-17
6961.00544595719  9.779386E-17
6964.45842933655  9.980561E-17
6967.91141271591  9.904782E-17
6971.36439609528  9.905563E-17
6974.81737947464  1.021809E-16
6978.270362854  1.043703E-16
6981.72334623337  1.072867E-16
6985.17632961273  1.077506E-16
6988.6293129921  1.060241E-16
6992.08229637146  1.032448E-16
6995.53527975082  1.004652E-16
6998.98826313019  9.676260E-17
7002.44124650955  9.443688E-17
7005.89422988891  8.866123E-17
7009.34721326828  8.335268E-17
7012.80019664764  8.129172E-17
7016.25318002701  8.197930E-17
7019.70616340637  8.650728E-17
7023.15914678574  8.678010E-17
7026.6121301651  8.892863E-17
7030.06511354446  9.232011E-17
7033.51809692383  9.418921E-17
7036.97108030319  9.561118E-17
7040.42406368256  9.465678E-17
7043.87704706192  8.980424E-17
7047.33003044129  8.741405E-17
7050.78301382065  8.761676E-17
7054.23599720001  8.989772E-17
7057.68898057938  9.253413E-17
7061.14196395874  9.350160E-17
7064.5949473381  9.468970E-17
7068.04793071747  9.839367E-17
7071.50091409683  1.023613E-16
7074.9538974762  1.093481E-16
7078.40688085556  1.099034E-16
7081.85986423492  1.044794E-16
7085.31284761429  1.030808E-16
7088.76583099365  1.017912E-16
7092.21881437302  1.003482E-16
7095.67179775238  1.013834E-16
7099.12478113174  9.676168E-17
7102.57776451111  9.489338E-17
7106.03074789047  9.426121E-17
7109.48373126984  9.505250E-17
7112.9367146492  9.808089E-17
7116.38969802856  9.941210E-17
7119.84268140793  1.010266E-16
7123.29566478729  1.031053E-16
7126.74864816666  1.012058E-16
7130.20163154602  9.952707E-17
7133.65461492539  9.669333E-17
7137.10759830475  9.283909E-17
7140.56058168411  9.209552E-17
7144.01356506348  9.348907E-17
7147.46654844284  9.785285E-17
7150.9195318222  1.028606E-16
7154.37251520157  1.047886E-16
7157.82549858093  1.036620E-16
7161.2784819603  1.014265E-16
7164.73146533966  1.026918E-16
7168.18444871903  1.048683E-16
7171.63743209839  1.032499E-16
7175.09041547775  9.794656E-17
7178.54339885712  8.815086E-17
7181.99638223648  7.900228E-17
7185.44936561584  7.003338E-17
7188.90234899521  6.479727E-17
7192.35533237457  6.382967E-17
7195.80831575394  6.570820E-17
7199.2612991333  6.381514E-17