4000.00	1.03144e-18
4002.01	-2.33628e-18
4004.02	8.43513e-18
4006.03	3.8988e-18
4008.04	1.52913e-17
4010.05	1.00923e-17
4012.06	4.70048e-18
4014.07	9.61236e-18
4016.08	1.98779e-18
4018.09	-2.11083e-18
4020.10	-7.95143e-19
4022.11	-6.4958e-18
4024.12	1.87026e-17
4026.13	1.51111e-17
4028.14	1.00014e-18
4030.15	8.69577e-18
4032.16	-6.75094e-19
4034.17	-1.69181e-18
4036.18	5.41486e-19
4038.19	-1.73981e-18
4040.20	7.64555e-18
4042.21	1.29765e-17
4044.22	4.07471e-18
4046.23	2.53784e-18
4048.24	1.26491e-17
4050.25	1.10897e-17
4052.26	2.20954e-18
4054.27	-2.76978e-18
4056.28	1.20702e-18
4058.29	6.44568e-18
4060.30	6.92235e-18
4062.31	4.26262e-18
4064.32	9.62285e-18
4066.33	2.17567e-18
4068.34	8.17897e-18
4070.35	1.23198e-17
4072.36	5.32138e-18
4074.37	-8.26132e-19
4076.38	3.18328e-18
4078.39	2.2239e-18
4080.40	1.04797e-17
4082.41	4.42926e-18
4084.42	1.01486e-17
4086.43	9.43007e-18
4088.44	1.11434e-17
4090.45	3.06553e-18
4092.46	-6.65472e-18
4094.47	-3.55865e-18
4096.48	8.18472e-18
4098.49	3.45157e-19
4100.50	-1.75452e-18
4102.51	-2.23915e-18
4104.52	-8.35846e-19
4106.53	-3.15412e-19
4108.54	6.36631e-18
4110.55	7.95603e-18
4112.56	3.27529e-18
4114.57	-1.67211e-18
4116.58	5.64445e-18
4118.59	1.10137e-18
4120.60	1.85815e-18
4122.61	5.30767e-18
4124.62	-4.1556e-18
4126.63	-3.16506e-18
4128.64	-2.5435e-18
4130.65	5.11067e-18
4132.66	2.7307e-18
4134.67	1.28708e-19
4136.68	-1.3566e-18
4138.69	4.37155e-18
4140.70	-6.97115e-20
4142.71	-2.53399e-19
4144.72	4.61872e-18
4146.73	9.27649e-18
4148.74	6.20172e-18
4150.75	8.10971e-19
4152.76	9.48512e-19
4154.77	-2.93206e-19
4156.78	5.8975e-18
4158.79	6.72336e-18
4160.80	8.43466e-18
4162.81	3.02587e-18
4164.82	-1.55898e-19
4166.83	7.0146e-19
4168.84	5.37194e-18
4170.85	4.87376e-18
4172.86	1.76833e-18
4174.87	3.31883e-18
4176.88	2.4444e-18
4178.89	8.58186e-19
4180.90	5.13574e-18
4182.91	5.38677e-18
4184.92	5.51791e-18
4186.93	7.32482e-18
4188.94	2.79633e-18
4190.95	2.04519e-18
4192.96	-2.33186e-18
4194.97	3.3949e-18
4196.98	4.92083e-18
4198.99	3.53312e-18
4201.00	1.10593e-17
4203.01	4.78076e-18
4205.02	8.98847e-18
4207.03	1.43925e-18
4209.04	-2.41817e-18
4211.05	3.52048e-18
4213.06	6.47838e-18
4215.07	2.69019e-18
4217.08	2.11998e-19
4219.09	1.66684e-18
4221.10	6.16217e-18
4223.11	4.49341e-18
4225.12	4.45174e-18
4227.13	2.48078e-18
4229.14	4.20432e-18
4231.15	3.59964e-18
4233.16	3.14695e-18
4235.17	-1.31644e-18
4237.18	5.80857e-18
4239.19	4.14538e-18
4241.20	1.97494e-18
4243.21	3.21136e-18
4245.22	4.13621e-18
4247.23	5.0647e-18
4249.24	5.81438e-18
4251.25	5.94486e-18
4253.26	2.55093e-18
4255.27	1.98019e-19
4257.28	8.15531e-19
4259.29	3.13572e-18
4261.30	1.02521e-17
4263.31	7.73902e-18
4265.32	4.71679e-18
4267.33	6.60508e-18
4269.34	1.88292e-18
4271.35	4.95162e-18
4273.36	5.16086e-18
4275.37	7.45903e-18
4277.38	2.64712e-18
4279.39	-2.48142e-18
4281.40	-5.01701e-19
4283.41	3.25135e-18
4285.42	7.67782e-18
4287.43	5.74856e-18
4289.44	5.66844e-18
4291.45	2.01275e-18
4293.46	3.6841e-18
4295.47	5.27496e-18
4297.48	2.33716e-18
4299.49	2.74385e-18
4301.50	2.96217e-18
4303.51	3.52062e-18
4305.52	3.46665e-18
4307.53	2.74135e-18
4309.54	2.2497e-18
4311.55	5.92181e-18
4313.56	1.394e-18
4315.57	9.0837e-19
4317.58	8.39243e-18
4319.59	2.01794e-18
4321.60	2.19996e-18
4323.61	5.13792e-18
4325.62	2.12975e-18
4327.63	1.70175e-18
4329.64	4.0281e-18
4331.65	-4.45752e-20
4333.66	2.20849e-18
4335.67	1.0071e-17
4337.68	4.84904e-18
4339.69	4.5257e-18
4341.70	1.63435e-18
4343.71	4.34479e-18
4345.72	6.02448e-18
4347.73	4.42959e-18
4349.74	1.71007e-18
4351.75	3.48425e-18
4353.76	3.59716e-18
4355.77	5.75014e-18
4357.78	6.76656e-18
4359.79	4.66814e-18
4361.80	2.81525e-18
4363.81	3.52538e-18
4365.82	2.63307e-18
4367.83	3.99284e-18
4369.84	4.40435e-18
4371.85	4.00392e-18
4373.86	-7.28577e-19
4375.87	4.27741e-18
4377.88	4.36937e-18
4379.89	4.98172e-18
4381.90	1.26767e-18
4383.91	1.97742e-18
4385.92	6.12446e-18
4387.93	4.43722e-18
4389.94	-1.51355e-18
4391.95	1.02708e-18
4393.96	3.04868e-18
4395.97	4.57931e-18
4397.98	4.69915e-18
4399.99	3.77943e-18
4402.00	4.5109e-18
4404.01	5.84165e-18
4406.02	5.31209e-18
4408.03	2.99342e-18
4410.04	1.20464e-18
4412.05	4.00006e-18
4414.06	6.23272e-18
4416.07	5.30434e-18
4418.08	2.33713e-18
4420.09	6.03783e-18
4422.10	4.47003e-18
4424.11	3.59867e-18
4426.12	2.73309e-18
4428.13	5.10305e-18
4430.14	4.68521e-18
4432.15	4.05912e-18
4434.16	3.58862e-18
4436.17	3.71699e-18
4438.18	3.15464e-18
4440.19	2.12482e-18
4442.20	5.14634e-18
4444.21	3.25094e-18
4446.22	8.09075e-18
4448.23	5.59066e-18
4450.24	2.71699e-18
4452.25	3.42357e-18
4454.26	4.99721e-18
4456.27	5.75127e-19
4458.28	1.90063e-18
4460.29	4.23078e-18
4462.30	7.55109e-18
4464.31	6.21901e-18
4466.32	3.0879e-18
4468.33	7.57945e-18
4470.34	3.35762e-18
4472.35	2.9283e-18
4474.36	1.90862e-18
4476.37	4.9885e-18
4478.38	6.93215e-18
4480.39	2.91798e-18
4482.40	3.14991e-18
4484.41	3.55454e-18
4486.42	1.99402e-18
4488.43	5.97741e-18
4490.44	3.10172e-18
4492.45	3.95671e-18
4494.46	5.74825e-18
4496.47	3.35929e-18
4498.48	3.93102e-19
4500.49	4.05764e-18
4502.50	3.06626e-18
4504.51	6.90215e-18
4506.52	3.42494e-18
4508.53	3.56624e-18
4510.54	6.48044e-18
4512.55	5.65322e-18
4514.56	3.61227e-18
4516.57	2.5915e-19
4518.58	3.76846e-18
4520.59	4.01294e-18
4522.60	1.06034e-18
4524.61	-1.31655e-18
4526.62	4.6732e-18
4528.63	6.2503e-18
4530.64	6.80772e-18
4532.65	7.77201e-18
4534.66	2.04281e-18
4536.67	5.75338e-18
4538.68	4.0467e-18
4540.69	2.60885e-18
4542.70	4.37131e-18
4544.71	3.42409e-18
4546.72	5.35399e-18
4548.73	3.58169e-18
4550.74	-1.76883e-19
4552.75	2.68907e-18
4554.76	7.54474e-18
4556.77	6.17435e-18
4558.78	3.4259e-18
4560.79	2.7249e-18
4562.80	1.89083e-18
4564.81	3.84333e-18
4566.82	2.62713e-18
4568.83	2.72712e-18
4570.84	2.80416e-18
4572.85	2.11662e-18
4574.86	1.37592e-18
4576.87	3.68442e-18
4578.88	4.59564e-18
4580.89	6.74785e-18
4582.90	3.6861e-18
4584.91	1.67473e-18
4586.92	9.46952e-19
4588.93	1.0663e-18
4590.94	3.71199e-18
4592.95	3.3976e-18
4594.96	1.5545e-18
4596.97	1.59376e-18
4598.98	4.77265e-18
4600.99	3.18111e-18
4603.00	4.34321e-18
4605.01	4.01136e-18
4607.02	3.75658e-18
4609.03	2.73332e-18
4611.04	1.9545e-18
4613.05	3.30289e-18
4615.06	4.46099e-18
4617.07	4.00572e-18
4619.08	7.6508e-18
4621.09	3.47534e-18
4623.10	-6.22396e-21
4625.11	4.1461e-18
4627.12	1.38769e-18
4629.13	2.68267e-18
4631.14	5.22053e-18
4633.15	4.17561e-18
4635.16	3.60216e-18
4637.17	2.95369e-19
4639.18	8.93006e-19
4641.19	3.14653e-18
4643.20	3.21573e-18
4645.21	2.388e-18
4647.22	4.5926e-18
4649.23	1.74909e-18
4651.24	3.80632e-18
4653.25	5.45276e-18
4655.26	2.93476e-18
4657.27	4.69664e-18
4659.28	2.97782e-18
4661.29	3.867e-18
4663.30	3.53706e-19
4665.31	2.06546e-19
4667.32	1.87749e-18
4669.33	5.34696e-18
4671.34	2.66223e-18
4673.35	1.38913e-18
4675.36	4.15222e-19
4677.37	3.01181e-18
4679.38	4.84584e-18
4681.39	1.29711e-18
4683.40	1.86568e-18
4685.41	2.59233e-18
4687.42	4.61135e-18
4689.43	3.30644e-18
4691.44	2.07436e-18
4693.45	2.42153e-18
4695.46	7.62249e-19
4697.47	3.41108e-18
4699.48	5.99992e-18
4701.49	1.48353e-18
4703.50	3.08979e-18
4705.51	6.28952e-18
4707.52	3.99194e-18
4709.53	2.5906e-18
4711.54	3.19432e-18
4713.55	4.53843e-18
4715.56	3.97065e-18
4717.57	1.85686e-18
4719.58	3.45045e-19
4721.59	2.96112e-18
4723.60	2.4548e-18
4725.61	1.41269e-18
4727.62	3.84287e-18
4729.63	3.46162e-18
4731.64	4.6481e-18
4733.65	3.27306e-18
4735.66	3.01828e-18
4737.67	2.82264e-18
4739.68	1.67547e-19
4741.69	2.68829e-18
4743.70	2.49708e-18
4745.71	1.98719e-18
4747.72	3.14677e-18
4749.73	7.23489e-19
4751.74	1.92427e-18
4753.75	3.00975e-18
4755.76	1.95865e-18
4757.77	2.62789e-18
4759.78	3.79887e-18
4761.79	1.9369e-18
4763.80	3.56191e-18
4765.81	3.6889e-18
4767.82	2.03484e-18
4769.83	2.24378e-18
4771.84	2.64602e-18
4773.85	2.66152e-18
4775.86	1.65108e-18
4777.87	4.98811e-19
4779.88	3.46598e-18
4781.89	1.56875e-18
4783.90	3.15505e-18
4785.91	2.76842e-18
4787.92	3.92224e-18
4789.93	2.97052e-18
4791.94	2.26116e-18
4793.95	2.12562e-18
4795.96	1.52417e-18
4797.97	2.83014e-18
4799.98	4.09675e-18
4801.99	3.55664e-18
4804.00	2.46419e-18
4806.01	2.61632e-18
4808.02	5.27742e-18
4810.03	4.59079e-18
4812.04	4.95704e-18
4814.05	2.86373e-18
4816.06	3.87782e-18
4818.07	2.12093e-18
4820.08	4.66539e-18
4822.09	3.73345e-18
4824.10	1.64008e-18
4826.11	4.38719e-18
4828.12	3.75395e-18
4830.13	5.52529e-18
4832.14	3.02724e-18
4834.15	4.99909e-18
4836.16	5.29769e-18
4838.17	2.57545e-18
4840.18	2.95001e-18
4842.19	6.01521e-18
4844.20	1.64313e-18
4846.21	2.15736e-18
4848.22	3.19777e-18
4850.23	4.77074e-18
4852.24	3.83754e-18
4854.25	2.41213e-18
4856.26	3.41697e-18
4858.27	3.78243e-18
4860.28	1.26374e-18
4862.29	1.23709e-18
4864.30	2.08365e-18
4866.31	1.58165e-18
4868.32	2.44752e-18
4870.33	1.26837e-18
4872.34	2.50588e-18
4874.35	3.15641e-18
4876.36	2.10988e-18
4878.37	1.09879e-18
4880.38	3.14623e-18
4882.39	4.4725e-18
4884.40	1.34974e-18
4886.41	4.44605e-18
4888.42	2.65045e-18
4890.43	2.37049e-18
4892.44	2.3619e-18
4894.45	2.87437e-18
4896.46	3.73265e-18
4898.47	3.43296e-18
4900.48	4.62892e-18
4902.49	3.58805e-18
4904.50	2.25464e-18
4906.51	2.64373e-18
4908.52	2.31037e-18
4910.53	3.99651e-18
4912.54	1.95415e-18
4914.55	1.41988e-18
4916.56	1.35538e-18
4918.57	2.7062e-18
4920.58	3.36258e-18
4922.59	2.74819e-18
4924.60	1.41085e-18
4926.61	5.86331e-19
4928.62	1.24654e-18
4930.63	7.82814e-19
4932.64	9.76912e-19
4934.65	6.90556e-19
4936.66	3.95117e-18
4938.67	2.37415e-18
4940.68	3.36485e-18
4942.69	2.46408e-18
4944.70	1.64652e-18
4946.71	1.93327e-18
4948.72	9.91134e-19
4950.73	2.108e-18
4952.74	1.86258e-18
4954.75	1.50553e-18
4956.76	2.9586e-18
4958.77	3.055e-18
4960.78	3.60682e-18
4962.79	2.63024e-18
4964.80	3.87428e-18
4966.81	2.13208e-18
4968.82	3.83565e-18
4970.83	3.42642e-18
4972.84	3.16909e-18
4974.85	3.34114e-18
4976.86	1.79925e-18
4978.87	3.38463e-18
4980.88	3.49138e-18
4982.89	3.5834e-18
4984.90	1.9226e-18
4986.91	1.9185e-18
4988.92	2.04927e-18
4990.93	2.4567e-18
4992.94	3.69758e-18
4994.95	2.43276e-18
4996.96	1.472e-18
4998.97	1.41812e-18
5000.98	2.38223e-18
5002.99	3.66273e-18
5005.00	3.20527e-18
5007.01	2.97761e-18
5009.02	2.7776e-18
5011.03	2.67998e-18
5013.04	3.38549e-18
5015.05	4.52978e-18
5017.06	2.19303e-18
5019.07	2.58895e-18
5021.08	3.18676e-18
5023.09	2.6531e-18
5025.10	2.56349e-18
5027.11	1.65394e-18
5029.12	2.21238e-18
5031.13	1.64477e-18
5033.14	1.87257e-18
5035.15	2.04949e-18
5037.16	2.16163e-18
5039.17	3.55847e-18
5041.18	3.00918e-18
5043.19	2.73434e-18
5045.20	3.26824e-18
5047.21	3.88735e-18
5049.22	3.48922e-18
5051.23	2.80882e-18
5053.24	8.36581e-19
5055.25	1.49018e-18
5057.26	4.26686e-18
5059.27	3.8398e-18
5061.28	1.63814e-18
5063.29	2.02601e-18
5065.30	2.7941e-18
5067.31	1.00916e-18
5069.32	1.68487e-18
5071.33	3.38329e-18
5073.34	1.66587e-18
5075.35	1.17861e-18
5077.36	2.55166e-18
5079.37	2.35095e-18
5081.38	3.05777e-18
5083.39	3.93728e-18
5085.40	2.68396e-18
5087.41	1.12553e-18
5089.42	1.74192e-18
5091.43	1.66345e-18
5093.44	2.21404e-18
5095.45	2.54036e-18
5097.46	2.76806e-18
5099.47	2.94186e-18
5101.48	3.40133e-18
5103.49	2.72384e-18
5105.50	3.21906e-18
5107.51	3.62231e-18
5109.52	2.21597e-18
5111.53	2.24298e-18
5113.54	4.20112e-18
5115.55	4.72365e-18
5117.56	3.50381e-18
5119.57	1.77693e-18
5121.58	2.58133e-18
5123.59	2.96673e-18
5125.60	2.82364e-18
5127.61	3.21127e-18
5129.62	2.73764e-18
5131.63	2.76126e-18
5133.64	3.26807e-18
5135.65	4.4928e-18
5137.66	3.29523e-18
5139.67	1.70018e-18
5141.68	2.18216e-18
5143.69	2.64914e-18
5145.70	1.90611e-18
5147.71	3.58966e-18
5149.72	4.11028e-18
5151.73	3.04382e-18
5153.74	2.4918e-18
5155.75	3.60056e-18
5157.76	3.5066e-18
5159.77	3.0314e-18
5161.78	4.67405e-18
5163.79	4.14945e-18
5165.80	2.8047e-18
5167.81	3.64171e-18
5169.82	3.39087e-18
5171.83	2.5706e-18
5173.84	3.4069e-18
5175.85	4.92016e-18
5177.86	4.12207e-18
5179.87	3.08967e-18
5181.88	3.1009e-18
5183.89	3.28519e-18
5185.90	2.94749e-18
5187.91	3.44657e-18
5189.92	3.75962e-18
5191.93	3.521e-18
5193.94	2.20404e-18
5195.95	3.52948e-18
5197.96	5.73322e-18
5199.97	5.34694e-18
5201.98	4.08109e-18
5203.99	3.5162e-18
5206.00	3.366e-18
5208.01	3.91606e-18
5210.02	3.77398e-18
5212.03	4.83343e-18
5214.04	3.02808e-18
5216.05	2.92292e-18
5218.06	4.59746e-18
5220.07	3.68e-18
5222.08	3.59691e-18
5224.09	3.07453e-18
5226.10	3.61215e-18
5228.11	2.23222e-18
5230.12	2.9675e-18
5232.13	3.93168e-18
5234.14	4.67467e-18
5236.15	4.34724e-18
5238.16	3.72887e-18
5240.17	2.94357e-18
5242.18	3.78736e-18
5244.19	4.42779e-18
5246.20	3.34482e-18
5248.21	4.26868e-18
5250.22	4.00143e-18
5252.23	3.68573e-18
5254.24	3.05085e-18
5256.25	3.10585e-18
5258.26	2.52041e-18
5260.27	3.18697e-18
5262.28	3.46013e-18
5264.29	2.90527e-18
5266.30	2.69535e-18
5268.31	3.37067e-18
5270.32	4.56352e-18
5272.33	4.09347e-18
5274.34	3.18255e-18
5276.35	2.94199e-18
5278.36	3.95056e-18
5280.37	3.83112e-18
5282.38	2.71737e-18
5284.39	2.93859e-18
5286.40	3.73315e-18
5288.41	4.17167e-18
5290.42	3.63574e-18
5292.43	2.47198e-18
5294.44	2.57959e-18
5296.45	2.75338e-18
5298.46	2.0958e-18
5300.47	2.30094e-18
5302.48	2.78757e-18
5304.49	3.26039e-18
5306.50	3.77725e-18
5308.51	3.6169e-18
5310.52	4.04555e-18
5312.53	4.43194e-18
5314.54	3.9341e-18
5316.55	3.18994e-18
5318.56	3.9354e-18
5320.57	3.44923e-18
5322.58	4.12129e-18
5324.59	4.14078e-18
5326.60	3.61432e-18
5328.61	2.52977e-18
5330.62	2.74566e-18
5332.63	3.43745e-18
5334.64	2.83267e-18
5336.65	2.45044e-18
5338.66	2.19254e-18
5340.67	2.30113e-18
5342.68	2.60365e-18
5344.69	2.00774e-18
5346.70	1.655e-18
5348.71	1.55967e-18
5350.72	2.79822e-18
5352.73	3.46051e-18
5354.74	3.02254e-18
5356.75	2.44742e-18
5358.76	3.43078e-18
5360.77	4.54425e-18
5362.78	3.8125e-18
5364.79	2.08977e-18
5366.80	2.35876e-18
5368.81	3.20547e-18
5370.82	3.66469e-18
5372.83	2.63875e-18
5374.84	2.01473e-18
5376.85	2.28563e-18
5378.86	4.15109e-18
5380.87	3.93192e-18
5382.88	3.0825e-18
5384.89	3.33219e-18
5386.90	2.81141e-18
5388.91	3.17652e-18
5390.92	2.88717e-18
5392.93	2.02942e-18
5394.94	2.77844e-18
5396.95	3.50385e-18
5398.96	3.56224e-18
5400.97	4.26808e-18
5402.98	3.58435e-18
5404.99	2.86379e-18
5407.00	2.94087e-18
5409.01	2.27184e-18
5411.02	3.25011e-18
5413.03	3.329e-18
5415.04	4.55629e-18
5417.05	3.42135e-18
5419.06	2.46358e-18
5421.07	3.9544e-18
5423.08	2.77208e-18
5425.09	2.24686e-18
5427.10	1.97891e-18
5429.11	3.96428e-18
5431.12	4.97953e-18
5433.13	3.38277e-18
5435.14	3.28129e-18
5437.15	3.84111e-18
5439.16	3.38921e-18
5441.17	3.92851e-18
5443.18	3.82625e-18
5445.19	4.16938e-18
5447.20	2.94539e-18
5449.21	2.55753e-18
5451.22	2.54808e-18
5453.23	2.95599e-18
5455.24	2.56694e-18
5457.25	1.96228e-18
5459.26	2.12766e-18
5461.27	4.20564e-18
5463.28	3.21559e-18
5465.29	2.34213e-18
5467.30	2.73537e-18
5469.31	2.73658e-18
5471.32	2.19661e-18
5473.33	2.59844e-18
5475.34	2.86465e-18
5477.35	2.03161e-18
5479.36	2.17637e-18
5481.37	3.50107e-18
5483.38	3.81995e-18
5485.39	4.02828e-18
5487.40	3.73909e-18
5489.41	3.21041e-18
5491.42	3.7186e-18
5493.43	3.62879e-18
5495.44	4.51621e-18
5497.45	4.85523e-18
5499.46	3.85449e-18
5501.47	3.62178e-18
5503.48	3.97311e-18
5505.49	5.4918e-18
5507.50	4.38644e-18
5509.51	4.79757e-18
5511.52	5.06485e-18
5513.53	4.75058e-18
5515.54	4.72629e-18
5517.55	3.2901e-18
5519.56	3.50102e-18
5521.57	4.78512e-18
5523.58	4.19718e-18
5525.59	3.96487e-18
5527.60	2.8654e-18
5529.61	2.36052e-18
5531.62	2.79019e-18
5533.63	4.10811e-18
5535.64	4.33899e-18
5537.65	3.54096e-18
5539.66	3.88575e-18
5541.67	4.57378e-18
5543.68	4.58105e-18
5545.69	4.63713e-18
5547.70	3.35569e-18
5549.71	3.03042e-18
5551.72	3.45534e-18
5553.73	2.22023e-18
5555.74	2.50146e-18
5557.75	2.84678e-18
5559.76	2.68168e-18
5561.77	2.07417e-18
5563.78	2.18125e-18
5565.79	1.3918e-18
5567.80	2.18652e-18
5569.81	2.32527e-18
5571.82	2.46401e-18
5573.83	2.60276e-18
5575.84	2.74151e-18
5577.85	2.88025e-18
5579.86	3.019e-18
5581.87	3.15775e-18
5583.88	3.29649e-18
5585.89	3.43524e-18
5587.90	3.43524e-18
5589.91	3.01373e-18
5591.92	3.66037e-18
5593.93	4.5434e-18
5595.94	6.23283e-18
5597.95	4.52256e-18
5599.96	4.22573e-18
5601.97	4.43127e-18
5603.98	4.06007e-18
5605.99	5.41208e-18
5608.00	4.62773e-18
5610.01	3.99691e-18
5612.02	4.44234e-18
5614.03	4.34391e-18
5616.04	5.08257e-18
5618.05	4.90075e-18
5620.06	6.21334e-18
5622.07	5.59807e-18
5624.08	4.56399e-18
5626.09	5.18776e-18
5628.10	4.10282e-18
5630.11	5.03906e-18
5632.12	3.82875e-18
5634.13	4.26862e-18
5636.14	3.25104e-18
5638.15	3.05493e-18
5640.16	4.80255e-18
5642.17	3.78265e-18
5644.18	3.59179e-18
5646.19	1.92668e-18
5648.20	2.74334e-18
5650.21	3.93385e-18
5652.22	3.4815e-18
5654.23	2.80131e-18
5656.24	2.71312e-18
5658.25	2.95666e-18
5660.26	3.23341e-18
5662.27	3.3464e-18
5664.28	3.30834e-18
5666.29	4.60743e-18
5668.30	4.5992e-18
5670.31	4.35669e-18
5672.32	4.13803e-18
5674.33	3.59996e-18
5676.34	5.44843e-18
5678.35	3.72751e-18
5680.36	2.05383e-18
5682.37	2.05631e-18
5684.38	3.01236e-18
5686.39	2.74652e-18
5688.40	2.81627e-18
5690.41	3.98024e-18
5692.42	4.87214e-18
5694.43	4.10719e-18
5696.44	5.31362e-18
5698.45	3.49621e-18
5700.46	3.61025e-18
5702.47	4.54289e-18
5704.48	3.30953e-18
5706.49	3.56655e-18
5708.50	2.1671e-18
5710.51	3.87987e-18
5712.52	2.91062e-18
5714.53	3.06593e-18
5716.54	2.72179e-18
5718.55	2.69674e-18
5720.56	4.45422e-18
5722.57	4.11611e-18
5724.58	3.7697e-18
5726.59	2.37998e-18
5728.60	1.13477e-18
5730.61	3.19091e-18
5732.62	2.23588e-18
5734.63	2.48201e-18
5736.64	1.48503e-18
5738.65	1.53156e-18
5740.66	1.28047e-18
5742.67	2.56609e-18
5744.68	5.18226e-18
5746.69	2.57748e-18
5748.70	3.16589e-18
5750.71	3.58584e-18
5752.72	2.60269e-18
5754.73	2.347e-18
5756.74	9.56138e-19
5758.75	2.70244e-18
5760.76	4.05239e-18
5762.77	3.966e-18
5764.78	4.21488e-18
5766.79	4.0985e-18
5768.80	2.65152e-18
5770.81	1.87288e-18
5772.82	2.80349e-18
5774.83	3.6137e-18
5776.84	4.01214e-18
5778.85	2.92111e-18
5780.86	3.18945e-18
5782.87	2.88436e-18
5784.88	2.96783e-18
5786.89	3.07773e-18
5788.90	2.30776e-18
5790.91	2.42713e-18
5792.92	4.12148e-18
5794.93	3.28249e-18
5796.94	1.85979e-18
5798.95	2.99987e-18
5800.96	3.97648e-18
5802.97	3.89911e-18
5804.98	3.35896e-18
5806.99	1.31835e-18
5809.00	2.4742e-18
5811.01	2.6528e-18
5813.02	3.21614e-18
5815.03	3.28526e-18
5817.04	3.06603e-18
5819.05	3.15566e-18
5821.06	3.39819e-18
5823.07	2.89194e-18
5825.08	3.20526e-18
5827.09	3.7235e-18
5829.10	4.221e-18
5831.11	4.26356e-18
5833.12	3.78617e-18
5835.13	3.75549e-18
5837.14	4.29496e-18
5839.15	3.21071e-18
5841.16	3.13343e-18
5843.17	2.90142e-18
5845.18	3.20367e-18
5847.19	3.99495e-18
5849.20	2.91277e-18
5851.21	2.20224e-18
5853.22	1.77198e-18
5855.23	3.60741e-18
5857.24	4.26407e-18
5859.25	2.75579e-18
5861.26	1.98461e-18
5863.27	1.76648e-18
5865.28	2.05305e-18
5867.29	2.76021e-18
5869.30	2.47536e-18
5871.31	3.5593e-18
5873.32	3.17726e-18
5875.33	3.76005e-18
5877.34	2.49467e-18
5879.35	3.43021e-18
5881.36	2.11713e-18
5883.37	3.34313e-18
5885.38	6.08232e-18
5887.39	1.65976e-18
5889.40	3.13293e-18
5891.41	5.68501e-18
5893.42	5.7546e-18
5895.43	4.38529e-18
5897.44	4.38099e-18
5899.45	3.40537e-18
5901.46	2.6615e-18
5903.47	3.82211e-18
5905.48	3.47234e-18
5907.49	2.82431e-18
5909.50	3.53858e-18
5911.51	5.01837e-18
5913.52	3.7826e-18
5915.53	4.12614e-18
5917.54	4.88539e-18
5919.55	3.05387e-18
5921.56	3.06128e-18
5923.57	2.92946e-18
5925.58	2.93774e-18
5927.59	3.57502e-18
5929.60	3.49738e-18
5931.61	2.74043e-18
5933.62	2.45352e-18
5935.63	2.42137e-18
5937.64	3.18019e-18
5939.65	3.47004e-18
5941.66	3.52277e-18
5943.67	3.77726e-18
5945.68	4.24051e-18
5947.69	3.63978e-18
5949.70	3.60232e-18
5951.71	5.02744e-18
5953.72	4.93256e-18
5955.73	3.16674e-18
5957.74	2.96601e-18
5959.75	3.00173e-18
5961.76	3.27069e-18
5963.77	3.95247e-18
5965.78	3.3849e-18
5967.79	3.35198e-18
5969.80	3.6252e-18
5971.81	3.95265e-18
5973.82	3.94101e-18
5975.83	4.13093e-18
5977.84	3.27441e-18
5979.85	3.83013e-18
5981.86	4.2625e-18
5983.87	3.5993e-18
5985.88	3.78255e-18
5987.89	4.1199e-18
5989.90	3.86447e-18
5991.91	2.20747e-18
5993.92	3.08599e-18
5995.93	4.79895e-18
5997.94	4.94219e-18
5999.95	3.40568e-18
6001.96	3.73929e-18
6003.97	3.09127e-18
6005.98	3.00553e-18
6007.99	3.15012e-18
6010.00	2.21883e-18
6012.01	2.94122e-18
6014.02	4.16689e-18
6016.03	4.58677e-18
6018.04	2.81691e-18
6020.05	2.8574e-18
6022.06	2.31438e-18
6024.07	3.46663e-18
6026.08	4.51318e-18
6028.09	2.40776e-18
6030.10	1.97664e-18
6032.11	3.11906e-18
6034.12	3.04339e-18
6036.13	3.3286e-18
6038.14	4.12311e-18
6040.15	4.60494e-18
6042.16	3.84055e-18
6044.17	3.51199e-18
6046.18	3.48079e-18
6048.19	3.58498e-18
6050.20	4.30702e-18
6052.21	3.68934e-18
6054.22	3.59305e-18
6056.23	4.22806e-18
6058.24	4.0145e-18
6060.25	2.87026e-18
6062.26	4.18681e-18
6064.27	3.60892e-18
6066.28	5.07982e-18
6068.29	4.51524e-18
6070.30	4.21609e-18
6072.31	4.10384e-18
6074.32	3.1773e-18
6076.33	3.79217e-18
6078.34	4.35654e-18
6080.35	3.88747e-18
6082.36	3.67781e-18
6084.37	3.51205e-18
6086.38	2.24547e-18
6088.39	2.10169e-18
6090.40	3.4484e-18
6092.41	4.35852e-18
6094.42	4.83828e-18
6096.43	3.47937e-18
6098.44	3.36069e-18
6100.45	3.85947e-18
6102.46	3.30259e-18
6104.47	2.67429e-18
6106.48	3.92678e-18
6108.49	4.16781e-18
6110.50	3.02979e-18
6112.51	3.38194e-18
6114.52	2.45234e-18
6116.53	2.56043e-18
6118.54	3.3378e-18
6120.55	3.50472e-18
6122.56	2.6999e-18
6124.57	3.28563e-18
6126.58	3.95819e-18
6128.59	2.88847e-18
6130.60	3.38907e-18
6132.61	3.68053e-18
6134.62	2.9802e-18
6136.63	3.36414e-18
6138.64	4.03244e-18
6140.65	4.16364e-18
6142.66	2.81922e-18
6144.67	1.89644e-18
6146.68	3.03554e-18
6148.69	2.40039e-18
6150.70	2.55938e-18
6152.71	2.62892e-18
6154.72	2.33339e-18
6156.73	3.12184e-18
6158.74	3.40414e-18
6160.75	3.14454e-18
6162.76	3.60892e-18
6164.77	4.41815e-18
6166.78	3.63553e-18
6168.79	4.50596e-18
6170.80	4.95333e-18
6172.81	5.63816e-18
6174.82	3.96281e-18
6176.83	3.68345e-18
6178.84	4.59393e-18
6180.85	4.48556e-18
6182.86	4.12963e-18
6184.87	3.87265e-18
6186.88	3.60863e-18
6188.89	3.7076e-18
6190.90	3.67913e-18
6192.91	4.17693e-18
6194.92	4.26278e-18
6196.93	4.14037e-18
6198.94	3.85377e-18
6200.95	4.79206e-18
6202.96	5.28566e-18
6204.97	5.344e-18
6206.98	5.26385e-18
6208.99	6.2776e-18
6211.00	6.13966e-18
6213.01	5.75966e-18
6215.02	7.18377e-18
6217.03	5.87623e-18
6219.04	2.96991e-18
6221.05	2.64596e-18
6223.06	3.44327e-18
6225.07	4.07568e-18
6227.08	4.04686e-18
6229.09	4.33651e-18
6231.10	4.06777e-18
6233.11	3.87276e-18
6235.12	4.66366e-18
6237.13	4.37138e-18
6239.14	3.69209e-18
6241.15	4.42067e-18
6243.16	3.82005e-18
6245.17	3.89882e-18
6247.18	3.67492e-18
6249.19	3.17093e-18
6251.20	3.38989e-18
6253.21	3.9137e-18
6255.22	5.15379e-18
6257.23	3.92264e-18
6259.24	3.99096e-18
6261.25	3.67976e-18
6263.26	3.67926e-18
6265.27	4.96198e-18
6267.28	3.48463e-18
6269.29	2.6496e-18
6271.30	1.82827e-18
6273.31	2.12542e-18
6275.32	3.14332e-18
6277.33	2.63433e-18
6279.34	1.21795e-18
6281.35	5.83834e-19
6283.36	3.02929e-18
6285.37	4.23837e-18
6287.38	1.63565e-18
6289.39	1.59055e-18
6291.40	2.05613e-18
6293.41	1.1702e-19
6295.42	5.29635e-19
6297.43	4.7759e-18
6299.44	4.05476e-18
6301.45	7.95229e-18
6303.46	4.99908e-18
6305.47	4.0795e-18
6307.48	5.49318e-18
6309.49	4.17981e-18
6311.50	3.42058e-18
6313.51	4.30022e-18
6315.52	3.81683e-18
6317.53	3.81732e-18
6319.54	4.14795e-18
6321.55	4.68393e-18
6323.56	4.08176e-18
6325.57	3.76458e-18
6327.58	4.97345e-18
6329.59	3.2754e-18
6331.60	3.63883e-18
6333.61	4.27279e-18
6335.62	3.49676e-18
6337.63	3.22876e-18
6339.64	2.60563e-18
6341.65	3.67615e-18
6343.66	4.41965e-18
6345.67	3.52179e-18
6347.68	4.31293e-18
6349.69	4.3333e-18
6351.70	3.52323e-18
6353.71	3.16415e-18
6355.72	4.07657e-18
6357.73	3.4338e-18
6359.74	5.92878e-18
6361.75	4.40854e-18
6363.76	3.63563e-18
6365.77	4.13177e-18
6367.78	3.44906e-18
6369.79	3.05262e-18
6371.80	4.18529e-18
6373.81	4.49411e-18
6375.82	3.47955e-18
6377.83	3.9147e-18
6379.84	4.0277e-18
6381.85	2.92862e-18
6383.86	4.18101e-18
6385.87	3.92321e-18
6387.88	3.38282e-18
6389.89	3.44088e-18
6391.90	3.22394e-18
6393.91	3.19657e-18
6395.92	3.36899e-18
6397.93	3.45254e-18
6399.94	3.40219e-18
6401.95	3.43121e-18
6403.96	3.12112e-18
6405.97	3.93544e-18
6407.98	4.06916e-18
6409.99	3.62204e-18
6412.00	2.90329e-18
6414.01	2.39425e-18
6416.02	3.36769e-18
6418.03	4.03606e-18
6420.04	2.75456e-18
6422.05	2.57747e-18
6424.06	3.4577e-18
6426.07	3.20231e-18
6428.08	2.4036e-18
6430.09	1.95864e-18
6432.10	1.95049e-18
6434.11	3.20571e-18
6436.12	3.5348e-18
6438.13	3.55107e-18
6440.14	2.84242e-18
6442.15	2.71067e-18
6444.16	2.79207e-18
6446.17	3.56283e-18
6448.18	2.91614e-18
6450.19	2.29635e-18
6452.20	2.74829e-18
6454.21	3.36013e-18
6456.22	2.80687e-18
6458.23	1.88719e-18
6460.24	2.1775e-18
6462.25	3.98943e-18
6464.26	4.81009e-18
6466.27	4.87853e-18
6468.28	4.24993e-18
6470.29	2.52156e-18
6472.30	3.43942e-18
6474.31	4.21848e-18
6476.32	2.91929e-18
6478.33	2.4358e-18
6480.34	3.22009e-18
6482.35	2.50563e-18
6484.36	2.50158e-18
6486.37	2.35848e-18
6488.38	2.56647e-18
6490.39	1.63534e-18
6492.40	2.87663e-18
6494.41	2.22228e-18
6496.42	2.04581e-18
6498.43	1.55891e-18
6500.44	2.19785e-18
6502.45	1.77321e-18
6504.46	1.86096e-18
6506.47	2.03183e-18
6508.48	2.38731e-18
6510.49	2.1738e-18
6512.50	2.28633e-18
6514.51	7.79153e-19
6516.52	1.62329e-18
6518.53	2.87241e-18
6520.54	2.48043e-18
6522.55	9.21041e-19
6524.56	1.54077e-18
6526.57	2.44606e-18
6528.58	3.33435e-18
6530.59	2.92482e-18
6532.60	1.67402e-18
6534.61	2.01316e-18
6536.62	2.34806e-18
6538.63	1.73919e-18
6540.64	2.28072e-18
6542.65	2.82246e-18
6544.66	2.22371e-18
6546.67	2.52373e-18
6548.68	2.71454e-18
6550.69	2.75204e-18
6552.70	2.87177e-18
6554.71	3.83702e-18
6556.72	3.59331e-18
6558.73	2.83123e-18
6560.74	3.36631e-18
6562.75	3.82386e-18
6564.76	3.65605e-18
6566.77	3.57088e-18
6568.78	2.5372e-18
6570.79	4.06659e-18
6572.80	3.6837e-18
6574.81	4.08738e-18
6576.82	4.09355e-18
6578.83	4.20744e-18
6580.84	4.88279e-18
6582.85	3.64488e-18
6584.86	3.03782e-18
6586.87	3.11884e-18
6588.88	4.34556e-18
6590.89	4.004e-18
6592.90	4.17691e-18
6594.91	4.07318e-18
6596.92	3.79379e-18
6598.93	4.77398e-18
6600.94	3.1657e-18
6602.95	3.6481e-18
6604.96	4.1942e-18
6606.97	3.44175e-18
6608.98	3.25028e-18
6610.99	3.33859e-18
6613.00	3.05006e-18
6615.01	3.47398e-18
6617.02	4.51424e-18
6619.03	3.04347e-18
6621.04	3.43051e-18
6623.05	2.90677e-18
6625.06	2.1418e-18
6627.07	2.97532e-18
6629.08	3.77763e-18
6631.09	4.19293e-18
6633.10	4.43552e-18
6635.11	3.56986e-18
6637.12	3.46285e-18
6639.13	2.84629e-18
6641.14	3.45922e-18
6643.15	2.46167e-18
6645.16	2.99429e-18
6647.17	2.42603e-18
6649.18	2.53333e-18
6651.19	2.42785e-18
6653.20	2.1942e-18
6655.21	2.48209e-18
6657.22	3.00226e-18
6659.23	3.56354e-18
6661.24	2.91638e-18
6663.25	2.58898e-18
6665.26	2.00484e-18
6667.27	2.69567e-18
6669.28	2.94037e-18
6671.29	3.77064e-18
6673.30	2.86383e-18
6675.31	3.32597e-18
6677.32	2.59142e-18
6679.33	2.59138e-18
6681.34	2.2578e-18
6683.35	2.11272e-18
6685.36	2.63075e-18
6687.37	3.20262e-18
6689.38	2.99631e-18
6691.39	3.54903e-18
6693.40	3.35858e-18
6695.41	2.39831e-18
6697.42	2.65999e-18
6699.43	3.44862e-18
6701.44	2.88959e-18
6703.45	3.19894e-18
6705.46	2.30573e-18
6707.47	2.44925e-18
6709.48	2.71067e-18
6711.49	3.09281e-18
6713.50	2.29369e-18
6715.51	2.61983e-18
6717.52	3.0818e-18
6719.53	2.00594e-18
6721.54	1.8715e-18
6723.55	2.83201e-18
6725.56	3.33426e-18
6727.57	2.56645e-18
6729.58	3.26807e-18
6731.59	2.81273e-18
6733.60	3.19355e-18
6735.61	2.63655e-18
6737.62	2.77224e-18
6739.63	2.25364e-18
6741.64	1.82307e-18
6743.65	1.64099e-18
6745.66	2.67446e-18
6747.67	2.82291e-18
6749.68	2.4178e-18
6751.69	2.81557e-18
6753.70	3.18993e-18
6755.71	3.04415e-18
6757.72	2.72082e-18
6759.73	2.13088e-18
6761.74	2.77262e-18
6763.75	3.02875e-18
6765.76	2.63205e-18
6767.77	2.45218e-18
6769.78	2.31779e-18
6771.79	2.89846e-18
6773.80	2.81033e-18
6775.81	2.47385e-18
6777.82	2.62828e-18
6779.83	3.21935e-18
6781.84	2.40385e-18
6783.85	1.88772e-18
6785.86	2.87514e-18
6787.87	2.94935e-18
6789.88	3.67711e-18
6791.89	3.26484e-18
6793.90	2.26576e-18
6795.91	2.11177e-18
6797.92	2.57193e-18
6799.93	1.79699e-18
6801.94	2.16508e-18
6803.95	2.06392e-18
6805.96	1.25935e-18
6807.97	1.81294e-18
6809.98	2.1666e-18
6811.99	2.43119e-18
6814.00	1.89143e-18
6816.01	1.76196e-18
6818.02	1.73158e-18
6820.03	2.09825e-18
6822.04	2.30889e-18
6824.05	2.37575e-18
6826.06	5.1732e-18
6828.07	2.3923e-18
6830.08	2.69496e-18
6832.09	3.40165e-18
6834.10	3.55276e-18
6836.11	2.15071e-18
6838.12	1.86109e-18
6840.13	3.751e-18
6842.14	2.54925e-18
6844.15	2.99748e-18
6846.16	3.70394e-18
6848.17	3.34903e-18
6850.18	3.51367e-18
6852.19	3.32034e-18
6854.20	3.15737e-18
6856.21	4.12012e-18
6858.22	3.01473e-18
6860.23	3.04739e-18
6862.24	2.12406e-18
6864.25	3.23519e-18
6866.26	3.11712e-18
6868.27	3.15373e-18
6870.28	2.65533e-18
6872.29	3.1988e-18
6874.30	4.68144e-18
6876.31	2.62229e-18
6878.32	3.51445e-18
6880.33	3.48175e-18
6882.34	3.43551e-18
6884.35	2.96233e-18
6886.36	2.78047e-18
6888.37	3.84222e-18
6890.38	3.36768e-18
6892.39	2.91667e-18
6894.40	2.59733e-18
6896.41	1.53326e-18
6898.42	3.138e-18
6900.43	3.55051e-18
6902.44	2.71616e-18
6904.45	2.65291e-18
6906.46	3.21089e-18
6908.47	4.38965e-18
6910.48	3.41496e-18
6912.49	2.96082e-18
6914.50	2.52586e-18
6916.51	2.84286e-18
6918.52	3.74036e-18
6920.53	3.42365e-18
6922.54	2.26364e-18
6924.55	1.83745e-18
6926.56	2.4134e-18
6928.57	2.58397e-18
6930.58	1.72308e-18
6932.59	2.36895e-18
6934.60	2.25724e-18
6936.61	1.63944e-18
6938.62	1.70649e-18
6940.63	2.61899e-18
6942.64	2.99203e-18
6944.65	1.73117e-18
6946.66	2.70101e-18
6948.67	3.24853e-18
6950.68	2.83529e-18
6952.69	1.4271e-18
6954.70	2.48972e-18
6956.71	2.3133e-18
6958.72	2.7624e-18
6960.73	2.77344e-18
6962.74	2.14293e-18
6964.75	3.08587e-18
6966.76	2.31761e-18
6968.77	3.65818e-18
6970.78	2.76052e-18
6972.79	4.70482e-18
6974.80	3.91098e-18
6976.81	2.04991e-18
6978.82	1.95291e-18
6980.83	4.30616e-18
6982.84	4.92041e-18
6984.85	3.12511e-18
6986.86	2.55386e-18
6988.87	2.78134e-18
6990.88	1.6838e-18
6992.89	2.36847e-18
6994.90	3.82446e-18
6996.91	3.56408e-18
6998.92	2.90677e-18
7000.93	3.37242e-18
7002.94	2.21259e-18
7004.95	2.49803e-18
7006.96	3.385e-18
7008.97	2.914e-18
7010.98	2.86494e-18
7012.99	2.76352e-18
7015.00	2.36091e-18
7017.01	1.94811e-18
7019.02	2.1149e-18
7021.03	3.16314e-18
7023.04	2.95614e-18
7025.05	2.00678e-18
7027.06	2.00658e-18
7029.07	2.82248e-18
7031.08	2.81799e-18
7033.09	2.40302e-18
7035.10	2.85124e-18
7037.11	2.43485e-18
7039.12	2.73792e-18
7041.13	2.97164e-18
7043.14	1.57414e-18
7045.15	2.74417e-18
7047.16	2.75442e-18
7049.17	3.06763e-18
7051.18	2.37338e-18
7053.19	3.23848e-18
7055.20	3.14562e-18
7057.21	2.48594e-18
7059.22	3.1928e-18
7061.23	1.54975e-18
7063.24	1.04418e-18
7065.25	3.27006e-18
7067.26	3.99388e-18
7069.27	2.61156e-18
7071.28	1.87036e-18
7073.29	2.3674e-18
7075.30	3.35769e-18
7077.31	2.19313e-18
7079.32	1.78864e-18
7081.33	2.55093e-18
7083.34	2.52456e-18
7085.35	2.77578e-18
7087.36	3.31287e-18
7089.37	3.63799e-18
7091.38	2.60845e-18
7093.39	2.40042e-18
7095.40	2.99237e-18
7097.41	3.18348e-18
7099.42	2.29031e-18
7101.43	2.11853e-18
7103.44	2.10079e-18
7105.45	2.25064e-18
7107.46	2.52416e-18
7109.47	2.52934e-18
7111.48	2.07168e-18
7113.49	2.7146e-18
7115.50	2.06558e-18
7117.51	1.78262e-18
7119.52	1.93464e-18
7121.53	2.41048e-18
7123.54	2.66855e-18
7125.55	3.06529e-18
7127.56	2.42073e-18
7129.57	3.36299e-18
7131.58	2.62241e-18
7133.59	2.79276e-18
7135.60	2.02826e-18
7137.61	3.16931e-18
7139.62	2.74083e-18
7141.63	2.25967e-18
7143.64	1.87398e-18
7145.65	1.19079e-18
7147.66	2.66687e-18
7149.67	3.26603e-18
7151.68	2.52177e-18
7153.69	2.26114e-18
7155.70	2.58046e-18
7157.71	3.01597e-18
7159.72	2.60127e-18
7161.73	2.25824e-18
7163.74	1.51452e-18
7165.75	9.92825e-19
7167.76	2.34788e-18
7169.77	2.73271e-18
7171.78	1.84691e-18
7173.79	2.32018e-18
7175.80	2.48587e-18
7177.81	2.3238e-18
7179.82	1.83346e-18
7181.83	2.01874e-18
7183.84	2.31727e-18
7185.85	2.81179e-18
7187.86	3.36924e-18
7189.87	2.13499e-18
7191.88	1.2831e-18
7193.89	2.72242e-18
7195.90	1.32966e-18
7197.91	1.43304e-18
7199.92	1.63223e-18
7201.93	1.22174e-18
7203.94	1.15287e-18
7205.95	1.14854e-18
7207.96	8.04985e-19
7209.97	4.25679e-19
7211.98	1.14509e-18
7213.99	1.97202e-18
7216.00	1.62913e-18
7218.01	1.4609e-18
7220.02	1.52748e-18
7222.03	6.34594e-19
7224.04	1.02337e-18
7226.05	1.23208e-18
7228.06	6.69434e-19
7230.07	1.11323e-18
7232.08	1.28783e-18
7234.09	-5.84993e-19
7236.10	1.28929e-18
7238.11	2.49445e-18
7240.12	4.44106e-18
7242.13	1.65384e-18
7244.14	1.10758e-18
7246.15	4.21791e-19
7248.16	1.32463e-18
7250.17	2.44999e-18
7252.18	2.02997e-18
7254.19	2.11048e-18
7256.20	2.34015e-18
7258.21	2.34683e-18
7260.22	1.8879e-18
7262.23	2.53249e-18
7264.24	1.84076e-18
7266.25	1.66348e-18
7268.26	2.37327e-18
7270.27	2.25285e-18
7272.28	2.34605e-18
7274.29	1.584e-18
7276.30	1.77328e-18
7278.31	2.67271e-18
7280.32	2.33307e-18
7282.33	4.77468e-18
7284.34	6.1155e-18
7286.35	2.10187e-18
7288.36	2.67277e-18
7290.37	3.54176e-18
7292.38	3.10206e-18
7294.39	3.614e-18
7296.40	4.61744e-18
7298.41	4.27387e-18
7300.42	4.46016e-18
7302.43	2.92265e-18
7304.44	3.97474e-18
7306.45	5.91874e-18
7308.46	5.98613e-18
7310.47	4.8795e-18
7312.48	4.32669e-18
7314.49	4.28748e-18
7316.50	7.19968e-18
7318.51	6.46684e-18
7320.52	5.27229e-18
7322.53	5.64058e-18
7324.54	5.2821e-18
7326.55	5.90454e-18
7328.56	6.48584e-18
7330.57	7.74246e-18
7332.58	1.02587e-17
7334.59	9.74763e-18
7336.60	9.5154e-18
7338.61	7.51363e-18
7340.62	5.52208e-18
7342.63	4.69842e-18
7344.64	4.13948e-18
7346.65	4.80716e-18
7348.66	4.11612e-18
7350.67	4.38983e-18
7352.68	4.86239e-18
7354.69	5.84069e-18
7356.70	4.72486e-18
7358.71	4.43384e-18
7360.72	4.48805e-18
7362.73	5.19446e-18
7364.74	3.64715e-18
7366.75	5.25117e-18
7368.76	4.20583e-18
7370.77	2.60495e-18
7372.78	2.76589e-18
7374.79	3.06082e-18
7376.80	3.72578e-18
7378.81	4.01896e-18
7380.82	3.49444e-18
7382.83	2.91286e-18
7384.84	2.75959e-18
7386.85	3.04337e-18
7388.86	4.16235e-18
7390.87	3.1097e-18
7392.88	3.87121e-18
7394.89	3.51687e-18
7396.90	4.44633e-18
7398.91	3.9209e-18
7400.92	3.83323e-18
7402.93	3.16617e-18
7404.94	1.83936e-18
7406.95	2.12682e-18
7408.96	3.39544e-18
7410.97	2.63858e-18
7412.98	2.98708e-18
7414.99	2.59651e-18
7417.00	2.01021e-18
7419.01	2.5774e-18
7421.02	2.63695e-18
7423.03	2.0508e-18
7425.04	2.05148e-18
7427.05	2.8318e-18
7429.06	3.02042e-18
7431.07	2.67714e-18
7433.08	2.60997e-18
7435.09	3.42726e-18
7437.10	2.4274e-18
7439.11	3.69803e-18
7441.12	2.44091e-18
7443.13	1.80711e-18
7445.14	2.8499e-18
7447.15	2.7573e-18
7449.16	2.13289e-18
7451.17	2.43695e-18
7453.18	2.12871e-18
7455.19	1.36835e-18
7457.20	1.91296e-18
7459.21	2.29273e-18
7461.22	1.59079e-18
7463.23	2.45619e-18
7465.24	3.4447e-18
7467.25	3.7975e-18
7469.26	2.39966e-18
7471.27	2.06495e-18
7473.28	2.20303e-18
7475.29	2.09303e-18
7477.30	3.05809e-18
7479.31	2.9424e-18
7481.32	1.68275e-18
7483.33	1.86537e-18
7485.34	2.82053e-18
7487.35	3.02442e-18
7489.36	2.49181e-18
7491.37	2.55901e-18
7493.38	2.73182e-18
7495.39	2.08623e-18
7497.40	2.33861e-18
7499.41	3.25727e-18
7501.42	3.71706e-18
7503.43	3.16407e-18
7505.44	2.90012e-18
7507.45	3.09855e-18
7509.46	2.65485e-18
7511.47	2.58612e-18
7513.48	1.84807e-18
7515.49	1.7567e-18
7517.50	2.32375e-18
7519.51	3.53026e-18
7521.52	3.3002e-18
7523.53	2.50232e-18
7525.54	2.48086e-18
7527.55	2.36935e-18
7529.56	1.79128e-18
7531.57	2.18257e-18
7533.58	1.79982e-18
7535.59	1.86818e-18
7537.60	1.14266e-18
7539.61	2.18099e-18
7541.62	2.39755e-18
7543.63	1.52188e-18
7545.64	1.71362e-18
7547.65	2.00754e-18
7549.66	1.84235e-18
7551.67	1.52146e-18
7553.68	2.37804e-18
7555.69	3.19771e-18
7557.70	2.06662e-18
7559.71	1.9574e-18
7561.72	1.64485e-18
7563.73	2.306e-18
7565.74	2.85763e-18
7567.75	2.90603e-18
7569.76	2.29594e-18
7571.77	3.3629e-18
7573.78	1.85798e-18
7575.79	2.13541e-18
7577.80	1.73594e-18
7579.81	2.65214e-18
7581.82	2.63626e-18
7583.83	1.95399e-18
7585.84	2.92173e-18
7587.85	3.43654e-18
7589.86	1.96327e-18
7591.87	1.9321e-18
7593.88	2.12254e-18
7595.89	2.51511e-18
7597.90	2.20455e-18
7599.91	1.77769e-18
7601.92	2.94853e-19
7603.93	7.09237e-19
7605.94	2.4182e-18
7607.95	2.17738e-18
7609.96	1.19937e-18
7611.97	1.79009e-18
7613.98	2.14927e-18
7615.99	3.65014e-18
7618.00	5.30748e-18
7620.01	3.94133e-18
7622.02	3.1322e-18
7624.03	2.43352e-18
7626.04	2.25708e-18
7628.05	2.30733e-18
7630.06	1.8e-18
7632.07	2.00445e-18
7634.08	2.90841e-18
7636.09	2.86093e-18
7638.10	2.35319e-18
7640.11	1.48637e-18
7642.12	1.85328e-18
7644.13	3.08083e-18
7646.14	2.46764e-18
7648.15	7.277e-19
7650.16	1.42218e-18
7652.17	1.29271e-18
7654.18	2.16387e-18
7656.19	1.65926e-18
7658.20	1.14882e-18
7660.21	2.53056e-18
7662.22	2.80759e-18
7664.23	2.0729e-18
7666.24	1.91572e-18
7668.25	2.6971e-18
7670.26	2.12437e-18
7672.27	2.06185e-18
7674.28	2.58917e-18
7676.29	2.56268e-18
7678.30	2.34485e-18
7680.31	2.55613e-18
7682.32	2.68215e-18
7684.33	2.52811e-18
7686.34	2.08666e-18
7688.35	1.91902e-18
7690.36	2.0892e-18
7692.37	2.60579e-18
7694.38	3.19876e-18
7696.39	2.32813e-18
7698.40	1.00477e-18
7700.41	1.79978e-18
7702.42	2.04792e-18
7704.43	1.08418e-18
7706.44	1.55636e-18
7708.45	4.19359e-19
7710.46	-1.86836e-18
7712.47	3.53722e-19
7714.48	8.75831e-19
7716.49	7.11406e-19
7718.50	2.85974e-18
7720.51	2.41942e-18
7722.52	1.1045e-18
7724.53	9.83341e-19
7726.54	1.70823e-18
7728.55	3.02658e-18
7730.56	2.17934e-18
7732.57	2.65357e-18
7734.58	2.1487e-18
7736.59	1.89785e-18
7738.60	2.27472e-18
7740.61	2.46872e-18
7742.62	1.77897e-18
7744.63	1.30621e-18
7746.64	3.5373e-19
7748.65	-4.07317e-19
7750.66	1.28061e-18
7752.67	2.64156e-18
7754.68	1.4278e-18
7756.69	2.92983e-18
7758.70	2.82925e-18
7760.71	2.04933e-18
7762.72	8.92232e-19
7764.73	1.85112e-18
7766.74	1.76207e-18
7768.75	2.60773e-18
7770.76	3.44046e-18
7772.77	2.20085e-18
7774.78	1.26312e-18
7776.79	2.21047e-18
7778.80	2.91447e-18
7780.81	2.22674e-18
7782.82	1.77884e-18
7784.83	1.62569e-18
7786.84	2.17925e-18
7788.85	3.00524e-18
7790.86	1.13667e-18
7792.87	2.31804e-18
7794.88	2.88209e-18
7796.89	3.64034e-19
7798.90	2.63182e-18
7800.91	2.98999e-18
7802.92	7.89258e-19
7804.93	9.87646e-19
7806.94	1.52946e-18
7808.95	1.37946e-18
7810.96	1.50384e-18
7812.97	1.93432e-18
7814.98	2.17665e-18
7816.99	3.8398e-18
7819.00	2.81832e-18
7821.01	1.50671e-18
7823.02	1.01107e-18
7825.03	2.16358e-18
7827.04	1.58392e-18
7829.05	1.64936e-18
7831.06	2.28593e-18
7833.07	3.1313e-18
7835.08	2.16843e-18
7837.09	1.59546e-18
7839.10	2.04611e-18
7841.11	3.03706e-18
7843.12	3.13243e-18
7845.13	2.60918e-18
7847.14	-5.08067e-19
7849.15	-1.81998e-18
7851.16	2.18418e-18
7853.17	3.48067e-18
7855.18	3.31751e-18
7857.19	1.43686e-18
7859.20	6.29928e-19
7861.21	1.5058e-18
7863.22	4.32054e-18
7865.23	3.18403e-18
7867.24	2.38496e-18
7869.25	1.59791e-18
7871.26	9.38155e-19
7873.27	2.5435e-18
7875.28	2.86952e-18
7877.29	2.26627e-18
7879.30	1.66637e-18
7881.31	8.68335e-19
7883.32	-5.08138e-19
7885.33	6.66224e-19
7887.34	1.17296e-18
7889.35	1.14034e-18
7891.36	2.48681e-18
7893.37	1.99532e-18
7895.38	8.58259e-19
7897.39	2.07548e-18
7899.40	2.44549e-18
7901.41	2.11699e-18
7903.42	1.93103e-18
7905.43	2.1036e-18
7907.44	1.96482e-18
7909.45	2.4285e-18
7911.46	5.07979e-18
7913.47	2.72255e-18
7915.48	4.50031e-18
7917.49	4.24118e-18
7919.50	1.52903e-18
7921.51	1.58e-18
7923.52	9.40753e-19
7925.53	1.89515e-18
7927.54	-4.44906e-19
7929.55	4.67604e-19
7931.56	2.32067e-18
7933.57	1.50129e-18
7935.58	1.5738e-18
7937.59	2.05291e-18
7939.60	1.94829e-18
7941.61	2.46707e-18
7943.62	2.12585e-18
7945.63	1.75327e-18
7947.64	1.19361e-18
7949.65	7.18979e-19
7951.66	1.32818e-18
7953.67	2.0151e-18
7955.68	3.43717e-18
7957.69	1.56189e-18
7959.70	1.6684e-18
7961.71	2.04032e-18
7963.72	3.13827e-18
7965.73	2.16876e-18
7967.74	6.34411e-19
7969.75	3.41566e-18
7971.76	2.58572e-18
7973.77	2.09523e-18
7975.78	1.97793e-18
7977.79	1.35125e-18
7979.80	1.47573e-18
7981.81	1.09475e-18
7983.82	3.8792e-18
7985.83	9.89922e-19
7987.84	8.74205e-19
7989.85	-4.68595e-20
7991.86	8.74957e-19
7993.87	1.44261e-18
7995.88	9.45012e-19
7997.89	1.24462e-18
7999.90	2.99446e-18
8001.91	2.31008e-18
8003.92	2.49475e-18
8005.93	2.88603e-18
8007.94	1.96122e-18
8009.95	1.49848e-18
8011.96	1.60549e-18
8013.97	2.70126e-18
8015.98	3.42818e-18
8017.99	2.08532e-18
8020.0	3.96777e-19
8022.01	1.5565e-18
8024.02	1.54578e-18
8026.03	2.45974e-18
8028.04	3.05669e-18
8030.05	2.0909e-18
8032.06	1.28992e-18
8034.07	2.04816e-18
8036.08	1.15187e-18
8038.09	1.75449e-18
8040.10	2.1878e-18
8042.11	1.341e-18
8044.12	1.82169e-18
8046.13	1.78558e-18
8048.14	1.92664e-18
8050.15	2.57917e-18
8052.16	2.60458e-18
8054.17	2.75798e-18
8056.18	3.86862e-19
8058.19	1.87214e-18
8060.20	1.91596e-18
8062.21	1.67909e-18
8064.22	9.82393e-19
8066.23	2.32619e-18
8068.24	3.11214e-18
8070.25	1.99331e-18
8072.26	2.61242e-18
8074.27	2.60732e-18
8076.28	2.67567e-18
8078.29	2.03731e-18
8080.30	1.45461e-18
8082.31	1.71015e-18
8084.32	2.56911e-18
8086.33	4.10027e-18
8088.34	2.16978e-18
8090.35	1.99529e-18
8092.36	2.42371e-18
8094.37	3.55075e-18
8096.38	2.33569e-18
8098.39	2.49565e-18
8100.40	2.84319e-18
8102.41	1.75721e-18
8104.42	2.76254e-18
8106.43	3.33276e-18
8108.44	3.37995e-18
8110.45	2.75975e-18
8112.46	1.3091e-18
8114.47	1.34033e-18
8116.48	2.12012e-18
8118.49	2.2619e-18
8120.50	1.30503e-18
8122.51	1.2793e-18
8124.52	9.80356e-19
8126.53	1.25031e-18
8128.54	1.54305e-18
8130.55	2.5519e-18
8132.56	1.33562e-18
8134.57	1.04026e-18
8136.58	2.3572e-18
8138.59	1.21482e-18
8140.60	1.71902e-19
8142.61	1.24081e-18
8144.62	2.12215e-18
8146.63	2.07485e-18
8148.64	2.43939e-18
8150.65	8.4062e-19
8152.66	1.9094e-18
8154.67	2.61944e-18
8156.68	1.75003e-18
8158.69	8.99276e-19
8160.70	1.36082e-18
8162.71	2.22914e-18
8164.72	1.63553e-18
8166.73	2.79786e-18
8168.74	2.67932e-18
8170.75	1.96316e-18
8172.76	1.56889e-18
8174.77	1.94629e-18
8176.78	2.15827e-18
8178.79	1.8292e-18
8180.80	1.3865e-18
8182.81	1.82345e-18
8184.82	1.77588e-18
8186.83	2.31772e-18
8188.84	2.06804e-18
8190.85	2.44589e-18
8192.86	1.46479e-18
8194.87	1.75792e-18
8196.88	1.84607e-18
8198.89	1.67955e-18
8200.90	2.39176e-18
8202.91	2.30887e-18
8204.92	1.53905e-18
8206.93	2.23387e-18
8208.94	2.43698e-18
8210.95	2.67768e-18
8212.96	2.01509e-18
8214.97	2.0476e-18
8216.98	1.12632e-18
8218.99	1.59066e-18
8221.00	2.44716e-18
8223.01	1.61063e-18
8225.02	2.15729e-18
8227.03	2.523e-18
8229.04	1.26057e-18
8231.05	1.43117e-18
8233.06	1.17688e-18
8235.07	6.56253e-19
8237.08	7.87464e-19
8239.09	1.57172e-18
8241.10	8.19392e-19
8243.11	7.78961e-19
8245.12	1.77351e-18
8247.13	1.82507e-18
8249.14	1.53714e-18
8251.15	9.33114e-19
8253.16	1.6381e-18
8255.17	9.82294e-19
8257.18	4.84269e-19
8259.19	1.81303e-18
8261.20	1.03129e-18
8263.21	1.49632e-18
8265.22	1.57098e-18
8267.23	2.05193e-18
8269.24	1.22537e-18
8271.25	1.71708e-18
8273.26	1.85257e-18
8275.27	2.66157e-18
8277.28	2.13947e-18
8279.29	4.40608e-18
8281.30	2.3999e-18
8283.31	8.65005e-19
8285.32	2.99706e-18
8287.33	2.60534e-18
8289.34	4.06044e-18
8291.35	1.45446e-18
8293.36	2.86298e-18
8295.37	1.78045e-18
8297.38	6.40842e-19
8299.39	2.62085e-18
8301.40	3.54571e-18
8303.41	8.40541e-19
8305.42	5.45867e-19
8307.43	2.92988e-18
8309.44	1.66739e-18
8311.45	1.1174e-18
8313.46	3.24164e-18
8315.47	2.20392e-18
8317.48	2.13505e-18
8319.49	1.57645e-18
8321.50	1.09099e-18
8323.51	1.56907e-18
8325.52	1.58387e-18
8327.53	2.01887e-18
8329.54	1.22639e-18
8331.55	2.72583e-18
8333.56	1.31459e-18
8335.57	4.75745e-19
8337.58	1.95754e-18
8339.59	4.5754e-18
8341.60	1.62805e-19
8343.61	2.89561e-18
8345.62	4.73788e-19
8347.63	2.31334e-18
8349.64	1.54637e-18
8351.65	-2.77456e-19
8353.66	9.33445e-22
8355.67	2.03783e-18
8357.68	1.02066e-18
8359.69	2.32383e-19
8361.70	7.38516e-19
8363.71	2.27193e-18
8365.72	1.92225e-18
8367.73	1.32611e-18
8369.74	1.30887e-18
8371.75	1.88684e-18
8373.76	2.02582e-18
8375.77	2.49184e-18
8377.78	1.98018e-18
8379.79	3.47589e-18
8381.80	2.94432e-18
8383.81	2.94866e-18
8385.82	2.6616e-18
8387.83	1.72384e-18
8389.84	1.35912e-18
8391.85	1.64417e-18
8393.86	6.65533e-19
8395.87	4.42193e-19
8397.88	5.46598e-18
8399.89	2.78262e-18
8401.90	4.4992e-19
8403.91	5.93431e-19
8405.92	1.58797e-18
8407.93	6.23767e-19
8409.94	2.60008e-19
8411.95	6.14141e-19
8413.96	4.65833e-19
8415.97	2.52804e-18
8417.98	3.052e-18
8419.99	3.62852e-18
8422.00	3.40288e-18
8424.01	1.7715e-18
8426.02	-4.87427e-19
8428.03	2.08031e-18
8430.04	2.32959e-18
8432.05	2.98942e-18
8434.06	1.27904e-18
8436.07	3.48555e-18
8438.08	4.07371e-19
8440.09	1.10476e-18
8442.10	2.30606e-18
8444.11	1.46354e-18
8446.12	2.2888e-18
8448.13	2.59471e-18
8450.14	2.59074e-18
8452.15	1.22921e-18
8454.16	1.74243e-18
8456.17	2.14435e-18
8458.18	1.24203e-18
8460.19	2.50995e-18
8462.20	3.15202e-18
8464.21	2.04734e-18
8466.22	1.39342e-18
8468.23	1.50335e-18
8470.24	6.39571e-19
8472.25	1.38042e-18
8474.26	1.05171e-18
8476.27	1.41746e-18
8478.28	5.10974e-19
8480.29	1.25893e-18
8482.30	2.09051e-18
8484.31	2.38662e-18
8486.32	2.51361e-18
8488.33	1.76861e-18
8490.34	2.34153e-18
8492.35	4.37085e-18
8494.36	2.3279e-18
8496.37	1.41753e-18
8498.38	2.375e-18
8500.39	1.57185e-18
8502.40	2.4537e-18
8504.41	1.25361e-18
8506.42	8.37711e-19
8508.43	9.36162e-19
8510.44	2.12319e-18
8512.45	1.62179e-18
8514.46	2.85485e-19
8516.47	1.16704e-18
8518.48	1.6436e-18
8520.49	6.2686e-19
8522.50	1.04791e-18
8524.51	1.73968e-18
8526.52	9.8443e-19
8528.53	7.641e-19
8530.54	1.22172e-18
8532.55	1.71274e-18
8534.56	2.25084e-18
8536.57	2.45779e-18
8538.58	2.14674e-18
8540.59	6.77499e-19
8542.60	1.12324e-18
8544.61	2.17682e-18
8546.62	2.10353e-18
8548.63	3.03991e-18
8550.64	2.10474e-18
8552.65	1.87005e-18
8554.66	1.40292e-18
8556.67	9.59655e-19
8558.68	1.54104e-18
8560.69	1.37962e-18
8562.70	1.08637e-18
8564.71	1.09473e-18
8566.72	1.13487e-18
8568.73	2.04433e-18
8570.74	1.38833e-18
8572.75	-2.68788e-19
8574.76	5.81978e-19
8576.77	1.97883e-18
8578.78	1.0529e-18
8580.79	1.05285e-18
8582.80	1.53024e-18
8584.81	2.04715e-18
8586.82	1.2e-18
8588.83	8.75878e-19
8590.84	1.75077e-18
8592.85	2.09023e-18
8594.86	1.42908e-18
8596.87	9.67595e-19
8598.88	1.62435e-18
8600.89	1.86918e-18
8602.90	1.91818e-18
8604.91	1.34947e-18
8606.92	2.05822e-18
8608.93	1.92743e-18
8610.94	1.61444e-18
8612.95	9.53502e-19
8614.96	6.14609e-19
8616.97	8.44078e-20
8618.98	1.1626e-18
8620.99	1.35375e-18
8623.00	1.28138e-18
8625.01	1.17092e-18
8627.02	1.82015e-18
8629.03	1.6603e-18
8631.04	6.60678e-19
8633.05	1.84056e-18
8635.06	1.1333e-18
8637.07	3.41174e-18
8639.08	1.47226e-18
8641.09	3.43982e-19
8643.10	5.67245e-19
8645.11	3.14312e-19
8647.12	3.17685e-19
8649.13	5.43873e-20
8651.14	1.04445e-18
8653.15	6.65456e-19
8655.16	1.45955e-18
8657.17	1.08509e-18
8659.18	1.77604e-18
8661.19	1.40988e-18
8663.20	2.87691e-19
8665.21	4.98893e-19
8667.22	1.45624e-18
8669.23	1.61723e-18
8671.24	1.93662e-18
8673.25	1.85141e-18
8675.26	1.20966e-18
8677.27	1.20539e-18
8679.28	2.00995e-18
8681.29	3.16076e-18
8683.30	3.02857e-18
8685.31	1.74415e-18
8687.32	9.47759e-19
8689.33	1.79093e-18
8691.34	2.69675e-18
8693.35	2.51314e-18
8695.36	1.41123e-18
8697.37	1.28532e-18
8699.38	1.36333e-18
8701.39	1.1041e-18
8703.40	9.83122e-19
8705.41	1.01416e-18
8707.42	1.90793e-18
8709.43	2.55357e-18
8711.44	2.50896e-18
8713.45	2.89372e-18
8715.46	1.18903e-18
8717.47	7.28997e-20
8719.48	9.90893e-19
8721.49	2.25271e-18
8723.50	1.97707e-18
8725.51	1.68058e-18
8727.52	5.50792e-19
8729.53	2.1099e-18
8731.54	1.98766e-18
8733.55	1.49224e-18
8735.56	1.13177e-18
8737.57	7.83363e-19
8739.58	8.59827e-19
8741.59	1.4111e-18
8743.60	2.23933e-18
8745.61	2.38204e-18
8747.62	2.42957e-18
8749.63	2.02691e-18
8751.64	1.5696e-18
8753.65	8.07631e-19
8755.66	1.66363e-19
8757.67	3.62588e-18
8759.68	5.0931e-18
8761.69	4.10289e-18
8763.70	3.7906e-18
8765.71	1.37637e-18
8767.72	3.69554e-19
8769.73	3.21264e-18
8771.74	2.36319e-18
8773.75	3.1977e-18
8775.76	6.84763e-19
8777.77	2.61301e-18
8779.78	2.25573e-18
8781.79	2.10631e-18
8783.80	1.8131e-18
8785.81	1.18214e-18
8787.82	-5.15128e-19
8789.83	1.56796e-18
8791.84	1.92387e-18
8793.85	1.61618e-18
8795.86	1.6192e-18
8797.87	1.00768e-18
8799.88	4.40079e-19
8801.89	5.05293e-19
8803.90	1.26208e-18
8805.91	1.47017e-18
8807.92	2.00431e-18
8809.93	1.47449e-18
8811.94	6.36442e-19
8813.95	1.06347e-18
8815.96	1.42256e-18
8817.97	1.82243e-18
8819.98	6.02044e-20
8821.99	-2.54023e-18
8824.00	9.99213e-18
8826.01	6.3748e-18
8828.02	4.25431e-19
8830.03	1.68986e-18
8832.04	2.87098e-18
8834.05	5.5563e-18
8836.06	1.55366e-18
8838.07	-7.13255e-19
8840.08	1.78716e-18
8842.09	1.56287e-18
8844.10	1.44351e-19
8846.11	4.72823e-19
8848.12	1.24955e-18
8850.13	1.95818e-18
8852.14	1.7885e-18
8854.15	2.63176e-18
8856.16	1.25586e-18
8858.17	1.69864e-19
8860.18	5.64339e-19
8862.19	7.95115e-19
8864.20	-1.8336e-19
8866.21	-5.35857e-19
8868.22	6.03353e-19
8870.23	-7.60515e-19
8872.24	7.36807e-19
8874.25	2.17996e-18
8876.26	1.11082e-18
8878.27	2.47048e-18
8880.28	-1.56395e-18
8882.29	-3.04675e-18
8884.30	6.1976e-18
8886.31	2.25243e-18
8888.32	4.20541e-18
8890.33	4.66873e-18
8892.34	3.39305e-18
8894.35	7.47212e-19
8896.36	7.96143e-19
8898.37	1.35024e-18
8900.38	2.51793e-18
8902.39	1.13143e-18
8904.40	1.28272e-19
8906.41	-2.57748e-19
8908.42	2.07071e-18
8910.43	1.00802e-18
8912.44	1.5336e-18
8914.45	2.03743e-18
8916.46	-3.93415e-18
8918.47	2.55525e-18
8920.48	-1.34335e-18
8922.49	-9.75177e-19
8924.50	6.62566e-19
8926.51	1.21075e-18
8928.52	8.66476e-19
8930.53	1.08111e-18
8932.54	6.93624e-19
8934.55	-2.76545e-19
8936.56	9.04196e-19
8938.57	3.22994e-19
8940.58	1.41966e-18
8942.59	1.8049e-18
8944.60	5.3979e-19
8946.61	1.58346e-19
8948.62	1.40508e-18
8950.63	-1.22363e-19
8952.64	4.13216e-19
8954.65	-5.90973e-19
8956.66	1.00435e-18
8958.67	3.48858e-18
8960.68	3.97973e-18
8962.69	7.74226e-19
8964.70	2.214e-18
8966.71	-7.70069e-20
8968.72	2.62661e-18
8970.73	2.01045e-18
8972.74	1.82909e-18
8974.75	3.87825e-19
8976.76	5.95563e-19
8978.77	1.82502e-18
8980.78	4.79116e-19
8982.79	8.18347e-19
8984.80	3.0653e-18
8986.81	3.18238e-18
8988.82	3.19609e-18
8990.83	4.30673e-18
8992.84	1.11863e-18
8994.85	4.38362e-19
8996.86	2.84168e-18
8998.87	5.24751e-18
9000.88	3.37496e-18
9002.89	1.08514e-18
9004.90	9.83677e-19
9006.91	9.35753e-19
9008.92	1.25066e-18
9010.93	-8.78274e-19
9012.94	7.9365e-19
9014.95	1.00929e-18
9016.96	1.18107e-18
9018.97	3.47166e-19
9020.98	1.56989e-19
9022.99	5.18534e-19
9025.00	6.73257e-19
9027.01	7.542e-19
9029.02	-8.41655e-20
9031.03	-2.56602e-19
9033.04	6.40752e-19
9035.05	1.3404e-18
9037.06	1.39295e-18
9039.07	1.50954e-18
9041.08	1.80683e-18
9043.09	1.43174e-18
9045.10	1.4345e-18
9047.11	2.67443e-18
9049.12	1.89116e-18
9051.13	1.17934e-18
9053.14	1.62918e-18
9055.15	1.05775e-18
9057.16	1.47895e-18
9059.17	2.09613e-18
9061.18	2.67878e-18
9063.19	1.55324e-18
9065.20	8.62336e-19
9067.21	1.8665e-18
9069.22	2.21356e-19
9071.23	-3.93544e-19
9073.24	1.55324e-19
9075.25	1.64845e-18
9077.26	1.82568e-18
9079.27	8.5644e-19
9081.28	1.16156e-18
9083.29	3.9902e-19
9085.30	7.95621e-19
9087.31	1.06229e-18
9089.32	-1.63356e-19
9091.33	7.62606e-20
9093.34	1.05895e-19
9095.35	6.01157e-19
9097.36	3.52072e-19
9099.37	2.75412e-19
9101.38	5.51197e-19
9103.39	4.75121e-19
9105.40	8.6397e-19
9107.41	1.29734e-18
9109.42	1.81944e-18
9111.43	2.03289e-18
9113.44	5.09518e-19
9115.45	4.10071e-19
9117.46	2.49248e-18
9119.47	1.46687e-18
9121.48	1.34332e-18
9123.49	1.49574e-18
9125.50	2.56277e-18
9127.51	1.5482e-18
9129.52	1.28133e-18
9131.53	1.52466e-18
9133.54	3.99255e-19
9135.55	7.83296e-19
9137.56	1.41948e-18
9139.57	1.98227e-18
9141.58	1.92685e-18
9143.59	8.77165e-19
9145.60	1.28744e-18
9147.61	9.36988e-19
9149.62	7.07341e-19
9151.63	1.62071e-19
9153.64	1.47609e-18
9155.65	1.43008e-18
9157.66	3.87011e-19
9159.67	1.00512e-18
9161.68	1.9974e-18
9163.69	8.69763e-19
9165.70	1.23012e-18
9167.71	7.26454e-19
9169.72	3.25424e-19
9171.73	4.42967e-20
9173.74	1.51805e-18
9175.75	1.1189e-18
9177.76	1.55157e-18
9179.77	1.99637e-18
9181.78	2.7774e-19
9183.79	1.04875e-18
9185.80	2.43583e-18
9187.81	1.9373e-18
9189.82	3.12712e-18
9191.83	1.66297e-18
9193.84	9.68305e-19
9195.85	1.41043e-18
9197.86	1.36667e-18
9199.87	1.40955e-18
9201.88	1.25054e-18
9203.89	1.92397e-18
9205.90	8.98029e-19
9207.91	1.21852e-18
9209.92	5.07637e-19
9211.93	1.76857e-18
9213.94	1.25951e-18
9215.95	4.71202e-19
9217.96	1.169e-18
9219.97	2.40526e-18
9221.98	3.10384e-19
9223.99	1.6073e-19
9226.00	9.59904e-19
9228.01	9.23479e-19
9230.02	6.22814e-19
9232.03	1.3018e-18
9234.04	6.45026e-19
9236.05	6.16799e-19
9238.06	1.14811e-18
9240.07	7.38541e-19
9242.08	7.05855e-19
9244.09	6.8432e-19
9246.10	1.12619e-18
9248.11	1.2816e-18
9250.12	5.11054e-19
9252.13	8.0872e-19
9254.14	9.62205e-19
9256.15	2.55957e-18
9258.16	1.12652e-18
9260.17	1.26632e-18
9262.18	1.50533e-18
9264.19	6.81108e-19
9266.20	9.75817e-19
9268.21	1.19205e-18
9270.22	2.1369e-18
9272.23	1.91591e-18
9274.24	9.12713e-19
9276.25	-3.66844e-19
9278.26	1.12467e-18
9280.27	1.62068e-18
9282.28	8.4055e-19
9284.29	2.33956e-18
9286.30	6.68194e-19
9288.31	7.30501e-19
9290.32	6.46403e-19
9292.33	1.1507e-18
9294.34	-4.85779e-19
9296.35	4.71316e-19
9298.36	6.34155e-19
9300.37	-8.55803e-19
9302.38	-1.72382e-19
9304.39	2.07222e-18
9306.40	2.358e-19
9308.41	-1.5195e-18
9310.42	-1.35024e-18
9312.43	-1.08108e-19
9314.44	-6.99912e-19
9316.45	2.61952e-20
9318.46	1.86565e-18
9320.47	1.54741e-18
9322.48	2.13393e-18
9324.49	2.30803e-18
9326.50	2.45375e-18
9328.51	9.26406e-18
9330.52	-2.04361e-18
9332.53	-9.02643e-20
9334.54	4.76217e-19
9336.55	3.01357e-18
9338.56	3.27579e-18
9340.57	1.91651e-18
9342.58	1.30194e-18
9344.59	1.66014e-18
9346.60	5.47303e-19
9348.61	1.89006e-19
9350.62	-3.22739e-19
9352.63	-1.3657e-19
9354.64	1.17086e-18
9356.65	-3.01232e-19
9358.66	9.17925e-19
9360.67	6.33863e-19
9362.68	-1.68781e-18
9364.69	-5.58297e-19
9366.70	-8.22284e-19
9368.71	-3.4631e-18
9370.72	-2.63296e-19
9372.73	7.9855e-19
9374.74	1.17881e-18
9376.75	-4.08957e-18
9378.76	6.28105e-19
9380.77	1.95724e-18
9382.78	2.48934e-18
9384.79	4.88783e-19
9386.80	-2.56844e-19
9388.81	4.07998e-19
9390.82	1.15017e-18
9392.83	3.55539e-18
9394.84	7.55078e-19
9396.85	6.47703e-19
9398.86	9.39244e-19
9400.87	3.07399e-18
9402.88	3.11307e-18
9404.89	1.24718e-18
9406.90	2.10073e-18
9408.91	1.79386e-18
9410.92	1.81514e-18
9412.93	4.18135e-18
9414.94	3.06904e-18
9416.95	2.55805e-18
9418.96	7.71946e-19
9420.97	-1.93365e-18
9422.98	4.09866e-20
9424.99	2.06165e-18
9427.00	-9.05612e-19
9429.01	4.86329e-19
9431.02	1.68187e-18
9433.03	-7.52322e-19
9435.04	1.79534e-18
9437.05	-2.51397e-19
9439.06	4.85148e-18
9441.07	4.45687e-18
9443.08	1.41044e-18
9445.09	2.15113e-18
9447.10	-2.86029e-18
9449.11	-8.59807e-19
9451.12	-8.88561e-19
9453.13	-2.29597e-18
9455.14	1.30703e-18
9457.15	-2.92129e-18
9459.16	-2.55138e-20
9461.17	3.34589e-18
9463.18	4.51074e-18
9465.19	3.28809e-18
9467.20	2.0438e-18
9469.21	1.11999e-18
9471.22	-1.35801e-19
9473.23	-1.04621e-18
9475.24	4.09674e-18
9477.25	2.53475e-18
9479.26	4.36433e-18
9481.27	3.24983e-18
9483.28	2.43602e-18
9485.29	2.19481e-19
9487.30	3.92799e-19
9489.31	2.13955e-18
9491.32	1.64361e-19
9493.33	-2.17503e-18
9495.34	1.08081e-18
9497.35	4.43973e-18
9499.36	3.32364e-18
9501.37	9.06975e-19
9503.38	6.8432e-18
9505.39	6.11105e-18
9507.40	1.61889e-18
9509.41	-1.28177e-18
9511.42	-5.17567e-19
9513.43	6.66893e-19
9515.44	1.15921e-18
9517.45	1.41729e-18
9519.46	2.34624e-18
9521.47	-7.44142e-20
9523.48	1.95714e-18
9525.49	1.96781e-18
9527.50	-1.04844e-18
9529.51	-5.03398e-19
9531.52	1.09935e-18
9533.53	3.20783e-18
9535.54	8.27755e-19
9537.55	9.10578e-19
9539.56	-2.45445e-20
9541.57	7.70681e-20
9543.58	3.14337e-19
9545.59	7.50205e-19
9547.60	5.74358e-19
9549.61	9.02887e-19
9551.62	3.1553e-19
9553.63	-1.47088e-18
9555.64	2.23176e-18
9557.65	1.24044e-18
9559.66	-1.26088e-18
9561.67	1.69984e-18
9563.68	2.86018e-18
9565.69	1.69569e-18
9567.70	2.23384e-18
9569.71	2.16714e-18
9571.72	-2.87897e-19
9573.73	1.49085e-18
9575.74	1.40293e-18
9577.75	7.50242e-19
9579.76	-2.25831e-20
9581.77	6.61078e-19
9583.78	3.08018e-19
9585.79	-4.34582e-19
9587.80	-5.04055e-19
9589.81	1.89709e-18
9591.82	9.28733e-19
9593.83	-8.65813e-19
9595.84	1.83929e-19
9597.85	1.36194e-18
9599.86	5.47252e-19
9601.87	1.31935e-18
9603.88	-2.78104e-19
9605.89	2.81056e-18
9607.90	1.19792e-18
9609.91	1.08803e-18
9611.92	-3.49673e-20
9613.93	1.05949e-18
9615.94	-6.63067e-19
9617.95	1.12858e-18
9619.96	1.38258e-18
9621.97	4.59824e-18
9623.98	9.07623e-19
9625.99	1.67233e-18
9628.00	1.00891e-18
9630.01	1.15708e-18
9632.02	4.34433e-19
9634.03	1.17827e-18
9636.04	1.40508e-18
9638.05	8.60829e-19
9640.06	2.64195e-18
9642.07	1.69203e-18
9644.08	1.94486e-19
9646.09	1.00312e-18
9648.10	9.47122e-20
9650.11	1.04573e-18
9652.12	7.78523e-19
9654.13	-3.09144e-19
9656.14	5.44301e-19
9658.15	2.09848e-18
9660.16	1.53578e-18
9662.17	1.13684e-18
9664.18	7.20761e-19
9666.19	1.51626e-18
9668.20	5.26578e-19
9670.21	1.74761e-19
9672.22	3.0129e-18
9674.23	2.6544e-18
9676.24	1.4053e-18
9678.25	1.54006e-18
9680.26	2.27147e-18
9682.27	3.81468e-18
9684.28	1.5941e-18
9686.29	8.74172e-19
9688.30	1.2987e-18
9690.31	-1.30493e-18
9692.32	1.42913e-18
9694.33	4.16438e-18
9696.34	3.42205e-20
9698.35	5.84151e-19
9700.36	1.6026e-18
9702.37	2.44343e-18
9704.38	1.75515e-18
9706.39	-6.73085e-19
9708.40	6.12198e-19
9710.41	1.11828e-18
9712.42	1.34213e-18
9714.43	2.33695e-18
9716.44	3.21407e-18
9718.45	-2.23109e-18
9720.46	-5.35894e-19
9722.47	2.66079e-18
9724.48	1.81068e-18
9726.49	1.23317e-18
9728.50	8.81893e-19
9730.51	-6.05997e-19
9732.52	1.07454e-18
9734.53	1.28207e-18
9736.54	1.91885e-18
9738.55	6.1118e-19
9740.56	3.5774e-19
9742.57	1.03544e-18
9744.58	2.53862e-18
9746.59	3.84257e-18
9748.60	3.92476e-18
9750.61	8.48114e-19
9752.62	-4.6942e-19
9754.63	3.95171e-18
9756.64	4.77618e-19
9758.65	5.62813e-20
9760.66	-6.12001e-19
9762.67	-5.44607e-19
9764.68	1.50667e-18
9766.69	2.06519e-18
9768.70	1.47676e-18
9770.71	-7.16952e-19
9772.72	-2.16703e-18
9774.73	-1.40636e-18
9776.74	2.05652e-18
9778.75	1.62246e-18
9780.76	-1.92693e-19
9782.77	-1.75998e-18
9784.78	-1.07007e-18
9786.79	1.78061e-18
9788.80	-6.7734e-21
9790.81	-1.94223e-18
9792.82	8.5583e-19
9794.83	2.7425e-18
9796.84	-7.71043e-19
9798.85	1.53083e-18
9800.86	2.86853e-18
9802.87	2.57117e-18
9804.88	1.37059e-19
9806.89	2.52811e-18
9808.90	1.86579e-18
9810.91	-1.10936e-18
9812.92	-7.55077e-19
9814.93	9.30869e-19
9816.94	1.77041e-18
9818.95	-4.10795e-20
9820.96	-2.74572e-19
9822.97	1.08525e-18
9824.98	1.16119e-18
9826.99	2.61814e-18
9829.00	3.09183e-18
9831.01	7.13766e-19
9833.02	8.32511e-19
9835.03	-7.58758e-19
9837.04	-7.55937e-19
9839.05	1.45151e-18
9841.06	-1.04101e-18
9843.07	-2.46337e-19
9845.08	2.8661e-18
9847.09	3.77832e-18
9849.10	2.06673e-18
9851.11	-6.12637e-20
9853.12	1.21804e-18
9855.13	2.2813e-18
9857.14	5.53265e-19
9859.15	4.75322e-19
9861.16	3.97379e-19
9863.17	3.19436e-19
9865.18	2.41493e-19
9867.19	1.63551e-19
9869.20	8.56077e-20
9871.21	7.66483e-21
9873.22	-7.0278e-20
9875.23	-1.48221e-19
9877.24	-2.26164e-19
9879.25	-3.04107e-19
9881.26	-3.8205e-19
9883.27	-4.59992e-19
9885.28	-4.59992e-19
9887.29	2.0541e-18
9889.30	5.14967e-18
9891.31	5.42749e-18
9893.32	-4.92048e-20
9895.33	1.26434e-18
9897.34	3.70029e-18
9899.35	2.33105e-18
9901.36	-1.26159e-19
9903.37	-1.4622e-18
9905.38	-6.02744e-19
9907.39	-1.07479e-18
9909.40	-7.7756e-19
9911.41	2.6425e-18
9913.42	4.74824e-18
9915.43	2.06744e-18
9917.44	9.85469e-19
9919.45	2.22509e-18
9921.46	-4.73492e-19
9923.47	-6.05643e-20
9925.48	2.43887e-18
9927.49	3.30633e-18
9929.50	8.24781e-19
9931.51	3.28792e-18
9933.52	6.3972e-19
9935.53	1.58766e-19
9937.54	-3.35928e-19
9939.55	-1.21465e-18
9941.56	-2.8073e-18
9943.57	2.49786e-18
9945.58	7.16217e-18
9947.59	4.43829e-18
9949.60	1.46754e-18
9951.61	1.13348e-18
9953.62	1.45238e-18
9955.63	3.24876e-18
9957.64	9.99619e-18
9959.65	9.52346e-18
9961.66	9.56723e-19
9963.67	1.84545e-18
9965.68	3.16359e-18
9967.69	1.27513e-18
9969.70	4.55283e-18
9971.71	2.79737e-18
9973.72	-2.15434e-18
9975.73	-1.69758e-18
9977.74	-6.6967e-19
9979.75	1.60534e-18
9981.76	-2.49124e-18
9983.77	8.50718e-19
9985.78	9.40824e-19
9987.79	-3.17203e-18
9989.80	-1.10422e-18
9991.81	3.48001e-18
9993.82	1.94793e-18
9995.83	3.78829e-18
9997.84	3.50005e-18
9999.85	3.04317e-18
