4.799999999999995453e+03 4.568353748752351285e-17
4.803510140419001800e+03 8.540721219182285961e-17
4.807020280838008148e+03 8.032114992047520983e-17
4.810530421257014495e+03 2.795552502201768157e-17
4.814040561676020843e+03 1.070697555630514700e-16
4.817550702095027191e+03 1.414711384479478231e-16
4.821060842514033538e+03 1.851408881905987390e-16
4.824570982933039886e+03 1.969969009975457868e-16
4.828081123352046234e+03 1.578967881262134144e-16
4.831591263771052581e+03 5.737582147274426455e-17
4.835101404190058929e+03 3.106565133332316096e-17
4.838611544609065277e+03 4.046442817773038389e-17
4.842121685028071624e+03 4.420978287736228556e-17
4.845631825447077972e+03 6.930904000934456173e-17
4.849141965866084320e+03 9.048166084737026488e-17
4.852652106285090667e+03 -1.615855140411099358e-17
4.856162246704097015e+03 2.902094357715333185e-17
4.859672387123103363e+03 1.510814286837073054e-16
4.863182527542109710e+03 1.585818921967543341e-16
4.866692667961116058e+03 1.006485906958187314e-16
4.870202808380122406e+03 3.122581666097057861e-17
4.873712948799128753e+03 3.909991434798535965e-17
4.877223089218135101e+03 8.013643056352476811e-17
4.880733229637141449e+03 4.880238889993020158e-17
4.884243370056147796e+03 1.068317128350934099e-16
4.887753510475154144e+03 1.162069911326592264e-16
4.891263650894160492e+03 6.779117682019955679e-17
4.894773791313166839e+03 2.558862545417477287e-17
4.898283931732173187e+03 -1.879170717624492105e-18
4.901794072151179535e+03 5.942034063173443157e-17
4.905304212570185882e+03 8.889438066121980986e-17
4.908814352989192230e+03 9.085450754539486679e-17
4.912324493408198578e+03 8.920343519040432228e-17
4.915834633827204925e+03 1.177528659660677271e-16
4.919344774246211273e+03 8.391069687992662321e-17
4.922854914665217620e+03 5.115200535605442733e-17
4.926365055084223968e+03 -3.996898669548052286e-18
4.929875195503230316e+03 3.566603616237152565e-17
4.933385335922236663e+03 6.207959395219440706e-17
4.936895476341243011e+03 2.150165343336459629e-17
4.940405616760249359e+03 3.144116486164263383e-17
4.943915757179255706e+03 1.420002594160183932e-17
4.947425897598262054e+03 -3.271819596640647330e-19
4.950936038017268402e+03 -8.533251447378687100e-18
4.954446178436274749e+03 2.423156948483252672e-17
4.957956318855281097e+03 1.428509485015801779e-17
4.961466459274287445e+03 6.982970719155483989e-17
4.964976599693293792e+03 5.454453774593041079e-17
4.968486740112300140e+03 -5.101018027694853541e-17
4.971996880531306488e+03 -2.606418647758253443e-17
4.975507020950312835e+03 3.418296088106805085e-17
4.979017161369319183e+03 3.759143138698670605e-17
4.982527301788325531e+03 8.746818231883548124e-17
4.986037442207331878e+03 1.507509799551597215e-16
4.989547582626338226e+03 1.025607278695759119e-16
4.993057723045344574e+03 4.351077555508557463e-17
4.996567863464350921e+03 3.338939688860917822e-17
5.000078003883357269e+03 1.225972591496518843e-16
5.003588144302363617e+03 1.697740958708500274e-16
5.007098284721369964e+03 1.380044708228523871e-16
5.010608425140376312e+03 1.074678742831507920e-16
5.014118565559382660e+03 9.925829860946410463e-17
5.017628705978389007e+03 1.309034892235541678e-16
5.021138846397395355e+03 1.568183431307912791e-16
5.024648986816401703e+03 1.681182920427556795e-16
5.028159127235408050e+03 1.170552813944446074e-16
5.031669267654414398e+03 4.393053332000928385e-17
5.035179408073420745e+03 3.986859343889618699e-17
5.038689548492427093e+03 1.131973374872768880e-16
5.042199688911433441e+03 1.652285200291894263e-16
5.045709829330439788e+03 1.379236850555080082e-16
5.049219969749446136e+03 1.009130767335988867e-16
5.052730110168452484e+03 1.655855311815673130e-16
5.056240250587458831e+03 1.467273616974649813e-16
5.059750391006465179e+03 5.896027600992223843e-17
5.063260531425471527e+03 5.329142860108402832e-17
5.066770671844477874e+03 5.040218929183225922e-17
5.070280812263484222e+03 3.961878158518272242e-17
5.073790952682490570e+03 7.779855345465389494e-17
5.077301093101496917e+03 1.132179839153662116e-16
5.080811233520503265e+03 8.641277926655662302e-17
5.084321373939509613e+03 5.321911316321219242e-17
5.087831514358515960e+03 9.658034438971553029e-17
5.091341654777522308e+03 8.226080243012835421e-17
5.094851795196528656e+03 5.058770274217075185e-17
5.098361935615535913e+03 7.829755512226018420e-17
5.101872076034542260e+03 9.809735392846838050e-17
5.105382216453548608e+03 1.293611745755020954e-16
5.108892356872554956e+03 1.296316957230314376e-16
5.112402497291561303e+03 9.465583259399455653e-17
5.115912637710567651e+03 9.988561253368961955e-17
5.119422778129573999e+03 1.686824424554066453e-16
5.122932918548580346e+03 1.303044781111677673e-16
5.126443058967586694e+03 5.403207950411910887e-17
5.129953199386593042e+03 8.788355933523510962e-17
5.133463339805599389e+03 1.204647478258207764e-16
5.136973480224605737e+03 5.712632394766357013e-17
5.140483620643612085e+03 2.034229032170007355e-17
5.143993761062618432e+03 5.004650493715690754e-17
5.147503901481624780e+03 7.620185664441013625e-17
5.151014041900631128e+03 6.101832784373377298e-17
5.154524182319637475e+03 6.228339140279277181e-17
5.158034322738643823e+03 1.172118501407886444e-16
5.161544463157650171e+03 1.072183701406251972e-16
5.165054603576656518e+03 1.111428723086013834e-16
5.168564743995662866e+03 1.020841130180677578e-16
5.172074884414669214e+03 3.646775284694772092e-17
5.175585024833675561e+03 6.592110012622947267e-17
5.179095165252681909e+03 1.084923473979650674e-16
5.182605305671688257e+03 8.744075300972322285e-17
5.186115446090694604e+03 1.224357537894121307e-16
5.189625586509700952e+03 1.422981999464926432e-16
5.193135726928707300e+03 8.755496349125964448e-17
5.196645867347713647e+03 9.263854422076963518e-17
5.200156007766719995e+03 1.321096906102238932e-16
5.203666148185726342e+03 1.271016480142522450e-16
5.207176288604732690e+03 8.065063911951223224e-17
5.210686429023739038e+03 6.554869679701319919e-17
5.214196569442745385e+03 1.079893090889695194e-16
5.217706709861751733e+03 8.976222547268594438e-17
5.221216850280758081e+03 6.338126521644255268e-17
5.224726990699764428e+03 3.209881977073659380e-17
5.228237131118770776e+03 2.554913254300904111e-17
5.231747271537777124e+03 9.079424247468670340e-17
5.235257411956783471e+03 8.228981992601671442e-17
5.238767552375789819e+03 5.582759082895121286e-17
5.242277692794796167e+03 7.995849408759726122e-17
5.245787833213802514e+03 7.153097286611510212e-17
5.249297973632808862e+03 6.070734763808323712e-17
5.252808114051815210e+03 6.461821125211964899e-17
5.256318254470821557e+03 9.843900599123238263e-17
5.259828394889827905e+03 7.287587589789771918e-17
5.263338535308834253e+03 4.283323191534338967e-17
5.266848675727840600e+03 5.408025450299419720e-17
5.270358816146846948e+03 3.101427679983871752e-17
5.273868956565853296e+03 3.854658345774658753e-17
5.277379096984859643e+03 4.275289944297468983e-17
5.280889237403865991e+03 1.087886352215754364e-17
5.284399377822872339e+03 4.293478322478529977e-17
5.287909518241878686e+03 7.460831635538387992e-17
5.291419658660885034e+03 2.367084690863998075e-17
5.294929799079891382e+03 4.530177709121803952e-17
5.298439939498897729e+03 8.584817225020752803e-17
5.301950079917904077e+03 2.526942472759668502e-17
5.305460220336910425e+03 9.931237967791282158e-18
5.308970360755916772e+03 5.282317489120756020e-17
5.312480501174923120e+03 4.718937016183954655e-17
5.315990641593929467e+03 6.002342147273459299e-17
5.319500782012935815e+03 9.651107959394278997e-17
5.323010922431942163e+03 6.722374415487798066e-17
5.326521062850948510e+03 4.556846342942758585e-17
5.330031203269954858e+03 4.883851353164161740e-17
5.333541343688961206e+03 4.054937962663957983e-17
5.337051484107967553e+03 6.588879376022560162e-17
5.340561624526973901e+03 9.613671088359109049e-17
5.344071764945980249e+03 8.531457458066182093e-17
5.347581905364986596e+03 6.059487754455562705e-17
5.351092045783992944e+03 4.184740798747004192e-17
5.354602186202999292e+03 6.711145273236268204e-17
5.358112326622005639e+03 9.918113258448025779e-17
5.361622467041011987e+03 9.322062129165585012e-17
5.365132607460018335e+03 1.035995277525996057e-16
5.368642747879024682e+03 9.490173684649432059e-17
5.372152888298031030e+03 7.896904049119603079e-17
5.375663028717037378e+03 8.121472997515909414e-17
5.379173169136043725e+03 8.164095298375051782e-17
5.382683309555050073e+03 7.719207786441981589e-17
5.386193449974056421e+03 3.361839026066590819e-17
5.389703590393062768e+03 -3.536118701942123283e-17
5.393213730812069116e+03 9.934793190064035071e-18
5.396723871231075464e+03 1.190818606603097243e-16
5.400234011650081811e+03 1.432683967782336391e-16
5.403744152069088159e+03 1.301328348253405639e-16
5.407254292488094507e+03 1.157437170500703275e-16
5.410764432907100854e+03 9.489361724160150008e-17
5.414274573326107202e+03 8.131869003454475866e-17
5.417784713745113550e+03 7.860560379981983213e-17
5.421294854164119897e+03 1.245973686359153044e-16
5.424804994583126245e+03 1.379049709213296085e-16
5.428315135002132592e+03 7.515045714629603468e-17
5.431825275421138940e+03 4.611676837026448578e-17
5.435335415840145288e+03 3.686768805567220938e-17
5.438845556259151635e+03 5.975511716924689293e-17
5.442355696678157983e+03 9.952117660813345683e-17
5.445865837097164331e+03 9.225028549357194526e-17
5.449375977516170678e+03 7.789833790630739177e-17
5.452886117935177026e+03 1.086068159598526056e-16
5.456396258354183374e+03 1.313020579299067187e-16
5.459906398773189721e+03 9.431394230321413913e-17
5.463416539192196069e+03 5.924470702663227231e-17
5.466926679611202417e+03 6.073124323161866898e-17
5.470436820030208764e+03 5.404956279354602967e-17
5.473946960449215112e+03 3.762969014467850868e-17
5.477457100868221460e+03 6.099795934833026722e-17
5.480967241287227807e+03 9.037942132365871066e-17
5.484477381706234155e+03 7.950791226432737599e-17
5.487987522125240503e+03 6.495476126486542405e-17
5.491497662544246850e+03 7.902360794184492892e-17
5.495007802963253198e+03 8.836299321827084446e-17
5.498517943382259546e+03 6.272408676338142326e-17
5.502028083801265893e+03 4.624793605435824448e-17
5.505538224220272241e+03 6.197501185298810267e-17
5.509048364639278589e+03 6.521798998811449873e-17
5.512558505058284936e+03 7.243166667406694247e-17
5.516068645477291284e+03 7.592436732740064738e-17
5.519578785896297632e+03 5.993558812657126230e-17
5.523088926315303979e+03 7.646694486967623014e-17
5.526599066734310327e+03 1.044593058987321231e-16
5.530109207153316675e+03 8.533376517087305118e-17
5.533619347572323022e+03 5.306261390003960980e-17
5.537129487991329370e+03 7.424806927244968573e-17
5.540639628410335717e+03 9.192242418598042721e-17
5.544149768829342065e+03 1.010140721776691612e-16
5.547659909248348413e+03 5.420636315046158159e-17
5.551170049667354760e+03 4.617056488858248449e-17
5.554680190086361108e+03 7.991404471020111173e-17
5.558190330505367456e+03 9.487465164451688426e-17
5.561700470924373803e+03 8.094368604948261846e-17
5.565210611343380151e+03 9.184455009439223497e-17
5.568720751762386499e+03 1.464320251315590483e-16
5.572230892181392846e+03 1.429230587986601007e-16
5.575741032600399194e+03 1.113572775233751281e-16
5.579251173019405542e+03 9.630923428959005037e-17
5.582761313438411889e+03 1.021638532291178696e-16
5.586271453857418237e+03 7.926550202273503591e-17
5.589781594276424585e+03 2.231531460598605728e-17
5.593291734695430932e+03 6.765720664819046843e-17
5.596801875114437280e+03 8.411365391502263408e-17
5.600312015533443628e+03 3.802969152785200138e-17
5.603822155952449975e+03 3.017226980198628938e-17
5.607332296371456323e+03 6.000574627740555989e-17
5.610842436790462671e+03 9.478391985748716776e-17
5.614352577209469018e+03 1.117152283529288751e-16
5.617862717628475366e+03 7.755538220689800607e-17
5.621372858047481714e+03 3.382058959832082048e-17
5.624882998466488061e+03 5.668512566126248644e-17
5.628393138885494409e+03 7.009566891954778977e-17
5.631903279304500757e+03 5.257819046354895510e-17
5.635413419723507104e+03 3.171559361038567650e-17
5.638923560142513452e+03 8.839420108842124509e-17
5.642433700561519800e+03 1.038553780247847074e-16
5.645943840980526147e+03 5.088687742611893090e-17
5.649453981399532495e+03 2.919896277114209405e-17
5.652964121818538842e+03 6.093977877276573747e-17
5.656474262237545190e+03 7.626615835650755841e-17
5.659984402656551538e+03 3.636065942740170553e-17
5.663494543075557885e+03 3.568737411345294355e-17
5.667004683494564233e+03 7.574616615367712352e-17
5.670514823913570581e+03 8.929781318957417252e-17
5.674024964332576928e+03 7.836674050869411943e-17
5.677535104751583276e+03 3.686130553006575022e-17
5.681045245170589624e+03 2.394353526937421185e-17
5.684555385589595971e+03 1.350982726566820558e-17
5.688065526008602319e+03 4.928895969729104394e-17
5.691575666427608667e+03 5.234246715002849369e-17
5.695085806846615014e+03 3.622226549347668358e-17
5.698595947265621362e+03 5.294463147490994636e-17
5.702106087684627710e+03 4.928756341641705443e-17
5.705616228103634057e+03 2.293740240310146217e-17
5.709126368522640405e+03 2.404613709819406430e-17
5.712636508941646753e+03 7.476941143403980717e-17
5.716146649360653100e+03 5.988092803169375823e-17
5.719656789779659448e+03 5.064207828691753767e-17
5.723166930198665796e+03 8.983342256236960858e-17
5.726677070617672143e+03 9.047751832686259932e-17
5.730187211036678491e+03 6.039005438999769655e-17
5.733697351455684839e+03 5.177489220964155844e-17
5.737207491874691186e+03 6.546210091304624783e-17
5.740717632293697534e+03 6.080587477520565335e-17
5.744227772712703882e+03 6.548319070994389982e-17
5.747737913131710229e+03 8.881961676873481701e-17
5.751248053550716577e+03 8.833942849698043381e-17
5.754758193969722925e+03 9.837201759650538824e-17
5.758268334388729272e+03 1.361449688058331809e-16
5.761778474807735620e+03 1.360157565767074975e-16
5.765288615226741967e+03 9.191884414828929771e-17
5.768798755645748315e+03 4.821752257601845783e-17
5.772308896064754663e+03 6.239615928134090096e-17
5.775819036483761010e+03 9.448780243308298470e-17
5.779329176902767358e+03 9.896471566645678405e-17
5.782839317321773706e+03 5.809212679599068440e-17
5.786349457740780053e+03 4.291212178472379702e-17
5.789859598159786401e+03 1.759164512408156424e-17
5.793369738578792749e+03 -1.124758093456428083e-17
5.796879878997799096e+03 8.617154858451778356e-18
5.800390019416805444e+03 7.163405280532901022e-17
5.803900159835811792e+03 8.751302212548075577e-17
5.807410300254818139e+03 5.063616890862145884e-17
5.810920440673824487e+03 6.327134283920160594e-17
5.814430581092830835e+03 6.587585665544527227e-17
5.817940721511837182e+03 1.405194241398137120e-17
5.821450861930843530e+03 3.259599295559883460e-18
5.824961002349849878e+03 3.942687899179287022e-17
5.828471142768856225e+03 5.335498585063015275e-17
5.831981283187862573e+03 7.345103112141809039e-17
5.835491423606868921e+03 8.048113326838786581e-17
5.839001564025875268e+03 3.973199614126163022e-17
5.842511704444881616e+03 4.088469879463387598e-17
5.846021844863887964e+03 6.081642959982182998e-17
5.849531985282894311e+03 5.875747779350383774e-17
5.853042125701900659e+03 1.819365890209153225e-17
5.856552266120907007e+03 -8.963932132291159042e-18
5.860062406539913354e+03 1.625907866395456304e-17
5.863572546958919702e+03 4.441557217887567800e-17
5.867082687377926050e+03 7.566086067146575488e-17
5.870592827796932397e+03 9.395581942009298112e-17
5.874102968215938745e+03 1.007562962290180361e-16
5.877613108634945092e+03 1.051756376917581447e-16
5.881123249053951440e+03 9.782825553159262954e-17
5.884633389472957788e+03 1.001784543228680926e-16
5.888143529891964135e+03 8.440466267196368964e-17
5.891653670310970483e+03 4.727437455030794589e-17
5.895163810729976831e+03 2.553751065540267107e-17
5.898673951148983178e+03 5.233014877634635401e-17
5.902184091567989526e+03 5.102366993837805019e-17
5.905694231986995874e+03 2.447966245723310610e-17
5.909204372406002221e+03 4.614481310175248363e-17
5.912714512825008569e+03 6.321170642575898286e-17
5.916224653244014917e+03 2.459828512015688559e-17
5.919734793663021264e+03 1.229183607372776190e-17
5.923244934082027612e+03 6.820379436207570827e-17
5.926755074501033960e+03 8.390894325702801079e-17
5.930265214920040307e+03 4.891910077563898357e-17
5.933775355339046655e+03 2.314177722576738893e-17
5.937285495758053003e+03 2.547899589887066990e-17
5.940795636177059350e+03 4.532892846764448010e-17
5.944305776596065698e+03 7.459840342292304444e-17
5.947815917015072046e+03 5.432502717241598873e-17
5.951326057434078393e+03 6.845227280064173736e-17
5.954836197853084741e+03 5.641982567775957898e-17
5.958346338272091089e+03 7.905481746635655466e-18
5.961856478691097436e+03 2.866444858547767820e-17
5.965366619110103784e+03 4.447579754491443884e-17
5.968876759529110132e+03 3.614436824083133986e-17
5.972386899948116479e+03 5.402021442541264824e-17
5.975897040367122827e+03 1.880674697414236020e-17
5.979407180786129175e+03 2.422551617710986367e-17
5.982917321205135522e+03 4.309363168089753299e-17
5.986427461624141870e+03 1.418687046113979597e-17
5.989937602043148217e+03 3.229708503739820390e-17
5.993447742462154565e+03 3.371199732750485901e-17
5.996957882881160913e+03 3.000510983507912333e-17
6.000468023300167260e+03 4.360222533488698716e-17
6.003978163719173608e+03 1.975928680852779922e-17
6.007488304138179956e+03 2.916139884516483595e-17
6.010998444557186303e+03 4.976396981841084519e-17
6.014508584976192651e+03 3.884197627193417413e-17
6.018018725395198999e+03 4.137358238898741661e-17
6.021528865814205346e+03 4.436063084258990590e-17
6.025039006233211694e+03 -1.218722109409210852e-18
6.028549146652218042e+03 -3.655457124249944905e-18
6.032059287071224389e+03 2.737209302928810477e-17
6.035569427490230737e+03 1.845973147228656424e-17
6.039079567909237085e+03 2.916426419880671964e-17
6.042589708328243432e+03 3.711826422427167294e-17
6.046099848747249780e+03 3.535753088111374845e-17
6.049609989166256128e+03 3.105963607590867535e-17
6.053120129585262475e+03 2.999307270280525167e-17
6.056630270004268823e+03 5.061823563294130920e-17
6.060140410423275171e+03 3.751932439862923352e-17
6.063650550842281518e+03 1.769503277448334207e-17
6.067160691261287866e+03 9.763796759475848084e-18
6.070670831680294214e+03 -9.778921756976380195e-18
6.074180972099300561e+03 -2.096551921447049534e-18
6.077691112518306909e+03 1.476927674990980701e-17
6.081201252937313257e+03 3.361136584290410787e-17
6.084711393356319604e+03 5.780204448133568823e-17
6.088221533775325952e+03 7.090799336829936507e-17
6.091731674194332300e+03 5.072503457618925571e-17
6.095241814613338647e+03 2.835931820111911735e-17
6.098751955032344995e+03 2.352552781862666484e-17
6.102262095451351342e+03 4.776462133831097391e-17
6.105772235870357690e+03 6.610491951067345670e-17
6.109282376289364038e+03 5.798051035285522905e-17
6.112792516708370385e+03 5.930209350880875116e-17
6.116302657127376733e+03 3.428983261620990202e-17
6.119812797546383081e+03 1.234825144586510349e-17
6.123322937965389428e+03 2.396696764176661402e-17
6.126833078384395776e+03 1.051432171748297413e-17
6.130343218803402124e+03 3.615392713999000265e-17
6.133853359222408471e+03 4.461101510528725717e-17
6.137363499641414819e+03 2.827537260383478589e-17
6.140873640060421167e+03 2.454006318556172818e-17
6.144383780479427514e+03 2.272692629623734428e-17
6.147893920898433862e+03 3.401888464348448249e-17
6.151404061317440210e+03 8.988003088116452147e-18
6.154914201736446557e+03 1.951846309935033585e-17
6.158424342155452905e+03 4.107959247311871993e-17
6.161934482574459253e+03 3.367742779534504288e-17
6.165444622993465600e+03 3.708937245983642079e-17
6.168954763412471948e+03 3.550280364901276138e-17
6.172464903831478296e+03 4.821579873162189732e-17
6.175975044250484643e+03 4.652915430156912241e-17
6.179485184669490991e+03 2.105390222215086752e-17
6.182995325088497339e+03 2.695230217713989344e-17
6.186505465507503686e+03 3.982478264493292844e-17
6.190015605926510034e+03 3.676303978201690074e-17
6.193525746345516382e+03 3.487545994628519456e-17
6.197035886764522729e+03 3.500838125327756568e-17
6.200546027183529077e+03 4.042141478587762645e-17
6.204056167602535425e+03 5.336554067524632938e-17
6.207566308021541772e+03 3.807535520638737872e-17
6.211076448440548120e+03 2.316737846572590513e-17
6.214586588859554467e+03 4.828945089336361891e-17
6.218096729278560815e+03 4.484149409372413238e-17
6.221606869697567163e+03 4.347375425959015133e-17
6.225117010116573510e+03 6.756840053762677538e-17
6.228627150535579858e+03 2.536798495194360337e-17
6.232137290954586206e+03 1.137461023405343674e-17
6.235647431373592553e+03 6.678742954281341004e-17
6.239157571792598901e+03 5.793511468083831890e-17
6.242667712211605249e+03 1.318797459804627273e-17
6.246177852630611596e+03 5.109518631977815985e-18
6.249687993049617944e+03 2.733507669687635679e-17
6.253198133468624292e+03 3.397471981621905124e-17
6.256708273887630639e+03 4.451398351071233681e-17
6.260218414306636987e+03 3.749106790890442209e-17
6.263728554725643335e+03 2.701380801876688637e-17
6.267238695144649682e+03 1.360652302491442941e-17
6.270748835563656030e+03 2.622575304918761690e-17
6.274258975982662378e+03 4.235588583617373867e-17
6.277769116401668725e+03 1.778638494697247334e-17
6.281279256820675073e+03 1.707624046492834844e-17
6.284789397239681421e+03 4.095733517858338244e-17
6.288299537658687768e+03 5.375502032102814757e-17
6.291809678077694116e+03 7.357682874897515483e-17
6.295319818496700464e+03 6.106038832352086933e-17
6.298829958915706811e+03 5.398990652776870531e-17
6.302340099334713159e+03 2.657575467305472929e-17
6.305850239753719507e+03 -1.185422857836577090e-17
6.309360380172725854e+03 -1.658196861606463739e-17
6.312870520591732202e+03 3.832039257360518722e-17
6.316380661010738550e+03 7.327168512972679314e-17
6.319890801429744897e+03 6.237231000991977207e-17
6.323400941848751245e+03 5.762666895658464551e-17
6.326911082267757592e+03 4.952021954422616921e-17
6.330421222686763940e+03 1.877270022012967758e-17
6.333931363105770288e+03 5.560974785155169771e-18
6.337441503524776635e+03 4.155509228516115258e-17
6.340951643943782983e+03 5.489894162501753039e-17
6.344461784362789331e+03 5.735807348552132679e-17
6.347971924781795678e+03 5.863006550939106978e-17
6.351482065200802026e+03 6.621320076157909823e-17
6.354992205619808374e+03 5.486487832739259671e-17
6.358502346038814721e+03 2.986827430942815128e-17
6.362012486457821069e+03 6.145181018938096203e-17
6.365522626876827417e+03 9.333531484667000272e-17
6.369032767295833764e+03 4.171436756646946316e-17
6.372542907714840112e+03 4.299174040022386359e-18
6.376053048133846460e+03 2.727692755417510405e-17
6.379563188552852807e+03 6.873894051372811463e-17
6.383073328971859155e+03 8.599608537862181022e-17
6.386583469390865503e+03 6.575715954626636301e-17
6.390093609809871850e+03 3.065518446103964736e-17
6.393603750228878198e+03 3.028341640653381460e-17
6.397113890647884546e+03 4.399978818961467354e-17
6.400624031066890893e+03 5.152141429145325885e-17
6.404134171485897241e+03 4.681786018768483034e-17
6.407644311904903589e+03 3.880704939774973509e-17
6.411154452323909936e+03 4.182102423465205055e-17
6.414664592742916284e+03 3.292520959862402078e-17
6.418174733161922632e+03 2.788218718890873014e-17
6.421684873580928979e+03 4.616761019943444507e-17
6.425195013999935327e+03 6.419938654692689960e-17
6.428705154418941675e+03 5.687226700304648342e-17
6.432215294837948022e+03 3.821085731689091529e-17
6.435725435256954370e+03 2.788052621023872366e-17
6.439235575675960717e+03 2.275937162858412423e-17
6.442745716094967065e+03 3.282424062433334801e-17
6.446255856513973413e+03 4.393270715065907320e-17
6.449765996932979760e+03 4.182325762230594372e-17
6.453276137351986108e+03 6.026554054675131440e-17
6.456786277770992456e+03 5.465690526906206428e-17
6.460296418189998803e+03 3.910211795713720091e-17
6.463806558609005151e+03 4.222689198272976932e-17
6.467316699028011499e+03 3.934806191430636753e-17
6.470826839447017846e+03 2.997075536987857099e-17
6.474336979866024194e+03 4.463570148348828973e-17
6.477847120285030542e+03 6.336132023751267408e-17
6.481357260704036889e+03 7.075546126334458677e-17
6.484867401123043237e+03 6.597573375132737505e-17
6.488377541542049585e+03 4.253637664583280931e-17
6.491887681961055932e+03 4.052443847680988094e-17
6.495397822380062280e+03 5.982188057084727290e-17
6.498907962799068628e+03 6.663399084790727362e-17
6.502418103218074975e+03 2.372786777698571116e-17
6.505928243637081323e+03 2.963715342883593493e-17
6.509438384056087671e+03 6.038041939022267888e-17
6.512948524475094018e+03 4.428286924756502088e-17
6.516458664894100366e+03 4.091465927642054664e-17
6.519968805313106714e+03 4.649791665291666987e-17
6.523478945732113061e+03 5.451666506800982397e-17
6.526989086151119409e+03 6.411321417943357539e-17
6.530499226570125757e+03 4.751096805783281308e-17
6.534009366989132104e+03 4.530220391641411688e-17
6.537519507408138452e+03 7.963229375867574966e-17
6.541029647827144800e+03 7.865612799163457106e-17
6.544539788246151147e+03 4.437196652570433259e-17
6.548049928665157495e+03 4.233474971716178370e-17
6.551560069084163842e+03 3.052851663947817712e-17
6.555070209503170190e+03 2.472124055512921783e-17
6.558580349922176538e+03 3.716335880254561380e-17
6.562090490341182885e+03 3.026599598283344784e-17
6.565600630760189233e+03 4.695365015704153536e-17
6.569110771179195581e+03 7.871344829936204567e-17
6.572620911598201928e+03 8.274881913919993927e-17
6.576131052017208276e+03 8.912313911398257477e-17
6.579641192436214624e+03 9.140591937661251588e-17
6.583151332855220971e+03 8.225555479632231781e-17
6.586661473274227319e+03 6.888707201782411083e-17
6.590171613693233667e+03 7.510481001137290840e-17
6.593681754112240014e+03 7.540126492546701310e-17
6.597191894531246362e+03 6.979241127209604898e-17
6.600702034950252710e+03 6.724867868726277912e-17
6.604212175369259967e+03 5.188359697702082712e-17
6.607722315788266314e+03 5.280247221483658302e-17
6.611232456207272662e+03 6.369769819669103810e-17
6.614742596626279010e+03 4.064537559108758380e-17
6.618252737045285357e+03 5.935249196917038203e-17
6.621762877464291705e+03 6.910947772348246848e-17
6.625273017883298053e+03 3.589925808171962670e-17
6.628783158302304400e+03 3.324579171682507219e-17
6.632293298721310748e+03 3.027822502100943180e-17
6.635803439140317096e+03 1.435358705923863359e-17
6.639313579559323443e+03 2.878893265022200844e-17
6.642823719978329791e+03 2.523221318056037451e-17
6.646333860397336139e+03 7.971389016302043052e-18
6.649844000816342486e+03 2.548514681390561421e-17
6.653354141235348834e+03 1.716458169998778669e-17
6.656864281654355182e+03 1.411891591945733964e-17
6.660374422073361529e+03 5.480158908436493946e-17
6.663884562492367877e+03 3.901363941009607886e-17
6.667394702911374225e+03 1.507807154438197778e-17
6.670904843330380572e+03 3.163518503740062179e-17
6.674414983749386920e+03 3.030154489683852675e-17
6.677925124168393268e+03 2.475093303039742131e-17
6.681435264587399615e+03 3.367139268559585599e-17
6.684945405006405963e+03 3.588608936636778250e-17
6.688455545425412311e+03 4.423640154947424200e-17
6.691965685844418658e+03 6.143279827018204324e-17
6.695475826263425006e+03 6.249076227363736563e-17
6.698985966682431354e+03 7.768888915776406474e-17
6.702496107101437701e+03 8.479871828089415118e-17
6.706006247520444049e+03 6.821786966737891059e-17
6.709516387939450397e+03 9.809751274714599068e-17
6.713026528358456744e+03 1.189801372973004032e-16
6.716536668777463092e+03 9.883122856792542666e-17
6.720046809196469439e+03 1.220541786815638693e-16
6.723556949615475787e+03 1.626047693006202268e-16
6.727067090034482135e+03 2.053397917161964206e-16
6.730577230453488482e+03 2.266284295982163612e-16
6.734087370872494830e+03 2.717479159347624146e-16
6.737597511291501178e+03 3.149378082779039686e-16
6.741107651710507525e+03 2.937517407918406034e-16
6.744617792129513873e+03 3.104320165149847179e-16
6.748127932548520221e+03 3.443529861350000734e-16
6.751638072967526568e+03 3.353243296013184776e-16
6.755148213386532916e+03 3.430789956427704023e-16
6.758658353805539264e+03 3.684013102987337279e-16
6.762168494224545611e+03 3.764626816764305144e-16
6.765678634643551959e+03 3.625290955732156806e-16
6.769188775062558307e+03 3.749942971228059814e-16
6.772698915481564654e+03 4.044465062015648602e-16
6.776209055900571002e+03 3.748782006694729389e-16
6.779719196319577350e+03 3.392554095095256855e-16
6.783229336738583697e+03 3.563501225718935682e-16
6.786739477157590045e+03 3.855112170145929846e-16
6.790249617576596393e+03 3.908737031943211549e-16
6.793759757995602740e+03 3.867664139633054509e-16
6.797269898414609088e+03 3.782868994772406587e-16
6.800780038833615436e+03 3.585233179469724842e-16
6.804290179252621783e+03 3.438926237281673612e-16
6.807800319671628131e+03 3.395128810557113911e-16
6.811310460090634479e+03 3.159035581866718794e-16
6.814820600509640826e+03 3.229387226789904794e-16
6.818330740928647174e+03 3.384015738289137491e-16
6.821840881347653522e+03 3.218227567709829387e-16
6.825351021766659869e+03 3.084934227965156414e-16
6.828861162185666217e+03 2.959164128978877730e-16
6.832371302604672564e+03 2.675957868971014361e-16
6.835881443023678912e+03 2.644372804461289552e-16
6.839391583442685260e+03 2.813881567261412170e-16
6.842901723861691607e+03 2.734202236704384205e-16
6.846411864280697955e+03 2.561293960110015656e-16
6.849922004699704303e+03 2.263206125312282281e-16
6.853432145118710650e+03 1.897414947040512679e-16
6.856942285537716998e+03 1.785268843615227382e-16
6.860452425956723346e+03 1.776742662907724798e-16
6.863962566375729693e+03 1.635822585566414902e-16
6.867472706794736041e+03 1.502080186010799141e-16
6.870982847213742389e+03 1.288649588521988847e-16
6.874492987632748736e+03 1.344045940319114115e-16
6.878003128051755084e+03 1.519564401880005994e-16
6.881513268470761432e+03 1.482990445659851365e-16
6.885023408889767779e+03 1.367716805425727572e-16
6.888533549308774127e+03 1.206015833514717485e-16
6.892043689727780475e+03 1.072494919839918923e-16
6.895553830146786822e+03 1.272571976740816168e-16
6.899063970565793170e+03 1.171868229641752400e-16
6.902574110984799518e+03 9.377746604513674750e-17
6.906084251403805865e+03 1.185401698556507984e-16
6.909594391822812213e+03 1.379450858723159801e-16
6.913104532241818561e+03 1.374667240153541140e-16
6.916614672660824908e+03 1.226515619025047655e-16
6.920124813079831256e+03 1.046355615436549223e-16
6.923634953498837604e+03 9.908006434851607865e-17
6.927145093917843951e+03 9.817374571239887771e-17
6.930655234336850299e+03 8.238452217998668546e-17
6.934165374755856647e+03 7.798734254021809755e-17
6.937675515174862994e+03 9.860215909525234181e-17
6.941185655593869342e+03 9.451461631981950364e-17
6.944695796012875689e+03 6.793278352362373471e-17
6.948205936431882037e+03 6.864202141571650148e-17
6.951716076850888385e+03 7.316247743653509221e-17
6.955226217269894732e+03 5.343132138627899636e-17
6.958736357688901080e+03 6.787032807865353090e-17
6.962246498107907428e+03 6.737199477298218449e-17
6.965756638526913775e+03 6.273770546498649630e-17
6.969266778945920123e+03 6.710836900303908436e-17
6.972776919364926471e+03 4.079227294170965088e-17
6.976287059783932818e+03 5.987087613289001384e-17
6.979797200202939166e+03 9.203513912496935298e-17
6.983307340621945514e+03 7.014303659014502635e-17
6.986817481040951861e+03 6.160727382242662826e-17
6.990327621459958209e+03 5.452909924697772108e-17
6.993837761878964557e+03 3.244038580671689041e-17
6.997347902297970904e+03 2.837350269426317667e-17
7.000858042716977252e+03 1.539783144505415147e-17
7.004368183135983600e+03 1.858540336839052063e-17
7.007878323554989947e+03 3.301647739869067164e-17
7.011388463973996295e+03 3.270197009490820967e-17
7.014898604393002643e+03 5.595191276629548271e-17
7.018408744812008990e+03 5.852161220491801721e-17
7.021918885231015338e+03 3.502569910658197587e-17
7.025429025650021686e+03 5.065530986799593590e-17
7.028939166069028033e+03 4.428089063153979404e-17
7.032449306488034381e+03 1.936270333564537563e-17
7.035959446907040729e+03 2.060134509157820565e-17
7.039469587326047076e+03 7.674235134590331049e-18
7.042979727745053424e+03 2.008040328540455988e-17
7.046489868164059772e+03 4.384734872888850117e-17
7.050000008583066119e+03 5.774412860356717544e-17
7.053510149002072467e+03 6.308404929618489920e-17
7.057020289421078814e+03 6.842287149294915254e-17
7.060530429840085162e+03 6.902293477907472052e-17
7.064040570259091510e+03 3.537045475100427695e-17
7.067550710678097857e+03 2.895784624002778690e-17
7.071060851097104205e+03 4.639638519580946104e-17
7.074570991516110553e+03 4.935995164618279499e-17
7.078081131935116900e+03 4.442961439695437820e-17
7.081591272354123248e+03 1.872791500740483156e-17
7.085101412773129596e+03 -3.290496352595117288e-18
7.088611553192135943e+03 1.158596397954747339e-17
7.092121693611142291e+03 3.498191809112076922e-17
7.095631834030148639e+03 3.220600583451121513e-17
7.099141974449154986e+03 1.984034058239064530e-17
7.102652114868161334e+03 1.532479966877184466e-17
7.106162255287167682e+03 1.231934479217882539e-17
7.109672395706174029e+03 1.684558942292406220e-17
7.113182536125180377e+03 2.262553380547304436e-17
7.116692676544186725e+03 2.583504421301554492e-17
7.120202816963193072e+03 3.083321358119576019e-17
7.123712957382199420e+03 2.596802507701201986e-17
7.127223097801205768e+03 4.047443044569737510e-17
7.130733238220212115e+03 5.268491330618054673e-17
7.134243378639218463e+03 3.748329571986887385e-17
7.137753519058224811e+03 3.714482333937952556e-17
7.141263659477231158e+03 1.689748342583318895e-17
7.144773799896237506e+03 -1.963744641302118846e-17
7.148283940315243854e+03 -1.965340769012101168e-17
7.151794080734250201e+03 -2.746666045281822966e-18
7.155304221153256549e+03 3.482864483233714340e-17
7.158814361572262897e+03 5.273590071913831535e-17
7.162324501991269244e+03 3.681504959021178491e-17
7.165834642410275592e+03 8.992355712499706179e-18
7.169344782829281939e+03 -1.106825458841253172e-18
7.172854923248288287e+03 4.479106916358289981e-17
7.176365063667294635e+03 5.038108626004480638e-17
7.179875204086300982e+03 9.343919053363318683e-18
7.183385344505307330e+03 2.143522917581536306e-17
7.186895484924313678e+03 5.923112141225170138e-17
7.190405625343320025e+03 5.165731013992837066e-17
7.193915765762326373e+03 1.241478654561641883e-17
7.197425906181332721e+03 1.141959479730590804e-17
7.200936046600339068e+03 3.559260568503396828e-17
7.204446187019345416e+03 1.728913193918112117e-17
7.207956327438351764e+03 1.503774152643634236e-17
7.211466467857358111e+03 2.729939874269571960e-17
7.214976608276364459e+03 4.142336542697330802e-17
7.218486748695370807e+03 5.610008397506088145e-17
7.221996889114377154e+03 5.664458719380248766e-17
7.225507029533383502e+03 7.058935677889903839e-17
7.229017169952389850e+03 3.449769979542202766e-17
7.232527310371396197e+03 1.482236189290101012e-17
7.236037450790402545e+03 4.302219636319745352e-17
7.239547591209408893e+03 4.702138632304227769e-17
7.243057731628415240e+03 3.332800023482304229e-17
7.246567872047421588e+03 1.261110711065791676e-17
7.250078012466427936e+03 7.442826395144946239e-18
7.253588152885434283e+03 1.483067009497349273e-17
7.257098293304440631e+03 2.126383735289437573e-17
7.260608433723446979e+03 3.524294651394045284e-17
7.264118574142453326e+03 5.394082824766470907e-17
7.267628714561459674e+03 5.086303808086515264e-17
7.271138854980466022e+03 1.672083569730003968e-17
7.274648995399472369e+03 8.621739093406547235e-18
7.278159135818478717e+03 3.628819840574206031e-17
7.281669276237485064e+03 2.737505764460349483e-17
7.285179416656491412e+03 5.347979499735521633e-18
7.288689557075497760e+03 2.214646553626805795e-17
7.292199697494504107e+03 2.891700667882481882e-17
7.295709837913510455e+03 5.008778786716820404e-17
7.299219978332516803e+03 4.536426893213519565e-17
7.302730118751523150e+03 4.389919640968332495e-17
7.306240259170529498e+03 6.541654642235172749e-17
7.309750399589535846e+03 2.665552797132934328e-17
7.313260540008542193e+03 8.775572353464871451e-18
7.316770680427548541e+03 3.121518242701559688e-17
7.320280820846554889e+03 4.946292570627829630e-17
7.323790961265561236e+03 4.912018838255062460e-17
7.327301101684567584e+03 4.739900750756253567e-17
7.330811242103573932e+03 5.445981459887027948e-17
7.334321382522580279e+03 3.690130136704391421e-17
7.337831522941586627e+03 4.949841506327927140e-17
7.341341663360592975e+03 1.031633256370983423e-16
7.344851803779599322e+03 9.627899256639511167e-17
7.348361944198605670e+03 5.662474809399101585e-17
7.351872084617612018e+03 6.203640850677423859e-17
7.355382225036618365e+03 8.017060304899055879e-17
7.358892365455624713e+03 5.732263706807955508e-17
7.362402505874631061e+03 2.901550734616763336e-17
7.365912646293637408e+03 3.581209392467185141e-18
7.369422786712643756e+03 4.290818688654988227e-18
7.372932927131650104e+03 1.386211687110963965e-17
7.376443067550656451e+03 2.095378689825234947e-17
7.379953207969662799e+03 2.768323867106115124e-17
7.383463348388669147e+03 2.247581742332339656e-17
7.386973488807675494e+03 3.579756780593480769e-17
7.390483629226681842e+03 7.825607036017942475e-17
7.393993769645688189e+03 7.392957164939226796e-17
7.397503910064694537e+03 3.555362893457046961e-17
7.401014050483700885e+03 3.182451054959206504e-18
7.404524190902707232e+03 -2.273369263364802804e-17
7.408034331321713580e+03 3.700986799526088654e-18
7.411544471740719928e+03 2.277127475759876230e-17
7.415054612159726275e+03 1.020629785534170279e-17
7.418564752578732623e+03 1.260711451663627643e-18
7.422074892997738971e+03 1.390396807420176008e-17
7.425585033416745318e+03 2.988344149313992360e-17
7.429095173835751666e+03 2.891448543231775719e-17
7.432605314254758014e+03 3.487039760093637003e-17
7.436115454673764361e+03 4.238093617384429456e-17
7.439625595092770709e+03 3.282117343862200139e-17
7.443135735511777057e+03 4.441105577273113847e-17
7.446645875930783404e+03 6.219397648729823973e-17
7.450156016349789752e+03 4.629116120444781550e-17
7.453666156768796100e+03 2.322120310818473064e-17
7.457176297187802447e+03 3.177489915158327838e-17
7.460686437606808795e+03 3.431528992674183400e-17
7.464196578025815143e+03 3.120900835092350108e-17
7.467706718444821490e+03 5.396220590341552952e-17
7.471216858863827838e+03 4.570794262431627738e-17
7.474726999282834186e+03 3.489430973808405295e-17
7.478237139701840533e+03 2.762980114912900055e-17
7.481747280120846881e+03 2.474623629887934522e-17
7.485257420539853229e+03 1.374996027903418718e-17
7.488767560958859576e+03 3.721693198209822319e-18
7.492277701377865924e+03 9.421231489315587415e-18
7.495787841796872272e+03 2.589755425190617722e-17
7.499297982215878619e+03 5.128808980170920123e-17
7.502808122634885876e+03 5.870656978988487420e-17
7.506318263053892224e+03 7.152362088483073081e-17
7.509828403472898572e+03 1.025476716507873749e-16
7.513338543891904919e+03 1.068887485926901663e-16
7.516848684310911267e+03 6.678838245487907113e-17
7.520358824729917615e+03 4.762942032155040664e-17
7.523868965148923962e+03 6.474547795244460762e-17
7.527379105567930310e+03 8.429327122195484872e-17
7.530889245986936658e+03 5.716827193088735927e-17
7.534399386405943005e+03 1.596305553814021102e-17
7.537909526824949353e+03 3.112171101779710475e-17
7.541419667243955701e+03 5.741387178092170382e-17
7.544929807662962048e+03 7.524125510777475542e-17
7.548439948081968396e+03 1.091484802947319298e-16
7.551950088500974744e+03 1.067245962544902430e-16
7.555460228919981091e+03 1.210080400521456050e-16
7.558970369338987439e+03 1.275954152829422987e-16
7.562480509757993786e+03 9.903826856652499927e-17
7.565990650177000134e+03 1.086175825427055958e-16
7.569500790596006482e+03 1.349643769309280972e-16
7.573010931015012829e+03 1.030412668659100176e-16
7.576521071434019177e+03 5.063091796609297222e-17
7.580031211853025525e+03 6.827320474163625793e-17
7.583541352272031872e+03 1.018850205707935946e-16
7.587051492691038220e+03 9.016765646940023515e-17
7.590561633110044568e+03 9.716465153953318819e-17
7.594071773529050915e+03 1.011352971508000325e-16
7.597581913948057263e+03 9.160732792960182749e-17
7.601092054367063611e+03 7.440814526459094765e-17
7.604602194786069958e+03 1.887218523240143022e-17
7.608112335205076306e+03 5.991871364207518053e-17
7.611622475624082654e+03 1.183887230116596897e-16
7.615132616043089001e+03 1.038631204353182038e-16
7.618642756462095349e+03 8.840207584785274991e-17
7.622152896881101697e+03 6.082879760434072285e-17
7.625663037300108044e+03 8.168458179797901471e-17
7.629173177719114392e+03 8.964381291363775336e-17
7.632683318138120740e+03 7.344999880001362421e-17
7.636193458557127087e+03 7.398188255133012143e-17
7.639703598976133435e+03 6.479933071904425993e-17
7.643213739395139783e+03 2.312285133335217565e-17
7.646723879814146130e+03 4.255556723604403955e-17
7.650234020233152478e+03 8.110372233695447783e-17
7.653744160652158826e+03 4.133407293420943379e-17
7.657254301071165173e+03 -3.662785117296552177e-18
7.660764441490171521e+03 4.911646276107168576e-17
7.664274581909177869e+03 6.315994477174786460e-17
7.667784722328184216e+03 3.013929507404747548e-17
7.671294862747190564e+03 3.824252179073944519e-17
7.674805003166196911e+03 2.713248692997231946e-17
7.678315143585203259e+03 9.113387952547852635e-18
7.681825284004209607e+03 2.892117236038963587e-17
7.685335424423215954e+03 4.966807311563634759e-17
7.688845564842222302e+03 5.590087903122341112e-17
7.692355705261228650e+03 5.313087946163238607e-17
7.695865845680234997e+03 5.938325647051245423e-17
7.699375986099241345e+03 5.877200308506026890e-17
7.702886126518247693e+03 3.208082362932989013e-17
7.706396266937254040e+03 4.131632825570894624e-17
7.709906407356260388e+03 2.573454011422912695e-17
7.713416547775266736e+03 -1.066477180883595646e-17
7.716926688194273083e+03 2.032089777669822715e-17
7.720436828613279431e+03 9.596314192129786359e-17
7.723946969032285779e+03 6.208193652768915724e-17
7.727457109451292126e+03 2.669509698311142991e-17
7.730967249870298474e+03 2.474047250437107573e-17
7.734477390289304822e+03 1.123847202165884689e-17
7.737987530708311169e+03 4.349165444804579885e-17
7.741497671127317517e+03 3.058147605101627217e-17
7.745007811546323865e+03 8.459262623127656433e-18
7.748517951965330212e+03 2.661987483256708268e-17
7.752028092384336560e+03 5.510100199632953378e-17
7.755538232803342908e+03 4.481130531008839708e-17
7.759048373222349255e+03 4.664251775015828974e-17
7.762558513641355603e+03 6.361992998422125265e-17
7.766068654060361951e+03 6.057041946820365913e-17
7.769578794479368298e+03 5.940595430652090931e-17
7.773088934898374646e+03 6.011543704407499179e-17
7.776599075317380994e+03 3.550088128126918814e-17
7.780109215736387341e+03 6.295037608201571738e-18
7.783619356155393689e+03 1.857216682422844708e-17
7.787129496574400036e+03 3.666600487871953017e-17
7.790639636993406384e+03 2.849321888995675126e-17
7.794149777412412732e+03 1.253716543570180161e-17
7.797659917831419079e+03 1.656335043483729384e-17
7.801170058250425427e+03 2.789257988612484638e-17
7.804680198669431775e+03 6.159258309474768649e-17
7.808190339088438122e+03 7.854938198794582794e-17
7.811700479507444470e+03 9.432042739921655487e-17
7.815210619926450818e+03 8.090848786005726202e-17
7.818720760345457165e+03 8.113343962764105790e-18
7.822230900764463513e+03 -3.626123893521773203e-17
7.825741041183469861e+03 -2.703788890075953011e-17
7.829251181602476208e+03 -2.120401234227209055e-17
7.832761322021482556e+03 2.269846301135939459e-17
7.836271462440488904e+03 5.382477811644596950e-17
7.839781602859495251e+03 4.747104501274855375e-17
7.843291743278501599e+03 5.947275079534579140e-17
7.846801883697507947e+03 5.755197123854865690e-17
7.850312024116514294e+03 6.957287092007957501e-17
7.853822164535520642e+03 8.409383466754586354e-17
7.857332304954526990e+03 1.099129804691881393e-16
7.860842445373533337e+03 7.854261234181269397e-17
7.864352585792539685e+03 1.939106901321104406e-17
7.867862726211546033e+03 -1.557790701004572049e-17
7.871372866630552380e+03 -1.283608782956315199e-17
7.874883007049558728e+03 -5.506570702677250864e-18
7.878393147468565076e+03 7.686643670959239017e-18
7.881903287887571423e+03 1.172686013482546826e-17
7.885413428306577771e+03 3.397121587914427661e-18
7.888923568725584119e+03 2.545264192455473043e-17
7.892433709144590466e+03 6.017922259547018086e-17
7.895943849563596814e+03 3.925809775088510024e-17
7.899453989982603161e+03 1.213904919714431726e-17
7.902964130401609509e+03 2.957275576378745662e-17
7.906474270820615857e+03 2.764411137372616793e-17
7.909984411239622204e+03 2.821161021349674830e-17
7.913494551658628552e+03 1.240888792066830319e-17
7.917004692077634900e+03 1.238336195414552931e-17
7.920514832496641247e+03 2.466449265638562992e-17
7.924024972915647595e+03 1.587121987858304251e-18
7.927535113334653943e+03 -1.303621342542239385e-17
7.931045253753660290e+03 5.865603070881910932e-18
7.934555394172666638e+03 5.262379789380267883e-17
7.938065534591672986e+03 6.539603234316041240e-17
7.941575675010679333e+03 4.360270179091981771e-17
7.945085815429685681e+03 3.100447305521873904e-17
7.948595955848692029e+03 3.351563995292610247e-18
7.952106096267698376e+03 7.534336559131075137e-18
7.955616236686704724e+03 1.344582251141068996e-17
7.959126377105711072e+03 2.286925926423934375e-17
7.962636517524717419e+03 3.974310021380454206e-17
7.966146657943723767e+03 4.196313386388866070e-17
7.969656798362730115e+03 2.856274507480305834e-17
7.973166938781736462e+03 2.616501813989152340e-17
7.976677079200742810e+03 3.502566601935747375e-17
7.980187219619749158e+03 5.438678116822674756e-17
7.983697360038755505e+03 4.947704071625090116e-17
7.987207500457761853e+03 5.411730557699167242e-17
7.990717640876768201e+03 6.326273354338615403e-17
7.994227781295774548e+03 2.796958709243108304e-17
7.997737921714780896e+03 -1.818951472722264159e-17
8.001248062133787244e+03 6.679387493414642323e-18
8.004758202552793591e+03 4.479755425958531555e-17
8.008268342971799939e+03 3.210718091236827981e-17
8.011778483390806286e+03 1.014706758757984325e-17
8.015288623809812634e+03 2.826915882307328755e-17
8.018798764228818982e+03 8.410746660404073744e-17
8.022308904647825329e+03 6.619702110879756101e-17
8.025819045066831677e+03 7.246904200286453848e-17
8.029329185485838025e+03 8.977624122098504288e-17
8.032839325904844372e+03 6.987802115677283713e-17
8.036349466323850720e+03 5.391624774858208330e-17
8.039859606742857068e+03 2.245515610598304703e-17
8.043369747161863415e+03 5.307714250031849118e-17
8.046879887580869763e+03 6.796332964928409291e-17
8.050390027999876111e+03 5.364253699261073666e-17
8.053900168418882458e+03 3.634631942430248625e-17
8.057410308837888806e+03 3.447504497280542534e-17
8.060920449256895154e+03 4.036468343074628960e-17
8.064430589675901501e+03 1.140608280199985434e-17
8.067940730094907849e+03 2.423618846137302283e-17
8.071450870513914197e+03 6.205114555656748333e-17
8.074961010932920544e+03 6.290187103807622039e-17
8.078471151351926892e+03 4.783273800739349063e-17
8.081981291770933240e+03 2.986662656564794565e-17
8.085491432189939587e+03 4.000196473214178696e-17
8.089001572608945935e+03 4.581934400049246894e-17
8.092511713027952283e+03 2.418567585008685964e-17
8.096021853446958630e+03 2.283983148676715724e-17
8.099531993865964978e+03 4.785486343441805901e-17
8.103042134284971326e+03 3.767395754233989651e-17
8.106552274703977673e+03 7.531568812801472707e-18
8.110062415122984021e+03 6.868481808624877003e-18
8.113572555541990369e+03 3.937632833019852959e-17
8.117082695960996716e+03 4.203079062055059794e-17
8.120592836380003064e+03 3.054090449633177127e-17
8.124102976799009411e+03 2.632140325213957370e-17
8.127613117218015759e+03 1.823808511843053027e-17
8.131123257637022107e+03 3.629030937066529564e-17
8.134633398056028454e+03 2.722460838043112505e-17
8.138143538475034802e+03 1.413360830149750652e-17
8.141653678894041150e+03 2.443523127781043277e-17
8.145163819313047497e+03 2.094239662121749428e-17
8.148673959732053845e+03 2.549661484591804938e-17
8.152184100151060193e+03 3.444253015728719093e-17
8.155694240570066540e+03 3.485735130831518367e-17
8.159204380989072888e+03 5.258047679076205167e-17
8.162714521408079236e+03 2.870929170084540293e-17
8.166224661827085583e+03 2.431287803032403913e-17
8.169734802246091931e+03 3.834432787181002163e-17
8.173244942665098279e+03 4.204764856143442865e-17
8.176755083084104626e+03 4.644916593633524463e-17
8.180265223503110974e+03 3.121912973289869993e-17
8.183775363922117322e+03 2.830265674274954123e-18
8.187285504341123669e+03 5.165792142640104735e-18
8.190795644760130017e+03 2.590649111124420013e-17
8.194305785179136365e+03 5.801185553498731348e-18
8.197815925598142712e+03 -1.847638261801725669e-17
8.201326066017149060e+03 -3.994913849668231296e-18
8.204836206436155408e+03 1.966119642276881099e-17
8.208346346855161755e+03 3.640103907618409413e-17
8.211856487274168103e+03 4.021608870550726371e-17
8.215366627693174451e+03 4.613250134551524436e-17
8.218876768112180798e+03 3.582673419433342744e-17
8.222386908531187146e+03 3.560416305255255918e-17
8.225897048950193494e+03 2.299541588818225621e-17
8.229407189369199841e+03 2.066158410609707361e-18
8.232917329788206189e+03 4.759896063626406022e-19
8.236427470207212536e+03 2.333666263244610735e-17
8.239937610626218884e+03 1.999883665956193093e-17
8.243447751045225232e+03 3.116681883096084646e-17
8.246957891464231579e+03 3.413899126842718211e-17
8.250468031883237927e+03 -8.597841018329277713e-18
8.253978172302244275e+03 -2.550464801043685811e-18
8.257488312721250622e+03 1.052202525052768048e-17
8.260998453140256970e+03 1.593581978929129003e-17
8.264508593559263318e+03 3.405915841314846430e-17
8.268018733978269665e+03 2.775946998195281316e-17
8.271528874397276013e+03 3.760659857069847836e-17
8.275039014816282361e+03 2.590119384660141054e-17
8.278549155235288708e+03 4.450138058689947888e-17
8.282059295654295056e+03 5.435910039620827305e-17
8.285569436073301404e+03 2.136759227148812709e-17
8.289079576492307751e+03 -2.286288180511413647e-19
8.292589716911314099e+03 1.025312289545710458e-17
8.296099857330320447e+03 4.891221201549764196e-17
8.299609997749326794e+03 6.553826770385013062e-17
8.303120138168333142e+03 8.036484490915271096e-17
8.306630278587339490e+03 1.043710291837604640e-16
8.310140419006345837e+03 6.388501820948734654e-17
8.313650559425352185e+03 1.394570429918873565e-17
8.317160699844358533e+03 -3.558401955027566785e-18
8.320670840263364880e+03 2.322614137644167222e-17
8.324180980682371228e+03 2.587543378796528415e-17
8.327691121101377576e+03 1.265544399149075904e-17
8.331201261520383923e+03 2.139414476915107928e-17
8.334711401939390271e+03 4.058337013237060884e-17
8.338221542358396619e+03 1.420392527100941429e-17
8.341731682777402966e+03 1.233875210371054452e-17
8.345241823196409314e+03 5.689869707797877776e-17
8.348751963615415661e+03 3.407826628529843924e-17
8.352262104034422009e+03 -1.935988595847902002e-17
8.355772244453428357e+03 5.691845015100654406e-17
8.359282384872434704e+03 6.508538962719979818e-17
8.362792525291441052e+03 -1.811957495207005799e-17
8.366302665710447400e+03 -1.896140327891017468e-18
8.369812806129453747e+03 3.724256630928124152e-17
8.373322946548460095e+03 4.195401502481587613e-17
8.376833086967466443e+03 2.532734887717132333e-17
8.380343227386472790e+03 2.401825614846735195e-18
8.383853367805479138e+03 4.006512989807756126e-18
8.387363508224485486e+03 5.298141785111140460e-17
8.390873648643491833e+03 6.532456393823583081e-17
8.394383789062498181e+03 1.750381508664068376e-17
8.397893929481504529e+03 8.130037294706038442e-18
8.401404069900510876e+03 -8.519987192666093025e-19
8.404914210319517224e+03 1.967277860570577848e-17
8.408424350738523572e+03 1.606876591170203775e-17
8.411934491157529919e+03 3.579796816135128335e-17
8.415444631576536267e+03 2.339753981680755998e-17
8.418954771995542615e+03 -1.287945773625991978e-17
8.422464912414548962e+03 1.665923390272199060e-17
8.425975052833555310e+03 1.912384831632578847e-17
8.429485193252561658e+03 4.038421812809234190e-17
8.432995333671568005e+03 1.240364343014859448e-16
8.436505474090574353e+03 1.291656423135843605e-16
8.440015614509580701e+03 8.352382119871312196e-17
8.443525754928587048e+03 8.729145683532475199e-17
8.447035895347593396e+03 6.596590684565024508e-17
8.450546035766599744e+03 1.247472653434384887e-17
8.454056176185606091e+03 2.886934784065196358e-17
8.457566316604612439e+03 5.944591043882967076e-17
8.461076457023618786e+03 -4.523052540761394682e-18
8.464586597442625134e+03 -4.475678749027625213e-17
8.468096737861631482e+03 -1.946726889123942897e-17
8.471606878280637829e+03 -6.624850751845985225e-19
8.475117018699644177e+03 3.003950235058785312e-18
8.478627159118650525e+03 2.498094218024636640e-17
8.482137299537656872e+03 5.307928324374377841e-17
8.485647439956663220e+03 3.314905790727067092e-17
8.489157580375669568e+03 -7.164777904041371516e-18
8.492667720794675915e+03 1.018009318712632915e-18
8.496177861213682263e+03 6.830878012542093854e-17
8.499688001632688611e+03 3.410252583830339444e-17
8.503198142051694958e+03 5.714299329136773875e-18
8.506708282470701306e+03 -2.095732888563530153e-17
8.510218422889707654e+03 -3.162423647481286992e-17
8.513728563308714001e+03 -1.882899813262003665e-17
8.517238703727720349e+03 5.648568662531166360e-18
8.520748844146726697e+03 4.420770499966355236e-17
8.524258984565733044e+03 4.194504507825335109e-17
8.527769124984739392e+03 3.340021310229892161e-17
8.531279265403745740e+03 2.743498026253806126e-17
8.534789405822752087e+03 1.735101497516743828e-17
8.538299546241758435e+03 2.437877289228123842e-17
8.541809686660764783e+03 6.421375963725062101e-17
8.545319827079771130e+03 5.329471085375463873e-17
8.548829967498777478e+03 7.544306070745809248e-17
8.552340107917783826e+03 6.003005876996971848e-17
8.555850248336790173e+03 3.866738491440383169e-18
8.559360388755796521e+03 -1.337216621376590561e-17
8.562870529174802869e+03 -3.479717226439072580e-18
8.566380669593809216e+03 4.965444779658637411e-17
8.569890810012815564e+03 3.570067848642524645e-17
8.573400950431821911e+03 3.693827634042503455e-17
8.576911090850828259e+03 6.659912353072693840e-17
8.580421231269834607e+03 5.389679576929728630e-17
8.583931371688840954e+03 1.044119398824961117e-17
8.587441512107847302e+03 -1.699817115871559369e-17
8.590951652526853650e+03 -8.592971276816207327e-20
8.594461792945859997e+03 1.840389016349433445e-17
8.597971933364866345e+03 5.980206876799601533e-18
8.601482073783872693e+03 1.266330965193552578e-17
8.604992214202879040e+03 5.375693607132682038e-17
8.608502354621885388e+03 3.368618598367075433e-17
8.612012495040891736e+03 1.336030113505944498e-17
8.615522635459898083e+03 4.045079954995796021e-17
8.619032775878904431e+03 2.099018367238529524e-18
8.622542916297910779e+03 -2.181190902879853570e-17
8.626053056716917126e+03 3.931019027714123971e-17
8.629563197135923474e+03 5.279150710863658009e-17
8.633073337554929822e+03 -2.451539831405662200e-17
8.636583477973936169e+03 -6.005818291079652142e-17
8.640093618392942517e+03 4.033393050993279314e-18
8.643603758811948865e+03 7.046584216983262029e-17
8.647113899230955212e+03 3.882360293616814628e-17
8.650624039649961560e+03 -4.282989837747480096e-18
8.654134180068967908e+03 6.086492223605213868e-17
8.657644320487974255e+03 4.925787755859375137e-17
8.661154460906980603e+03 -9.051237737223680901e-18
8.664664601325986951e+03 4.798473906239500989e-18
8.668174741744993298e+03 1.867053679703447824e-17
8.671684882163999646e+03 9.915725022583462677e-18
8.675195022583005994e+03 3.637147564109144892e-17
8.678705163002012341e+03 3.490682001766830494e-17
8.682215303421018689e+03 1.720562474762144282e-17
8.685725443840025036e+03 4.060434081526005320e-17
8.689235584259031384e+03 1.015818754199051611e-16
8.692745724678037732e+03 9.869124313850185268e-17
8.696255865097044079e+03 6.685079157773497196e-17
8.699766005516050427e+03 3.769816415578564831e-17
8.703276145935056775e+03 2.177575461858506796e-17
8.706786286354063122e+03 3.476328102033320315e-17
8.710296426773069470e+03 4.626180291014708344e-17
8.713806567192075818e+03 5.127974851241221650e-17
8.717316707611082165e+03 4.230139448614119542e-17
8.720826848030088513e+03 3.561152496000428113e-17
8.724336988449094861e+03 3.908744377307051020e-17
8.727847128868101208e+03 4.057661041240482550e-17
8.731357269287107556e+03 4.848512212162426271e-17
8.734867409706113904e+03 7.469885623651148412e-17
8.738377550125120251e+03 8.174659387414089009e-17
8.741887690544126599e+03 7.348092873747820702e-17
8.745397830963132947e+03 9.744020194518685277e-17
8.748907971382139294e+03 1.061847914216279380e-16
8.752418111801145642e+03 1.141878101701927837e-16
8.755928252220151990e+03 1.780378287136017866e-16
8.759438392639158337e+03 1.786073789612914985e-16
8.762948533058164685e+03 8.750432018543669792e-17
8.766458673477171033e+03 6.437764066020962685e-17
8.769968813896177380e+03 5.109344758613057339e-17
8.773478954315183728e+03 4.124643480267066562e-17
8.776989094734190076e+03 4.964829688155142980e-17
8.780499235153196423e+03 3.177093530208792427e-17
8.784009375572202771e+03 7.618827764747446575e-17
8.787519515991209119e+03 9.857297616324147099e-17
8.791029656410215466e+03 8.098069080136579070e-17
8.794539796829221814e+03 8.457068112962553251e-17
8.798049937248228161e+03 1.171065268877534925e-16
8.801560077667234509e+03 1.369148423455485348e-16
8.805070218086240857e+03 1.392657028813140403e-16
8.808580358505247204e+03 1.411789120811450895e-16
8.812090498924253552e+03 1.719743301257920767e-16
8.815600639343259900e+03 1.766350627436098601e-16
8.819110779762266247e+03 2.136401454990271274e-16
8.822620920181272595e+03 1.734368516232348339e-16
8.826131060600278943e+03 1.594439335090427966e-16
8.829641201019285290e+03 2.006207461739160989e-16
8.833151341438291638e+03 1.660857835462597825e-16
8.836661481857297986e+03 1.410410177643100496e-16
8.840171622276304333e+03 1.531133680799417660e-16
8.843681762695310681e+03 1.639776508894418374e-16
8.847191903114317029e+03 1.406893932120811081e-16
8.850702043533323376e+03 1.365303158572746841e-16
8.854212183952329724e+03 1.370856253635386831e-16
8.857722324371336072e+03 1.319515336771037543e-16
8.861232464790342419e+03 1.431398462935979982e-16
8.864742605209348767e+03 1.501599230115436309e-16
8.868252745628355115e+03 1.634715089987879904e-16
8.871762886047361462e+03 1.592646404569107027e-16
8.875273026466367810e+03 1.567703931250428052e-16
8.878783166885374158e+03 1.476411117242053587e-16
8.882293307304380505e+03 1.398484350792453972e-16
8.885803447723386853e+03 1.708762313190156814e-16
8.889313588142393201e+03 1.779023696164901028e-16
8.892823728561399548e+03 1.450823972441175284e-16
8.896333868980405896e+03 1.029013542283803483e-16
8.899844009399412244e+03 1.342555956425334597e-16
8.903354149818418591e+03 1.208712707009436372e-16
8.906864290237424939e+03 9.994949072931341456e-17
8.910374430656431286e+03 7.749076285744536355e-17
8.913884571075437634e+03 9.788832207895378020e-17
8.917394711494443982e+03 1.025175358067108430e-16
8.920904851913450329e+03 4.262577501771509032e-17
8.924414992332456677e+03 6.441896660361277611e-17
8.927925132751463025e+03 1.026302308933650675e-16
8.931435273170469372e+03 1.303159130559557004e-16
8.934945413589475720e+03 1.537147482376025184e-16
8.938455554008482068e+03 1.699594637374007107e-16
8.941965694427488415e+03 1.510589690757152656e-16
8.945475834846494763e+03 1.367341728648771527e-16
8.948985975265501111e+03 1.482746129594127702e-16
8.952496115684507458e+03 1.407708142541359278e-16
8.956006256103513806e+03 2.127147884739314060e-16
8.959516396522520154e+03 2.806560555619174845e-16
8.963026536941526501e+03 2.791749655140841370e-16
8.966536677360532849e+03 2.080014868738246526e-16
8.970046817779539197e+03 1.580360721064775435e-16
8.973556958198545544e+03 1.717752906180771170e-16
8.977067098617551892e+03 1.541790149369264809e-16
8.980577239036558240e+03 1.268142523822268211e-16
8.984087379455564587e+03 1.589661407523423669e-16
8.987597519874570935e+03 1.739851598727941841e-16
8.991107660293577283e+03 1.507442566311408905e-16
8.994617800712583630e+03 1.497725510219625978e-16
8.998127941131589978e+03 1.153751386040064992e-16
9.001638081550596326e+03 1.472306183821422434e-16
9.005148221969602673e+03 1.626006267801125612e-16
9.008658362388609021e+03 1.109993663984907837e-16
9.012168502807615369e+03 8.714357017669007149e-17
9.015678643226621716e+03 1.103596646174116746e-16
9.019188783645628064e+03 1.061342275251437965e-16
9.022698924064634411e+03 9.388765312017371121e-17
9.026209064483640759e+03 1.095153977621257516e-16
9.029719204902647107e+03 1.060698861083769718e-16
9.033229345321653454e+03 8.954258585899596405e-17
9.036739485740659802e+03 1.009066445771556744e-16
9.040249626159666150e+03 9.041703488047272193e-17
9.043759766578672497e+03 9.617458913820111873e-17
9.047269906997678845e+03 9.802144521801561426e-17
9.050780047416685193e+03 9.288003463752081629e-17
9.054290187835691540e+03 1.051186019341613883e-16
9.057800328254697888e+03 1.139250976076459422e-16
9.061310468673704236e+03 7.335858541615916401e-17
9.064820609092710583e+03 4.866973559945629764e-17
9.068330749511716931e+03 7.488863132136584994e-17
9.071840889930723279e+03 8.726245919177109305e-17
9.075351030349729626e+03 8.201805469884609250e-17
9.078861170768735974e+03 6.799083836773515640e-17
9.082371311187742322e+03 6.643941811550010024e-17
9.085881451606748669e+03 7.208034652430342056e-17
9.089391592025755017e+03 6.108908156460910875e-17
9.092901732444761365e+03 5.209584490475703360e-17
9.096411872863767712e+03 6.514548264434055053e-17
9.099922013282774060e+03 3.377605750286341569e-17
9.103432153701780408e+03 5.044715152120819160e-17
9.106942294120786755e+03 6.996265827704926292e-17
9.110452434539793103e+03 5.380181558264149745e-17
9.113962574958799451e+03 4.943011972318444322e-17
9.117472715377805798e+03 4.140247415342266876e-17
9.120982855796812146e+03 4.705101593258392714e-17
9.124492996215818494e+03 3.468815647710113718e-17
9.128003136634824841e+03 1.730928867634781335e-17
9.131513277053831189e+03 3.563937778559016667e-17
9.135023417472837536e+03 7.103772175812728151e-17
9.138533557891843884e+03 5.305165541128450729e-17
9.142043698310850232e+03 4.326757122010518365e-17
9.145553838729856579e+03 4.331128936983983627e-17
9.149063979148862927e+03 4.793196990239780204e-17
9.152574119567869275e+03 7.156729602117353067e-17
9.156084259986875622e+03 5.723294421989920519e-17
9.159594400405881970e+03 5.285004502622573275e-17
9.163104540824888318e+03 4.231741862896757267e-17
9.166614681243894665e+03 1.079788998481411521e-17
9.170124821662901013e+03 3.910761043640455302e-17
9.173634962081907361e+03 6.019675882445630504e-17
9.177145102500913708e+03 6.613447963704365169e-17
9.180655242919920056e+03 5.430535350872702752e-17
9.184165383338926404e+03 3.206421715135227555e-17
9.187675523757932751e+03 2.330032127941420264e-17
9.191185664176939099e+03 5.183204377252407223e-17
9.194695804595945447e+03 2.645603185991625428e-17
9.198205945014951794e+03 1.544773359704825052e-17
9.201716085433958142e+03 3.001526099555637409e-17
9.205226225852964490e+03 1.920293174596953323e-17
9.208736366271970837e+03 2.738303497443095622e-17
9.212246506690977185e+03 6.070344996303688725e-17
9.215756647109983533e+03 3.534052404771965820e-17
9.219266787528989880e+03 1.318166817305616844e-17
9.222776927947996228e+03 4.434713787243794092e-17
9.226287068367002576e+03 6.556674256925665604e-17
9.229797208786008923e+03 7.356357400683960512e-17
9.233307349205015271e+03 5.357433429674451442e-17
9.236817489624021619e+03 3.857944899784454442e-17
9.240327630043027966e+03 3.080683644582266924e-17
9.243837770462034314e+03 1.454196586321900990e-17
9.247347910881040661e+03 3.324217859190944056e-17
9.250858051300047009e+03 5.472103161886962520e-17
9.254368191719053357e+03 3.001479446569089418e-17
9.257878332138059704e+03 3.955139283503925237e-17
9.261388472557066052e+03 3.796651147266520113e-17
9.264898612976072400e+03 1.650708891829388711e-17
9.268408753395078747e+03 3.781904833050414778e-17
9.271918893814085095e+03 3.676688782622649742e-17
9.275429034233091443e+03 3.206126577092668635e-17
9.278939174652097790e+03 3.638071690289489135e-17
9.282449315071104138e+03 3.531113597491687423e-17
9.285959455490110486e+03 5.268609782881772266e-17
9.289469595909116833e+03 4.859315852706858855e-17
9.292979736328123181e+03 9.899232695530380411e-18
9.296489876747129529e+03 -5.359829275600650031e-18
9.300000017166137695e+03 -1.513413784630082199e-17
