3253.846  4.123264E-16
3256.35  -3.726952E-16
3258.854  -2.340525E-16
3261.358  -2.212223E-16
3263.862  1.494930E-16
3266.367  3.089513E-16
3268.873  3.662926E-16
3271.379  -5.720751E-16
3273.885  1.203354E-16
3276.391  -5.029006E-16
3278.898  -1.927116E-16
3281.406  -2.491558E-16
3283.913  -5.574422E-17
3286.421  1.468191E-16
3288.93  1.685688E-17
3291.439  1.177979E-16
3293.948  -1.186056E-16
3296.458  -6.547427E-17
3298.967  2.256115E-16
3301.478  -1.791244E-18
3303.988  -6.662892E-17
3306.5  -1.060698E-16
3309.011  7.366040E-17
3311.523  -1.162566E-16
3314.035  -7.062327E-17
3316.547  1.373223E-16
3319.06  -1.860607E-16
3321.573  -2.055067E-16
3324.087  -3.920000E-17
3326.601  -6.389109E-17
3329.116  1.941009E-16
3331.63  2.900869E-16
3334.146  2.106133E-16
3336.661  4.700599E-17
3339.177  5.644532E-17
3341.693  5.139877E-17
3344.21  3.218548E-16
3346.727  1.051505E-16
3349.244  -2.459341E-16
3351.762  2.900473E-16
3354.28  6.117339E-17
3356.799  1.051853E-16
3359.317  3.394060E-16
3361.837  -2.211211E-16
3364.356  4.274231E-17
3366.876  5.201130E-18
3369.396  1.836575E-17
3371.917  -9.503115E-19
3374.438  1.277605E-16
3376.96  5.508665E-17
3379.481  3.503523E-16
3382.004  -1.419054E-16
3384.526  -1.186368E-16
3387.049  1.622517E-16
3389.572  -4.622596E-18
3392.096  -1.296143E-16
3394.62  1.065833E-17
3397.144  -1.475610E-16
3399.669  2.432070E-16
3402.194  4.585426E-17
3404.72  1.005232E-16
3407.245  -4.616559E-17
3409.772  2.401084E-18
3412.298  -4.210218E-17
3414.825  1.690885E-16
3417.352  -1.465421E-16
3419.88  7.702746E-17
3422.408  -1.628661E-17
3424.937  6.100916E-17
3427.465  -6.790802E-18
3429.994  -3.434699E-17
3432.524  -4.385533E-17
3435.053  -3.112030E-17
3437.584  -7.746206E-17
3440.114  1.268564E-16
3442.645  -6.968445E-17
3445.177  1.366956E-16
3447.708  -3.094205E-18
3450.24  2.350722E-17
3452.772  4.660532E-17
3455.305  -2.710758E-17
3457.838  1.344850E-16
3460.372  1.175994E-16
3462.906  1.100864E-16
3465.44  2.304194E-16
3467.974  2.173963E-17
3470.509  -4.593549E-18
3473.044  7.715862E-17
3475.58  7.164715E-17
3478.116  1.601829E-17
3480.652  -2.632443E-17
3483.189  -6.569655E-17
3485.726  1.496860E-16
3488.263  8.859679E-17
3490.801  2.276909E-17
3493.339  9.707303E-17
3495.878  3.935331E-17
3498.417  8.643036E-17
3500.956  2.802922E-17
3503.495  9.129172E-18
3506.035  4.448220E-18
3508.575  4.445181E-17
3511.116  -5.630562E-17
3513.657  1.517962E-16
3516.198  -3.624542E-17
3518.74  1.690711E-16
3521.282  1.016941E-16
3523.824  7.475301E-17
3526.367  -6.889058E-18
3528.91  3.458446E-17
3531.454  8.426928E-17
3533.998  3.183150E-17
3536.542  6.340331E-17
3539.086  8.626885E-17
3541.631  -3.129898E-17
3544.177  1.173872E-17
3546.722  7.617342E-17
3549.268  8.894766E-17
3551.814  3.645906E-17
3554.361  2.691246E-17
3556.908  6.262883E-18
3559.455  1.211293E-16
3562.003  1.191458E-17
3564.551  5.477359E-17
3567.099  1.204501E-16
3569.648  4.157181E-17
3572.197  -1.557124E-17
3574.747  2.929986E-17
3577.297  1.484869E-18
3579.847  4.099916E-17
3582.397  1.309993E-16
3584.948  6.154219E-17
3587.5  5.468043E-17
3590.051  1.093580E-16
3592.603  3.922852E-17
3595.155  9.621485E-17
3597.708  4.671693E-17
3600.261  7.053711E-17
3602.814  7.435804E-17
3605.368  4.382494E-17
3607.922  4.142524E-17
3610.476  5.090510E-17
3613.031  5.381835E-17
3615.586  8.758620E-17
3618.141  7.638373E-17
3620.697  7.367054E-17
3623.253  9.251970E-17
3625.81  -3.458028E-18
3628.366  8.206321E-17
3630.924  9.160735E-18
3633.481  6.122382E-17
3636.039  3.738943E-17
3638.597  4.207625E-17
3641.156  2.458732E-17
3643.715  4.566000E-17
3646.274  5.092800E-17
3648.833  1.189957E-17
3651.393  6.314290E-17
3653.953  7.237453E-18
3656.514  7.974597E-17
3659.075  7.452891E-17
3661.636  1.321562E-17
3664.198  3.991351E-17
3666.76  1.188617E-16
3669.322  5.033779E-17
3671.885  5.541006E-17
3674.448  3.455693E-17
3677.011  3.779746E-17
3679.575  2.152428E-17
3682.139  7.734993E-17
3684.703  4.453770E-17
3687.268  5.023144E-17
3689.833  8.315925E-17
3692.399  6.315961E-17
3694.964  5.676970E-17
3697.531  6.136527E-17
3700.097  3.631093E-17
3702.664  6.981117E-17
3705.231  4.955186E-17
3707.798  4.244511E-17
3710.366  4.744057E-17
3712.934  8.161839E-17
3715.503  6.039412E-17
3718.072  5.240017E-17
3720.641  6.204332E-17
3723.21  6.355819E-17
3725.78  8.636528E-17
3728.35  3.012569E-17
3730.921  7.887251E-17
3733.491  5.728298E-17
3736.063  6.918050E-17
3738.634  3.054744E-17
3741.206  1.168532E-17
3743.778  5.894143E-17
3746.351  7.714137E-17
3748.924  3.072631E-17
3751.497  2.042500E-17
3754.071  5.914069E-17
3756.645  3.761462E-17
3759.219  3.341628E-17
3761.793  2.330759E-17
3764.368  2.949961E-17
3766.943  6.960150E-17
3769.519  9.953708E-17
3772.095  2.874164E-17
3774.671  4.263330E-17
3777.248  2.226560E-17
3779.825  1.578548E-18
3782.402  2.308350E-17
3784.979  2.770622E-17
3787.557  4.441064E-17
3790.135  2.319251E-17
3792.714  7.461648E-17
3795.293  9.785819E-17
3797.872  7.440280E-17
3800.452  5.585087E-17
3803.032  3.243354E-17
3805.612  6.210572E-17
3808.193  2.114975E-18
3810.774  3.197553E-17
3813.355  7.317121E-17
3815.937  3.132310E-17
3818.518  6.623997E-17
3821.101  5.146164E-17
3823.683  5.350463E-17
3826.266  1.649792E-17
3828.849  4.615908E-17
3831.433  6.245306E-17
3834.017  6.378895E-17
3836.601  8.279388E-17
3839.186  7.446745E-17
3841.771  6.553015E-17
3844.356  4.939617E-17
3846.941  5.885683E-17
3849.527  2.570081E-17
3852.113  6.647882E-17
3854.7  5.443266E-17
3857.287  6.748204E-17
3859.874  8.059920E-17
3862.461  7.336013E-17
3865.049  7.836004E-17
3867.637  4.539086E-17
3870.226  8.866441E-17
3872.815  8.182982E-17
3875.404  8.027945E-17
3877.993  6.818578E-17
3880.583  5.596929E-17
3883.173  6.182159E-17
3885.764  6.137826E-17
3888.354  7.436050E-17
3890.946  2.742414E-17
3893.537  5.167736E-17
3896.129  7.893712E-17
3898.721  5.331009E-17
3901.313  5.711877E-17
3903.906  9.623396E-17
3906.499  4.910959E-17
3909.093  9.033335E-17
3911.686  4.828031E-17
3914.28  8.656338E-17
3916.875  8.192462E-17
3919.469  7.091267E-17
3922.064  6.319616E-17
3924.66  9.785953E-17
3927.255  6.604053E-17
3929.851  8.322991E-17
3932.448  8.866096E-17
3935.044  5.965299E-17
3937.641  7.265401E-17
3940.239  6.352703E-17
3942.836  5.539350E-17
3945.434  5.512355E-17
3948.032  4.671159E-17
3950.631  7.292299E-17
3953.23  4.821324E-17
3955.829  3.480258E-17
3958.428  4.637063E-17
3961.028  5.725941E-17
3963.628  4.094428E-17
3966.229  3.152579E-17
3968.83  2.831539E-17
3971.431  3.805365E-17
3974.032  5.953950E-17
3976.634  4.012174E-18
3979.236  3.947060E-17
3981.838  4.778024E-17
3984.441  1.869890E-17
3987.044  4.677366E-17
3989.647  2.543174E-17
3992.251  4.344639E-17
3994.855  5.859255E-17
3997.459  7.345353E-17
4000.064  3.993271E-17
4002.669  5.040089E-17
4005.274  4.893542E-17
4007.88  4.309294E-17
4010.486  6.393365E-17
4013.092  7.077982E-17
4015.698  5.576250E-17
4018.305  6.965261E-17
4020.913  6.326516E-17
4023.52  4.519058E-17
4026.128  6.675426E-17
4028.736  8.463248E-17
4031.344  6.072872E-17
4033.953  5.814043E-17
4036.562  5.378077E-17
4039.171  6.983623E-17
4041.781  4.478861E-17
4044.391  5.913696E-17
4047.001  6.689667E-17
4049.612  6.165479E-17
4052.223  5.537061E-17
4054.834  5.219052E-17
4057.446  6.376105E-17
4060.057  7.311199E-17
4062.67  5.542216E-17
4065.282  9.122313E-17
4067.895  6.770959E-17
4070.508  6.220306E-17
4073.121  9.014997E-17
4075.735  7.813400E-17
4078.349  9.493011E-17
4080.964  8.571093E-17
4083.578  8.892618E-17
4086.193  1.125349E-16
4088.808  1.252455E-16
4091.424  9.770037E-17
4094.04  1.387728E-16
4096.656  1.394625E-16
4099.272  1.268820E-16
4101.89  1.460429E-16
4104.507  1.342062E-16
4107.124  1.383647E-16
4109.742  1.456104E-16
4112.36  1.382282E-16
4114.978  1.459406E-16
4117.597  1.518994E-16
4120.216  1.548045E-16
4122.835  1.312329E-16
4125.455  1.248776E-16
4128.075  1.475500E-16
4130.695  1.197094E-16
4133.315  1.173274E-16
4135.937  1.472433E-16
4138.558  1.392569E-16
4141.179  1.504751E-16
4143.801  1.179632E-16
4146.423  1.415293E-16
4149.045  1.560004E-16
4151.667  1.234346E-16
4154.291  1.473661E-16
4156.914  1.313562E-16
4159.538  1.158957E-16
4162.162  1.371478E-16
4164.786  1.039827E-16
4167.41  1.148847E-16
4170.035  1.224993E-16
4172.66  9.509750E-17
4175.285  1.062572E-16
4177.911  9.213459E-17
4180.537  6.993095E-17
4183.164  7.440574E-17
4185.79  6.957390E-17
4188.417  8.232394E-17
4191.044  7.795692E-17
4193.671  4.425824E-17
4196.299  7.551175E-17
4198.928  8.169258E-17
4201.556  6.723720E-17
4204.185  1.014269E-16
4206.814  7.990015E-17
4209.443  8.427998E-17
4212.073  8.193371E-17
4214.703  9.807669E-17
4217.333  1.126546E-16
4219.963  1.168778E-16
4222.594  1.176144E-16
4225.225  1.346946E-16
4227.857  1.285357E-16
4230.488  1.318566E-16
4233.121  1.237811E-16
4235.753  1.283307E-16
4238.385  1.355997E-16
4241.018  1.456847E-16
4243.651  1.541637E-16
4246.285  1.309669E-16
4248.919  1.460537E-16
4251.553  1.429335E-16
4254.187  1.403672E-16
4256.822  1.298230E-16
4259.457  1.509521E-16
4262.092  1.501632E-16
4264.728  1.416859E-16
4267.364  1.351554E-16
4270.  1.341784E-16
4272.636  1.339622E-16
4275.273  1.460878E-16
4277.91  1.338687E-16
4280.548  1.384076E-16
4283.186  1.467039E-16
4285.823  1.469746E-16
4288.461  1.418248E-16
4291.1  1.354677E-16
4293.739  1.425660E-16
4296.378  1.375059E-16
4299.018  1.379342E-16
4301.657  1.504864E-16
4304.297  1.400281E-16
4306.937  1.506399E-16
4309.578  1.430263E-16
4312.219  1.401952E-16
4314.86  1.425257E-16
4317.501  1.451478E-16
4320.144  1.433364E-16
4322.786  1.492469E-16
4325.428  1.409225E-16
4328.07  1.425378E-16
4330.713  1.413478E-16
4333.356  1.379572E-16
4336.  1.295411E-16
4338.644  1.434033E-16
4341.288  1.251312E-16
4343.932  1.365638E-16
4346.577  1.462628E-16
4349.222  1.323950E-16
4351.867  1.434498E-16
4354.513  1.425539E-16
4357.159  1.308074E-16
4359.805  1.454652E-16
4362.451  1.364230E-16
4365.098  1.413303E-16
4367.745  1.431344E-16
4370.392  1.450646E-16
4373.04  1.410090E-16
4375.687  1.523516E-16
4378.335  1.274399E-16
4380.984  1.166065E-16
4383.633  1.280702E-16
4386.282  1.387088E-16
4388.931  1.213597E-16
4391.581  1.342160E-16
4394.23  1.136261E-16
4396.88  1.060265E-16
4399.531  9.626444E-17
4402.182  9.482068E-17
4404.833  9.843944E-17
4407.484  8.999491E-17
4410.135  5.733785E-17
4412.787  8.213789E-17
4415.439  6.451585E-17
4418.092  7.059835E-17
4420.745  6.770209E-17
4423.397  6.139677E-17
4426.051  6.925521E-17
4428.705  5.657595E-17
4431.358  6.448242E-17
4434.012  5.849842E-17
4436.667  4.253868E-17
4439.321  6.331328E-17
4441.977  4.847283E-17
4444.632  7.150203E-17
4447.287  7.932792E-17
4449.943  7.501613E-17
4452.599  8.738058E-17
4455.255  9.303645E-17
4457.912  1.053928E-16
4460.569  1.072358E-16
4463.226  1.204778E-16
4465.884  1.255246E-16
4468.542  1.144535E-16
4471.2  1.222412E-16
4473.858  1.348271E-16
4476.517  1.214490E-16
4479.175  1.386307E-16
4481.834  1.412865E-16
4484.494  1.490016E-16
4487.154  1.342580E-16
4489.814  1.640949E-16
4492.474  1.475960E-16
4495.135  1.369763E-16
4497.795  1.323880E-16
4500.457  1.614250E-16
4503.118  1.459682E-16
4505.78  1.495663E-16
4508.441  1.542472E-16
4511.104  1.385549E-16
4513.767  1.593881E-16
4516.429  1.495674E-16
4519.092  1.562286E-16
4521.755  1.538310E-16
4524.419  1.590017E-16
4527.083  1.494818E-16
4529.747  1.536052E-16
4532.412  1.481110E-16
4535.076  1.620157E-16
4537.741  1.427365E-16
4540.407  1.393201E-16
4543.072  1.575043E-16
4545.738  1.473256E-16
4548.404  1.440216E-16
4551.07  1.593961E-16
4553.737  1.585885E-16
4556.404  1.472035E-16
4559.071  1.598689E-16
4561.739  1.355836E-16
4564.406  1.422666E-16
4567.074  1.601628E-16
4569.743  1.656461E-16
4572.411  1.426146E-16
4575.08  1.599120E-16
4577.749  1.545962E-16
4580.418  1.449241E-16
4583.088  1.347957E-16
4585.758  1.473463E-16
4588.428  1.424011E-16
4591.099  1.429098E-16
4593.77  1.347930E-16
4596.44  1.267347E-16
4599.112  1.484805E-16
4601.783  1.444906E-16
4604.455  1.392858E-16
4607.127  1.346188E-16
4609.799  1.447275E-16
4612.472  1.267046E-16
4615.145  1.529285E-16
4617.818  1.325028E-16
4620.491  1.336998E-16
4623.165  1.331797E-16
4625.839  1.214812E-16
4628.513  1.295245E-16
4631.187  1.325623E-16
4633.862  1.216513E-16
4636.538  1.436901E-16
4639.213  1.288520E-16
4641.888  1.249031E-16
4644.564  1.208235E-16
4647.24  1.208457E-16
4649.917  1.241289E-16
4652.593  1.382905E-16
4655.27  1.255163E-16
4657.947  1.343549E-16
4660.625  1.221908E-16
4663.302  1.315518E-16
4665.98  1.387041E-16
4668.658  1.398849E-16
4671.337  1.221749E-16
4674.016  1.453505E-16
4676.694  1.320672E-16
4679.374  1.236158E-16
4682.053  1.489657E-16
4684.733  1.314432E-16
4687.413  1.285598E-16
4690.093  1.282142E-16
4692.774  1.469871E-16
4695.455  1.320671E-16
4698.136  1.431478E-16
4700.817  1.472072E-16
4703.499  1.584627E-16
4706.181  1.648573E-16
4708.863  1.524331E-16
4711.545  1.575174E-16
4714.228  1.679754E-16
4716.911  1.685383E-16
4719.594  1.437241E-16
4722.278  1.623881E-16
4724.961  1.704366E-16
4727.646  1.573976E-16
4730.33  1.610334E-16
4733.014  1.662127E-16
4735.699  1.610796E-16
4738.384  1.666032E-16
4741.069  1.619792E-16
4743.755  1.664026E-16
4746.44  1.684508E-16
4749.126  1.576227E-16
4751.813  1.576609E-16
4754.5  1.540301E-16
4757.186  1.591846E-16
4759.874  1.637400E-16
4762.561  1.631554E-16
4765.248  1.647049E-16
4767.936  1.757736E-16
4770.624  1.659667E-16
4773.312  1.744071E-16
4776.001  1.785011E-16
4778.69  1.741544E-16
4781.379  1.855448E-16
4784.069  1.818805E-16
4786.758  1.660159E-16
4789.448  1.861451E-16
4792.138  1.794836E-16
4794.829  1.649682E-16
4797.52  1.731792E-16
4800.21  1.754724E-16
4802.901  1.752220E-16
4805.593  1.631285E-16
4808.285  1.748541E-16
4810.977  1.745975E-16
4813.669  1.701069E-16
4816.361  1.617025E-16
4819.054  1.824904E-16
4821.747  1.662269E-16
4824.44  1.579231E-16
4827.133  1.643130E-16
4829.827  1.534897E-16
4832.521  1.513867E-16
4835.215  1.650019E-16
4837.91  1.515533E-16
4840.604  1.659904E-16
4843.299  1.601959E-16
4845.995  1.510149E-16
4848.69  1.377711E-16
4851.386  1.569885E-16
4854.082  1.604841E-16
4856.778  1.541480E-16
4859.475  1.462028E-16
4862.171  1.543720E-16
4864.868  1.493839E-16
4867.565  1.547349E-16
4870.263  1.394918E-16
4872.96  1.552838E-16
4875.659  1.395466E-16
4878.357  1.352230E-16
4881.055  1.419945E-16
4883.754  1.405550E-16
4886.453  1.433249E-16
4889.152  1.455525E-16
4891.852  1.395536E-16
4894.551  1.255890E-16
4897.251  1.329871E-16
4899.952  1.266694E-16
4902.652  1.089004E-16
4905.353  1.237878E-16
4908.054  1.214353E-16
4910.755  1.130340E-16
4913.456  1.276257E-16
4916.158  9.282046E-17
4918.86  1.070339E-16
4921.562  9.155339E-17
4924.264  8.399635E-17
4926.967  7.659994E-17
4929.67  7.616462E-17
4932.373  8.245392E-17
4935.076  6.842870E-17
4937.78  6.567148E-17
4940.484  5.871317E-17
4943.188  4.412509E-17
4945.892  3.973504E-17
4948.597  5.010001E-17
4951.302  6.368539E-17
4954.007  5.189366E-17
4956.712  4.771950E-17
4959.418  3.246193E-17
4962.124  4.013574E-17
4964.83  5.281477E-17
4967.536  4.696286E-17
4970.243  6.179899E-17
4972.949  8.567484E-17
4975.656  7.897993E-17
4978.363  9.131598E-17
4981.071  1.007177E-16
4983.779  1.182143E-16
4986.487  1.218590E-16
4989.195  1.459909E-16
4991.903  1.538360E-16
4994.612  1.568705E-16
4997.321  1.626825E-16
5000.03  1.813355E-16
5002.74  1.937488E-16
5005.449  1.806654E-16
5008.159  1.913298E-16
5010.869  2.049601E-16
5013.58  2.097911E-16
5016.291  1.940380E-16
5019.001  2.046387E-16
5021.712  1.982744E-16
5024.423  1.888846E-16
5027.135  1.760459E-16
5029.847  1.899785E-16
5032.559  1.909307E-16
5035.271  2.099586E-16
5037.984  1.942681E-16
5040.696  1.773660E-16
5043.41  1.884439E-16
5046.123  1.837849E-16
5048.836  2.001413E-16
5051.55  1.830518E-16
5054.264  2.042855E-16
5056.978  2.060584E-16
5059.692  1.994481E-16
5062.407  2.004170E-16
5065.122  2.108405E-16
5067.837  2.465065E-16
5070.552  2.210583E-16
5073.268  2.159928E-16
5075.983  2.170758E-16
5078.7  2.225328E-16
5081.416  2.095789E-16
5084.132  2.344413E-16
5086.849  2.222444E-16
5089.566  2.063630E-16
5092.283  2.079979E-16
5095.  2.045925E-16
5097.718  2.051146E-16
5100.436  1.873523E-16
5103.154  1.866850E-16
5105.873  1.744602E-16
5108.591  1.685608E-16
5111.31  1.708021E-16
5114.029  1.508244E-16
5116.748  1.644919E-16
5119.468  1.535676E-16
5122.187  1.526113E-16
5124.907  1.422652E-16
5127.627  1.396912E-16
5130.348  1.375607E-16
5133.069  1.393426E-16
5135.79  1.498141E-16
5138.511  1.461903E-16
5141.232  1.484099E-16
5143.954  1.449792E-16
5146.675  1.681837E-16
5149.397  1.398996E-16
5152.12  1.391581E-16
5154.842  1.626705E-16
5157.565  1.706257E-16
5160.288  1.780188E-16
5163.011  1.733962E-16
5165.734  1.744981E-16
5168.458  1.789274E-16
5171.182  1.899773E-16
5173.906  1.861012E-16
5176.63  1.890435E-16
5179.354  1.872255E-16
5182.079  1.766780E-16
5184.804  1.967873E-16
5187.529  2.036181E-16
5190.255  1.961308E-16
5192.98  2.026059E-16
5195.706  1.995374E-16
5198.432  2.039330E-16
5201.159  1.949683E-16
5203.885  1.923167E-16
5206.612  1.819086E-16
5209.339  1.879186E-16
5212.066  1.945233E-16
5214.793  1.756862E-16
5217.521  1.976635E-16
5220.249  1.807552E-16
5222.977  1.720444E-16
5225.706  1.773095E-16
5228.434  1.802492E-16
5231.163  1.563822E-16
5233.892  1.583153E-16
5236.621  1.512237E-16
5239.35  1.702250E-16
5242.08  1.653438E-16
5244.81  1.373345E-16
5247.54  1.486084E-16
5250.27  1.420421E-16
5253.  1.321539E-16
5255.731  1.190957E-16
5258.462  1.438390E-16
5261.193  1.205731E-16
5263.925  1.266701E-16
5266.656  1.083455E-16
5269.388  1.077440E-16
5272.12  1.050327E-16
5274.853  1.125433E-16
5277.585  1.016101E-16
5280.318  9.437715E-17
5283.051  1.049610E-16
5285.784  1.130516E-16
5288.517  1.175029E-16
5291.251  9.410838E-17
5293.984  1.076895E-16
5296.719  1.225816E-16
5299.453  1.074341E-16
5302.187  1.235915E-16
5304.922  1.064217E-16
5307.657  1.090104E-16
5310.392  1.152971E-16
5313.127  1.282350E-16
5315.863  1.265282E-16
5318.598  1.401582E-16
5321.334  1.304469E-16
5324.07  1.313538E-16
5326.807  1.459594E-16
5329.543  1.426036E-16
5332.28  1.405692E-16
5335.017  1.502090E-16
5337.754  1.486470E-16
5340.492  1.654388E-16
5343.229  1.412352E-16
5345.967  1.476077E-16
5348.706  1.530550E-16
5351.444  1.547805E-16
5354.182  1.335514E-16
5356.921  1.629983E-16
5359.66  1.468662E-16
5362.399  1.491698E-16
5365.138  1.516453E-16
5367.878  1.503899E-16
5370.618  1.467162E-16
5373.358  1.553194E-16
5376.098  1.409430E-16
5378.838  1.495500E-16
5381.579  1.170672E-16
5384.32  1.399831E-16
5387.061  1.508727E-16
5389.802  1.380073E-16
5392.543  1.551256E-16
5395.285  1.382308E-16
5398.027  1.408743E-16
5400.769  1.392593E-16
5403.511  1.399530E-16
5406.254  1.521820E-16
5408.997  1.265521E-16
5411.739  1.524882E-16
5414.482  1.384295E-16
5417.226  1.455989E-16
5419.969  1.359050E-16
5422.713  1.502789E-16
5425.457  1.293408E-16
5428.201  1.350393E-16
5430.946  1.355452E-16
5433.69  1.368336E-16
5436.435  1.426441E-16
5439.18  1.275315E-16
5441.925  1.402320E-16
5444.67  1.319754E-16
5447.416  1.479016E-16
5450.162  1.327431E-16
5452.908  1.362511E-16
5455.654  1.365326E-16
5458.4  1.426825E-16
5461.147  1.435802E-16
5463.894  1.350841E-16
5466.641  1.393602E-16
5469.388  1.532682E-16
5472.136  1.626009E-16
5474.883  1.450405E-16
5477.631  1.475162E-16
5480.379  1.499918E-16
5483.127  1.524675E-16
5485.876  1.549441E-16
5488.625  1.574206E-16
5491.374  1.490641E-16
5494.123  1.644625E-16
5496.872  1.603319E-16
5499.621  1.453210E-16
5502.371  1.582555E-16
5505.121  1.421600E-16
5507.871  1.480241E-16
5510.621  1.675303E-16
5513.371  1.613989E-16
5516.122  1.503643E-16
5518.873  1.513167E-16
5521.624  1.539099E-16
5524.375  1.601658E-16
5527.126  1.495906E-16
5529.878  1.467313E-16
5532.63  1.367897E-16
5535.382  1.559642E-16
5538.134  1.555780E-16
5540.887  1.605525E-16
5543.64  1.477604E-16
5546.392  1.499811E-16
5549.146  1.584682E-16
5551.898  1.607407E-16
5554.652  1.443593E-16
5557.406  1.534282E-16
5560.16  1.433506E-16
5562.914  1.661086E-16
5565.667  1.455969E-16
5568.422  1.440339E-16
5571.177  1.647235E-16
5573.932  1.482855E-16
5576.687  1.295984E-16
5579.442  1.392194E-16
5582.197  1.580452E-16
5584.953  1.318374E-16
5587.708  1.628296E-16
5590.464  1.673374E-16
5593.221  1.549674E-16
5595.977  1.495742E-16
5598.733  1.506420E-16
5601.49  1.471242E-16
5604.247  1.507348E-16
5607.004  1.523526E-16
5609.762  1.539712E-16
5612.519  1.555889E-16
5615.277  1.471979E-16
5618.035  1.590731E-16
5620.793  1.524056E-16
5623.551  1.494788E-16
5626.31  1.579802E-16
5629.068  1.381573E-16
5631.827  1.390678E-16
5634.586  1.399781E-16
5637.345  1.408887E-16
5640.105  1.412999E-16
5642.865  1.346567E-16
5645.625  1.367238E-16
5648.384  1.462707E-16
5651.145  1.437908E-16
5653.905  1.442982E-16
5656.666  1.282700E-16
5659.426  1.370302E-16
5662.187  1.474269E-16
5664.948  1.406145E-16
5667.709  1.338032E-16
5670.471  1.269884E-16
5673.233  1.201747E-16
5675.995  1.307282E-16
5678.757  1.513103E-16
5681.519  1.388507E-16
5684.282  1.199753E-16
5687.044  1.502674E-16
5689.807  1.408137E-16
5692.57  1.339893E-16
5695.333  1.487949E-16
5698.097  1.329073E-16
5700.86  1.550341E-16
5703.624  1.406126E-16
5706.388  1.271167E-16
5709.152  1.519678E-16
5711.917  1.500625E-16
5714.681  1.495785E-16
5717.446  1.466893E-16
5720.21  1.448862E-16
5722.976  1.518487E-16
5725.741  1.465377E-16
5728.506  1.243895E-16
5731.272  1.429372E-16
5734.038  1.386710E-16
5736.804  1.416946E-16
5739.57  1.401242E-16
5742.336  1.507275E-16
5745.103  1.374906E-16
5747.869  1.429248E-16
5750.636  1.470791E-16
5753.403  1.505337E-16
5756.17  1.271029E-16
5758.938  1.260189E-16
5761.706  1.382110E-16
5764.473  1.214876E-16
5767.241  1.292331E-16
5770.009  1.257986E-16
5772.778  1.190770E-16
5775.546  1.322159E-16
5778.315  1.238552E-16
5781.084  1.039452E-16
5783.853  1.223063E-16
5786.622  1.309531E-16
5789.392  1.223414E-16
5792.161  1.167112E-16
5794.931  1.215034E-16
5797.701  1.322246E-16
5800.471  1.125905E-16
5803.241  1.252398E-16
5806.012  1.026509E-16
5808.783  1.288841E-16
5811.553  1.144282E-16
5814.324  1.191485E-16
5817.096  1.088175E-16
5819.867  1.219717E-16
5822.639  1.099491E-16
5825.41  1.127878E-16
5828.182  1.201344E-16
5830.954  1.273201E-16
5833.727  1.152797E-16
5836.499  1.126732E-16
5839.271  1.091362E-16
5842.044  1.102925E-16
5844.817  1.179493E-16
5847.59  1.276942E-16
5850.364  1.115390E-16
5853.137  1.147342E-16
5855.911  1.110817E-16
5858.685  1.202556E-16
5861.458  9.976085E-17
5864.233  9.666411E-17
5867.007  1.124211E-16
5869.782  9.913795E-17
5872.557  1.182467E-16
5875.332  1.089302E-16
5878.106  1.238307E-16
5880.882  1.111735E-16
5883.657  1.107244E-16
5886.433  1.019661E-16
5889.208  9.793423E-17
5891.984  9.570880E-17
5894.76  9.495968E-17
5897.537  1.172173E-16
5900.313  1.015744E-16
5903.089  9.313931E-17
5905.866  1.034833E-16
5908.643  8.300618E-17
5911.42  9.739470E-17
5914.198  1.155697E-16
5916.975  9.834145E-17
5919.752  9.769693E-17
5922.53  1.029347E-16
5925.309  1.058275E-16
5928.086  8.581929E-17
5930.865  1.020544E-16
5933.643  1.035347E-16
5936.422  9.454314E-17
5939.201  9.812273E-17
5941.979  9.278339E-17
5944.759  1.026574E-16
5947.538  8.964471E-17
5950.317  8.636186E-17
5953.097  8.876374E-17
5955.877  8.056033E-17
5958.657  9.123710E-17
5961.437  8.792262E-17
5964.217  7.623091E-17
5966.998  7.016137E-17
5969.778  8.602742E-17
5972.559  8.707693E-17
5975.34  6.861503E-17
5978.122  7.945113E-17
5980.903  8.065090E-17
5983.684  7.932924E-17
5986.466  7.631873E-17
5989.248  7.484576E-17
5992.029  7.930848E-17
5994.812  6.111671E-17
5997.594  7.709817E-17
6000.376  8.149475E-17
6003.159  7.631120E-17
6005.942  6.147758E-17
6008.725  7.556958E-17
6011.508  7.767651E-17
6014.291  6.377011E-17
6017.074  8.882428E-17
6019.858  7.409382E-17
6022.642  7.386766E-17
6025.426  8.093374E-17
6028.209  7.649748E-17
6030.994  6.675782E-17
6033.778  7.575667E-17
6036.563  8.146203E-17
6039.348  8.402628E-17
6042.132  9.443997E-17
6044.917  9.019988E-17
6047.703  1.137594E-16
6050.488  9.763882E-17
6053.273  1.118232E-16
6056.059  1.089198E-16
6058.845  1.138572E-16
6061.631  1.273019E-16
6064.417  1.131541E-16
6067.204  1.081449E-16
6069.99  1.178479E-16
6072.776  1.099997E-16
6075.563  1.139752E-16
6078.35  1.323630E-16
6081.137  1.287817E-16
6083.924  1.186881E-16
6086.712  1.175909E-16
6089.5  1.265415E-16
6092.287  1.157985E-16
6095.075  1.214476E-16
6097.863  1.188992E-16
6100.651  1.230232E-16
6103.44  1.192459E-16
6106.228  1.179761E-16
6109.017  1.159184E-16
6111.806  1.258870E-16
6114.595  1.163582E-16
6117.384  1.193968E-16
6120.173  1.069261E-16
6122.962  1.246932E-16
6125.752  1.040912E-16
6128.542  1.103134E-16
6131.332  1.321138E-16
6134.122  1.171787E-16
6136.912  1.052738E-16
6139.702  1.241032E-16
6142.493  1.124421E-16
6145.284  1.281881E-16
6148.074  1.224764E-16
6150.865  1.025479E-16
6153.656  1.109462E-16
6156.448  1.187229E-16
6159.239  1.112081E-16
6162.031  1.026288E-16
6164.822  1.140438E-16
6167.614  1.049743E-16
6170.406  9.833577E-17
6173.198  1.047028E-16
6175.991  1.164341E-16
6178.783  9.570392E-17
6181.576  1.198035E-16
6184.369  9.790547E-17
6187.162  9.877386E-17
6189.955  9.023701E-17
6192.748  1.031280E-16
6195.542  9.139000E-17
6198.335  9.082611E-17
6201.128  8.800828E-17
6203.922  1.003617E-16
6206.716  9.824567E-17
6209.51  1.067362E-16
6212.305  1.033874E-16
6215.099  9.505154E-17
6217.894  9.145687E-17
6220.688  9.793136E-17
6223.483  9.116571E-17
6226.278  8.760948E-17
6229.073  9.212315E-17
6231.869  7.861861E-17
6234.664  9.256512E-17
6237.459  1.008413E-16
6240.255  8.999139E-17
6243.051  1.016163E-16
6245.847  8.610935E-17
6248.644  9.631456E-17
6251.44  9.740078E-17
6254.236  7.858529E-17
6257.033  8.440405E-17
6259.83  6.590697E-17
6262.626  1.006824E-16
6265.423  9.132198E-17
6268.221  7.989809E-17
6271.018  1.044300E-16
6273.815  9.642051E-17
6276.613  7.819643E-17
6279.411  9.111837E-17
6282.208  8.079008E-17
6285.007  8.022321E-17
6287.805  7.907621E-17
6290.603  8.605521E-17
6293.402  8.170307E-17
6296.2  7.465661E-17
6298.999  8.396955E-17
6301.798  1.009708E-16
6304.597  8.879059E-17
6307.396  1.032174E-16
6310.195  7.927298E-17
6312.995  1.098094E-16
6315.794  9.197242E-17
6318.594  8.867516E-17
6321.394  1.039636E-16
6324.194  8.516074E-17
6326.994  1.007209E-16
6329.794  9.446323E-17
6332.595  9.251197E-17
6335.396  8.842333E-17
6338.196  8.472470E-17
6340.997  8.745890E-17
6343.798  1.045156E-16
6346.599  9.074245E-17
6349.4  9.271296E-17
6352.202  8.605809E-17
6355.003  1.028193E-16
6357.805  9.408426E-17
6360.607  1.106322E-16
6363.409  6.896990E-17
6366.211  9.022209E-17
6369.013  8.922100E-17
6371.815  6.982726E-17
6374.618  8.425343E-17
6377.42  8.876823E-17
6380.223  9.029445E-17
6383.026  9.107273E-17
6385.829  9.014429E-17
6388.632  1.065538E-16
6391.436  8.480813E-17
6394.239  8.706775E-17
6397.042  1.055054E-16
6399.846  9.702088E-17
6402.65  9.203806E-17
6405.454  8.470488E-17
6408.258  9.223706E-17
6411.063  8.943775E-17
6413.867  9.236224E-17
6416.671  8.938436E-17
6419.476  8.126540E-17
6422.281  8.709913E-17
6425.085  9.278488E-17
6427.891  9.409648E-17
6430.696  9.359563E-17
6433.501  9.431438E-17
6436.307  9.167256E-17
6439.112  9.745182E-17
6441.917  8.475175E-17
6444.724  9.602081E-17
6447.529  9.200645E-17
6450.335  9.233584E-17
6453.142  9.438165E-17
6455.948  8.473548E-17
6458.754  1.090981E-16
6461.561  9.570118E-17
6464.368  9.941822E-17
6467.175  9.916015E-17
6469.981  9.577560E-17
6472.789  1.023670E-16
6475.596  1.154884E-16
6478.403  9.375129E-17
6481.211  1.141486E-16
6484.019  9.513536E-17
6486.826  1.031732E-16
6489.634  1.005507E-16
6492.442  1.044948E-16
6495.25  1.102904E-16
6498.058  9.747267E-17
6500.867  9.691915E-17
6503.675  1.026127E-16
6506.484  1.180846E-16
6509.292  1.042545E-16
6512.102  1.097794E-16
6514.911  9.845699E-17
6517.72  8.429201E-17
6520.529  1.010379E-16
6523.338  1.078257E-16
6526.148  9.471550E-17
6528.958  9.951007E-17
6531.767  9.454883E-17
6534.577  8.841007E-17
6537.387  8.071734E-17
6540.197  1.041532E-16
6543.007  9.952769E-17
6545.818  1.061740E-16
6548.628  1.041458E-16
6551.439  9.706823E-17
6554.25  1.051785E-16
6557.061  9.708837E-17
6559.872  9.412614E-17
6562.683  9.338269E-17
6565.494  9.632393E-17
6568.305  9.521348E-17
6571.117  8.557423E-17
6573.928  8.532648E-17
6576.74  9.404685E-17
6579.552  9.231723E-17
6582.364  7.995188E-17
6585.176  8.074235E-17
6587.988  8.387734E-17
6590.8  8.530104E-17
6593.613  8.423985E-17
6596.425  8.331582E-17
6599.238  8.088973E-17
6602.051  7.411606E-17
6604.864  8.360909E-17
6607.677  7.330414E-17
6610.49  7.388295E-17
6613.303  6.176314E-17
6616.117  6.308013E-17
6618.93  6.433281E-17
6621.744  5.461537E-17
6624.557  6.453318E-17
6627.371  5.037494E-17
6630.185  4.324326E-17
6632.999  4.995877E-17
6635.813  4.467411E-17
6638.628  4.464510E-17
6641.442  4.092915E-17
6644.257  4.334084E-17
6647.071  4.034020E-17
6649.886  3.879204E-17
6652.701  3.381526E-17
6655.516  4.284471E-17
6658.331  3.805409E-17
6661.146  4.947837E-17
6663.962  4.395497E-17
6666.777  4.284594E-17
6669.593  5.732086E-17
6672.409  4.553821E-17
6675.224  6.140060E-17
6678.041  5.693200E-17
6680.856  6.885655E-17
6683.672  8.115706E-17
6686.489  9.284476E-17
6689.305  1.071606E-16
6692.122  1.256357E-16
6694.938  1.301895E-16
6697.755  1.492171E-16
6700.572  1.635257E-16
6703.389  1.707122E-16
6706.206  1.879094E-16
6709.023  2.205797E-16
6711.84  2.396534E-16
6714.658  2.589576E-16
6717.475  3.130811E-16
6720.292  3.276502E-16
6723.11  3.487324E-16
6725.928  3.797132E-16
6728.746  4.039272E-16
6731.564  4.563779E-16
6734.382  4.561797E-16
6737.201  4.836053E-16
6740.019  5.087864E-16
6742.837  5.298571E-16
6745.656  5.424200E-16
6748.475  5.581784E-16
6751.293  5.885447E-16
6754.112  5.985459E-16
6756.931  6.086529E-16
6759.75  6.217683E-16
6762.57  6.330845E-16
6765.389  6.195726E-16
6768.208  6.379812E-16
6771.028  6.460703E-16
6773.848  6.313806E-16
6776.667  6.416071E-16
6779.487  6.556939E-16
6782.307  6.344698E-16
6785.127  6.416670E-16
6787.947  6.227106E-16
6790.768  6.267342E-16
6793.588  6.229307E-16
6796.409  6.118502E-16
6799.229  6.256194E-16
6802.05  6.045885E-16
6804.871  5.939060E-16
6807.692  5.990499E-16
6810.513  5.759366E-16
6813.334  5.858139E-16
6816.155  5.724372E-16
6818.977  5.544732E-16
6821.798  5.447072E-16
6824.619  5.717763E-16
6827.441  5.322615E-16
6830.263  5.272018E-16
6833.084  5.106248E-16
6835.906  4.934030E-16
6838.729  4.768310E-16
6841.551  4.740365E-16
6844.373  4.589009E-16
6847.195  4.747051E-16
6850.018  4.465861E-16
6852.84  4.450375E-16
6855.663  4.128876E-16
6858.486  4.299501E-16
6861.309  4.113915E-16
6864.131  3.870453E-16
6866.955  3.976552E-16
6869.777  3.733416E-16
6872.601  3.313900E-16
6875.424  3.301610E-16
6878.248  2.923966E-16
6881.071  2.995904E-16
6883.895  2.841926E-16
6886.718  3.100469E-16
6889.542  3.049872E-16
6892.366  3.164408E-16
6895.19  3.009813E-16
6898.015  2.828708E-16
6900.839  2.786286E-16
6903.663  2.830594E-16
6906.487  2.717491E-16
6909.312  2.780271E-16
6912.137  2.764674E-16
6914.961  2.713350E-16
6917.786  2.803327E-16
6920.611  2.786830E-16
6923.436  2.657499E-16
6926.261  2.606934E-16
6929.086  2.665185E-16
6931.912  2.552856E-16
6934.737  2.649486E-16
6937.562  2.487143E-16
6940.388  2.477645E-16
6943.213  2.387303E-16
6946.039  2.313052E-16
6948.865  2.424485E-16
6951.691  2.146371E-16
6954.517  2.370242E-16
6957.343  2.365854E-16
6960.169  2.091593E-16
6962.996  2.201779E-16
6965.822  2.092819E-16
6968.648  2.131703E-16
6971.475  2.025173E-16
6974.302  1.993097E-16
6977.128  1.898554E-16
6979.956  1.975057E-16
6982.782  1.932005E-16
6985.609  2.083582E-16
6988.437  1.854286E-16
6991.264  1.808637E-16
6994.091  1.884625E-16
6996.918  1.810468E-16
6999.746  1.696353E-16
7002.573  1.642709E-16
7005.401  1.725008E-16
7008.229  1.527235E-16
7011.057  1.650889E-16
7013.885  1.609898E-16
7016.712  1.572426E-16
7019.541  1.617609E-16
7022.369  1.552539E-16
7025.197  1.495420E-16
7028.025  1.550686E-16
7030.854  1.531069E-16
7033.683  1.394427E-16
7036.511  1.485856E-16
7039.34  1.482302E-16
7042.168  1.346518E-16
7044.998  1.331023E-16
7047.827  1.401753E-16
7050.656  1.272191E-16
7053.485  1.228462E-16
7056.314  1.465782E-16
7059.143  1.406695E-16
7061.973  1.309960E-16
7064.802  1.226875E-16
7067.632  1.180953E-16
7070.461  1.230560E-16
7073.291  1.232400E-16
7076.121  1.215346E-16
7078.951  1.331689E-16
7081.781  1.329299E-16
7084.611  1.061327E-16
7087.441  1.113282E-16
7090.271  1.254986E-16
7093.102  1.086633E-16
7095.932  1.092168E-16
7098.763  1.052721E-16
7101.593  1.063210E-16
7104.424  1.069667E-16
7107.254  1.138397E-16
7110.085  8.030579E-17
7112.916  1.046581E-16
7115.747  1.048284E-16
7118.578  8.896316E-17
7121.41  1.018243E-16
7124.241  9.895110E-17
7127.072  1.005088E-16
7129.903  1.063139E-16
7132.735  9.901781E-17
7135.566  9.430791E-17
7138.398  8.880730E-17
7141.229  1.000148E-16
7144.062  9.477798E-17
7146.893  8.941562E-17
7149.725  1.021201E-16
7152.557  9.332584E-17
7155.389  9.416578E-17
7158.222  9.051399E-17
7161.054  7.895443E-17
7163.886  8.950886E-17
7166.719  8.411823E-17
7169.551  7.654107E-17
7172.384  8.840959E-17
7175.216  7.152264E-17
7178.049  7.987118E-17
7180.882  8.414393E-17
7183.714  7.333004E-17
7186.547  7.103016E-17
7189.38  8.316083E-17
7192.213  7.141394E-17
7195.047  7.652709E-17
7197.88  7.061546E-17
7200.713  8.217439E-17
7203.547  6.679978E-17
7206.38  6.749054E-17
7209.214  6.691273E-17
7212.047  7.149203E-17
7214.881  7.973521E-17
7217.715  7.602321E-17
7220.549  7.717945E-17
7223.382  7.823632E-17
7226.216  8.146200E-17
7229.051  7.904058E-17
7231.885  7.941215E-17
7234.719  7.361843E-17
7237.553  7.924055E-17
7240.388  8.542628E-17
7243.222  6.460085E-17
7246.057  8.082991E-17
7248.891  5.920207E-17
7251.726  8.070922E-17
7254.561  6.716057E-17
7257.395  8.984987E-17
7260.23  7.825616E-17
7263.065  8.419549E-17
7265.9  8.728492E-17
7268.735  9.163846E-17
7271.57  8.914298E-17
7274.405  8.825641E-17
7277.241  8.993212E-17
7280.076  8.516375E-17
7282.911  9.456379E-17
7285.747  9.605426E-17
7288.582  9.504050E-17
7291.418  8.945932E-17
7294.253  8.824535E-17
7297.089  8.492150E-17
7299.925  9.834880E-17
7302.761  8.498951E-17
7305.597  8.162775E-17
7308.433  9.811488E-17
7311.269  7.491371E-17
7314.105  7.742497E-17
7316.941  8.140896E-17
7319.778  8.930008E-17
7322.614  8.207902E-17
7325.45  9.935946E-17
7328.287  1.002244E-16
7331.124  8.624928E-17
7333.96  7.570448E-17
7336.797  9.814538E-17
7339.633  8.758841E-17
7342.47  8.771260E-17
7345.307  8.456837E-17
7348.144  9.187398E-17
7350.981  1.005911E-16
7353.818  7.405546E-17
7356.655  7.595720E-17
7359.492  8.005050E-17
7362.33  8.930243E-17
7365.167  8.640305E-17
7368.004  7.972185E-17
7370.842  9.514679E-17
7373.679  8.979674E-17
7376.517  8.207195E-17
7379.354  8.282168E-17
7382.192  7.996198E-17
7385.03  8.434430E-17
7387.868  7.583755E-17
7390.706  9.371299E-17
7393.543  7.770600E-17
7396.381  8.040605E-17
7399.219  8.511887E-17
7402.058  8.796196E-17
7404.896  7.492169E-17
7407.734  7.813533E-17
7410.572  8.794262E-17
7413.411  7.377712E-17
7416.249  6.432100E-17
7419.087  8.684035E-17
7421.926  7.867930E-17
7424.765  6.297865E-17
7427.603  7.421181E-17
7430.442  7.819459E-17
7433.281  7.521633E-17
7436.12  8.321184E-17
7438.958  7.938384E-17
7441.797  7.354483E-17
7444.636  7.020728E-17
7447.475  8.051994E-17
7450.314  8.366844E-17
7453.153  7.150676E-17
7455.993  8.436784E-17
7458.832  8.130758E-17
7461.671  6.225930E-17
7464.511  1.041459E-16
7467.35  7.936658E-17
7470.189  6.704410E-17
7473.029  7.810028E-17
7475.869  1.016251E-16
7478.708  6.970999E-17
7481.548  8.188945E-17
7484.388  9.374545E-17
7487.228  9.205103E-17
7490.067  8.626667E-17
7492.908  8.258576E-17
7495.748  7.933733E-17
7498.587  7.609364E-17
7501.428  8.601455E-17
7504.268  8.190456E-17
7507.108  8.183387E-17
7509.948  8.778618E-17
7512.789  9.128116E-17
7515.629  9.051598E-17
7518.469  9.270062E-17
7521.31  9.291978E-17
7524.15  1.088055E-16
7526.991  1.045434E-16
7529.831  1.071693E-16
7532.672  1.021265E-16
7535.513  1.095701E-16
7538.354  1.324275E-16
7541.194  9.749685E-17
7544.035  1.131011E-16
7546.876  1.101269E-16
7549.717  1.114012E-16
7552.558  9.810221E-17
7555.399  1.092113E-16
7558.24  1.102836E-16
7561.081  1.201668E-16
7563.922  1.087273E-16
7566.764  8.983737E-17
7569.605  1.061727E-16
7572.446  1.029705E-16
7575.288  1.183722E-16
7578.129  1.005072E-16
7580.971  9.909427E-17
7583.812  1.048450E-16
7586.654  1.030837E-16
7589.495  8.594045E-17
7592.337  9.311565E-17
7595.179  1.006507E-16
7598.021  7.072440E-17
7600.862  6.307096E-17
7603.704  3.980429E-17
7606.546  4.459459E-17
7609.388  3.814191E-17
7612.23  3.084537E-17
7615.072  5.401376E-17
7617.914  4.722699E-17
7620.756  6.126059E-17
7623.598  4.833161E-17
7626.44  5.468527E-17
7629.283  5.421209E-17
7632.125  5.052688E-17
7634.967  3.958802E-17
7637.81  4.931450E-17
7640.652  4.780957E-17
7643.495  5.919874E-17
7646.337  5.339999E-17
7649.18  5.701527E-17
7652.022  6.352112E-17
7654.865  6.421563E-17
7657.708  7.681285E-17
7660.55  7.608350E-17
7663.393  5.954876E-17
7666.236  6.921865E-17
7669.079  7.273783E-17
7671.921  8.964841E-17
7674.765  8.614275E-17
7677.607  1.105952E-16
7680.45  9.332639E-17
7683.293  8.639727E-17
7686.137  9.810085E-17
7688.979  6.930823E-17
7691.823  9.020708E-17
7694.666  7.811204E-17
7697.509  7.878637E-17
7700.353  8.553764E-17
7703.196  8.358252E-17
7706.039  9.700632E-17
7708.882  7.120707E-17
7711.726  7.515143E-17
7714.569  7.289650E-17
7717.413  6.807426E-17
7720.256  7.153994E-17
7723.1  9.078774E-17
7725.944  7.562562E-17
7728.787  7.785257E-17
7731.631  7.714929E-17
7734.475  7.354472E-17
7737.318  6.657312E-17
7740.162  8.692009E-17
7743.006  8.513899E-17
7745.85  9.000086E-17
7748.694  7.334830E-17
7751.538  8.112987E-17
7754.382  8.304237E-17
7757.226  5.735883E-17
7760.07  7.474957E-17
7762.914  7.545448E-17
7765.758  6.818587E-17
7768.602  8.285091E-17
7771.446  8.187994E-17
7774.291  8.288779E-17
7777.135  6.759692E-17
7779.979  7.396505E-17
7782.823  6.910518E-17
7785.667  7.258980E-17
7788.512  7.939031E-17
7791.356  5.402285E-17
7794.201  6.937135E-17
7797.045  7.122157E-17
7799.89  3.902585E-17
7802.734  5.925401E-17
7805.579  8.122998E-17
7808.423  5.957672E-17
7811.268  7.278330E-17
7814.112  4.220536E-17
7816.957  7.485628E-17
7819.802  7.157796E-17
7822.646  7.445384E-17
7825.491  6.912246E-17
7828.336  7.484747E-17
7831.181  8.121421E-17
7834.026  6.991884E-17
7836.871  5.813946E-17
7839.715  6.887517E-17
7842.561  6.488093E-17
7845.405  6.001788E-17
7848.25  6.469716E-17
7851.095  5.618254E-17
7853.94  7.321370E-17
7856.786  7.539829E-17
7859.63  5.844364E-17
7862.476  6.740336E-17
7865.321  8.664799E-17
7868.166  7.625509E-17
7871.011  4.516353E-17
7873.856  5.354922E-17
7876.702  5.394823E-17
7879.547  5.434704E-17
7882.392  5.474591E-17
7885.237  5.514472E-17
7888.083  5.554373E-17
7890.928  5.594261E-17
7893.773  5.634142E-17
7896.619  7.405395E-17
7899.464  6.966872E-17
7902.31  5.980788E-17
7905.155  6.921013E-17
7908.001  6.763008E-17
7910.847  6.230831E-17
7913.692  7.714908E-17
7916.538  6.885075E-17
7919.383  6.909519E-17
7922.229  5.712184E-17
7925.075  5.174867E-17
7927.92  6.989900E-17
7930.766  8.295266E-17
7933.611  7.249685E-17
7936.458  4.591701E-17
7939.303  6.429096E-17
7942.149  7.564665E-17
7944.995  5.833277E-17
7947.84  6.964689E-17
7950.686  6.402774E-17
7953.532  7.527650E-17
7956.378  5.310574E-17
7959.224  7.385538E-17
7962.07  8.125621E-17
7964.916  8.427015E-17
7967.762  6.307970E-17
7970.607  8.913919E-17
7973.454  5.809667E-17
7976.3  6.306978E-17
7979.146  5.404385E-17
7981.992  7.370224E-17
7984.838  7.453261E-17
7987.684  8.331270E-17
7990.53  7.368064E-17
7993.376  9.185452E-17
7996.222  7.826401E-17
7999.068  8.406249E-17
8001.915  4.801298E-17
8004.761  6.799099E-17
8007.607  7.322578E-17
8010.453  9.590765E-17
8013.299  7.581486E-17
8016.146  8.143743E-17
8018.992  9.584928E-17
8021.838  1.001132E-16
8024.685  1.053310E-16
8027.531  6.982946E-17
8030.377  6.271198E-17
8033.223  1.012059E-16
8036.07  7.133868E-17
8038.916  7.359667E-17
8041.762  8.229693E-17
8044.609  7.955287E-17
8047.455  7.865510E-17
8050.302  8.018327E-17
8053.148  8.428340E-17
8055.995  8.190228E-17
8058.841  8.780163E-17
8061.688  8.928637E-17