3445.59  -7.933187E-17
3447.998  8.546017E-17
3450.407  1.362100E-16
3452.818  4.856236E-17
3455.23  1.868993E-16
3457.645  6.394134E-17
3460.06  4.914506E-17
3462.477  7.504173E-17
3464.895  6.649731E-17
3467.315  -1.279272E-16
3469.737  1.517551E-16
3472.16  7.502239E-18
3474.584  -4.427714E-17
3477.01  2.557410E-16
3479.438  -1.458516E-17
3481.867  -2.199716E-19
3484.298  5.847720E-17
3486.73  4.898436E-17
3489.164  4.966265E-17
3491.599  4.276964E-17
3494.035  7.495086E-17
3496.473  7.235502E-17
3498.913  -1.121792E-17
3501.354  -7.682120E-17
3503.796  -4.699703E-17
3506.24  4.694713E-17
3508.686  8.171556E-17
3511.133  7.017340E-17
3513.581  3.706672E-18
3516.031  1.831801E-17
3518.483  5.678226E-17
3520.936  6.399410E-17
3523.39  5.144060E-17
3525.846  -1.016193E-16
3528.303  7.434214E-17
3530.762  9.477529E-17
3533.222  3.514805E-17
3535.684  8.491879E-17
3538.147  3.687567E-17
3540.611  -4.387965E-17
3543.077  3.310195E-17
3545.545  7.309826E-17
3548.014  9.829291E-17
3550.484  6.142132E-17
3552.956  -1.039896E-17
3555.429  3.581968E-17
3557.904  5.354055E-17
3560.38  1.258994E-16
3562.858  6.124109E-17
3565.337  3.512101E-17
3567.818  -6.912666E-18
3570.3  3.535191E-17
3572.783  -5.361666E-17
3575.268  3.610800E-17
3577.754  -6.056001E-17
3580.241  9.428221E-17
3582.73  9.837558E-17
3585.221  5.112786E-17
3587.713  3.061697E-17
3590.206  2.401155E-17
3592.701  5.887306E-17
3595.197  7.000955E-17
3597.695  8.690891E-17
3600.194  9.118117E-17
3602.694  1.130394E-16
3605.196  1.133397E-16
3607.699  -1.203761E-17
3610.204  1.462978E-17
3612.71  -4.048881E-17
3615.217  2.699958E-17
3617.726  2.556402E-17
3620.236  -4.694126E-17
3622.748  6.792321E-18
3625.26  -3.465187E-17
3627.775  5.093843E-17
3630.291  -2.347039E-18
3632.808  -3.248709E-18
3635.326  4.397862E-17
3637.846  -1.725226E-17
3640.367  3.836417E-17
3642.89  3.411225E-17
3645.414  -2.037521E-17
3647.939  -2.748143E-17
3650.466  5.784256E-17
3652.994  5.022227E-18
3655.524  2.618517E-17
3658.054  1.287072E-17
3660.587  -2.712720E-18
3663.12  -4.097261E-17
3665.655  -1.804812E-17
3668.192  -2.258468E-17
3670.729  1.322808E-17
3673.268  -5.217434E-17
3675.809  6.510598E-18
3678.35  3.482520E-17
3680.893  -6.622219E-17
3683.438  1.046240E-17
3685.983  -5.155960E-17
3688.531  -8.052531E-18
3691.079  9.667080E-18
3693.629  1.744395E-18
3696.18  -7.301476E-17
3698.732  -2.595826E-17
3701.286  -1.947539E-17
3703.841  -1.780433E-17
3706.397  -2.817028E-17
3708.955  1.336061E-17
3711.514  -3.463696E-17
3714.075  -6.636716E-17
3716.636  3.564248E-17
3719.199  -1.877307E-17
3721.764  -1.264227E-17
3724.329  -1.922553E-17
3726.896  -9.254080E-18
3729.465  -5.137017E-18
3732.034  -2.435122E-17
3734.605  -1.983751E-17
3737.177  -1.037820E-17
3739.751  5.055840E-18
3742.326  1.770656E-17
3744.902  3.017099E-17
3747.479  -7.785723E-18
3750.058  -1.741097E-17
3752.638  6.596883E-17
3755.219  -2.629699E-17
3757.802  -1.070145E-17
3760.386  -1.985479E-17
3762.971  2.197294E-17
3765.557  1.122994E-17
3768.145  3.229305E-17
3770.734  5.580132E-17
3773.324  2.393161E-17
3775.916  4.687851E-17
3778.509  2.546827E-17
3781.103  2.462494E-17
3783.698  4.195609E-17
3786.295  3.257518E-17
3788.893  4.685772E-17
3791.492  3.714665E-17
3794.093  3.452378E-17
3796.694  -1.449409E-17
3799.297  3.735435E-17
3801.901  1.478447E-17
3804.507  4.986065E-17
3807.114  3.083018E-17
3809.722  4.811249E-17
3812.331  -1.086685E-17
3814.941  8.486334E-17
3817.553  3.331015E-17
3820.166  2.244092E-17
3822.781  2.163166E-17
3825.396  4.197050E-17
3828.013  2.809629E-17
3830.631  5.372917E-17
3833.25  4.139448E-18
3835.87  2.250692E-17
3838.492  5.303805E-17
3841.115  5.581340E-17
3843.739  2.262637E-17
3846.365  4.524923E-17
3848.991  5.241654E-17
3851.619  5.209015E-17
3854.248  2.037078E-17
3856.878  7.895438E-17
3859.51  1.063826E-17
3862.143  2.189601E-17
3864.776  3.348932E-17
3867.412  4.022572E-17
3870.048  4.540108E-17
3872.685  3.758447E-17
3875.324  3.122556E-17
3877.964  7.510105E-17
3880.605  3.085846E-17
3883.248  4.920072E-17
3885.891  4.430749E-17
3888.536  5.153654E-17
3891.182  6.488237E-17
3893.829  3.321753E-17
3896.478  2.228474E-17
3899.127  6.528915E-17
3901.778  4.803056E-17
3904.43  3.585341E-17
3907.083  7.671402E-17
3909.737  2.230704E-17
3912.393  3.033990E-17
3915.05  3.348804E-17
3917.707  6.174750E-17
3920.366  3.938884E-17
3923.027  7.640172E-17
3925.688  3.867419E-17
3928.351  2.664268E-17
3931.014  4.235615E-17
3933.679  2.946945E-17
3936.345  1.464399E-17
3939.012  -2.752352E-17
3941.681  2.972100E-17
3944.35  3.698671E-17
3947.021  3.565693E-17
3949.693  3.560570E-17
3952.366  1.499130E-17
3955.04  3.247796E-17
3957.716  1.499692E-17
3960.392  5.122337E-17
3963.07  1.161968E-17
3965.749  3.022372E-17
3968.428  8.660736E-18
3971.11  2.286665E-17
3973.792  2.719658E-17
3976.475  4.193363E-18
3979.16  2.091504E-17
3981.845  3.766251E-17
3984.532  6.898140E-18
3987.22  3.423577E-17
3989.909  4.062495E-17
3992.599  1.826216E-17
3995.291  7.847253E-18
3997.983  5.196447E-17
4000.677  4.790456E-17
4003.371  3.894279E-17
4006.067  6.607020E-18
4008.764  -3.463431E-18
4011.462  3.547059E-17
4014.161  8.235744E-17
4016.862  5.063635E-17
4019.563  3.798392E-17
4022.266  7.415607E-18
4024.969  1.309851E-17
4027.674  4.500281E-17
4030.38  4.885231E-17
4033.087  6.129024E-17
4035.795  3.119820E-17
4038.504  4.863634E-17
4041.214  8.575622E-17
4043.926  8.780224E-17
4046.638  6.865817E-17
4049.352  6.955718E-17
4052.066  4.712958E-17
4054.782  6.970431E-17
4057.499  6.647640E-17
4060.217  1.131141E-16
4062.936  8.891071E-17
4065.656  1.174437E-16
4068.377  1.353186E-16
4071.099  1.352521E-16
4073.823  1.371243E-16
4076.547  1.389966E-16
4079.272  1.408694E-16
4081.999  1.427437E-16
4084.727  1.446187E-16
4087.455  1.464937E-16
4090.185  1.633878E-16
4092.916  1.491606E-16
4095.648  1.548075E-16
4098.381  1.634620E-16
4101.115  1.785728E-16
4103.85  1.812889E-16
4106.586  1.775913E-16
4109.323  1.561527E-16
4112.062  2.201493E-16
4114.801  1.732453E-16
4117.541  1.520843E-16
4120.283  1.712076E-16
4123.025  1.587015E-16
4125.769  1.924948E-16
4128.513  1.830438E-16
4131.259  1.554660E-16
4134.005  1.695866E-16
4136.753  1.486221E-16
4139.502  1.224612E-16
4142.252  1.517144E-16
4145.002  1.391827E-16
4147.754  1.209302E-16
4150.507  1.250157E-16
4153.261  1.208430E-16
4156.016  1.118349E-16
4158.772  9.848723E-17
4161.529  8.978760E-17
4164.287  1.252142E-16
4167.046  9.413166E-17
4169.807  7.756931E-17
4172.567  5.765596E-17
4175.33  6.680884E-17
4178.093  1.210314E-16
4180.857  9.318613E-17
4183.622  6.533107E-17
4186.388  7.973293E-17
4189.156  8.017415E-17
4191.924  1.248406E-16
4194.693  1.175489E-16
4197.463  1.249402E-16
4200.234  1.521997E-16
4203.007  1.556468E-16
4205.78  1.489243E-16
4208.554  1.458596E-16
4211.33  2.041947E-16
4214.105  1.813765E-16
4216.883  1.998707E-16
4219.661  1.900343E-16
4222.44  2.049227E-16
4225.221  1.881772E-16
4228.001  1.999630E-16
4230.784  2.046114E-16
4233.567  1.858400E-16
4236.351  1.861486E-16
4239.136  2.037938E-16
4241.922  1.802891E-16
4244.709  1.769068E-16
4247.498  2.007953E-16
4250.287  1.736807E-16
4253.077  1.829269E-16
4255.868  1.911882E-16
4258.66  1.785087E-16
4261.453  1.680003E-16
4264.247  1.677768E-16
4267.042  2.151053E-16
4269.837  2.099225E-16
4272.634  1.834465E-16
4275.432  1.904058E-16
4278.23  1.911397E-16
4281.03  2.021750E-16
4283.831  1.836984E-16
4286.632  2.006899E-16
4289.435  1.914657E-16
4292.238  1.790852E-16
4295.043  1.823229E-16
4297.848  2.019055E-16
4300.654  2.004475E-16
4303.462  1.896681E-16
4306.27  1.836345E-16
4309.079  1.872301E-16
4311.889  1.666063E-16
4314.701  1.366379E-16
4317.513  1.563927E-16
4320.325  2.002463E-16
4323.139  1.751415E-16
4325.954  1.789758E-16
4328.77  2.075064E-16
4331.586  1.946382E-16
4334.404  1.847681E-16
4337.223  1.927657E-16
4340.042  1.763294E-16
4342.862  2.128981E-16
4345.684  1.782644E-16
4348.506  1.766453E-16
4351.329  1.929708E-16
4354.153  1.847607E-16
4356.978  1.413769E-16
4359.804  1.780185E-16
4362.631  1.638239E-16
4365.458  1.671174E-16
4368.288  1.580646E-16
4371.117  1.532938E-16
4373.947  1.231793E-16
4376.779  1.191944E-16
4379.611  1.249717E-16
4382.444  1.046379E-16
4385.278  1.025662E-16
4388.113  8.698199E-17
4390.949  8.986708E-17
4393.786  8.543446E-17
4396.624  8.807433E-17
4399.462  8.004134E-17
4402.302  5.915586E-17
4405.142  5.066478E-17
4407.983  5.777976E-17
4410.825  7.127657E-17
4413.668  5.830597E-17
4416.512  6.990646E-17
4419.357  5.922863E-17
4422.203  5.965695E-17
4425.049  7.796105E-17
4427.897  1.020579E-16
4430.745  9.279686E-17
4433.594  1.149689E-16
4436.444  1.310267E-16
4439.295  1.108211E-16
4442.147  1.414153E-16
4445.  1.296872E-16
4447.854  1.631606E-16
4450.708  1.847842E-16
4453.563  2.105676E-16
4456.419  1.819651E-16
4459.276  1.860525E-16
4462.134  1.866790E-16
4464.993  1.928157E-16
4467.853  1.870244E-16
4470.713  1.913175E-16
4473.574  1.883072E-16
4476.437  1.886594E-16
4479.3  1.963066E-16
4482.164  1.777077E-16
4485.028  2.071189E-16
4487.894  1.699347E-16
4490.76  1.762103E-16
4493.627  1.760871E-16
4496.496  1.710640E-16
4499.365  1.971651E-16
4502.234  1.832322E-16
4505.105  2.064769E-16
4507.977  1.776457E-16
4510.849  1.859601E-16
4513.722  2.029542E-16
4516.596  2.027967E-16
4519.471  2.007173E-16
4522.347  2.070430E-16
4525.223  2.251614E-16
4528.101  2.067569E-16
4530.979  1.804952E-16
4533.858  1.914831E-16
4536.738  2.760544E-16
4539.618  2.718277E-16
4542.5  2.816701E-16
4545.382  2.997453E-16
4548.265  2.554667E-16
4551.149  3.018244E-16
4554.034  2.728574E-16
4556.919  2.945842E-16
4559.806  3.164903E-16
4562.693  3.122728E-16
4565.581  2.595673E-16
4568.47  2.874573E-16
4571.359  2.962060E-16
4574.25  3.008876E-16
4577.141  2.740674E-16
4580.033  3.228764E-16
4582.926  3.284405E-16
4585.819  3.227997E-16
4588.714  2.778747E-16
4591.609  3.004568E-16
4594.505  2.451410E-16
4597.402  2.326674E-16
4600.3  2.998641E-16
4603.198  2.402438E-16
4606.097  2.766920E-16
4608.997  3.206286E-16
4611.898  2.149695E-16
4614.8  3.241134E-16
4617.702  2.088965E-16
4620.605  2.256886E-16
4623.509  2.430671E-16
4626.414  3.028787E-16
4629.319  2.755875E-16
4632.226  2.821230E-16
4635.132  2.461072E-16
4638.041  2.563174E-16
4640.949  2.348136E-16
4643.858  2.133063E-16
4646.769  2.231182E-16
4649.68  2.024227E-16
4652.591  2.091742E-16
4655.503  2.320784E-16
4658.417  2.465072E-16
4661.331  2.268797E-16
4664.246  2.475670E-16
4667.161  2.285657E-16
4670.078  2.097055E-16
4672.995  2.346661E-16
4675.912  2.072473E-16
4678.831  1.807991E-16
4681.75  2.126188E-16
4684.67  2.085675E-16
4687.591  2.038474E-16
4690.513  2.035765E-16
4693.435  2.285691E-16
4696.358  2.489385E-16
4699.282  2.272764E-16
4702.207  2.276897E-16
4705.132  2.397696E-16
4708.058  2.427809E-16
4710.985  2.460125E-16
4713.913  2.416836E-16
4716.841  2.260581E-16
4719.77  2.391829E-16
4722.7  2.541041E-16
4725.63  2.338428E-16
4728.562  2.471142E-16
4731.493  2.718960E-16
4734.426  2.584270E-16
4737.359  2.565080E-16
4740.293  2.643190E-16
4743.229  2.390732E-16
4746.164  2.831195E-16
4749.101  2.657641E-16
4752.038  2.479799E-16
4754.976  2.619661E-16
4757.914  2.596817E-16
4760.854  2.620743E-16
4763.793  2.915592E-16
4766.734  2.661774E-16
4769.675  2.644317E-16
4772.618  2.626845E-16
4775.561  2.609377E-16
4778.504  2.591908E-16
4781.448  2.574430E-16
4784.393  2.556950E-16
4787.339  2.539464E-16
4790.285  2.543750E-16
4793.232  2.661264E-16
4796.18  2.811484E-16
4799.129  2.825107E-16
4802.078  2.725434E-16
4805.028  2.578394E-16
4807.979  2.832608E-16
4810.93  2.702781E-16
4813.882  2.849763E-16
4816.834  2.631672E-16
4819.788  2.516090E-16
4822.742  2.756339E-16
4825.697  2.614035E-16
4828.652  2.668758E-16
4831.609  2.389019E-16
4834.565  2.497180E-16
4837.523  2.491895E-16
4840.481  2.624337E-16
4843.44  2.445259E-16
4846.4  2.631563E-16
4849.36  2.542000E-16
4852.321  2.574798E-16
4855.283  2.416430E-16
4858.246  2.374306E-16
4861.208  2.332196E-16
4864.172  2.290058E-16
4867.137  2.237535E-16
4870.102  2.058987E-16
4873.067  2.174952E-16
4876.034  2.023556E-16
4879.001  1.925338E-16
4881.969  1.870846E-16
4884.937  1.581072E-16
4887.906  1.642904E-16
4890.876  1.524992E-16
4893.846  1.321975E-16
4896.817  1.230173E-16
4899.789  1.180270E-16
4902.762  1.024947E-16
4905.735  8.651154E-17
4908.708  9.619527E-17
4911.683  9.947618E-17
4914.658  1.053863E-16
4917.634  9.059288E-17
4920.61  7.798155E-17
4923.587  8.034646E-17
4926.564  8.248795E-17
4929.543  8.277525E-17
4932.522  6.869382E-17
4935.501  6.231876E-17
4938.482  4.912576E-17
4941.462  7.689178E-17
4944.444  9.011913E-17
4947.426  1.022340E-16
4950.409  8.775277E-17
4953.393  1.090866E-16
4956.377  1.435413E-16
4959.361  1.518678E-16
4962.347  1.687295E-16
4965.333  1.887305E-16
4968.32  2.134759E-16
4971.307  2.354454E-16
4974.295  2.462828E-16
4977.283  2.673152E-16
4980.272  2.867364E-16
4983.262  3.080462E-16
4986.253  3.182949E-16
4989.244  3.270180E-16
4992.235  3.387733E-16
4995.228  3.381562E-16
4998.221  3.388479E-16
5001.214  3.518631E-16
5004.208  3.513245E-16
5007.204  3.253997E-16
5010.199  3.428611E-16
5013.195  3.183057E-16
5016.191  3.323422E-16
5019.189  3.258343E-16
5022.187  3.167110E-16
5025.185  3.187828E-16
5028.185  2.925320E-16
5031.184  3.245537E-16
5034.185  3.227310E-16
5037.186  3.175688E-16
5040.187  3.246789E-16
5043.189  3.340524E-16
5046.192  3.478668E-16
5049.195  3.039361E-16
5052.199  3.233440E-16
5055.204  3.367653E-16
5058.209  3.519459E-16
5061.215  3.472826E-16
5064.221  3.553769E-16
5067.228  3.428146E-16
5070.236  3.513206E-16
5073.244  3.372094E-16
5076.252  3.280415E-16
5079.262  3.383153E-16
5082.272  3.420983E-16
5085.282  3.120134E-16
5088.293  3.006409E-16
5091.305  2.978011E-16
5094.317  2.939246E-16
5097.331  2.784583E-16
5100.344  2.825706E-16
5103.358  2.885958E-16
5106.373  2.680263E-16
5109.388  2.574405E-16
5112.403  2.624730E-16
5115.42  2.488423E-16
5118.437  2.416136E-16
5121.455  2.344769E-16
5124.473  2.343255E-16
5127.491  2.502023E-16
5130.51  2.529477E-16
5133.53  2.531693E-16
5136.551  2.456754E-16
5139.572  2.600777E-16
5142.593  2.936716E-16
5145.615  2.666639E-16
5148.638  3.024434E-16
5151.661  3.007548E-16
5154.685  2.868975E-16
5157.709  2.987355E-16
5160.734  3.052105E-16
5163.76  3.073003E-16
5166.786  3.246592E-16
5169.813  3.137652E-16
5172.84  3.251414E-16
5175.867  3.196361E-16
5178.896  3.210660E-16
5181.924  3.121751E-16
5184.954  3.271735E-16
5187.984  3.103483E-16
5191.014  3.186409E-16
5194.045  3.100867E-16
5197.077  3.176591E-16
5200.109  3.151406E-16
5203.142  3.136556E-16
5206.175  2.936607E-16
5209.209  3.064199E-16
5212.243  3.006729E-16
5215.278  2.795775E-16
5218.313  2.869308E-16
5221.35  2.779015E-16
5224.386  2.616756E-16
5227.423  2.704113E-16
5230.461  2.748435E-16
5233.499  2.407087E-16
5236.538  2.361477E-16
5239.577  2.434822E-16
5242.617  2.401665E-16
5245.657  2.294538E-16
5248.698  2.339904E-16
5251.739  2.111879E-16
5254.781  1.990267E-16
5257.823  2.035117E-16
5260.866  1.912932E-16
5263.91  2.137974E-16
5266.954  1.834060E-16
5269.998  1.969943E-16
5273.043  1.737907E-16
5276.088  1.897597E-16
5279.135  1.923370E-16
5282.181  1.732066E-16
5285.229  1.860678E-16
5288.276  1.848268E-16
5291.324  1.925530E-16
5294.373  2.106502E-16
5297.422  1.990878E-16
5300.472  2.101803E-16
5303.522  2.228316E-16
5306.573  2.194571E-16
5309.624  2.221473E-16
5312.676  2.195517E-16
5315.728  2.154401E-16
5318.781  2.396830E-16
5321.834  2.318677E-16
5324.888  2.473571E-16
5327.942  2.216847E-16
5330.997  2.432158E-16
5334.052  2.459308E-16
5337.108  2.402690E-16
5340.164  2.390886E-16
5343.221  2.378009E-16
5346.278  2.477895E-16
5349.336  2.545869E-16
5352.395  2.499279E-16
5355.453  2.519069E-16
5358.513  2.274165E-16
5361.572  2.538565E-16
5364.633  2.552897E-16
5367.693  2.514629E-16
5370.755  2.552166E-16
5373.816  2.737367E-16
5376.879  2.562684E-16
5379.941  2.594713E-16
5383.005  2.405268E-16
5386.068  2.585151E-16
5389.133  2.562196E-16
5392.197  2.368748E-16
5395.263  2.545383E-16
5398.328  2.365729E-16
5401.395  2.510314E-16
5404.461  2.518054E-16
5407.528  2.530596E-16
5410.596  2.488320E-16
5413.664  2.444010E-16
5416.732  2.482379E-16
5419.801  2.383578E-16
5422.871  2.420643E-16
5425.941  2.423588E-16
5429.011  2.473176E-16
5432.083  2.491415E-16
5435.154  2.402156E-16
5438.226  2.377530E-16
5441.298  2.404653E-16
5444.371  2.279809E-16
5447.444  2.621225E-16
5450.518  2.576861E-16
5453.592  2.637161E-16
5456.667  2.678902E-16
5459.742  2.503857E-16
5462.817  2.578019E-16
5465.894  2.631229E-16
5468.97  2.643666E-16
5472.047  2.436173E-16
5475.125  2.382597E-16
5478.203  2.749488E-16
5481.281  2.676359E-16
5484.36  2.667359E-16
5487.439  2.803892E-16
5490.519  2.713385E-16
5493.599  2.774326E-16
5496.68  2.687526E-16
5499.761  2.623326E-16
5502.842  2.750845E-16
5505.924  2.648053E-16
5509.007  2.719774E-16
5512.09  2.640022E-16
5515.173  2.702035E-16
5518.257  2.684300E-16
5521.341  2.630796E-16
5524.426  2.491599E-16
5527.511  2.653859E-16
5530.597  2.735039E-16
5533.683  2.762598E-16
5536.77  2.588998E-16
5539.856  2.854477E-16
5542.944  2.753430E-16
5546.031  2.696137E-16
5549.12  2.813529E-16
5552.208  2.748400E-16
5555.297  2.712949E-16
5558.387  2.887200E-16
5561.477  2.780087E-16
5564.567  2.752316E-16
5567.659  2.612713E-16
5570.75  2.604503E-16
5573.841  2.628517E-16
5576.934  2.849463E-16
5580.026  2.701596E-16
5583.119  2.963627E-16
5586.213  2.757238E-16
5589.307  2.768336E-16
5592.401  2.866890E-16
5595.496  2.614885E-16
5598.591  2.757294E-16
5601.687  2.772679E-16
5604.783  2.701536E-16
5607.879  2.704635E-16
5610.976  2.587852E-16
5614.073  2.787560E-16
5617.171  2.668962E-16
5620.269  2.552406E-16
5623.368  2.563020E-16
5626.466  2.697315E-16
5629.566  2.610526E-16
5632.666  2.597270E-16
5635.766  2.693319E-16
5638.867  2.659761E-16
5641.967  2.575007E-16
5645.069  2.663918E-16
5648.171  2.580293E-16
5651.273  2.546120E-16
5654.376  2.658149E-16
5657.479  2.560712E-16
5660.583  2.624299E-16
5663.687  2.621103E-16
5666.791  2.425967E-16
5669.896  2.416701E-16
5673.  2.490226E-16
5676.106  2.571959E-16
5679.212  2.801544E-16
5682.318  2.673120E-16
5685.425  2.719680E-16
5688.532  2.734785E-16
5691.64  2.858609E-16
5694.748  2.614833E-16
5697.856  2.835480E-16
5700.965  2.672154E-16
5704.074  2.693354E-16
5707.184  2.565552E-16
5710.293  2.795801E-16
5713.404  2.739483E-16
5716.515  2.690849E-16
5719.625  2.732760E-16
5722.737  2.611022E-16
5725.849  2.574004E-16
5728.961  2.461303E-16
5732.074  2.550411E-16
5735.187  2.607298E-16
5738.301  2.524919E-16
5741.415  2.474258E-16
5744.529  2.553784E-16
5747.644  2.432500E-16
5750.758  2.336089E-16
5753.874  2.455310E-16
5756.99  2.455307E-16
5760.106  2.330820E-16
5763.222  2.252520E-16
5766.339  2.256113E-16
5769.457  2.358809E-16
5772.574  2.375685E-16
5775.692  2.229296E-16
5778.811  2.362417E-16
5781.93  2.323624E-16
5785.049  2.319061E-16
5788.168  2.249862E-16
5791.289  2.393385E-16
5794.409  2.179548E-16
5797.529  2.241141E-16
5800.65  2.245904E-16
5803.772  2.425935E-16
5806.894  2.375213E-16
5810.016  2.292571E-16
5813.139  2.292668E-16
5816.262  2.355382E-16
5819.385  2.353808E-16
5822.509  2.399044E-16
5825.633  2.474567E-16
5828.757  2.380512E-16
5831.882  2.428975E-16
5835.007  2.316089E-16
5838.133  2.527806E-16
5841.258  2.304614E-16
5844.385  2.396099E-16
5847.511  2.319206E-16
5850.638  2.515633E-16
5853.766  2.255486E-16
5856.894  2.387516E-16
5860.021  2.402919E-16
5863.15  2.375776E-16
5866.279  2.442913E-16
5869.408  2.442672E-16
5872.537  2.359030E-16
5875.667  2.331767E-16
5878.797  2.279920E-16
5881.928  2.136202E-16
5885.059  2.097002E-16
5888.19  2.240965E-16
5891.322  2.282331E-16
5894.454  2.083392E-16
5897.586  2.307444E-16
5900.719  2.271940E-16
5903.852  2.236442E-16
5906.985  2.200944E-16
5910.119  2.165429E-16
5913.253  2.129920E-16
5916.387  2.094405E-16
5919.522  2.058885E-16
5922.657  2.023359E-16
5925.792  1.987838E-16
5928.928  1.952302E-16
5932.064  2.083947E-16
5935.201  1.999218E-16
5938.338  1.871086E-16
5941.475  2.068103E-16
5944.612  1.829944E-16
5947.75  2.044239E-16
5950.889  1.918630E-16
5954.027  1.812380E-16
5957.166  1.942906E-16
5960.305  1.613905E-16
5963.445  1.501809E-16
5966.584  1.583563E-16
5969.725  1.508210E-16
5972.865  1.461070E-16
5976.006  1.442103E-16
5979.147  1.318189E-16
5982.289  1.262336E-16
5985.431  1.303354E-16
5988.573  1.243191E-16
5991.716  1.194611E-16
5994.859  1.166093E-16
5998.002  1.366500E-16
6001.146  1.459349E-16
6004.29  1.222645E-16
6007.434  1.337910E-16
6010.578  1.354872E-16
6013.723  1.405681E-16
6016.868  1.461756E-16
6020.014  1.615006E-16
6023.16  1.703801E-16
6026.306  1.763037E-16
6029.452  1.920693E-16
6032.599  1.841752E-16
6035.746  1.946157E-16
6038.894  2.070102E-16
6042.042  2.062472E-16
6045.189  2.109039E-16
6048.338  2.319874E-16
6051.486  2.391900E-16
6054.636  2.491772E-16
6057.785  2.426441E-16
6060.935  2.529654E-16
6064.084  2.744588E-16
6067.235  2.619570E-16
6070.386  2.456960E-16
6073.537  2.457507E-16
6076.688  2.598927E-16
6079.839  2.528769E-16
6082.991  2.642408E-16
6086.144  2.634905E-16
6089.296  2.426419E-16
6092.449  2.599890E-16
6095.602  2.637672E-16
6098.755  2.727300E-16
6101.909  2.600110E-16
6105.063  2.525682E-16
6108.218  2.659588E-16
6111.373  2.509920E-16
6114.527  2.523059E-16
6117.683  2.561612E-16
6120.838  2.530432E-16
6123.994  2.644494E-16
6127.15  2.479539E-16
6130.307  2.441283E-16
6133.464  2.498233E-16
6136.621  2.503514E-16
6139.778  2.513290E-16
6142.936  2.437137E-16
6146.094  2.431613E-16
6149.252  2.520387E-16
6152.411  2.467397E-16
6155.57  2.461143E-16
6158.729  2.477817E-16
6161.889  2.308846E-16
6165.049  2.397032E-16
6168.209  2.364552E-16
6171.369  2.524905E-16
6174.53  2.256274E-16
6177.691  2.246164E-16
6180.853  2.340316E-16
6184.014  2.187217E-16
6187.176  2.224519E-16
6190.338  2.323363E-16
6193.5  2.312328E-16
6196.664  2.177833E-16
6199.827  2.283363E-16
6202.99  2.155194E-16
6206.154  2.262657E-16
6209.317  2.137735E-16
6212.482  2.229464E-16
6215.646  2.012985E-16
6218.811  2.073230E-16
6221.977  2.241513E-16
6225.142  2.118332E-16
6228.308  2.116975E-16
6231.474  2.153607E-16
6234.64  2.134086E-16
6237.806  1.986739E-16
6240.973  2.044704E-16
6244.14  2.097071E-16
6247.308  2.058789E-16
6250.475  2.005893E-16
6253.643  1.993713E-16
6256.812  2.136341E-16
6259.98  2.102463E-16
6263.149  2.069895E-16
6266.318  1.999670E-16
6269.487  2.081307E-16
6272.657  1.994013E-16
6275.827  1.974485E-16
6278.997  2.028718E-16
6282.168  1.990237E-16
6285.338  2.012305E-16
6288.51  2.007362E-16
6291.681  1.863475E-16
6294.853  2.030922E-16
6298.024  2.012192E-16
6301.197  2.054238E-16
6304.369  2.065450E-16
6307.542  2.014205E-16
6310.715  2.007890E-16
6313.888  1.994300E-16
6317.062  2.157155E-16
6320.235  2.055938E-16
6323.41  2.233049E-16
6326.584  2.213236E-16
6329.758  2.142180E-16
6332.933  1.986155E-16
6336.108  2.052322E-16
6339.284  2.190766E-16
6342.459  2.049782E-16
6345.636  2.195078E-16
6348.812  2.154439E-16
6351.988  2.119495E-16
6355.165  2.134912E-16
6358.342  2.158159E-16
6361.52  2.114951E-16
6364.697  2.062054E-16
6367.875  2.050277E-16
6371.053  2.147026E-16
6374.231  2.111223E-16
6377.41  1.898273E-16
6380.589  1.926330E-16
6383.768  2.128319E-16
6386.948  1.924696E-16
6390.127  2.088535E-16
6393.307  2.076515E-16
6396.487  2.111853E-16
6399.668  2.017468E-16
6402.849  2.035600E-16
6406.03  2.098350E-16
6409.211  2.029714E-16
6412.393  1.914238E-16
6415.574  2.177793E-16
6418.756  2.084249E-16
6421.938  2.074925E-16
6425.121  1.972864E-16
6428.304  2.092418E-16
6431.487  2.204367E-16
6434.67  2.223949E-16
6437.854  2.240918E-16
6441.038  2.242931E-16
6444.222  2.228097E-16
6447.406  2.217319E-16
6450.591  2.198544E-16
6453.776  2.186129E-16
6456.961  2.161575E-16
6460.146  2.080031E-16
6463.332  2.124024E-16
6466.518  2.059445E-16
6469.704  2.131485E-16
6472.89  2.182800E-16
6476.077  2.013165E-16
6479.264  2.023519E-16
6482.451  2.062191E-16
6485.638  2.077622E-16
6488.826  2.054290E-16
6492.014  2.094576E-16
6495.202  1.995176E-16
6498.39  2.057225E-16
6501.579  1.856700E-16
6504.768  2.087417E-16
6507.957  1.950814E-16
6511.146  2.013734E-16
6514.336  1.932009E-16
6517.526  1.822019E-16
6520.716  1.920653E-16
6523.906  1.722191E-16
6527.097  1.849020E-16
6530.288  1.823237E-16
6533.479  1.766233E-16
6536.67  1.841441E-16
6539.862  1.700797E-16
6543.053  1.696505E-16
6546.246  1.654130E-16
6549.438  1.660558E-16
6552.63  1.621363E-16
6555.823  1.606128E-16
6559.016  1.549303E-16
6562.209  1.645035E-16
6565.403  1.515547E-16
6568.597  1.535691E-16
6571.791  1.292336E-16
6574.985  1.313828E-16
6578.179  1.145962E-16
6581.374  1.174654E-16
6584.569  9.940457E-17
6587.764  1.069447E-16
6590.959  8.390160E-17
6594.155  7.680754E-17
6597.351  7.932677E-17
6600.547  8.087680E-17
6603.744  7.912355E-17
6606.94  9.092842E-17
6610.137  6.135159E-17
6613.334  2.293447E-17
6616.531  7.241164E-17
6619.729  7.890004E-17
6622.927  8.157846E-17
6626.125  7.554029E-17
6629.323  8.251377E-17
6632.521  7.733205E-17
6635.72  7.007822E-17
6638.919  9.914420E-17
6642.118  9.613984E-17
6645.318  9.890984E-17
6648.518  1.017762E-16
6651.717  1.026881E-16
6654.917  1.129022E-16
6658.118  1.376863E-16
6661.318  1.395687E-16
6664.519  1.613429E-16
6667.72  1.696209E-16
6670.921  1.879446E-16
6674.123  2.225389E-16
6677.325  2.294986E-16
6680.526  2.323070E-16
6683.729  2.707574E-16
6686.931  2.962168E-16
6690.134  3.273056E-16
6693.336  3.355735E-16
6696.54  3.760715E-16
6699.743  4.085324E-16
6702.947  4.378389E-16
6706.15  4.827909E-16
6709.354  5.004242E-16
6712.559  5.349668E-16
6715.763  5.437563E-16
6718.968  5.937934E-16
6722.172  6.248814E-16
6725.378  6.564832E-16
6728.583  6.641324E-16
6731.789  7.073697E-16
6734.995  7.178926E-16
6738.2  7.337427E-16
6741.407  7.376235E-16
6744.613  7.300897E-16
6747.82  6.993498E-16
6751.027  7.751160E-16
6754.234  7.746865E-16
6757.441  7.559893E-16
6760.649  7.559904E-16
6763.856  7.650180E-16
6767.064  7.712504E-16
6770.273  7.365986E-16
6773.481  7.446719E-16
6776.69  7.364471E-16
6779.899  7.510417E-16
6783.108  7.281455E-16
6786.317  7.430176E-16
6789.527  7.339542E-16
6792.737  7.184583E-16
6795.947  6.457174E-16
6799.157  6.516502E-16
6802.367  6.897587E-16
6805.578  6.725847E-16
6808.789  6.658818E-16
6812.  6.584280E-16
6815.211  6.466512E-16
6818.423  6.324721E-16
6821.634  6.315743E-16
6824.846  6.063754E-16
6828.059  5.928482E-16
6831.271  5.826735E-16
6834.483  5.678082E-16
6837.696  5.802056E-16
6840.91  5.604242E-16
6844.123  5.417624E-16
6847.336  5.333322E-16
6850.55  5.160768E-16
6853.764  4.896488E-16
6856.978  4.866416E-16
6860.192  4.784019E-16
6863.407  4.152782E-16
6866.622  3.958698E-16
6869.836  3.651510E-16
6873.052  3.690622E-16
6876.267  3.796227E-16
6879.483  3.788638E-16
6882.699  3.984440E-16
6885.915  3.880470E-16
6889.131  3.645761E-16
6892.347  3.446390E-16
6895.564  3.674296E-16
6898.781  3.597123E-16
6901.998  3.611124E-16
6905.215  3.671921E-16
6908.433  3.495130E-16
6911.65  3.539372E-16
6914.869  3.307451E-16
6918.086  3.410175E-16
6921.305  3.352607E-16
6924.523  3.193171E-16
6927.742  3.329487E-16
6930.961  3.302697E-16
6934.181  3.298407E-16
6937.4  3.201807E-16
6940.62  3.241096E-16
6943.839  3.069632E-16
6947.06  3.108516E-16
6950.28  3.036095E-16
6953.5  3.072595E-16
6956.721  2.825274E-16
6959.942  2.977066E-16
6963.163  2.744189E-16
6966.384  2.839226E-16
6969.605  2.787922E-16
6972.827  2.713440E-16
6976.049  2.730722E-16
6979.271  2.769578E-16
6982.494  2.778300E-16
6985.716  2.632763E-16
6988.939  2.609968E-16
6992.162  2.480000E-16
6995.385  2.445618E-16
6998.608  2.520235E-16
7001.832  2.496296E-16
7005.056  2.435840E-16
7008.28  2.483839E-16
7011.504  2.393194E-16
7014.729  2.513994E-16
7017.953  2.360755E-16
7021.178  2.301322E-16
7024.403  2.304560E-16
7027.628  2.247872E-16
7030.854  2.246579E-16
7034.079  2.270834E-16
7037.305  2.165809E-16
7040.531  2.258096E-16
7043.757  2.226871E-16
7046.984  2.140109E-16
7050.21  2.289999E-16
7053.437  2.081284E-16
7056.665  2.088108E-16
7059.892  2.225045E-16
7063.119  2.109762E-16
7066.347  2.027855E-16
7069.575  1.985396E-16
7072.803  1.995108E-16
7076.031  1.959623E-16
7079.26  1.921730E-16
7082.488  1.871746E-16
7085.717  1.873207E-16
7088.947  1.998019E-16
7092.176  2.011253E-16
7095.405  2.006316E-16
7098.635  2.007672E-16
7101.865  1.904263E-16
7105.095  1.922022E-16
7108.326  1.837574E-16
7111.556  1.881042E-16
7114.787  1.822954E-16
7118.018  1.779395E-16
7121.249  1.824775E-16
7124.48  1.929490E-16
7127.712  2.030349E-16
7130.943  1.880143E-16
7134.175  1.787418E-16
7137.408  1.798181E-16
7140.64  1.786739E-16
7143.873  1.724047E-16
7147.105  1.731649E-16
7150.338  1.662318E-16
7153.571  1.792948E-16
7156.805  1.780892E-16
7160.039  1.713525E-16
7163.272  1.862428E-16
7166.506  1.794289E-16
7169.74  1.842978E-16
7172.975  1.675378E-16
7176.209  1.899112E-16
7179.444  1.718625E-16
7182.679  1.907336E-16
7185.914  1.562219E-16
7189.15  1.596324E-16
7192.385  1.652444E-16
7195.621  1.856728E-16
7198.857  1.808960E-16
7202.093  1.823498E-16
7205.33  1.740817E-16
7208.566  1.696712E-16
7211.803  1.777242E-16
7215.04  1.666662E-16
7218.277  1.801746E-16
7221.515  1.805848E-16
7224.752  1.871302E-16
7227.99  1.824879E-16
7231.228  1.762657E-16
7234.466  1.880764E-16
7237.705  1.778213E-16
7240.943  1.803795E-16
7244.182  1.698160E-16
7247.421  1.713896E-16
7250.66  1.729635E-16
7253.899  1.745371E-16
7257.139  1.761115E-16
7260.379  1.776856E-16
7263.619  1.792599E-16
7266.859  1.808340E-16
7270.1  1.824089E-16
7273.34  1.839830E-16
7276.581  1.855578E-16
7279.822  1.871324E-16
7283.063  1.814962E-16
7286.305  2.002288E-16
7289.546  1.901118E-16
7292.788  1.820841E-16
7296.03  1.740576E-16
7299.272  1.833080E-16
7302.515  1.963554E-16
7305.757  1.840159E-16
7309.  1.824408E-16
7312.243  1.821318E-16
7315.486  1.882583E-16
7318.73  1.892391E-16
7321.974  1.812931E-16
7325.217  1.831975E-16
7328.461  1.689764E-16
7331.706  1.669288E-16
7334.95  1.619227E-16
7338.195  1.636875E-16
7341.439  1.768135E-16
7344.685  1.792903E-16
7347.93  1.980074E-16
7351.175  1.815698E-16
7354.421  1.833332E-16
7357.667  1.884995E-16
7360.913  2.044408E-16
7364.159  1.852014E-16
7367.405  1.951710E-16
7370.652  1.886978E-16
7373.898  1.784272E-16
7377.146  1.775396E-16
7380.393  1.808898E-16
7383.64  1.661783E-16
7386.888  1.760238E-16
7390.136  1.634811E-16
7393.384  1.835268E-16
7396.632  1.646783E-16
7399.88  1.611072E-16
7403.129  1.782175E-16
7406.378  1.815592E-16
7409.627  1.986217E-16
7412.876  1.814988E-16
7416.126  1.755199E-16
7419.375  1.821321E-16
7422.625  1.590365E-16
7425.875  1.768528E-16
7429.125  1.691240E-16
7432.376  1.778020E-16
7435.627  1.826134E-16
7438.877  1.922034E-16
7442.129  1.787074E-16
7445.38  1.932995E-16
7448.631  1.955130E-16
7451.883  1.852441E-16
7455.135  1.904179E-16
7458.387  1.869669E-16
7461.639  2.022431E-16
7464.892  1.753109E-16
7468.145  1.996205E-16
7471.397  1.851853E-16
7474.65  1.932298E-16
7477.904  2.000302E-16
7481.157  2.002092E-16
7484.411  1.954049E-16
7487.665  2.073009E-16
7490.919  2.135000E-16
7494.173  2.180202E-16
7497.428  2.047740E-16
7500.683  2.091525E-16
7503.937  1.988333E-16
7507.193  1.850271E-16
7510.448  2.081010E-16
7513.704  2.114210E-16
7516.959  2.165739E-16
7520.215  2.028201E-16
7523.471  2.424632E-16
7526.728  2.161681E-16
7529.984  2.240614E-16
7533.241  2.145715E-16
7536.498  2.085486E-16
7539.755  2.115762E-16
7543.013  2.176141E-16
7546.27  2.152677E-16
7549.528  2.108055E-16
7552.786  2.028654E-16
7556.044  1.980815E-16
7559.303  2.070196E-16
7562.561  1.953028E-16
7565.82  2.066335E-16
7569.079  2.041121E-16
7572.338  2.010922E-16
7575.598  2.029180E-16
7578.857  2.046288E-16
7582.117  2.067037E-16
7585.377  2.170181E-16
7588.638  1.656452E-16
7591.898  1.345640E-16
7595.159  1.039647E-16
7598.42  7.565842E-17
7601.681  6.482740E-17
7604.942  7.894114E-17
7608.204  9.332184E-17
7611.465  1.276833E-16
7614.728  1.230719E-16
7617.99  1.185303E-16
7621.252  1.116823E-16
7624.515  9.442642E-17
7627.777  1.053845E-16
7631.04  8.849004E-17
7634.303  1.006200E-16
7637.567  1.025481E-16
7640.831  1.313408E-16
7644.094  1.305887E-16
7647.358  1.508965E-16
7650.623  1.611246E-16
7653.887  1.686484E-16
7657.152  1.435132E-16
7660.417  1.577617E-16
7663.682  1.606261E-16
7666.947  1.557770E-16
7670.212  1.533779E-16
7673.478  1.575249E-16
7676.744  1.556282E-16
7680.01  1.696970E-16
7683.277  1.659791E-16
7686.543  1.748857E-16
7689.81  1.826238E-16
7693.077  1.928693E-16
7696.344  1.805801E-16
7699.612  1.855143E-16
7702.879  1.652746E-16
7706.147  1.599164E-16
7709.415  1.726880E-16
7712.684  1.558136E-16
7715.952  1.451111E-16
7719.221  1.560076E-16
7722.49  1.613463E-16
7725.759  1.633049E-16
7729.028  1.883341E-16
7732.298  1.899179E-16
7735.567  1.823565E-16
7738.837  1.755442E-16
7742.108  1.850501E-16
7745.378  1.761216E-16
7748.649  1.650120E-16
7751.92  1.435020E-16
7755.191  1.489409E-16
7758.462  1.589314E-16
7761.734  1.619409E-16
7765.005  1.519379E-16
7768.277  1.503106E-16
7771.549  1.598478E-16
7774.822  1.532335E-16
7778.095  1.632741E-16
7781.367  1.722254E-16
7784.641  1.998885E-16
7787.914  1.802469E-16
7791.187  1.679289E-16
7794.461  1.396484E-16
7797.735  1.285122E-16
7801.009  1.223387E-16
7804.283  1.270971E-16
7807.558  1.422745E-16
7810.833  1.293292E-16
7814.108  1.381310E-16
7817.383  1.546607E-16
7820.659  1.442386E-16
7823.934  1.724101E-16
7827.21  1.582672E-16
7830.486  1.550807E-16
7833.763  1.611950E-16
7837.039  1.620688E-16
7840.316  1.391190E-16
7843.593  1.549998E-16
7846.871  1.445340E-16
7850.148  1.358401E-16
7853.426  1.417864E-16
7856.704  1.382272E-16
7859.981  1.225962E-16
7863.26  1.502436E-16
7866.539  1.409594E-16
7869.817  1.794312E-16
7873.097  1.600996E-16
7876.376  1.487364E-16
7879.655  1.538765E-16
7882.935  1.539547E-16
7886.215  1.359896E-16
7889.495  1.357161E-16
7892.776  1.152184E-16
7896.057  1.330850E-16
7899.337  1.306451E-16
7902.619  1.249015E-16
7905.9  1.131583E-16
7909.181  1.225929E-16
7912.463  1.365482E-16
7915.745  1.240887E-16
7919.027  1.451508E-16
7922.31  1.293417E-16
7925.593  1.460546E-16
7928.875  1.335055E-16
7932.159  1.290426E-16
7935.442  1.238082E-16
7938.726  1.061292E-16
7942.01  1.135766E-16
7945.294  1.130905E-16
7948.578  1.286031E-16
7951.863  1.368692E-16
7955.147  1.238474E-16
7958.433  1.123909E-16
7961.718  1.305632E-16
7965.003  1.467264E-16
7968.29  1.390600E-16
7971.575  1.434973E-16
7974.861  1.665562E-16
7978.148  1.594905E-16
7981.435  1.440603E-16
7984.722  1.428529E-16
7988.009  1.400578E-16
7991.296  1.374818E-16
7994.584  1.354492E-16
7997.872  1.359927E-16
8001.16  1.519139E-16
8004.448  1.550319E-16
8007.737  1.517799E-16
8011.026  1.655113E-16
8014.315  1.646038E-16
8017.604  1.305233E-16
8020.894  1.137361E-16
8024.184  1.447006E-16
8027.474  1.819302E-16
8030.764  1.677683E-16
8034.055  1.603618E-16
8037.345  1.614455E-16
8040.636  1.661834E-16
8043.928  1.540375E-16
8047.219  1.410203E-16
8050.511  1.468206E-16
8053.803  1.156649E-16
8057.095  1.255168E-16
8060.388  1.463370E-16
8063.68  1.451268E-16
8066.973  1.905743E-16
8070.267  1.873389E-16
8073.56  1.615662E-16
8076.854  1.745975E-16
8080.147  1.769031E-16
8083.442  1.630741E-16
8086.736  1.595700E-16
8090.031  1.630017E-16
8093.326  1.481908E-16
8096.621  1.590810E-16
8099.917  1.424710E-16
8103.212  1.440673E-16
8106.508  1.343412E-16
8109.805  1.363129E-16
8113.101  1.221810E-16
8116.398  1.519934E-16
8119.695  1.475214E-16
8122.992  1.532951E-16
8126.29  1.557517E-16
8129.587  1.680408E-16
8132.885  1.568560E-16
8136.184  1.430378E-16
8139.482  1.665718E-16
8142.781  1.420658E-16
8146.08  1.584060E-16
8149.379  1.373425E-16
8152.678  1.394033E-16
8155.978  1.289647E-16
8159.278  1.299284E-16
8162.579  1.083085E-16
8165.879  1.228894E-16
8169.18  1.312475E-16
8172.481  1.208746E-16
8175.782  1.177873E-16
8179.084  1.333236E-16
8182.386  1.253575E-16
8185.688  1.697250E-16
8188.99  1.695897E-16
8192.293  1.610933E-16
8195.596  1.574251E-16
8198.898  1.578930E-16
8202.202  1.769120E-16
8205.506  1.438090E-16
8208.81  1.502208E-16
8212.114  1.370844E-16
8215.419  1.441667E-16
8218.724  1.346361E-16
8222.028  1.308387E-16
8225.334  1.165279E-16
8228.639  1.145620E-16
8231.945  1.218422E-16
8235.251  1.098738E-16
8238.558  1.326428E-16
8241.864  1.283249E-16
8245.171  1.264932E-16
8248.478  1.372923E-16
8251.785  1.366997E-16
8255.093  1.597751E-16
8258.401  1.522666E-16
8261.709  1.486381E-16
8265.018  1.553813E-16
8268.326  1.552420E-16
8271.636  1.518877E-16
8274.944  1.592098E-16
8278.255  1.346235E-16
8281.564  1.454649E-16
8284.874  1.415037E-16
8288.185  1.377166E-16
8291.495  1.166956E-16
8294.807  1.135371E-16
8298.118  1.486742E-16
8301.43  1.489540E-16
8304.741  1.492338E-16
8308.053  1.495136E-16
8311.365  1.497934E-16
8314.678  1.469310E-16
8317.991  1.591936E-16
8321.304  1.392735E-16
8324.617  1.389939E-16
8327.932  1.442780E-16
8331.245  1.250193E-16
8334.56  1.462910E-16
8337.874  1.235144E-16
8341.189  1.298029E-16
8344.505  1.351884E-16
8347.82  1.405740E-16
8351.136  1.459595E-16
8354.451  1.157940E-16
8357.768  1.141537E-16
8361.085  1.335050E-16
8364.401  1.218932E-16
8367.719  1.290868E-16
8371.036  1.362479E-16
8374.354  1.364050E-16
8377.672  1.216077E-16
8380.99  1.077444E-16
8384.309  1.150604E-16
8387.628  1.242802E-16
8390.946  8.867252E-17
8394.267  8.377221E-17
8397.586  1.156564E-16
8400.906  1.382908E-16
8404.227  1.630565E-16
8407.547  1.432211E-16
8410.868  1.611015E-16
8414.189  1.411238E-16
8417.511  1.405847E-16
8420.833  1.196281E-16
8424.155  1.380997E-16
8427.478  1.274314E-16
8430.8  1.107535E-16
8434.123  1.130606E-16
8437.446  1.172201E-16
8440.77  1.290842E-16
8444.094  9.664553E-17
8447.418  1.186390E-16
8450.742  1.289208E-16
8454.067  1.407823E-16
8457.393  1.263218E-16
8460.718  1.464086E-16
8464.044  1.505165E-16
8467.37  1.218835E-16
8470.696  1.178680E-16
8474.022  1.202348E-16
8477.35  1.304043E-16
8480.677  1.180970E-16
8484.005  1.331428E-16
8487.332  1.235922E-16
8490.66  1.020889E-16
8493.989  1.093351E-16
8497.317  1.236615E-16
8500.646  1.125237E-16
8503.977  1.246982E-16
8507.306  1.370159E-16
8510.636  1.424986E-16
8513.967  1.567918E-16
8517.297  1.454284E-16
8520.628  1.331488E-16
8523.959  1.191919E-16
8527.291  1.001517E-16
8530.623  1.198129E-16
8533.955  9.785923E-17
8537.288  1.122114E-16
8540.62  1.010420E-16
8543.954  1.082452E-16
8547.287  1.039316E-16
8550.621  1.170118E-16
8553.955  1.203161E-16
8557.29  1.483716E-16
8560.624  1.241050E-16
8563.959  1.126623E-16
8567.295  1.337174E-16
8570.631  1.166209E-16
8573.967  9.345486E-17
8577.303  8.672065E-17
8580.64  7.803078E-17
8583.977  9.176711E-17
8587.314  6.546522E-17
8590.652  9.435598E-17
8593.99  9.492844E-17
8597.328  9.950951E-17
8600.667  1.012568E-16
8604.006  1.236087E-16
8607.346  9.726863E-17
8610.685  1.384191E-16
8614.025  1.167379E-16
8617.365  1.256489E-16
8620.706  9.412799E-17
8624.047  1.122059E-16
8627.389  7.121594E-17
8630.729  6.821044E-17
8634.072  6.765073E-17
8637.414  6.854411E-17
8640.757  7.665244E-17
8644.1  7.009300E-17
8647.443  8.497515E-17
8650.787  8.320828E-17
8654.131  8.437564E-17
8657.476  9.825730E-17
8660.82  1.200767E-16
8664.165  8.084894E-17
8667.51  6.710759E-17
8670.855  6.375712E-17
8674.202  7.326693E-17
8677.549  7.458756E-17
8680.896  6.467235E-17
8684.242  7.426621E-17
8687.59  7.748610E-17
8690.938  7.275488E-17
8694.285  6.422435E-17
8697.634  6.893903E-17
8700.982  6.297331E-17
8704.332  7.994617E-17
8707.682  7.212748E-17
8711.031  9.707122E-17
8714.382  1.012862E-16
8717.732  8.566268E-17
8721.083  1.035638E-16
8724.435  9.830950E-17
8727.786  1.094228E-16
8731.138  1.263053E-16
8734.49  1.169699E-16
8737.843  1.257989E-16
8741.196  1.343227E-16
8744.55  1.390220E-16
8747.903  1.258134E-16
8751.257  1.053031E-16
8754.611  1.449380E-16
8757.967  1.408153E-16
8761.321  1.338007E-16
8764.678  1.279305E-16
8768.033  1.814243E-16
8771.39  1.253234E-16
8774.746  1.633638E-16
8778.104  2.166737E-16
8781.461  1.852917E-16
8784.818  1.731977E-16
8788.177  1.764182E-16
8791.535  1.563037E-16
8794.894  1.840950E-16
8798.253  1.737063E-16
8801.612  1.601687E-16
8804.973  1.784630E-16
8808.333  1.335183E-16
8811.693  1.417580E-16
8815.055  1.426319E-16
8818.416  1.260590E-16
8821.777  1.184740E-16
8825.14  1.086702E-16
8828.502  1.041813E-16
8831.865  1.221454E-16
8835.229  2.037617E-16
8838.593  1.248737E-16
8841.956  1.627086E-16
8845.321  1.267585E-16
8848.686  1.508043E-16
8852.051  1.774687E-16
8855.416  1.782436E-16
8858.782  1.982522E-16
8862.148  2.039926E-16
8865.516  1.817651E-16
8868.883  1.773085E-16
8872.25  1.771722E-16
8875.618  2.035311E-16
8878.986  1.919462E-16
8882.354  1.999435E-16
8885.724  2.193862E-16
8889.094  2.223021E-16
8892.463  2.807371E-16
8895.833  2.508929E-16
8899.204  2.705289E-16
8902.575  2.716254E-16
8905.946  2.359464E-16
8909.318  2.214491E-16
8912.69  2.918048E-16
8916.063  2.523253E-16
8919.436  2.461196E-16
8922.81  2.770910E-16
8926.183  2.927052E-16
8929.558  2.879131E-16
8932.932  2.823600E-16
8936.307  2.582869E-16
8939.682  2.364066E-16
8943.058  2.551696E-16
8946.434  2.827800E-16
8949.811  2.909694E-16
8953.188  3.036548E-16
8956.564  2.863849E-16
8959.942  2.706890E-16
8963.32  2.846636E-16
8966.699  2.164376E-16
8970.078  2.272125E-16
8973.458  2.465244E-16
8976.838  2.316599E-16
8980.218  2.429303E-16
8983.599  2.156845E-16
8986.979  2.071795E-16
8990.361  2.176699E-16
8993.743  2.046367E-16
8997.125  2.398429E-16
9000.508  2.328088E-16
9003.891  2.321496E-16
9007.274  2.022050E-16
9010.658  2.320499E-16
9014.043  2.135608E-16
9017.428  2.334260E-16
9020.813  2.312794E-16
9024.198  1.983564E-16
9027.585  1.456467E-16
9030.971  1.804949E-16
9034.357  2.028680E-16
9037.745  1.724894E-16
9041.133  1.556745E-16
9044.521  1.496182E-16
9047.91  1.393837E-16
9051.299  1.381223E-16
9054.688  1.612273E-16
9058.078  1.471401E-16
9061.469  1.651584E-16
9064.859  1.611791E-16
9068.25  1.771598E-16
9071.642  1.490117E-16
9075.034  1.461008E-16
9078.427  1.661057E-16
9081.819  1.675862E-16
9085.213  1.547417E-16
9088.606  1.504581E-16
9092.001  1.307098E-16
9095.396  1.254519E-16
9098.791  1.005216E-16
9102.187  7.298731E-17
9105.582  6.129888E-17
9108.979  5.626951E-17
9112.375  4.756532E-17
9115.772  4.171995E-17
9119.171  3.074433E-17
9122.56800000002  2.415971E-17
9125.968  1.334833E-17
9129.366  3.714574E-18
9132.766  -8.088517E-18
9136.166  -2.048092E-17
9139.566  -3.693234E-17
9142.968  -5.439185E-17
