4.999999999999996362e+03 6.499166807856407001e-16
5.003507340908046899e+03 3.923346232700980095e-16
5.007014681816097436e+03 5.857312768997883969e-16
5.010522022724147973e+03 6.706401888731644122e-16
5.014029363632198510e+03 6.815825310627098878e-16
5.017536704540249048e+03 7.196282334984984656e-16
5.021044045448299585e+03 6.624829968933094830e-16
5.024551386356350122e+03 5.075570180109129168e-16
5.028058727264400659e+03 6.023214230233887335e-16
5.031566068172451196e+03 7.640786167462728252e-16
5.035073409080501733e+03 4.824408499984876066e-16
5.038580749988552270e+03 6.098451931773750563e-16
5.042088090896602807e+03 7.335130622676869737e-16
5.045595431804653344e+03 5.056677110220621999e-16
5.049102772712703882e+03 2.530785686234487877e-16
5.052610113620754419e+03 2.466771700641336162e-16
5.056117454528804956e+03 4.989546043381574460e-16
5.059624795436855493e+03 6.034503591234011057e-16
5.063132136344906030e+03 6.167953632073926076e-16
5.066639477252956567e+03 5.646479386283592174e-16
5.070146818161007104e+03 6.294031309899176477e-16
5.073654159069057641e+03 7.918571151910368082e-16
5.077161499977108178e+03 6.750820296485659632e-16
5.080668840885158716e+03 8.099209398241820172e-16
5.084176181793209253e+03 9.401804193100268998e-16
5.087683522701259790e+03 6.910615708963143561e-16
5.091190863609310327e+03 3.717076504687816859e-16
5.094698204517360864e+03 4.361907334960346723e-16
5.098205545425411401e+03 3.250860835491781392e-16
5.101712886333461938e+03 4.727575693454764451e-16
5.105220227241512475e+03 7.091130606121651744e-16
5.108727568149563012e+03 6.181936028450726438e-16
5.112234909057613550e+03 4.379407035650620568e-16
5.115742249965664087e+03 6.463174789740795678e-16
5.119249590873714624e+03 5.868260669841145801e-16
5.122756931781765161e+03 4.248517151893781672e-16
5.126264272689815698e+03 4.791817319152490758e-16
5.129771613597866235e+03 3.794221883243574381e-16
5.133278954505916772e+03 4.320649418890773821e-16
5.136786295413967309e+03 6.416968613072481561e-16
5.140293636322017846e+03 8.763337227239579100e-16
5.143800977230068384e+03 7.661406125772450126e-16
5.147308318138118921e+03 5.973667567379839071e-16
5.150815659046169458e+03 4.448995556827889646e-16
5.154322999954219995e+03 4.505321130237932483e-16
5.157830340862270532e+03 8.523398204270853443e-16
5.161337681770321069e+03 1.060725913198522653e-15
5.164845022678371606e+03 8.918382373069742505e-16
5.168352363586422143e+03 5.472953569731116037e-16
5.171859704494472680e+03 5.925116168238814610e-16
5.175367045402523217e+03 5.941257439839929370e-16
5.178874386310573755e+03 6.032396067382123951e-16
5.182381727218624292e+03 8.102581118767484322e-16
5.185889068126674829e+03 5.102047900644706563e-16
5.189396409034725366e+03 5.121367663380393086e-16
5.192903749942775903e+03 6.850675951846285031e-16
5.196411090850826440e+03 6.894033450833864530e-16
5.199918431758876977e+03 8.935359030915086820e-16
5.203425772666927514e+03 7.769976161973546173e-16
5.206933113574978051e+03 4.350997021204119301e-16
5.210440454483028589e+03 3.791954217225097009e-16
5.213947795391079126e+03 6.481874630238210460e-16
5.217455136299129663e+03 5.925956848438964503e-16
5.220962477207180200e+03 4.721542171892353663e-16
5.224469818115230737e+03 6.652109723790603640e-16
5.227977159023281274e+03 5.445705578609129262e-16
5.231484499931331811e+03 5.664328488064608418e-16
5.234991840839382348e+03 5.219698659435960744e-16
5.238499181747432885e+03 5.221580131370049359e-16
5.242006522655483423e+03 6.581874810595461124e-16
5.245513863563533960e+03 6.079330162989484733e-16
5.249021204471584497e+03 4.991089231532353388e-16
5.252528545379635034e+03 3.621060820254009627e-16
5.256035886287685571e+03 4.040237573515461592e-16
5.259543227195736108e+03 4.330002250815237399e-16
5.263050568103786645e+03 3.585051861479453218e-16
5.266557909011837182e+03 3.653974138304147586e-16
5.270065249919887719e+03 3.092859015280108445e-16
5.273572590827938257e+03 3.213118106153313837e-16
5.277079931735988794e+03 2.880521090293256198e-16
5.280587272644039331e+03 3.677423716053290857e-16
5.284094613552089868e+03 1.819434711636117637e-16
5.287601954460140405e+03 1.193512833119855961e-16
5.291109295368190942e+03 1.595321969891246548e-16
5.294616636276241479e+03 1.473013853379073800e-16
5.298123977184292016e+03 2.636148908636838347e-16
5.301631318092342553e+03 3.895528876619760821e-16
5.305138659000393091e+03 4.764248514301731418e-16
5.308645999908443628e+03 3.855872646913886597e-16
5.312153340816494165e+03 2.079351536061428002e-16
5.315660681724544702e+03 3.535829453425525740e-16
5.319168022632595239e+03 5.865845567150286977e-16
5.322675363540645776e+03 4.350845084669205561e-16
5.326182704448696313e+03 3.593016088766011777e-16
5.329690045356746850e+03 5.035815218125340616e-16
5.333197386264797387e+03 5.286700553750552003e-16
5.336704727172847925e+03 5.397185413808034803e-16
5.340212068080898462e+03 4.973970695668343978e-16
5.343719408988948999e+03 5.921073703498043461e-16
5.347226749896999536e+03 6.041402674589397333e-16
5.350734090805050073e+03 5.259194217579652667e-16
5.354241431713100610e+03 5.776759935714000007e-16
5.357748772621151147e+03 4.914434867388207343e-16
5.361256113529201684e+03 4.772527731965550170e-16
5.364763454437252221e+03 5.042715360271910960e-16
5.368270795345302759e+03 6.115741991809578969e-16
5.371778136253353296e+03 5.494156392587667276e-16
5.375285477161403833e+03 6.495523507392029442e-16
5.378792818069455279e+03 7.660438920025804121e-16
5.382300158977505816e+03 7.719935043636538211e-16
5.385807499885556354e+03 6.835813699995524264e-16
5.389314840793606891e+03 6.934577741645375683e-16
5.392822181701657428e+03 7.292867384378024388e-16
5.396329522609707965e+03 6.619163847911555595e-16
5.399836863517758502e+03 5.286129335906747384e-16
5.403344204425809039e+03 6.124692483084096754e-16
5.406851545333859576e+03 4.661557416150172248e-16
5.410358886241910113e+03 4.468554606371175509e-16
5.413866227149960650e+03 5.707961802155637598e-16
5.417373568058011188e+03 3.613200354503489720e-16
5.420880908966061725e+03 2.035742574167632383e-16
5.424388249874112262e+03 5.855257125914016189e-16
5.427895590782162799e+03 6.038850987835793754e-16
5.431402931690213336e+03 4.425466834437737302e-16
5.434910272598263873e+03 6.635762517304187678e-16
5.438417613506314410e+03 5.671605559872706925e-16
5.441924954414364947e+03 4.311866481321134778e-16
5.445432295322415484e+03 3.885091577825015722e-16
5.448939636230466022e+03 4.370776564011487298e-16
5.452446977138516559e+03 5.594989312211187324e-16
5.455954318046567096e+03 5.881838607985632236e-16
5.459461658954617633e+03 4.376703677059899265e-16
5.462968999862668170e+03 4.469198351411088777e-16
5.466476340770718707e+03 5.016852797414277001e-16
5.469983681678769244e+03 6.085813670805124368e-16
5.473491022586819781e+03 6.071133001642431241e-16
5.476998363494870318e+03 5.482568981869228447e-16
5.480505704402920856e+03 5.343883218624097785e-16
5.484013045310971393e+03 4.990865297196923032e-16
5.487520386219021930e+03 6.345394329029493182e-16
5.491027727127072467e+03 7.002264144460466824e-16
5.494535068035123004e+03 7.246547387657422973e-16
5.498042408943173541e+03 6.747492515794134300e-16
5.501549749851224078e+03 7.444088705846926661e-16
5.505057090759274615e+03 5.688793975954864815e-16
5.508564431667325152e+03 3.524224572652549792e-16
5.512071772575375689e+03 2.930690851759128407e-16
5.515579113483426227e+03 4.272509889520351763e-16
5.519086454391476764e+03 6.347475912497370625e-16
5.522593795299527301e+03 5.852326921312108344e-16
5.526101136207577838e+03 4.605946526789375228e-16
5.529608477115628375e+03 6.031396568504363877e-16
5.533115818023678912e+03 6.367164134565112769e-16
5.536623158931729449e+03 5.944482517786600119e-16
5.540130499839779986e+03 6.176502312094090102e-16
5.543637840747830523e+03 5.784568520696500588e-16
5.547145181655881061e+03 5.923687329535915012e-16
5.550652522563931598e+03 7.014151193083996861e-16
5.554159863471982135e+03 7.766334449695944716e-16
5.557667204380032672e+03 5.865689395450636966e-16
5.561174545288083209e+03 2.320962919705388868e-16
5.564681886196133746e+03 3.747003502203291375e-16
5.568189227104184283e+03 5.539146018185487404e-16
5.571696568012234820e+03 5.118598395038463558e-16
5.575203908920285357e+03 6.988678265382099880e-16
5.578711249828335895e+03 5.702469322888285494e-16
5.582218590736386432e+03 3.865148716477505254e-16
5.585725931644436969e+03 3.512593751495564180e-16
5.589233272552487506e+03 2.890316496932660148e-16
5.592740613460538043e+03 3.873061062996044487e-16
5.596247954368588580e+03 5.045070641260869949e-16
5.599755295276639117e+03 6.096984976588224522e-16
5.603262636184689654e+03 6.388928116749219982e-16
5.606769977092740191e+03 5.131284301610372807e-16
5.610277318000790729e+03 5.189013302734897613e-16
5.613784658908841266e+03 6.133694325731041831e-16
5.617291999816891803e+03 6.002318456820715780e-16
5.620799340724942340e+03 5.343733399671552180e-16
5.624306681632992877e+03 5.721821378755086087e-16
5.627814022541043414e+03 6.492425484387446839e-16
5.631321363449093951e+03 5.497866396896641111e-16
5.634828704357144488e+03 2.716573628187450096e-16
5.638336045265195025e+03 2.853266481726369000e-16
5.641843386173245563e+03 3.602371567668435524e-16
5.645350727081296100e+03 3.970170478722993834e-16
5.648858067989346637e+03 4.016994460047211557e-16
5.652365408897397174e+03 4.731340754905309816e-16
5.655872749805447711e+03 5.772117665767454407e-16
5.659380090713498248e+03 4.138440455837757038e-16
5.662887431621548785e+03 3.930937765490746761e-16
5.666394772529599322e+03 4.568003685917118844e-16
5.669902113437649859e+03 4.948092250942949001e-16
5.673409454345700397e+03 3.958012379556342421e-16
5.676916795253750934e+03 3.891933221758666316e-16
5.680424136161801471e+03 3.990413507371187544e-16
5.683931477069852008e+03 3.334314491922215316e-16
5.687438817977902545e+03 3.557987570627902220e-16
5.690946158885953082e+03 3.550411655008100555e-16
5.694453499794003619e+03 4.836929764527662760e-16
5.697960840702054156e+03 7.071547204381132320e-16
5.701468181610104693e+03 5.218487402321387095e-16
5.704975522518155231e+03 3.892888251406695539e-16
5.708482863426205768e+03 5.713253111098016805e-16
5.711990204334256305e+03 7.113144992420791009e-16
5.715497545242306842e+03 6.246176595357268678e-16
5.719004886150357379e+03 5.195498928132905384e-16
5.722512227058407916e+03 5.313789726194928596e-16
5.726019567966458453e+03 4.460578732381592203e-16
5.729526908874508990e+03 3.799854652342815478e-16
5.733034249782559527e+03 5.460684297490137496e-16
5.736541590690610064e+03 5.693551124744881779e-16
5.740048931598660602e+03 4.977684935142054085e-16
5.743556272506711139e+03 5.228024993307470517e-16
5.747063613414761676e+03 4.008980469575001808e-16
5.750570954322812213e+03 5.115704718732406054e-16
5.754078295230862750e+03 6.932269576864107715e-16
5.757585636138913287e+03 4.900571055624022582e-16
5.761092977046963824e+03 3.753182078157919462e-16
5.764600317955014361e+03 4.199640439161452356e-16
5.768107658863064898e+03 4.971264425401866489e-16
5.771614999771115436e+03 3.882572978295914263e-16
5.775122340679165973e+03 2.938335853503690502e-16
5.778629681587216510e+03 4.329059926661416990e-16
5.782137022495267047e+03 4.552662331055567363e-16
5.785644363403317584e+03 4.814713149112366530e-16
5.789151704311368121e+03 4.897937312553653742e-16
5.792659045219418658e+03 4.257750605112241597e-16
5.796166386127469195e+03 4.484237421389588880e-16
5.799673727035519732e+03 3.859903729649429016e-16
5.803181067943570270e+03 3.851946649203362915e-16
5.806688408851620807e+03 4.820217275082743381e-16
5.810195749759671344e+03 4.190932675765882132e-16
5.813703090667721881e+03 4.743926076314732617e-16
5.817210431575772418e+03 3.486465167352933167e-16
5.820717772483822955e+03 2.205657251037947022e-16
5.824225113391873492e+03 2.411983756728355898e-16
5.827732454299924029e+03 3.101221348051876525e-16
5.831239795207974566e+03 4.645378557462023078e-16
5.834747136116025104e+03 5.393751224602510649e-16
5.838254477024075641e+03 4.166697210260364480e-16
5.841761817932126178e+03 3.964076870760887194e-16
5.845269158840176715e+03 3.600247897250991383e-16
5.848776499748227252e+03 2.245957093434836505e-16
5.852283840656277789e+03 2.902669148979384033e-16
5.855791181564328326e+03 4.276451239703044430e-16
5.859298522472378863e+03 5.030911956151922285e-16
5.862805863380429400e+03 4.538529056935037328e-16
5.866313204288479938e+03 3.654841817679491209e-16
5.869820545196530475e+03 2.914417495957801179e-16
5.873327886104581012e+03 4.570915891068897535e-16
5.876835227012631549e+03 4.074663110074244494e-16
5.880342567920682086e+03 3.789783959995553881e-16
5.883849908828732623e+03 4.800163770056497820e-16
5.887357249736783160e+03 3.388563775820301049e-16
5.890864590644833697e+03 2.089948712324967350e-16
5.894371931552884234e+03 3.489137556301520485e-16
5.897879272460934772e+03 4.612437446143303338e-16
5.901386613368985309e+03 4.750173473696325116e-16
5.904893954277035846e+03 4.217837618544230914e-16
5.908401295185086383e+03 2.698922785055650562e-16
5.911908636093136920e+03 3.206017323077362631e-16
5.915415977001187457e+03 4.090292191440066420e-16
5.918923317909237994e+03 4.039980551955529115e-16
5.922430658817288531e+03 5.001675025790664007e-16
5.925937999725339068e+03 5.123350779268152216e-16
5.929445340633389606e+03 5.198762651957794610e-16
5.932952681541440143e+03 4.604352516661761041e-16
5.936460022449490680e+03 4.171910168655122665e-16
5.939967363357541217e+03 3.580498794690165337e-16
5.943474704265591754e+03 3.445554799489530546e-16
5.946982045173642291e+03 2.989867220432273999e-16
5.950489386081692828e+03 2.568617618730213150e-16
5.953996726989743365e+03 2.397561697312371350e-16
5.957504067897793902e+03 2.124859969339441389e-16
5.961011408805844439e+03 1.798181728547221182e-16
5.964518749713894977e+03 2.861073478522093479e-16
5.968026090621945514e+03 3.565446754519660403e-16
5.971533431529996051e+03 3.334635040953191866e-16
5.975040772438046588e+03 2.026707247249491159e-16
5.978548113346097125e+03 1.007701663935293252e-16
5.982055454254147662e+03 2.782582111673589671e-16
5.985562795162198199e+03 2.381786502763148057e-16
5.989070136070248736e+03 1.003936668659196891e-16
5.992577476978299273e+03 2.022255559716077777e-16
5.996084817886349811e+03 2.422758809910818649e-16
5.999592158794400348e+03 1.872929606815555009e-16
6.003099499702450885e+03 1.813667079009805894e-16
6.006606840610501422e+03 2.498835074068463634e-16
6.010114181518551959e+03 2.516814142467324210e-16
6.013621522426602496e+03 2.437895818073845030e-16
6.017128863334653033e+03 2.321624664195431290e-16
6.020636204242703570e+03 2.237305181274225861e-16
6.024143545150754107e+03 2.737842360795209561e-16
6.027650886058804645e+03 1.974541399703854988e-16
6.031158226966855182e+03 7.968420099647467725e-17
6.034665567874905719e+03 1.841754691540758494e-16
6.038172908782956256e+03 2.841609190789781691e-16
6.041680249691006793e+03 1.952617937097647551e-16
6.045187590599057330e+03 3.403296325751013502e-16
6.048694931507107867e+03 4.332841399375315407e-16
6.052202272415158404e+03 2.690776180987636311e-16
6.055709613323208941e+03 3.151923946181130892e-16
6.059216954231259479e+03 3.254289995439181224e-16
6.062724295139310016e+03 1.439662725174323775e-16
6.066231636047360553e+03 2.662974706774178055e-16
6.069738976955411090e+03 2.702005720285860198e-16
6.073246317863461627e+03 2.713930885392016679e-16
6.076753658771512164e+03 2.785289970126843262e-16
6.080260999679562701e+03 3.148810306006583288e-16
6.083768340587613238e+03 4.119397302298908247e-16
6.087275681495663775e+03 3.582166126107276223e-16
6.090783022403714313e+03 2.198016616807019208e-16
6.094290363311764850e+03 3.233344458840358478e-16
6.097797704219815387e+03 5.182981369359262926e-16
6.101305045127865924e+03 4.479440567930169370e-16
6.104812386035916461e+03 3.419522300646853693e-16
6.108319726943966998e+03 3.790715960935329629e-16
6.111827067852017535e+03 3.088534647386579225e-16
6.115334408760068072e+03 2.450656369424231065e-16
6.118841749668118609e+03 3.488217996158157535e-16
6.122349090576169147e+03 4.112772710557991568e-16
6.125856431484219684e+03 2.729011248226695429e-16
6.129363772392270221e+03 3.160133548324597181e-16
6.132871113300320758e+03 4.121604881917689768e-16
6.136378454208371295e+03 4.265201318674527236e-16
6.139885795116421832e+03 3.907761091169296985e-16
6.143393136024472369e+03 3.904092644414297814e-16
6.146900476932522906e+03 2.846379309771803487e-16
6.150407817840573443e+03 2.258004019527160792e-16
6.153915158748623981e+03 2.556912152794750754e-16
6.157422499656674518e+03 3.145866337119282560e-16
6.160929840564725055e+03 3.432817806242990022e-16
6.164437181472775592e+03 3.088439620877809133e-16
6.167944522380826129e+03 2.441448062496392752e-16
6.171451863288876666e+03 2.527740073393516633e-16
6.174959204196927203e+03 2.866103795437599955e-16
6.178466545104977740e+03 3.164798846979396257e-16
6.181973886013028277e+03 1.997787160150065193e-16
6.185481226921078814e+03 1.523172365188615288e-16
6.188988567829129352e+03 2.341487586808544633e-16
6.192495908737179889e+03 1.415977301688929385e-16
6.196003249645230426e+03 1.738577475886814161e-16
6.199510590553280963e+03 2.975930881471980588e-16
6.203017931461331500e+03 2.751558471189216853e-16
6.206525272369382037e+03 2.456230640310552412e-16
6.210032613277432574e+03 3.006567533778576598e-16
6.213539954185483111e+03 3.308378343077288640e-16
6.217047295093533648e+03 1.366191881422873814e-16
6.220554636001584186e+03 1.373245812988930017e-16
6.224061976909634723e+03 3.349492263545828311e-16
6.227569317817685260e+03 2.656398554729932481e-16
6.231076658725735797e+03 2.349594221509360321e-16
6.234583999633786334e+03 2.344845807746611917e-16
6.238091340541836871e+03 8.840316110881641948e-17
6.241598681449887408e+03 8.617865406597961407e-17
6.245106022357937945e+03 1.317987898139121625e-16
6.248613363265988482e+03 1.151429589322302150e-16
6.252120704174039020e+03 1.460650481071611227e-16
6.255628045082089557e+03 2.656176208581278227e-16
6.259135385990140094e+03 3.370449711545471820e-16
6.262642726898190631e+03 3.858427510041042381e-16
6.266150067806241168e+03 2.993122473927690682e-16
6.269657408714291705e+03 1.720677022733370625e-16
6.273164749622342242e+03 1.506204574719437542e-16
6.276672090530392779e+03 2.468103130555301516e-16
6.280179431438443316e+03 3.068523758705492396e-16
6.283686772346493854e+03 2.765716626902572483e-16
6.287194113254544391e+03 1.943882380433495545e-16
6.290701454162594928e+03 3.232296255568131282e-16
6.294208795070645465e+03 3.287840441084332026e-16
6.297716135978696002e+03 2.830682995165793251e-16
6.301223476886746539e+03 2.688807623478658114e-16
6.304730817794797076e+03 2.280107873681353793e-16
6.308238158702847613e+03 1.040332880309326126e-16
6.311745499610898150e+03 2.268092711324551543e-16
6.315252840518948688e+03 3.250787778900080709e-16
6.318760181426999225e+03 3.223373292864399262e-16
6.322267522335049762e+03 3.277390172097582096e-16
6.325774863243101208e+03 3.269319536297024716e-16
6.329282204151151745e+03 2.359966139948489229e-16
6.332789545059202283e+03 3.001836854768161330e-16
6.336296885967252820e+03 4.107436932385881510e-16
6.339804226875303357e+03 3.216696820355463256e-16
6.343311567783353894e+03 2.773570475208191966e-16
6.346818908691404431e+03 3.703539594701713055e-16
6.350326249599454968e+03 3.680986018992087223e-16
6.353833590507505505e+03 3.965825464401375290e-16
6.357340931415556042e+03 3.425215950239178693e-16
6.360848272323606579e+03 2.991501994020474798e-16
6.364355613231657117e+03 4.436448087203297272e-16
6.367862954139707654e+03 2.729325179812771554e-16
6.371370295047758191e+03 2.133305020172464772e-16
6.374877635955808728e+03 2.160085952033379605e-16
6.378384976863859265e+03 2.623291477893110102e-16
6.381892317771909802e+03 4.327015400884981922e-16
6.385399658679960339e+03 5.043492513001016780e-16
6.388906999588010876e+03 3.078853590195054606e-16
6.392414340496061413e+03 2.071458644830896016e-16
6.395921681404111951e+03 2.371825130605641468e-16
6.399429022312162488e+03 3.768971301690331654e-16
6.402936363220213025e+03 3.103166612154805229e-16
6.406443704128263562e+03 2.358133107711071720e-16
6.409951045036314099e+03 3.061548177687057216e-16
6.413458385944364636e+03 2.956497298684006769e-16
6.416965726852415173e+03 2.913955333605955551e-16
6.420473067760465710e+03 2.956596560357513132e-16
6.423980408668516247e+03 3.831011435818584832e-16
6.427487749576566785e+03 3.437898415739739722e-16
6.430995090484617322e+03 3.294099485168949272e-16
6.434502431392667859e+03 3.737108039796993011e-16
6.438009772300718396e+03 3.067066067942826949e-16
6.441517113208768933e+03 2.998650158001913042e-16
6.445024454116819470e+03 4.004077207601583477e-16
6.448531795024870007e+03 4.499626951250015449e-16
6.452039135932920544e+03 3.229400196981909625e-16
6.455546476840971081e+03 3.723572453299869292e-16
6.459053817749021619e+03 3.930350401081385107e-16
6.462561158657072156e+03 3.984996202277904260e-16
6.466068499565122693e+03 3.894773164412132374e-16
6.469575840473173230e+03 3.941617792164439421e-16
6.473083181381223767e+03 4.354730318919142629e-16
6.476590522289274304e+03 5.519682259848767650e-16
6.480097863197324841e+03 4.827361468597241370e-16
6.483605204105375378e+03 3.879860884677924400e-16
6.487112545013425915e+03 5.449467993081714458e-16
6.490619885921476452e+03 5.668081902812129036e-16
6.494127226829526990e+03 4.680831650864943853e-16
6.497634567737577527e+03 4.647328321427484071e-16
6.501141908645628064e+03 4.427012934264272417e-16
6.504649249553678601e+03 4.743125630179577303e-16
6.508156590461729138e+03 5.920233023297893568e-16
6.511663931369779675e+03 3.325366118230065667e-16
6.515171272277830212e+03 3.991088222053234798e-16
6.518678613185880749e+03 4.440901098225690739e-16
6.522185954093931286e+03 2.384367570972109520e-16
6.525693295001981824e+03 3.054774561086982983e-16
6.529200635910032361e+03 4.231904188820164673e-16
6.532707976818082898e+03 3.886329834114783102e-16
6.536215317726133435e+03 4.615700640572600530e-16
6.539722658634183972e+03 3.603079369574984899e-16
6.543229999542234509e+03 2.566798350778188523e-16
6.546737340450285046e+03 3.495303162064143741e-16
6.550244681358335583e+03 5.001604616176923493e-16
6.553752022266386120e+03 4.200452796697428434e-16
6.557259363174436658e+03 3.306855007261210984e-16
6.560766704082487195e+03 3.330231528418653572e-16
6.564274044990537732e+03 3.353600902735603701e-16
6.567781385898588269e+03 2.971836271265394097e-16
6.571288726806638806e+03 2.749675940463944170e-16
6.574796067714689343e+03 4.801962656278229141e-16
6.578303408622739880e+03 4.476711004257642387e-16
6.581810749530790417e+03 2.664080614165936951e-16
6.585318090438840954e+03 2.980375422164901512e-16
6.588825431346891492e+03 3.356658691675191725e-16
6.592332772254942029e+03 3.887795201113533041e-16
6.595840113162992566e+03 4.105569489434981794e-16
6.599347454071043103e+03 3.438271639632123648e-16
6.602854794979093640e+03 3.487869124463007170e-16
6.606362135887144177e+03 1.999584325836122403e-16
6.609869476795194714e+03 2.434706209631840555e-16
6.613376817703245251e+03 2.502896861748344021e-16
6.616884158611295788e+03 1.817549136886190760e-16
6.620391499519346326e+03 1.025366469875832682e-16
6.623898840427396863e+03 8.170064233675234430e-17
6.627406181335447400e+03 1.800196608170502349e-16
6.630913522243497937e+03 2.270749747800969876e-16
6.634420863151548474e+03 1.371901809929653858e-16
6.637928204059599011e+03 8.384432390757536827e-17
6.641435544967649548e+03 9.426110200568425172e-17
6.644942885875700085e+03 9.072491812190985926e-17
6.648450226783750622e+03 1.042178287168707429e-16
6.651957567691801160e+03 8.030706138028220666e-17
6.655464908599851697e+03 1.714500299663314657e-16
6.658972249507902234e+03 1.892634504844446222e-16
6.662479590415952771e+03 1.563669539792435421e-16
6.665986931324003308e+03 2.262148657617194490e-16
6.669494272232053845e+03 2.628886130509724755e-16
6.673001613140104382e+03 2.839793628606901302e-16
6.676508954048154919e+03 3.589849244334464761e-16
6.680016294956205456e+03 3.026537394301280796e-16
6.683523635864255994e+03 3.483038389685697489e-16
6.687030976772306531e+03 4.742759817825481852e-16
6.690538317680357068e+03 3.797280466276550456e-16
6.694045658588407605e+03 3.805735178579128459e-16
6.697552999496458142e+03 6.094551345051644510e-16
6.701060340404508679e+03 8.207321507255806864e-16
6.704567681312559216e+03 8.600838191473577851e-16
6.708075022220609753e+03 8.897338898286393481e-16
6.711582363128660290e+03 1.150597273572506393e-15
6.715089704036710827e+03 1.301523086421935323e-15
6.718597044944761365e+03 1.365503296576315272e-15
6.722104385852811902e+03 1.676811303977438546e-15
6.725611726760862439e+03 1.945895565990882203e-15
6.729119067668912976e+03 1.999025072332697751e-15
6.732626408576963513e+03 2.178870284067283003e-15
6.736133749485014050e+03 2.492117044005552964e-15
6.739641090393064587e+03 2.638504666081830166e-15
6.743148431301115124e+03 2.775913738917211784e-15
6.746655772209165661e+03 2.972890827284725701e-15
6.750163113117216199e+03 3.114575722437847027e-15
6.753670454025266736e+03 3.027988838195960243e-15
6.757177794933317273e+03 3.073365028455083553e-15
6.760685135841367810e+03 3.105597808471661884e-15
6.764192476749418347e+03 3.141429843239360552e-15
6.767699817657468884e+03 3.117585018741204743e-15
6.771207158565519421e+03 3.052235368069351404e-15
6.774714499473569958e+03 3.048133611022272454e-15
6.778221840381620495e+03 3.062147347618121226e-15
6.781729181289671033e+03 3.149486820633643457e-15
6.785236522197721570e+03 3.004536401710619989e-15
6.788743863105772107e+03 3.034484733868453472e-15
6.792251204013822644e+03 3.158831499865989711e-15
6.795758544921873181e+03 2.999487661828510732e-15
6.799265885829923718e+03 2.857969208649524875e-15
6.802773226737974255e+03 2.867804955233041811e-15
6.806280567646024792e+03 2.718940608818993035e-15
6.809787908554075329e+03 2.552998595880639869e-15
6.813295249462125867e+03 2.591803504534964317e-15
6.816802590370176404e+03 2.618644496325795400e-15
6.820309931278226941e+03 2.471950248322612141e-15
6.823817272186277478e+03 2.335597425572456635e-15
6.827324613094328015e+03 2.287411838785527625e-15
6.830831954002378552e+03 2.161708973039437251e-15
6.834339294910429089e+03 2.224794081126806218e-15
6.837846635818479626e+03 2.297748817115582293e-15
6.841353976726530163e+03 2.153023073681818028e-15
6.844861317634580701e+03 2.061585231751005866e-15
6.848368658542631238e+03 1.963712480519902784e-15
6.851875999450681775e+03 1.884270107429869209e-15
6.855383340358732312e+03 1.777666987611416054e-15
6.858890681266782849e+03 1.713906582506848596e-15
6.862398022174833386e+03 1.785425174133555004e-15
6.865905363082883923e+03 1.661562593344493004e-15
6.869412703990934460e+03 1.473863798002084287e-15
6.872920044898984997e+03 1.403241261354454521e-15
6.876427385807035535e+03 1.410036794932038959e-15
6.879934726715086072e+03 1.334002776542638283e-15
6.883442067623136609e+03 1.370782958815669732e-15
6.886949408531187146e+03 1.314427421615117775e-15
6.890456749439237683e+03 1.237396868963272414e-15
6.893964090347288220e+03 1.145154875128160700e-15
6.897471431255338757e+03 1.153343777903978462e-15
6.900978772163389294e+03 1.243544210577970498e-15
6.904486113071439831e+03 1.173908361434773586e-15
6.907993453979490369e+03 1.079806812643083463e-15
6.911500794887540906e+03 1.068160003739218426e-15
6.915008135795591443e+03 1.000753439434076426e-15
6.918515476703641980e+03 9.168836251287446233e-16
6.922022817611692517e+03 1.041021385746545864e-15
6.925530158519743054e+03 9.917862192588503684e-16
6.929037499427793591e+03 9.141006983805406196e-16
6.932544840335844128e+03 8.995324728415955012e-16
6.936052181243894665e+03 8.876999519640449594e-16
6.939559522151945202e+03 8.867821388261357216e-16
6.943066863059995740e+03 8.163714662944379381e-16
6.946574203968046277e+03 9.215575529316938526e-16
6.950081544876096814e+03 9.657350856913339207e-16
6.953588885784147351e+03 8.626720341968117066e-16
6.957096226692197888e+03 7.795889017412423357e-16
6.960603567600248425e+03 7.619835336907985167e-16
6.964110908508298962e+03 7.427224279867093541e-16
6.967618249416349499e+03 7.341391784343855118e-16
6.971125590324400036e+03 7.328021369271445987e-16
6.974632931232450574e+03 6.202066825233408954e-16
6.978140272140501111e+03 5.040410901259787229e-16
6.981647613048551648e+03 4.912707449571400604e-16
6.985154953956602185e+03 6.467727062436695509e-16
6.988662294864652722e+03 7.238694862840783575e-16
6.992169635772703259e+03 6.071184882410450567e-16
6.995676976680753796e+03 6.026691829877958272e-16
6.999184317588804333e+03 6.442416659181552947e-16
7.002691658496854870e+03 6.165121895052136543e-16
7.006198999404905408e+03 6.157431365286659530e-16
7.009706340312955945e+03 4.914501041837211585e-16
7.013213681221006482e+03 4.767430711205447418e-16
7.016721022129057019e+03 5.256772762141689436e-16
7.020228363037107556e+03 4.791831612833475675e-16
7.023735703945158093e+03 4.839248517220771408e-16
7.027243044853208630e+03 5.309939961449657801e-16
7.030750385761259167e+03 5.269915537109523974e-16
7.034257726669309704e+03 4.051002832879471716e-16
7.037765067577360242e+03 4.278338005593053384e-16
7.041272408485410779e+03 5.623273859902376548e-16
7.044779749393461316e+03 5.432157816013388762e-16
7.048287090301511853e+03 5.010554048660257210e-16
7.051794431209562390e+03 4.195544505465885780e-16
7.055301772117612927e+03 3.515986647844909687e-16
7.058809113025663464e+03 4.539294033565526368e-16
7.062316453933714001e+03 5.576384233524746617e-16
7.065823794841764538e+03 4.232124417386450791e-16
7.069331135749815076e+03 2.976627566071097250e-16
7.072838476657865613e+03 2.763949504416363199e-16
7.076345817565916150e+03 2.390333859294331998e-16
7.079853158473966687e+03 3.287993436410429834e-16
7.083360499382017224e+03 3.398762581900834859e-16
7.086867840290067761e+03 2.873537303643144492e-16
7.090375181198118298e+03 3.397446239761242473e-16
7.093882522106168835e+03 3.982569717581816706e-16
7.097389863014219372e+03 3.525572943225460231e-16
7.100897203922269910e+03 3.704782615551808740e-16
7.104404544830320447e+03 3.832181400076979834e-16
7.107911885738370984e+03 2.736048768529398580e-16
7.111419226646421521e+03 2.594098222668194623e-16
7.114926567554472058e+03 3.338327045812036547e-16
7.118433908462522595e+03 3.644182702131683891e-16
7.121941249370573132e+03 2.683055210975617347e-16
7.125448590278623669e+03 1.542996112527918119e-16
7.128955931186674206e+03 2.501593754498552483e-16
7.132463272094724744e+03 3.585982274232452863e-16
7.135970613002775281e+03 2.230821673458586226e-16
7.139477953910825818e+03 2.763383845226274936e-16
7.142985294818876355e+03 3.573954406381441799e-16
7.146492635726926892e+03 1.599997591760090286e-16
7.149999976634977429e+03 1.763454701198774953e-16
7.153507317543027966e+03 2.449566873295825221e-16
7.157014658451078503e+03 2.180160235836612497e-16
7.160521999359129040e+03 2.147639861664661729e-16
7.164029340267179577e+03 2.199509380027656904e-16
7.167536681175230115e+03 2.495356680331004646e-16
7.171044022083280652e+03 2.038275599726616766e-16
7.174551362991331189e+03 2.197420385021490986e-16
7.178058703899381726e+03 2.815799038095759092e-16
7.181566044807432263e+03 3.699610685315433186e-16
7.185073385715482800e+03 3.463859446177491993e-16
7.188580726623533337e+03 2.402867829331327507e-16
7.192088067531583874e+03 2.684844038681100022e-16
7.195595408439634411e+03 2.943575811073642417e-16
7.199102749347684949e+03 3.056168989076400375e-16
7.202610090255735486e+03 3.354577372905110299e-16
7.206117431163786023e+03 3.878443427980253532e-16
7.209624772071836560e+03 3.692756071189777761e-16
7.213132112979887097e+03 3.016152770367943074e-16
7.216639453887937634e+03 3.598775912807341019e-16
7.220146794795988171e+03 3.704129341391238861e-16
7.223654135704038708e+03 3.714541493895362348e-16
7.227161476612089245e+03 3.626374363811254260e-16
7.230668817520139783e+03 4.070276538198651286e-16
7.234176158428190320e+03 3.923693251511558341e-16
7.237683499336240857e+03 3.706495739687630563e-16
7.241190840244291394e+03 4.371400721414495311e-16
7.244698181152341931e+03 3.574544947164355656e-16
7.248205522060392468e+03 2.982669293265184565e-16
7.251712862968443005e+03 3.787052808136250797e-16
7.255220203876493542e+03 3.410105411855754009e-16
7.258727544784544079e+03 3.180446192493143354e-16
7.262234885692594617e+03 2.518879579369644617e-16
7.265742226600645154e+03 3.460252674008964776e-16
7.269249567508695691e+03 4.120854728363777678e-16
7.272756908416746228e+03 2.542916521528149542e-16
7.276264249324796765e+03 3.729189869926941405e-16
7.279771590232847302e+03 3.726128375218209143e-16
7.283278931140897839e+03 3.406475610978973315e-16
7.286786272048948376e+03 3.833943228607268779e-16
7.290293612956998913e+03 2.804727258683961319e-16
7.293800953865049451e+03 2.581026386709692633e-16
7.297308294773099988e+03 3.094530052466363569e-16
7.300815635681150525e+03 2.387852582154468932e-16
7.304322976589201062e+03 2.427328023265663565e-16
7.307830317497251599e+03 3.117685815661928005e-16
7.311337658405302136e+03 3.446909787507341410e-16
7.314844999313352673e+03 3.524696528822848047e-16
7.318352340221403210e+03 3.519277900240584678e-16
7.321859681129453747e+03 3.706949961105595681e-16
7.325367022037504285e+03 3.069314940417787116e-16
7.328874362945554822e+03 2.228961112650382952e-16
7.332381703853605359e+03 3.229146351795529352e-16
7.335889044761655896e+03 3.140457767053267835e-16
7.339396385669706433e+03 2.909966337819979831e-16
7.342903726577756970e+03 2.558080793564165671e-16
7.346411067485807507e+03 2.277542687340153348e-16
7.349918408393858044e+03 2.434676034083094621e-16
7.353425749301908581e+03 4.383607524975613847e-16
7.356933090209959119e+03 4.371310988861645559e-16
7.360440431118009656e+03 3.195311356019660308e-16
7.363947772026060193e+03 2.855156688687726175e-16
7.367455112934110730e+03 2.997907151288493411e-16
7.370962453842161267e+03 3.392609681632420418e-16
7.374469794750211804e+03 2.981944286001894087e-16
7.377977135658262341e+03 3.394757968944894138e-16
7.381484476566312878e+03 2.418535027179775877e-16
7.384991817474363415e+03 6.991006282498069121e-17
7.388499158382413952e+03 9.120836879400015160e-17
7.392006499290464490e+03 3.567195083462352482e-16
7.395513840198515027e+03 3.987625710183536829e-16
7.399021181106565564e+03 1.667264316219596522e-16
7.402528522014616101e+03 1.585371450343376655e-16
7.406035862922666638e+03 1.994701313244099370e-16
7.409543203830717175e+03 2.434245635466771029e-16
7.413050544738767712e+03 2.393682021716150637e-16
7.416557885646818249e+03 2.243510491706251662e-16
7.420065226554868786e+03 3.080252253349208269e-16
7.423572567462919324e+03 3.775952441362483191e-16
7.427079908370969861e+03 3.821406611592313100e-16
7.430587249279020398e+03 3.112063369776731569e-16
7.434094590187070935e+03 3.174280586730520099e-16
7.437601931095121472e+03 3.128512220216818048e-16
7.441109272003172009e+03 3.143158743363824986e-16
7.444616612911222546e+03 3.077658214948241974e-16
7.448123953819273083e+03 3.513622631828682138e-16
7.451631294727323620e+03 3.375144656353424796e-16
7.455138635635374158e+03 2.960809225781123192e-16
7.458645976543424695e+03 2.570833403980671197e-16
7.462153317451475232e+03 3.608148861764301886e-16
7.465660658359525769e+03 3.662983921884973171e-16
7.469167999267576306e+03 3.102153613689448289e-16
7.472675340175626843e+03 3.887408477633552250e-16
7.476182681083677380e+03 3.557772371319740425e-16
7.479690021991727917e+03 3.025936265606526260e-16
7.483197362899778454e+03 2.619171456698105981e-16
7.486704703807828992e+03 2.282828172931020182e-16
7.490212044715879529e+03 3.966664821112545099e-16
7.493719385623930066e+03 4.495430961787554459e-16
7.497226726531980603e+03 4.920512858180348982e-16
7.500734067440031140e+03 4.031588308332811118e-16
7.504241408348081677e+03 3.327980803059121286e-16
7.507748749256132214e+03 3.607518881009781500e-16
7.511256090164182751e+03 3.771254584878774027e-16
7.514763431072233288e+03 4.583466272369246097e-16
7.518270771980283826e+03 4.627975736165091444e-16
7.521778112888334363e+03 3.800797505892227921e-16
7.525285453796384900e+03 5.193897506467002722e-16
7.528792794704435437e+03 5.578042829914588944e-16
7.532300135612485974e+03 4.662136045532265342e-16
7.535807476520536511e+03 4.788051198910761325e-16
7.539314817428587048e+03 5.056818458843695061e-16
7.542822158336637585e+03 5.046911349734371950e-16
7.546329499244688122e+03 6.356562458439041132e-16
7.549836840152738660e+03 7.051094535078493170e-16
7.553344181060789197e+03 6.758013194394624744e-16
7.556851521968839734e+03 5.813387757935644089e-16
7.560358862876890271e+03 5.428354638080216954e-16
7.563866203784940808e+03 5.695792585681553472e-16
7.567373544692991345e+03 5.374382228076764970e-16
7.570880885601041882e+03 5.390476912865780745e-16
7.574388226509092419e+03 5.253049522942914752e-16
7.577895567417142956e+03 5.332411745540314389e-16
7.581402908325193494e+03 5.121649831230947175e-16
7.584910249233244031e+03 4.701978887184331529e-16
7.588417590141294568e+03 5.207550618785557976e-16
7.591924931049345105e+03 5.549296119871554092e-16
7.595432271957395642e+03 5.777317389272411743e-16
7.598939612865446179e+03 4.853918598471623855e-16
7.602446953773496716e+03 4.013625386499507577e-16
7.605954294681547253e+03 2.652141684774387588e-16
7.609461635589597790e+03 3.436446018932994614e-16
7.612968976497648327e+03 2.660420373042614306e-16
7.616476317405698865e+03 3.011729405498703507e-16
7.619983658313749402e+03 4.390890155437428711e-16
7.623490999221799939e+03 4.809693949504292767e-16
7.626998340129850476e+03 5.103186630563171563e-16
7.630505681037901013e+03 2.835665401780220656e-16
7.634013021945951550e+03 2.827108780826176121e-16
7.637520362854002087e+03 2.743056377981151813e-16
7.641027703762052624e+03 1.947301878911340757e-16
7.644535044670103161e+03 1.999466932363588877e-16
7.648042385578153699e+03 3.064716610305380333e-16
7.651549726486204236e+03 3.732065017387277720e-16
7.655057067394254773e+03 3.050673598133292084e-16
7.658564408302305310e+03 3.071097944771757418e-16
7.662071749210355847e+03 4.486109893598612917e-16
7.665579090118406384e+03 4.591996423543688935e-16
7.669086431026456921e+03 5.063547606214038443e-16
7.672593771934507458e+03 4.653469839690669782e-16
7.676101112842557995e+03 4.626052971374824182e-16
7.679608453750608533e+03 4.252961957284498613e-16
7.683115794658659070e+03 3.717698279810660719e-16
7.686623135566709607e+03 3.546993877065929453e-16
7.690130476474760144e+03 3.410355021877398011e-16
7.693637817382810681e+03 3.118492085148595692e-16
7.697145158290861218e+03 2.892503430123352344e-16
7.700652499198911755e+03 3.636247591602687198e-16
7.704159840106962292e+03 3.370516680087864113e-16
7.707667181015012829e+03 2.364664790525586443e-16
7.711174521923063367e+03 1.990111718158961147e-16
7.714681862831113904e+03 1.657841074681392431e-16
7.718189203739164441e+03 3.193922751381755290e-16
7.721696544647214978e+03 4.721193829592795332e-16
7.725203885555265515e+03 4.544127944716388253e-16
7.728711226463316052e+03 3.029683857002534505e-16
7.732218567371366589e+03 2.386385362271146874e-16
7.735725908279418036e+03 3.157116258147799753e-16
7.739233249187468573e+03 4.014315718351519832e-16
7.742740590095519110e+03 3.702288103522144826e-16
7.746247931003569647e+03 3.832312425486008233e-16
7.749755271911620184e+03 4.412063596838622067e-16
7.753262612819670721e+03 3.872791865337495230e-16
7.756769953727721258e+03 3.041383234888688511e-16
7.760277294635771796e+03 2.781303621318827711e-16
7.763784635543822333e+03 3.750901177249641241e-16
7.767291976451872870e+03 3.428271092200806548e-16
7.770799317359923407e+03 2.500643754108647582e-16
7.774306658267973944e+03 2.269501697692749868e-16
7.777813999176024481e+03 2.057420529568034081e-16
7.781321340084075018e+03 3.679643736468485174e-16
7.784828680992125555e+03 5.316921630517401371e-16
7.788336021900176092e+03 2.928665384224006562e-16
7.791843362808226630e+03 2.380566245923509830e-16
7.795350703716277167e+03 4.162708214474388759e-16
7.798858044624327704e+03 3.244545675474408549e-16
7.802365385532378241e+03 1.993733578101861332e-16
7.805872726440428778e+03 2.641714973891483168e-16
7.809380067348479315e+03 3.725830590197690053e-16
7.812887408256529852e+03 4.770984014419179207e-16
7.816394749164580389e+03 3.681081574896449349e-16
7.819902090072630926e+03 3.021436138376441772e-16
7.823409430980681464e+03 2.954010198192631330e-16
7.826916771888732001e+03 3.233333606230721783e-16
7.830424112796782538e+03 3.578474915341819593e-16
7.833931453704833075e+03 3.224956450382376752e-16
7.837438794612883612e+03 3.655719820268879495e-16
7.840946135520934149e+03 3.069230237123061686e-16
7.844453476428984686e+03 1.023622376097876874e-16
7.847960817337035223e+03 -2.189927419073516138e-17
7.851468158245085760e+03 6.556267945808779557e-17
7.854975499153136298e+03 2.719310603398265554e-16
7.858482840061186835e+03 3.238008434006177470e-16
7.861990180969237372e+03 2.901169106569355871e-16
7.865497521877287909e+03 2.635199967038117513e-16
7.869004862785338446e+03 2.586317960349867858e-16
7.872512203693388983e+03 3.537524048715626375e-16
7.876019544601439520e+03 4.752011005796274914e-16
7.879526885509490057e+03 3.499153191507210553e-16
7.883034226417540594e+03 2.707117299424743884e-16
7.886541567325591132e+03 3.300806397924427229e-16
7.890048908233641669e+03 3.359273905899839378e-16
7.893556249141692206e+03 3.546392748371174916e-16
7.897063590049742743e+03 2.588921263173694746e-16
7.900570930957793280e+03 1.556193415241732153e-16
7.904078271865843817e+03 3.331408374819745015e-17
7.907585612773894354e+03 -2.275120239285455053e-17
7.911092953681944891e+03 -3.186941280837358732e-17
7.914600294589995428e+03 1.965997550418468272e-17
7.918107635498045966e+03 1.692908106348822456e-16
7.921614976406096503e+03 2.978545566301036207e-16
7.925122317314147040e+03 3.540950296987270020e-16
7.928629658222197577e+03 2.898432925451928464e-16
7.932136999130248114e+03 2.017111555097182013e-16
7.935644340038298651e+03 2.016673083198079904e-16
7.939151680946349188e+03 3.244199980152810388e-16
7.942659021854399725e+03 2.782055098361719886e-16
7.946166362762450262e+03 1.513444588836093674e-16
7.949673703670500799e+03 2.804974751123237185e-16
7.953181044578551337e+03 3.483902627989692892e-16
7.956688385486601874e+03 4.088238930636362792e-16
7.960195726394652411e+03 4.554111816186556284e-16
7.963703067302702948e+03 2.358890937501068302e-16
7.967210408210753485e+03 1.132404170535786497e-16
7.970717749118804022e+03 2.563620653737004812e-16
7.974225090026854559e+03 3.132109992660280689e-16
7.977732430934905096e+03 1.882228969785223159e-16
7.981239771842955633e+03 2.157832579695887149e-16
7.984747112751006171e+03 4.605101082028897029e-16
7.988254453659056708e+03 4.649077973859156235e-16
7.991761794567107245e+03 3.864788198079330142e-16
7.995269135475157782e+03 3.165031781039891190e-16
7.998776476383208319e+03 4.848646877166149904e-16
8.002283817291258856e+03 5.427818889741078609e-16
8.005791158199309393e+03 3.054389161095982276e-16
8.009298499107359930e+03 3.231646687176705640e-16
8.012805840015410467e+03 4.122102249076405652e-16
8.016313180923461005e+03 3.227715130812465602e-16
8.019820521831511542e+03 2.356654241124724915e-16
8.023327862739562079e+03 2.461727884138232821e-16
8.026835203647612616e+03 2.376961856035146765e-16
8.030342544555663153e+03 2.339587850726530848e-16
8.033849885463713690e+03 1.689147280063013363e-16
8.037357226371764227e+03 2.185171362161907743e-16
8.040864567279814764e+03 3.499219365956214795e-16
8.044371908187865301e+03 3.919524790619883115e-16
8.047879249095915839e+03 3.196300531683375721e-16
8.051386590003966376e+03 2.207473342616419446e-16
8.054893930912016913e+03 3.050479839346607663e-16
8.058401271820067450e+03 3.501242715908968505e-16
8.061908612728117987e+03 3.318449035424550237e-16
8.065415953636168524e+03 2.966476405593846495e-16
8.068923294544219061e+03 2.979127107358885487e-16
8.072430635452269598e+03 2.595872227297100349e-16
8.075937976360320135e+03 2.419738078662673000e-16
8.079445317268370673e+03 1.749827264566433346e-16
8.082952658176421210e+03 1.694516939553013593e-16
8.086459999084471747e+03 2.286610704436102667e-16
8.089967339992522284e+03 1.681322813212751763e-16
8.093474680900572821e+03 3.029168490393689466e-16
8.096982021808623358e+03 4.270820323488375451e-16
8.100489362716673895e+03 3.316723999887907651e-16
8.103996703624724432e+03 2.694400158512904632e-16
8.107504044532774969e+03 3.389820560955789618e-16
8.111011385440825507e+03 3.667391934282043754e-16
8.114518726348876044e+03 3.770079591362254703e-16
8.118026067256926581e+03 3.386014206649065605e-16
8.121533408164977118e+03 2.194127015043447859e-16
8.125040749073027655e+03 1.493509536073565707e-16
8.128548089981078192e+03 2.075293851197385878e-16
8.132055430889128729e+03 3.085202631530317621e-16
8.135562771797179266e+03 2.529592693267839398e-16
8.139070112705229803e+03 2.880751112677994944e-16
8.142577453613280341e+03 3.699901058797663801e-16
8.146084794521330878e+03 2.985604262427420715e-16
8.149592135429381415e+03 2.816826594939896965e-16
8.153099476337431952e+03 4.366288877577815608e-16
8.156606817245482489e+03 5.862996889469552358e-16
8.160114158153533026e+03 3.988462419916746467e-16
8.163621499061583563e+03 8.216768836293448499e-17
8.167128839969634100e+03 1.391312364009374201e-16
8.170636180877684637e+03 1.686255324292629970e-16
8.174143521785735174e+03 7.025677723309351787e-17
8.177650862693785712e+03 2.608647337026267317e-16
8.181158203601836249e+03 2.900884027043045595e-16
8.184665544509886786e+03 3.205415664987016060e-16
8.188172885417937323e+03 4.143318306822757740e-16
8.191680226325987860e+03 4.761733355843978180e-16
8.195187567234039307e+03 3.515180907753834034e-16
8.198694908142089844e+03 2.793384428729042170e-16
8.202202249050140381e+03 3.680793318996586870e-16
8.205709589958190918e+03 2.760266234584787077e-16
8.209216930866241455e+03 1.187153865617242309e-16
8.212724271774291992e+03 9.086138968809130798e-17
8.216231612682342529e+03 1.479608137222346536e-16
8.219738953590393066e+03 2.259767700942021855e-16
8.223246294498443604e+03 2.220277569103148280e-16
8.226753635406494141e+03 2.426914300610489043e-16
8.230260976314544678e+03 2.878453271110771637e-16
8.233768317222595215e+03 2.177980052439718733e-16
8.237275658130645752e+03 2.554280262608954032e-16
8.240782999038696289e+03 2.255804910237851815e-16
8.244290339946746826e+03 1.981002805253527206e-16
8.247797680854797363e+03 3.568386488242224859e-16
8.251305021762847900e+03 2.297915947303987407e-16
8.254812362670898438e+03 1.706553807129089235e-16
8.258319703578948975e+03 3.108674179196530300e-16
8.261827044486999512e+03 2.918651866600684630e-16
8.265334385395050049e+03 2.619200308757871831e-16
8.268841726303100586e+03 4.721515172717159932e-16
8.272349067211151123e+03 4.797682492916634754e-16
8.275856408119201660e+03 4.022285504291794747e-16
8.279363749027252197e+03 3.575719940680874981e-16
8.282871089935302734e+03 4.569893628180680002e-16
8.286378430843353271e+03 3.758233570897107296e-16
8.289885771751403809e+03 3.022226525995348441e-16
8.293393112659454346e+03 3.019293674415480426e-16
8.296900453567504883e+03 2.509673125326378424e-16
8.300407794475555420e+03 2.888726721969782233e-16
8.303915135383605957e+03 1.816627326811561666e-16
8.307422476291656494e+03 1.103691805031784847e-16
8.310929817199707031e+03 1.413354411228197240e-16
8.314437158107757568e+03 2.405543394653467029e-16
8.317944499015808105e+03 2.682574784475846548e-16
8.321451839923858643e+03 1.606407778286233221e-16
8.324959180831909180e+03 2.653387286427994439e-17
8.328466521739959717e+03 6.694799108997424059e-18
8.331973862648010254e+03 6.408162249747895015e-17
8.335481203556060791e+03 3.100433342713134009e-16
8.338988544464111328e+03 3.839321093728945535e-16
8.342495885372161865e+03 4.030147293531294739e-16
8.346003226280212402e+03 3.287237988900597405e-16
8.349510567188262939e+03 3.046681955369356194e-16
8.353017908096313477e+03 2.555244556679843850e-16
8.356525249004364014e+03 2.401620838014291567e-16
8.360032589912414551e+03 1.749979862845837128e-16
8.363539930820465088e+03 9.700203444855016338e-17
8.367047271728515625e+03 6.960470083005061552e-17
8.370554612636566162e+03 1.214859783926338439e-16
8.374061953544616699e+03 1.967257842799754065e-16
8.377569294452667236e+03 1.560754025918206517e-16
8.381076635360717773e+03 2.253066346840260255e-16
8.384583976268768311e+03 2.348312554781046158e-16
8.388091317176818848e+03 1.187019663834661706e-16
8.391598658084869385e+03 1.867838674104760647e-16
8.395105998992919922e+03 2.590900408594513623e-16
8.398613339900970459e+03 8.490214894468778176e-17
8.402120680809020996e+03 7.905524594591385712e-17
8.405628021717071533e+03 2.138480259131290539e-16
8.409135362625122070e+03 2.556181057482151886e-16
8.412642703533172607e+03 2.688967500947452363e-16
8.416150044441223145e+03 3.286330604855851236e-16
8.419657385349273682e+03 2.297249967649208713e-16
8.423164726257324219e+03 1.605325428998319835e-16
8.426672067165374756e+03 1.820215702483265704e-16
8.430179408073425293e+03 2.034783309354866888e-16
8.433686748981475830e+03 1.138694448960333745e-16
8.437194089889526367e+03 1.745495352785717642e-16
8.440701430797576904e+03 1.387190225232001945e-16
8.444208771705627441e+03 8.249732314575931673e-17
8.447716112613677979e+03 1.661513888950025882e-16
8.451223453521728516e+03 1.784363047757257315e-16
8.454730794429779053e+03 1.607649607996246830e-16
8.458238135337829590e+03 8.823913450206960431e-17
8.461745476245880127e+03 1.302007959844679206e-16
8.465252817153930664e+03 1.034485507471964271e-16
8.468760158061981201e+03 1.212719437547745229e-16
8.472267498970031738e+03 2.404083851006229462e-16
8.475774839878082275e+03 2.342694608758382011e-16
8.479282180786132812e+03 1.749971260167466577e-16
8.482789521694183350e+03 1.176472515454569565e-16
8.486296862602233887e+03 2.259807140913628384e-16
8.489804203510284424e+03 2.797402011876987723e-16
8.493311544418334961e+03 2.338715671488654935e-16
8.496818885326385498e+03 2.926338425899221388e-16
8.500326226234436035e+03 3.570323017317885003e-16
8.503833567142486572e+03 3.993147570906246816e-16
8.507340908050537109e+03 3.211126255238286147e-16
8.510848248958587646e+03 2.853786612895542344e-16
8.514355589866638184e+03 2.631059299415024070e-16
8.517862930774688721e+03 2.342891014523026602e-16
8.521370271682739258e+03 2.397586843602992962e-16
8.524877612590789795e+03 2.636152879103778601e-16
8.528384953498840332e+03 1.500242918608645361e-16
8.531892294406890869e+03 1.720432971365442980e-16
8.535399635314941406e+03 1.605943101305325432e-16
8.538906976222991943e+03 1.712260029866725041e-16
8.542414317131042480e+03 2.576026245342932092e-16
8.545921658039093018e+03 2.547230566207634101e-16
8.549428998947143555e+03 3.303718338378409903e-16
8.552936339855194092e+03 3.627029755554192275e-16
8.556443680763244629e+03 3.691197795264625865e-16
8.559951021671295166e+03 3.472650324681011546e-16
8.563458362579345703e+03 2.943883654610410152e-16
8.566965703487396240e+03 2.099227561215444185e-16
8.570473044395446777e+03 1.020081116633863856e-16
8.573980385303497314e+03 2.261201833600841793e-16
8.577487726211547852e+03 2.687106675441453072e-16
8.580995067119598389e+03 2.026462931183767497e-16
8.584502408027648926e+03 1.803236662357757237e-16
8.588009748935699463e+03 1.567258709557527510e-16
8.591517089843750000e+03 1.567008040744699441e-16
8.595024430751800537e+03 2.399585841358513110e-16
8.598531771659851074e+03 2.822619770903524346e-16
8.602039112567901611e+03 3.231993970685079903e-16
8.605546453475952148e+03 2.963947482850700374e-16
8.609053794384002686e+03 2.097649697653387033e-16
8.612561135292053223e+03 1.884462622136912351e-16
8.616068476200103760e+03 2.884312621523403260e-16
8.619575817108154297e+03 3.033580737955496320e-16
8.623083158016204834e+03 1.690303215338219466e-16
8.626590498924255371e+03 2.048137974908413009e-16
8.630097839832305908e+03 3.488725686530918082e-16
8.633605180740356445e+03 3.571035319086966666e-16
8.637112521648406982e+03 1.918628093111108580e-16
8.640619862556457520e+03 2.003762051150658223e-16
8.644127203464508057e+03 2.160684301401275963e-16
8.647634544372558594e+03 2.665581715367149182e-16
8.651141885280609131e+03 2.178048873866683145e-16
8.654649226188659668e+03 1.789266839126267680e-16
8.658156567096710205e+03 3.216333654979327975e-16
8.661663908004760742e+03 3.728163636571783617e-16
8.665171248912811279e+03 2.966016890219961037e-16
8.668678589820861816e+03 3.145479613639301768e-16
8.672185930728912354e+03 3.310495925445424391e-16
8.675693271636962891e+03 3.594544453840213755e-16
8.679200612545013428e+03 3.762042042786199443e-16
8.682707953453063965e+03 3.215964666251680320e-16
8.686215294361114502e+03 2.305369572542029233e-16
8.689722635269165039e+03 2.045012290984146632e-16
8.693229976177215576e+03 3.165328771967022229e-16
8.696737317085266113e+03 4.183933801341397458e-16
8.700244657993316650e+03 4.128026185751265415e-16
8.703751998901367188e+03 4.404130339194197493e-16
8.707259339809417725e+03 3.374615790156982893e-16
8.710766680717468262e+03 3.372812139374923267e-16
8.714274021625518799e+03 4.277532530199773747e-16
8.717781362533569336e+03 3.512996886238898024e-16
8.721288703441619873e+03 2.330193461248092606e-16
8.724796044349670410e+03 3.694826272652426474e-16
8.728303385257720947e+03 4.707721770566715685e-16
8.731810726165771484e+03 4.147938342154437914e-16
8.735318067073822021e+03 4.762550213242486546e-16
8.738825407981872559e+03 5.376092175839034589e-16
8.742332748889923096e+03 5.225187962329760644e-16
8.745840089797973633e+03 5.334392743845705383e-16
8.749347430706024170e+03 5.907951045562706213e-16
8.752854771614074707e+03 6.176635190387690620e-16
8.756362112522125244e+03 5.012513341746374813e-16
8.759869453430175781e+03 5.959468648205896828e-16
8.763376794338226318e+03 8.509387220532083247e-16
8.766884135246276855e+03 1.005472789378822167e-15
8.770391476154327393e+03 1.304838055740133434e-15
8.773898817062377930e+03 1.189714843263486085e-15
8.777406157970428467e+03 7.676320787786822253e-16
8.780913498878479004e+03 7.323196987241240713e-16
8.784420839786529541e+03 8.111212913895597676e-16
8.787928180694580078e+03 6.400850105481824259e-16
8.791435521602630615e+03 6.970073716091251207e-16
8.794942862510681152e+03 9.878064349561760382e-16
8.798450203418731689e+03 1.035043874237772266e-15
8.801957544326782227e+03 1.055502578650160603e-15
8.805464885234832764e+03 1.014281402634674856e-15
8.808972226142883301e+03 9.122031328204541732e-16
8.812479567050933838e+03 8.922171786717521431e-16
8.815986907958984375e+03 1.085388230369897268e-15
8.819494248867034912e+03 1.092805062614292735e-15
8.823001589775085449e+03 7.837767914511452067e-16
8.826508930683135986e+03 7.498254874637063066e-16
8.830016271591186523e+03 1.012207018946849075e-15
8.833523612499237061e+03 1.184251798391051068e-15
8.837030953407287598e+03 1.119462883530280076e-15
8.840538294315338135e+03 9.860695938978310954e-16
8.844045635223388672e+03 8.839945533967218192e-16
8.847552976131439209e+03 8.766096966460852017e-16
8.851060317039489746e+03 1.105916709121315677e-15
8.854567657947540283e+03 1.174099261485261024e-15
8.858074998855590820e+03 9.583510759736445575e-16
8.861582339763641357e+03 8.479702950895556292e-16
8.865089680671691895e+03 9.569843883132497439e-16
8.868597021579742432e+03 1.047673029602215478e-15
8.872104362487792969e+03 1.058286458310430268e-15
8.875611703395843506e+03 8.969351521879585960e-16
8.879119044303894043e+03 7.988779595325908901e-16
8.882626385211944580e+03 7.373656857491547520e-16
8.886133726119995117e+03 9.015324235091813111e-16
8.889641067028045654e+03 1.092223045100410624e-15
8.893148407936096191e+03 9.070535960176216543e-16
8.896655748844146729e+03 8.207113454788137526e-16
8.900163089752197266e+03 9.676123224606862638e-16
8.903670430660247803e+03 1.052658983167109510e-15
8.907177771568298340e+03 9.535882097112336267e-16
8.910685112476348877e+03 1.180369211119074169e-15
8.914192453384399414e+03 1.424001403616946982e-15
8.917699794292449951e+03 1.287631322570491170e-15
8.921207135200500488e+03 1.155397726921951734e-15
8.924714476108551025e+03 9.271705226357928806e-16
8.928221817016601562e+03 9.489329166331239920e-16
8.931729157924652100e+03 1.085743348933033633e-15
8.935236498832702637e+03 1.174688584658313203e-15
8.938743839740753174e+03 1.309872078424784148e-15
8.942251180648803711e+03 1.229281234537392149e-15
8.945758521556854248e+03 1.095857239960605200e-15
8.949265862464904785e+03 7.201620230739462850e-16
8.952773203372955322e+03 4.678967648985392358e-16
8.956280544281005859e+03 6.979685422460219380e-16
8.959787885189056396e+03 1.181235090549404877e-15
8.963295226097106934e+03 1.378443313032400811e-15
8.966802567005157471e+03 1.289882947902529914e-15
8.970309907913208008e+03 1.231061803671639095e-15
8.973817248821258545e+03 1.288991975121136797e-15
8.977324589729309082e+03 1.123871690020738709e-15
8.980831930637359619e+03 1.044854845107582014e-15
8.984339271545410156e+03 1.313295679718467623e-15
8.987846612453460693e+03 1.404867776371419592e-15
8.991353953361511230e+03 1.222813396831276718e-15
8.994861294269561768e+03 1.197653659561627015e-15
8.998368635177612305e+03 1.254452300872711378e-15
9.001875976085662842e+03 1.076363306075139512e-15
9.005383316993713379e+03 8.671382801090060221e-16
9.008890657901763916e+03 9.109582061462271653e-16
9.012397998809814453e+03 1.030540835331931592e-15
9.015905339717864990e+03 1.033266799114432744e-15
9.019412680625915527e+03 1.027938008964137534e-15
9.022920021533966064e+03 1.068841759382639731e-15
9.026427362442016602e+03 1.034268521453679361e-15
9.029934703350067139e+03 9.397669613526483945e-16
9.033442044258117676e+03 7.924446384190760723e-16
9.036949385166168213e+03 7.995677619890111110e-16
9.040456726074218750e+03 8.103918901428554082e-16
9.043964066982269287e+03 6.728041462951623360e-16
9.047471407890319824e+03 6.483814335687422808e-16
9.050978748798370361e+03 8.153321039285977082e-16
9.054486089706420898e+03 9.007090016053317244e-16
9.057993430614471436e+03 8.103939018461051372e-16
9.061500771522521973e+03 5.739877474212587601e-16
9.065008112430572510e+03 5.949483717944544729e-16
9.068515453338623047e+03 7.454626325106362191e-16
9.072022794246673584e+03 7.062304486739811801e-16
9.075530135154724121e+03 6.576253158803652740e-16
9.079037476062774658e+03 6.674517980410216156e-16
9.082544816970825195e+03 8.618213484199723721e-16
9.086052157878875732e+03 9.655725612445795018e-16
9.089559498786926270e+03 7.563201655263378578e-16
9.093066839694976807e+03 5.763275700589303580e-16
9.096574180603027344e+03 6.242019251773026165e-16
9.100081521511077881e+03 6.524757790775327550e-16
9.103588862419128418e+03 5.692588154162972047e-16
9.107096203327178955e+03 6.237794145553003308e-16
9.110603544235229492e+03 7.971714528416694919e-16
9.114110885143280029e+03 7.720285503518464678e-16
9.117618226051330566e+03 7.093269364313468852e-16
9.121125566959381104e+03 6.500500355352740491e-16
9.124632907867431641e+03 6.222888483263695758e-16
9.128140248775482178e+03 5.840779215263072061e-16
9.131647589683532715e+03 6.610554287398307666e-16
9.135154930591583252e+03 6.825977529895533701e-16
9.138662271499633789e+03 5.867635453646953721e-16
9.142169612407684326e+03 5.174676211311434511e-16
9.145676953315734863e+03 5.373320789914736925e-16
9.149184294223785400e+03 5.056452117094007576e-16
9.152691635131835938e+03 3.739786781492684736e-16
9.156198976039886475e+03 3.697703802392926942e-16
9.159706316947937012e+03 4.870741731595278328e-16
9.163213657855987549e+03 5.231838759152483004e-16
9.166720998764038086e+03 3.480500202519690774e-16
9.170228339672088623e+03 3.881048848386448556e-16
9.173735680580139160e+03 5.065732951217954538e-16
9.177243021488189697e+03 4.523506398219890277e-16
9.180750362396240234e+03 5.007575139663882242e-16
9.184257703304290771e+03 4.801715957932341326e-16
9.187765044212341309e+03 4.666272213292826498e-16
9.191272385120391846e+03 4.227202626567311272e-16
9.194779726028442383e+03 2.916991682024066201e-16
9.198287066936492920e+03 3.096289498716488361e-16
9.201794407844543457e+03 3.592544926689101572e-16
9.205301748752593994e+03 3.121486081919343627e-16
9.208809089660644531e+03 2.531350286633392071e-16
9.212316430568695068e+03 2.910264652236090955e-16
9.215823771476745605e+03 3.637022097353832849e-16
9.219331112384796143e+03 3.948351704095111108e-16
9.222838453292846680e+03 3.613266264254697945e-16
9.226345794200897217e+03 3.679934639346307823e-16
9.229853135108947754e+03 3.836231011658243440e-16
9.233360476016998291e+03 3.070685810303358998e-16
9.236867816925048828e+03 4.314390374806156576e-16
9.240375157833099365e+03 5.150769235770773918e-16
9.243882498741149902e+03 4.811921646155571577e-16
9.247389839649200439e+03 4.295245047918045235e-16
9.250897180557250977e+03 3.005678678579551616e-16
9.254404521465301514e+03 3.396209306960455178e-16
9.257911862373352051e+03 4.158266320759428005e-16
9.261419203281402588e+03 4.007518543647600089e-16
9.264926544189453125e+03 4.932360731530068508e-16
9.268433885097503662e+03 4.702835978647834474e-16
9.271941226005554199e+03 3.375370443573427271e-16
9.275448566913604736e+03 2.412281541748874988e-16
9.278955907821655273e+03 3.164756760029829559e-16
9.282463248729705811e+03 4.377441125119602540e-16
9.285970589637756348e+03 4.723625872942599242e-16
9.289477930545806885e+03 4.784317901195737997e-16
9.292985271453857422e+03 5.265819074018365364e-16
9.296492612361907959e+03 3.468632476835269976e-16
9.299999953269958496e+03 1.164988684292434627e-17
