3271.88549805 1.23445e-16
3274.0693736 1.25678e-16
3276.25324915 4.30821e-17
3278.4371247 6.59617e-17
3280.62100025 2.31224e-18
3282.80487581 8.85008e-17
3284.98875136 3.13352e-17
3287.17262691 -2.47651e-19
3289.35650246 8.96044e-17
3291.54037801 1.57955e-16
3293.72425357 1.32853e-16
3295.90812912 9.1357e-17
3298.09200467 1.04212e-16
3300.27588022 7.32468e-17
3302.45975577 1.25235e-16
3304.64363133 2.06392e-16
3306.82750688 1.68881e-16
3309.01138243 1.08884e-16
3311.19525798 1.67891e-16
3313.37913353 1.79076e-16
3315.56300908 1.55144e-16
3317.74688464 1.25609e-16
3319.93076019 1.4773e-16
3322.11463574 1.47637e-16
3324.29851129 1.34945e-16
3326.48238684 7.62653e-17
3328.6662624 3.91488e-17
3330.85013795 1.3036e-16
3333.0340135 1.56966e-16
3335.21788905 1.36611e-16
3337.4017646 1.14658e-16
3339.58564016 1.19336e-16
3341.76951571 1.48796e-16
3343.95339126 2.08754e-16
3346.13726681 1.04737e-16
3348.32114236 1.10624e-16
3350.50501791 1.99911e-16
3352.68889347 1.55611e-16
3354.87276902 1.49382e-16
3357.05664457 1.44447e-16
3359.24052012 1.72395e-16
3361.42439567 2.00671e-16
3363.60827123 1.70741e-16
3365.79214678 2.02805e-16
3367.97602233 1.7372e-16
3370.15989788 9.91691e-17
3372.34377343 1.36195e-16
3374.52764899 1.08069e-16
3376.71152454 1.0039e-16
3378.89540009 1.93913e-16
3381.07927564 1.79309e-16
3383.26315119 1.07305e-16
3385.44702675 1.13883e-16
3387.6309023 1.03893e-16
3389.81477785 9.46805e-17
3391.9986534 1.40249e-16
3394.18252895 1.45621e-16
3396.3664045 9.31293e-17
3398.55028006 3.9513e-17
3400.73415561 6.85189e-17
3402.91803116 9.03967e-17
3405.10190671 5.99799e-17
3407.28578226 7.03071e-17
3409.46965782 8.4148e-17
3411.65353337 6.74278e-17
3413.83740892 5.07389e-17
3416.02128447 3.79977e-17
3418.20516002 6.34097e-17
3420.38903558 7.66364e-17
3422.57291113 4.56029e-17
3424.75678668 1.02281e-16
3426.94066223 9.6081e-17
3429.12453778 4.20566e-17
3431.30841333 4.83612e-17
3433.49228889 6.58551e-17
3435.67616444 3.39422e-17
3437.86003999 2.86098e-17
3440.04391554 6.85276e-17
3442.22779109 5.19626e-17
3444.41166665 8.46064e-17
3446.5955422 5.2049e-17
3448.77941775 6.92965e-17
3450.9632933 7.83134e-17
3453.14716885 6.69192e-17
3455.33104441 1.27808e-16
3457.51491996 1.12154e-16
3459.69879551 1.00003e-16
3461.88267106 6.89032e-17
3464.06654661 3.32139e-17
3466.25042216 5.64139e-17
3468.43429772 1.1239e-16
3470.61817327 6.87834e-17
3472.80204882 6.8861e-17
3474.98592437 9.46221e-17
3477.16979992 8.51242e-17
3479.35367548 1.18433e-16
3481.53755103 6.3069e-17
3483.72142658 6.91819e-17
3485.90530213 8.65814e-17
3488.08917768 9.4335e-17
3490.27305324 9.18869e-17
3492.45692879 9.94988e-17
3494.64080434 9.86371e-17
3496.82467989 6.91686e-17
3499.00855544 6.16336e-17
3501.192431 8.83008e-17
3503.37630655 1.14474e-16
3505.5601821 1.05628e-16
3507.74405765 1.07432e-16
3509.9279332 8.47158e-17
3512.11180875 8.34797e-17
3514.29568431 8.17319e-17
3516.47955986 8.67371e-17
3518.66343541 9.91109e-17
3520.84731096 7.06364e-17
3523.03118651 6.61452e-17
3525.21506207 5.68338e-17
3527.39893762 6.2804e-17
3529.58281317 7.79871e-17
3531.76668872 1.08931e-16
3533.95056427 7.07911e-17
3536.13443983 1.09707e-16
3538.31831538 1.09314e-16
3540.50219093 7.13412e-17
3542.68606648 7.51593e-17
3544.86994203 9.21729e-17
3547.05381758 9.2169e-17
3549.23769314 1.29449e-16
3551.42156869 1.1337e-16
3553.60544424 7.93731e-17
3555.78931979 8.68692e-17
3557.97319534 1.09081e-16
3560.1570709 1.13715e-16
3562.34094645 8.8156e-17
3564.524822 9.63695e-17
3566.70869755 6.15722e-17
3568.8925731 9.48105e-17
3571.07644866 1.22767e-16
3573.26032421 9.6217e-17
3575.44419976 1.1533e-16
3577.62807531 1.07506e-16
3579.81195086 1.15833e-16
3581.99582641 1.1232e-16
3584.17970197 1.18051e-16
3586.36357752 8.99558e-17
3588.54745307 8.66603e-17
3590.73132862 6.9985e-17
3592.91520417 1.00713e-16
3595.09907973 6.92909e-17
3597.28295528 7.54746e-17
3599.46683083 1.35632e-16
3601.65070638 8.71505e-17
3603.83458193 7.75747e-17
3606.01845749 1.31714e-16
3608.20233304 9.50139e-17
3610.38620859 8.86918e-17
3612.57008414 8.49686e-17
3614.75395969 1.12218e-16
3616.93783525 1.0046e-16
3619.1217108 1.07082e-16
3621.30558635 8.37709e-17
3623.4894619 1.07027e-16
3625.67333745 9.96071e-17
3627.857213 9.52622e-17
3630.04108856 1.08896e-16
3632.22496411 1.09895e-16
3634.40883966 9.84532e-17
3636.59271521 1.07461e-16
3638.77659076 6.95888e-17
3640.96046632 5.98243e-17
3643.14434187 1.20294e-16
3645.32821742 1.4278e-16
3647.51209297 1.03762e-16
3649.69596852 5.34969e-17
3651.87984408 6.90267e-17
3654.06371963 8.32748e-17
3656.24759518 8.63561e-17
3658.43147073 9.05538e-17
3660.61534628 1.24071e-16
3662.79922183 1.07583e-16
3664.98309739 7.91558e-17
3667.16697294 8.73946e-17
3669.35084849 9.95399e-17
3671.53472404 8.23552e-17
3673.71859959 1.00443e-16
3675.90247515 6.071e-17
3678.0863507 6.92252e-17
3680.27022625 7.94907e-17
3682.4541018 8.18292e-17
3684.63797735 8.04144e-17
3686.82185291 7.65065e-17
3689.00572846 8.4605e-17
3691.18960401 9.04902e-17
3693.37347956 8.58103e-17
3695.55735511 8.11779e-17
3697.74123066 1.12758e-16
3699.92510622 9.63303e-17
3702.10898177 7.49275e-17
3704.29285732 6.99744e-17
3706.47673287 1.10037e-16
3708.66060842 9.67018e-17
3710.84448398 9.12092e-17
3713.02835953 1.3005e-16
3715.21223508 9.09066e-17
3717.39611063 8.85525e-17
3719.57998618 1.37808e-16
3721.76386174 9.99139e-17
3723.94773729 9.04163e-17
3726.13161284 1.0937e-16
3728.31548839 1.03237e-16
3730.49936394 1.22246e-16
3732.6832395 1.0595e-16
3734.86711505 1.00336e-16
3737.0509906 1.2359e-16
3739.23486615 9.90297e-17
3741.4187417 7.48115e-17
3743.60261725 1.22113e-16
3745.78649281 1.21853e-16
3747.97036836 1.30219e-16
3750.15424391 7.9158e-17
3752.33811946 1.20207e-16
3754.52199501 6.44567e-17
3756.70587057 1.20693e-16
3758.88974612 1.14113e-16
3761.07362167 1.00126e-16
3763.25749722 8.95769e-17
3765.44137277 9.19784e-17
3767.62524833 8.19344e-17
3769.80912388 7.84143e-17
3771.99299943 1.1745e-16
3774.17687498 1.09707e-16
3776.36075053 9.03786e-17
3778.54462608 8.87244e-17
3780.72850164 9.4203e-17
3782.91237719 8.29438e-17
3785.09625274 8.43685e-17
3787.28012829 1.10498e-16
3789.46400384 7.9997e-17
3791.6478794 6.45216e-17
3793.83175495 8.60178e-17
3796.0156305 9.22919e-17
3798.19950605 8.93653e-17
3800.3833816 7.72647e-17
3802.56725716 1.25838e-16
3804.75113271 1.25332e-16
3806.93500826 8.67533e-17
3809.11888381 6.89377e-17
3811.30275936 6.88291e-17
3813.48663491 1.1061e-16
3815.67051047 8.20011e-17
3817.85438602 1.0956e-16
3820.03826157 1.15076e-16
3822.22213712 1.09591e-16
3824.40601267 1.05795e-16
3826.58988823 9.62785e-17
3828.77376378 6.73261e-17
3830.95763933 3.91023e-17
3833.14151488 9.86652e-17
3835.32539043 1.13867e-16
3837.50926599 9.3864e-17
3839.69314154 8.11948e-17
3841.87701709 7.70612e-17
3844.06089264 9.56968e-17
3846.24476819 1.26068e-16
3848.42864375 1.40543e-16
3850.6125193 1.17539e-16
3852.79639485 1.28501e-16
3854.9802704 1.25685e-16
3857.16414595 1.06027e-16
3859.3480215 9.11641e-17
3861.53189706 1.39804e-16
3863.71577261 1.24883e-16
3865.89964816 1.11977e-16
3868.08352371 1.26557e-16
3870.26739926 1.32302e-16
3872.45127482 1.35777e-16
3874.63515037 1.3189e-16
3876.81902592 1.27874e-16
3879.00290147 1.40702e-16
3881.18677702 1.13912e-16
3883.37065258 9.09329e-17
3885.55452813 1.19901e-16
3887.73840368 1.61207e-16
3889.92227923 1.27406e-16
3892.10615478 1.32583e-16
3894.29003033 1.35948e-16
3896.47390589 1.12805e-16
3898.65778144 1.19924e-16
3900.84165699 1.33586e-16
3903.02553254 1.2663e-16
3905.20940809 9.82159e-17
3907.39328365 1.18056e-16
3909.5771592 1.19171e-16
3911.76103475 9.99303e-17
3913.9449103 1.1079e-16
3916.12878585 1.09896e-16
3918.31266141 1.08947e-16
3920.49653696 9.75536e-17
3922.68041251 9.8164e-17
3924.86428806 1.17611e-16
3927.04816361 1.10055e-16
3929.23203916 1.14864e-16
3931.41591472 1.00929e-16
3933.59979027 9.15599e-17
3935.78366582 1.16486e-16
3937.96754137 9.57396e-17
3940.15141692 9.65481e-17
3942.33529248 1.02767e-16
3944.51916803 8.51074e-17
3946.70304358 8.79195e-17
3948.88691913 8.73145e-17
3951.07079468 7.04521e-17
3953.25467024 7.60945e-17
3955.43854579 6.85545e-17
3957.62242134 7.37004e-17
3959.80629689 8.38858e-17
3961.99017244 7.22564e-17
3964.174048 5.45036e-17
3966.35792355 4.8387e-17
3968.5417991 7.82931e-17
3970.72567465 8.7162e-17
3972.9095502 8.49246e-17
3975.09342575 5.41881e-17
3977.27730131 6.50332e-17
3979.46117686 8.73608e-17
3981.64505241 7.56466e-17
3983.82892796 8.26009e-17
3986.01280351 7.64693e-17
3988.19667907 7.86682e-17
3990.38055462 7.20088e-17
3992.56443017 8.82872e-17
3994.74830572 9.80961e-17
3996.93218127 7.98345e-17
3999.11605683 8.89217e-17
4001.29993238 1.0383e-16
4003.48380793 1.04335e-16
4005.66768348 1.20581e-16
4007.85155903 1.07598e-16
4010.03543458 5.86717e-17
4012.21931014 6.70856e-17
4014.40318569 9.096e-17
4016.58706124 9.35038e-17
4018.77093679 7.74937e-17
4020.95481234 6.68982e-17
4023.1386879 8.30925e-17
4025.32256345 8.12888e-17
4027.506439 7.80931e-17
4029.69031455 7.23646e-17
4031.8741901 9.37806e-17
4034.05806566 1.06751e-16
4036.24194121 8.10817e-17
4038.42581676 7.25131e-17
4040.60969231 1.09065e-16
4042.79356786 1.34266e-16
4044.97744341 1.21099e-16
4047.16131897 8.94883e-17
4049.34519452 6.11585e-17
4051.52907007 9.70892e-17
4053.71294562 1.14868e-16
4055.89682117 8.31197e-17
4058.08069673 8.90691e-17
4060.26457228 1.27567e-16
4062.44844783 1.30794e-16
4064.63232338 1.24976e-16
4066.81619893 1.23656e-16
4069.00007449 1.37357e-16
4071.18395004 1.42839e-16
4073.36782559 1.54121e-16
4075.55170114 1.72698e-16
4077.73557669 1.71778e-16
4079.91945225 1.64983e-16
4082.1033278 1.8552e-16
4084.28720335 2.1679e-16
4086.4710789 2.17502e-16
4088.65495445 2.27884e-16
4090.83883 2.27316e-16
4093.02270556 2.10864e-16
4095.20658111 2.11503e-16
4097.39045666 2.26194e-16
4099.57433221 2.19734e-16
4101.75820776 2.27021e-16
4103.94208332 2.27065e-16
4106.12595887 2.29817e-16
4108.30983442 2.1821e-16
4110.49370997 2.20774e-16
4112.67758552 2.23017e-16
4114.86146108 2.19361e-16
4117.04533663 2.24821e-16
4119.22921218 2.29834e-16
4121.41308773 2.03855e-16
4123.59696328 2.09905e-16
4125.78083883 1.9037e-16
4127.96471439 2.27177e-16
4130.14858994 2.06674e-16
4132.33246549 1.92285e-16
4134.51634104 2.25027e-16
4136.70021659 2.31325e-16
4138.88409215 2.11942e-16
4141.0679677 2.39781e-16
4143.25184325 2.11141e-16
4145.4357188 2.04911e-16
4147.61959435 2.17742e-16
4149.80346991 2.15577e-16
4151.98734546 2.08616e-16
4154.17122101 1.87789e-16
4156.35509656 2.01023e-16
4158.53897211 1.97839e-16
4160.72284766 1.71249e-16
4162.90672322 1.58756e-16
4165.09059877 1.45131e-16
4167.27447432 1.59159e-16
4169.45834987 1.28112e-16
4171.64222542 1.29286e-16
4173.82610098 1.10007e-16
4176.00997653 1.09969e-16
4178.19385208 1.16151e-16
4180.37772763 1.28818e-16
4182.56160318 1.10758e-16
4184.74547874 1.11333e-16
4186.92935429 1.30077e-16
4189.11322984 1.2538e-16
4191.29710539 1.35026e-16
4193.48098094 1.49815e-16
4195.6648565 1.38725e-16
4197.84873205 1.29673e-16
4200.0326076 1.21954e-16
4202.21648315 1.65009e-16
4204.4003587 1.61094e-16
4206.58423425 1.45969e-16
4208.76810981 1.78396e-16
4210.95198536 1.78934e-16
4213.13586091 1.8306e-16
4215.31973646 1.9284e-16
4217.50361201 2.00788e-16
4219.68748757 1.93868e-16
4221.87136312 2.11013e-16
4224.05523867 2.30927e-16
4226.23911422 2.37189e-16
4228.42298977 2.01349e-16
4230.60686533 2.13362e-16
4232.79074088 2.38588e-16
4234.97461643 2.11799e-16
4237.15849198 2.03564e-16
4239.34236753 2.19563e-16
4241.52624308 2.04826e-16
4243.71011864 2.1097e-16
4245.89399419 2.08401e-16
4248.07786974 2.25164e-16
4250.26174529 2.23594e-16
4252.44562084 2.32626e-16
4254.6294964 2.07004e-16
4256.81337195 2.26418e-16
4258.9972475 2.0568e-16
4261.18112305 1.98955e-16
4263.3649986 2.22984e-16
4265.54887416 2.18321e-16
4267.73274971 1.95383e-16
4269.91662526 2.21483e-16
4272.10050081 2.16353e-16
4274.28437636 2.03178e-16
4276.46825191 2.01176e-16
4278.65212747 2.25985e-16
4280.83600302 2.11939e-16
4283.01987857 1.88734e-16
4285.20375412 2.02174e-16
4287.38762967 2.2434e-16
4289.57150523 2.28261e-16
4291.75538078 2.29977e-16
4293.93925633 2.33171e-16
4296.12313188 2.27299e-16
4298.30700743 2.28976e-16
4300.49088299 2.08421e-16
4302.67475854 2.36819e-16
4304.85863409 2.52831e-16
4307.04250964 2.44209e-16
4309.22638519 2.40457e-16
4311.41026075 2.30259e-16
4313.5941363 2.09427e-16
4315.77801185 2.27818e-16
4317.9618874 2.35344e-16
4320.14576295 2.32743e-16
4322.3296385 2.37607e-16
4324.51351406 2.07068e-16
4326.69738961 2.02919e-16
4328.88126516 2.1061e-16
4331.06514071 2.06032e-16
4333.24901626 2.2246e-16
4335.43289182 2.32931e-16
4337.61676737 2.36983e-16
4339.80064292 2.4912e-16
4341.98451847 2.29629e-16
4344.16839402 2.28921e-16
4346.35226958 2.47969e-16
4348.53614513 2.28142e-16
4350.72002068 2.1861e-16
4352.90389623 2.14798e-16
4355.08777178 2.2093e-16
4357.27164733 2.22674e-16
4359.45552289 2.17743e-16
4361.63939844 2.19269e-16
4363.82327399 2.03673e-16
4366.00714954 2.20375e-16
4368.19102509 2.28393e-16
4370.37490065 2.11912e-16
4372.5587762 2.21186e-16
4374.74265175 1.95706e-16
4376.9265273 1.90209e-16
4379.11040285 1.90139e-16
4381.29427841 1.85959e-16
4383.47815396 1.87118e-16
4385.66202951 1.76505e-16
4387.84590506 1.60516e-16
4390.02978061 1.6352e-16
4392.21365616 1.55754e-16
4394.39753172 1.45886e-16
4396.58140727 1.29686e-16
4398.76528282 1.25371e-16
4400.94915837 1.18637e-16
4403.13303392 1.03333e-16
4405.31690948 9.24135e-17
4407.50078503 9.672e-17
4409.68466058 1.14011e-16
4411.86853613 9.64626e-17
4414.05241168 8.3667e-17
4416.23628724 9.75707e-17
4418.42016279 9.28378e-17
4420.60403834 1.02638e-16
4422.78791389 9.8113e-17
4424.97178944 1.05728e-16
4427.155665 9.14029e-17
4429.33954055 9.21596e-17
4431.5234161 1.05487e-16
4433.70729165 1.03934e-16
4435.8911672 1.01618e-16
4438.07504275 1.00748e-16
4440.25891831 1.27268e-16
4442.44279386 1.34982e-16
4444.62666941 1.40678e-16
4446.81054496 1.36786e-16
4448.99442051 1.37098e-16
4451.17829607 1.49483e-16
4453.36217162 1.58897e-16
4455.54604717 1.75813e-16
4457.72992272 1.96131e-16
4459.91379827 2.06295e-16
4462.09767383 1.9613e-16
4464.28154938 1.93239e-16
4466.46542493 1.98319e-16
4468.64930048 1.82341e-16
4470.83317603 2.02459e-16
4473.01705158 1.9274e-16
4475.20092714 2.13628e-16
4477.38480269 2.30144e-16
4479.56867824 2.18233e-16
4481.75255379 2.21716e-16
4483.93642934 2.19639e-16
4486.1203049 2.14196e-16
4488.30418045 2.24773e-16
4490.488056 2.51938e-16
4492.67193155 2.28923e-16
4494.8558071 2.03025e-16
4497.03968266 1.89791e-16
4499.22355821 2.03496e-16
4501.40743376 2.29488e-16
4503.59130931 2.37038e-16
4505.77518486 2.07513e-16
4507.95906041 2.06911e-16
4510.14293597 2.32853e-16
4512.32681152 2.35471e-16
4514.51068707 2.13062e-16
4516.69456262 2.1382e-16
4518.87843817 2.22129e-16
4521.06231373 2.2889e-16
4523.24618928 2.23782e-16
4525.43006483 2.24154e-16
4527.61394038 2.37871e-16
4529.79781593 2.19559e-16
4531.98169149 2.30186e-16
4534.16556704 2.61275e-16
4536.34944259 2.28674e-16
4538.53331814 2.14106e-16
4540.71719369 2.22947e-16
4542.90106925 2.34506e-16
4545.0849448 2.3445e-16
4547.26882035 2.35985e-16
4549.4526959 2.2943e-16
4551.63657145 2.3031e-16
4553.820447 2.2764e-16
4556.00432256 2.43141e-16
4558.18819811 2.32855e-16
4560.37207366 2.36222e-16
4562.55594921 2.62146e-16
4564.73982476 2.35026e-16
4566.92370032 2.33124e-16
4569.10757587 2.26356e-16
4571.29145142 2.246e-16
4573.47532697 2.12491e-16
4575.65920252 2.10585e-16
4577.84307808 2.16911e-16
4580.02695363 2.37245e-16
4582.21082918 2.19536e-16
4584.39470473 2.11534e-16
4586.57858028 2.19153e-16
4588.76245583 2.18304e-16
4590.94633139 2.053e-16
4593.13020694 2.04158e-16
4595.31408249 2.2354e-16
4597.49795804 2.02e-16
4599.68183359 1.8692e-16
4601.86570915 2.03643e-16
4604.0495847 2.22072e-16
4606.23346025 2.02335e-16
4608.4173358 1.87679e-16
4610.60121135 2.0521e-16
4612.78508691 1.92269e-16
4614.96896246 1.90792e-16
4617.15283801 1.98938e-16
4619.33671356 1.99205e-16
4621.52058911 1.84612e-16
4623.70446466 1.85418e-16
4625.88834022 1.86462e-16
4628.07221577 2.00155e-16
4630.25609132 2.02072e-16
4632.43996687 1.89903e-16
4634.62384242 1.79498e-16
4636.80771798 1.72333e-16
4638.99159353 1.8899e-16
4641.17546908 1.79888e-16
4643.35934463 1.81178e-16
4645.54322018 1.86539e-16
4647.72709574 1.77563e-16
4649.91097129 1.92442e-16
4652.09484684 1.86174e-16
4654.27872239 1.68544e-16
4656.46259794 1.83882e-16
4658.6464735 1.9676e-16
4660.83034905 1.82825e-16
4663.0142246 1.97515e-16
4665.19810015 1.94088e-16
4667.3819757 1.83774e-16
4669.56585125 1.99659e-16
4671.74972681 2.14619e-16
4673.93360236 2.04357e-16
4676.11747791 1.78593e-16
4678.30135346 1.80593e-16
4680.48522901 1.99358e-16
4682.66910457 1.87595e-16
4684.85298012 2.00324e-16
4687.03685567 1.90097e-16
4689.22073122 1.91019e-16
4691.40460677 2.18358e-16
4693.58848233 2.31374e-16
4695.77235788 2.40579e-16
4697.95623343 2.36425e-16
4700.14010898 2.17212e-16
4702.32398453 2.18342e-16
4704.50786008 2.18767e-16
4706.69173564 2.19153e-16
4708.87561119 2.50567e-16
4711.05948674 2.38858e-16
4713.24336229 2.36308e-16
4715.42723784 2.64686e-16
4717.6111134 2.57124e-16
4719.79498895 2.56175e-16
4721.9788645 2.51887e-16
4724.16274005 2.65759e-16
4726.3466156 2.48985e-16
4728.53049116 2.74427e-16
4730.71436671 2.57353e-16
4732.89824226 2.75093e-16
4735.08211781 2.56226e-16
4737.26599336 2.49651e-16
4739.44986891 2.58191e-16
4741.63374447 2.52085e-16
4743.81762002 2.68304e-16
4746.00149557 2.57083e-16
4748.18537112 2.47294e-16
4750.36924667 2.57183e-16
4752.55312223 2.85483e-16
4754.73699778 2.84586e-16
4756.92087333 2.56847e-16
4759.10474888 2.53036e-16
4761.28862443 2.45579e-16
4763.47249999 2.70649e-16
4765.65637554 2.71303e-16
4767.84025109 2.83693e-16
4770.02412664 2.5958e-16
4772.20800219 2.61794e-16
4774.39187775 2.73157e-16
4776.5757533 2.50151e-16
4778.75962885 2.60026e-16
4780.9435044 2.88879e-16
4783.12737995 2.7817e-16
4785.3112555 2.80411e-16
4787.49513106 2.75214e-16
4789.67900661 2.65806e-16
4791.86288216 2.80053e-16
4794.04675771 2.89068e-16
4796.23063326 2.8539e-16
4798.41450882 2.70177e-16
4800.59838437 2.72059e-16
4802.78225992 2.72258e-16
4804.96613547 2.69107e-16
4807.15001102 2.56544e-16
4809.33388658 2.65384e-16
4811.51776213 2.6952e-16
4813.70163768 2.55135e-16
4815.88551323 2.61352e-16
4818.06938878 2.6381e-16
4820.25326433 2.4932e-16
4822.43713989 2.65222e-16
4824.62101544 2.66036e-16
4826.80489099 2.47182e-16
4828.98876654 2.57262e-16
4831.17264209 2.46014e-16
4833.35651765 2.33111e-16
4835.5403932 2.4385e-16
4837.72426875 2.54437e-16
4839.9081443 2.46352e-16
4842.09201985 2.5027e-16
4844.27589541 2.41653e-16
4846.45977096 2.38306e-16
4848.64364651 2.58012e-16
4850.82752206 2.55231e-16
4853.01139761 2.44561e-16
4855.19527316 2.51255e-16
4857.37914872 2.40742e-16
4859.56302427 2.32684e-16
4861.74689982 2.32804e-16
4863.93077537 2.22566e-16
4866.11465092 2.31387e-16
4868.29852648 2.34283e-16
4870.48240203 2.21584e-16
4872.66627758 2.12241e-16
4874.85015313 2.0718e-16
4877.03402868 2.09249e-16
4879.21790424 2.12186e-16
4881.40177979 2.1637e-16
4883.58565534 2.014e-16
4885.76953089 1.97204e-16
4887.95340644 2.05994e-16
4890.137282 1.9519e-16
4892.32115755 2.0062e-16
4894.5050331 2.01346e-16
4896.68890865 1.87372e-16
4898.8727842 1.8754e-16
4901.05665975 1.88755e-16
4903.24053531 1.73729e-16
4905.42441086 1.5356e-16
4907.60828641 1.48682e-16
4909.79216196 1.46532e-16
4911.97603751 1.40501e-16
4914.15991307 1.3463e-16
4916.34378862 1.17515e-16
4918.52766417 1.06673e-16
4920.71153972 1.04296e-16
4922.89541527 1.03893e-16
4925.07929083 9.06366e-17
4927.26316638 7.97062e-17
4929.44704193 9.47012e-17
4931.63091748 9.31234e-17
4933.81479303 7.64898e-17
4935.99866858 6.46903e-17
4938.18254414 7.69821e-17
4940.36641969 6.67595e-17
4942.55029524 5.23054e-17
4944.73417079 5.90611e-17
4946.91804634 5.88118e-17
4949.1019219 6.31014e-17
4951.28579745 6.50294e-17
4953.469673 7.55738e-17
4955.65354855 8.79966e-17
4957.8374241 8.45748e-17
4960.02129966 9.65274e-17
4962.20517521 9.36964e-17
4964.38905076 1.1761e-16
4966.57292631 1.17565e-16
4968.75680186 1.25799e-16
4970.94067741 1.48519e-16
4973.12455297 1.72187e-16
4975.30842852 1.84026e-16
4977.49230407 2.01795e-16
4979.67617962 2.04279e-16
4981.86005517 2.19913e-16
4984.04393073 2.2971e-16
4986.22780628 2.44342e-16
4988.41168183 2.65195e-16
4990.59555738 2.81923e-16
4992.77943293 2.78915e-16
4994.96330849 2.93807e-16
4997.14718404 2.90929e-16
4999.33105959 2.93342e-16
5001.51493514 2.78563e-16
5003.69881069 2.94532e-16
5005.88268625 2.80805e-16
5008.0665618 2.84451e-16
5010.25043735 2.97107e-16
5012.4343129 2.92944e-16
5014.61818845 2.90864e-16
5016.802064 2.71304e-16
5018.98593956 2.81098e-16
5021.16981511 2.7509e-16
5023.35369066 2.72954e-16
5025.53756621 2.76386e-16
5027.72144176 3.00866e-16
5029.90531732 2.76015e-16
5032.08919287 2.6948e-16
5034.27306842 2.64653e-16
5036.45694397 2.74179e-16
5038.64081952 2.8003e-16
5040.82469508 2.70294e-16
5043.00857063 3.00599e-16
5045.19244618 2.84497e-16
5047.37632173 2.90684e-16
5049.56019728 2.98687e-16
5051.74407283 2.98491e-16
5053.92794839 3.18504e-16
5056.11182394 3.13739e-16
5058.29569949 3.25837e-16
5060.47957504 3.38956e-16
5062.66345059 3.23669e-16
5064.84732615 3.32818e-16
5067.0312017 3.42189e-16
5069.21507725 3.50245e-16
5071.3989528 3.47328e-16
5073.58282835 3.40534e-16
5075.76670391 3.33126e-16
5077.95057946 3.41038e-16
5080.13445501 3.25746e-16
5082.31833056 3.18581e-16
5084.50220611 3.24005e-16
5086.68608166 3.07749e-16
5088.86995722 3.03034e-16
5091.05383277 2.88531e-16
5093.23770832 2.90687e-16
5095.42158387 2.60241e-16
5097.60545942 2.64768e-16
5099.78933498 2.68871e-16
5101.97321053 2.44609e-16
5104.15708608 2.34069e-16
5106.34096163 2.39333e-16
5108.52483718 2.28706e-16
5110.70871274 2.39464e-16
5112.89258829 2.27825e-16
5115.07646384 2.16618e-16
5117.26033939 2.30587e-16
5119.44421494 2.3425e-16
5121.6280905 2.1054e-16
5123.81196605 2.01737e-16
5125.9958416 2.05715e-16
5128.17971715 2.22283e-16
5130.3635927 2.09885e-16
5132.54746825 2.09436e-16
5134.73134381 2.19924e-16
5136.91521936 2.06602e-16
5139.09909491 2.22713e-16
5141.28297046 2.41478e-16
5143.46684601 2.37676e-16
5145.65072157 2.40331e-16
5147.83459712 2.38148e-16
5150.01847267 2.56002e-16
5152.20234822 2.59307e-16
5154.38622377 2.78127e-16
5156.57009933 2.74767e-16
5158.75397488 2.93782e-16
5160.93785043 3.03645e-16
5163.12172598 3.06768e-16
5165.30560153 3.21188e-16
5167.48947708 3.07372e-16
5169.67335264 3.061e-16
5171.85722819 3.17843e-16
5174.04110374 3.28707e-16
5176.22497929 3.27699e-16
5178.40885484 3.34918e-16
5180.5927304 3.37447e-16
5182.77660595 3.34213e-16
5184.9604815 3.18841e-16
5187.14435705 2.99275e-16
5189.3282326 3.07072e-16
5191.51210816 3.18934e-16
5193.69598371 3.12061e-16
5195.87985926 3.06322e-16
5198.06373481 3.03307e-16
5200.24761036 3.03233e-16
5202.43148591 2.93439e-16
5204.61536147 2.94932e-16
5206.79923702 2.96825e-16
5208.98311257 2.91699e-16
5211.16698812 2.67958e-16
5213.35086367 2.5477e-16
5215.53473923 2.69488e-16
5217.71861478 2.71897e-16
5219.90249033 2.57428e-16
5222.08636588 2.59846e-16
5224.27024143 2.62845e-16
5226.45411699 2.38781e-16
5228.63799254 2.35117e-16
5230.82186809 2.45847e-16
5233.00574364 2.41045e-16
5235.18961919 2.3041e-16
5237.37349475 2.24372e-16
5239.5573703 2.21021e-16
5241.74124585 2.18621e-16
5243.9251214 2.04243e-16
5246.10899695 1.96166e-16
5248.2928725 1.95055e-16
5250.47674806 1.99501e-16
5252.66062361 1.88127e-16
5254.84449916 1.67996e-16
5257.02837471 1.71946e-16
5259.21225026 1.87086e-16
5261.39612582 1.72336e-16
5263.58000137 1.60493e-16
5265.76387692 1.634e-16
5267.94775247 1.5387e-16
5270.13162802 1.53504e-16
5272.31550358 1.69023e-16
5274.49937913 1.57021e-16
5276.68325468 1.48412e-16
5278.86713023 1.52148e-16
5281.05100578 1.54045e-16
5283.23488133 1.67007e-16
5285.41875689 1.61255e-16
5287.60263244 1.54054e-16
5289.78650799 1.65112e-16
5291.97038354 1.85793e-16
5294.15425909 1.75852e-16
5296.33813465 1.75239e-16
5298.5220102 1.86895e-16
5300.70588575 1.83547e-16
5302.8897613 1.84121e-16
5305.07363685 1.94367e-16
5307.25751241 1.87727e-16
5309.44138796 2.01311e-16
5311.62526351 2.14257e-16
5313.80913906 2.04972e-16
5315.99301461 2.13312e-16
5318.17689016 2.31919e-16
5320.36076572 2.22812e-16
5322.54464127 2.21052e-16
5324.72851682 2.31568e-16
5326.91239237 2.34076e-16
5329.09626792 2.45472e-16
5331.28014348 2.47278e-16
5333.46401903 2.35294e-16
5335.64789458 2.35408e-16
5337.83177013 2.27274e-16
5340.01564568 2.35566e-16
5342.19952124 2.30646e-16
5344.38339679 2.21872e-16
5346.56727234 2.36947e-16
5348.75114789 2.38798e-16
5350.93502344 2.50512e-16
5353.118899 2.43945e-16
5355.30277455 2.24077e-16
5357.4866501 2.28607e-16
5359.67052565 2.2165e-16
5361.8544012 2.19683e-16
5364.03827675 2.28328e-16
5366.22215231 2.2244e-16
5368.40602786 2.31148e-16
5370.58990341 2.25384e-16
5372.77377896 2.18214e-16
5374.95765451 2.24924e-16
5377.14153007 2.25824e-16
5379.32540562 2.24785e-16
5381.50928117 2.30135e-16
5383.69315672 2.16223e-16
5385.87703227 2.30636e-16
5388.06090783 2.20094e-16
5390.24478338 2.22205e-16
5392.42865893 2.26613e-16
5394.61253448 2.11605e-16
5396.79641003 2.16856e-16
5398.98028558 2.10148e-16
5401.16416114 2.12652e-16
5403.34803669 2.14893e-16
5405.53191224 2.03933e-16
5407.71578779 2.17807e-16
5409.89966334 2.06862e-16
5412.0835389 2.02398e-16
5414.26741445 2.01387e-16
5416.45129 2.07429e-16
5418.63516555 2.01095e-16
5420.8190411 2.11655e-16
5423.00291666 2.23015e-16
5425.18679221 2.28695e-16
5427.37066776 2.12276e-16
5429.55454331 2.0503e-16
5431.73841886 2.09731e-16
5433.92229441 2.19651e-16
5436.10616997 2.33515e-16
5438.29004552 2.31225e-16
5440.47392107 2.21213e-16
5442.65779662 2.27039e-16
5444.84167217 2.22966e-16
5447.02554773 2.20653e-16
5449.20942328 2.39375e-16
5451.39329883 2.26581e-16
5453.57717438 2.19673e-16
5455.76104993 2.21024e-16
5457.94492549 2.33004e-16
5460.12880104 2.37412e-16
5462.31267659 2.37507e-16
5464.49655214 2.34492e-16
5466.68042769 2.44402e-16
5468.86430325 2.3851e-16
5471.0481788 2.38656e-16
5473.23205435 2.28862e-16
5475.4159299 2.2604e-16
5477.59980545 2.37663e-16
5479.783681 2.551e-16
5481.96755656 2.39977e-16
5484.15143211 2.30937e-16
5486.33530766 2.45252e-16
5488.51918321 2.41966e-16
5490.70305876 2.43495e-16
5492.88693432 2.52148e-16
5495.07080987 2.63447e-16
5497.25468542 2.62428e-16
5499.43856097 2.39418e-16
5501.62243652 2.2237e-16
5503.80631208 2.52127e-16
5505.99018763 2.42971e-16
5508.17406318 2.39043e-16
5510.35793873 2.57118e-16
5512.54181428 2.52845e-16
5514.72568983 2.3812e-16
5516.90956539 2.59474e-16
5519.09344094 2.65441e-16
5521.27731649 2.52139e-16
5523.46119204 2.51869e-16
5525.64506759 2.50259e-16
5527.82894315 2.34454e-16
5530.0128187 2.47556e-16
5532.19669425 2.53671e-16
5534.3805698 2.51817e-16
5536.56444535 2.35742e-16
5538.74832091 2.36118e-16
5540.93219646 2.38711e-16
5543.11607201 2.36961e-16
5545.29994756 2.53303e-16
5547.48382311 2.4847e-16
5549.66769866 2.59525e-16
5551.85157422 2.42307e-16
5554.03544977 2.38009e-16
5556.21932532 2.3824e-16
5558.40320087 2.32722e-16
5560.58707642 2.55897e-16
5562.77095198 2.42842e-16
5564.95482753 2.20278e-16
5567.13870308 2.45751e-16
5569.32257863 2.53014e-16
5571.50645418 2.4944e-16
5573.69032974 2.53164e-16
5575.87420529 2.53963e-16
5578.05808084 2.36002e-16
5580.24195639 2.46768e-16
5582.42583194 2.38969e-16
5584.6097075 2.26602e-16
5586.79358305 2.45483e-16
5588.9774586 2.45969e-16
5591.16133415 2.44139e-16
5593.3452097 2.35671e-16
5595.52908525 2.40304e-16
5597.71296081 2.40857e-16
5599.89683636 2.28147e-16
5602.08071191 2.31588e-16
5604.26458746 2.46904e-16
5606.44846301 2.52123e-16
5608.63233857 2.38418e-16
5610.81621412 2.33195e-16
5613.00008967 2.21512e-16
5615.18396522 2.38566e-16
5617.36784077 2.38636e-16
5619.55171633 2.28286e-16
5621.73559188 2.21788e-16
5623.91946743 2.11116e-16
5626.10334298 2.27156e-16
5628.28721853 2.30757e-16
5630.47109408 2.25106e-16
5632.65496964 2.2869e-16
5634.83884519 2.25318e-16
5637.02272074 2.27986e-16
5639.20659629 2.14944e-16
5641.39047184 2.20501e-16
5643.5743474 2.14887e-16
5645.75822295 2.28431e-16
5647.9420985 2.2989e-16
5650.12597405 2.10079e-16
5652.3098496 2.02593e-16
5654.49372516 2.15729e-16
5656.67760071 2.2659e-16
5658.86147626 2.14585e-16
5661.04535181 2.27292e-16
5663.22922736 2.38203e-16
5665.41310291 2.24083e-16
5667.59697847 2.12923e-16
5669.78085402 2.09643e-16
5671.96472957 2.17445e-16
5674.14860512 2.24555e-16
5676.33248067 2.28142e-16
5678.51635623 2.17237e-16
5680.70023178 2.19692e-16
5682.88410733 2.24948e-16
5685.06798288 2.29151e-16
5687.25185843 2.24524e-16
5689.43573399 2.28227e-16
5691.61960954 2.28258e-16
5693.80348509 2.36561e-16
5695.98736064 2.38364e-16
5698.17123619 2.29144e-16
5700.35511175 2.24977e-16
5702.5389873 2.36699e-16
5704.72286285 2.42187e-16
5706.9067384 2.33721e-16
5709.09061395 2.34847e-16
5711.2744895 2.34897e-16
5713.45836506 2.20016e-16
5715.64224061 2.31853e-16
5717.82611616 2.5254e-16
5720.00999171 2.37047e-16
5722.19386726 2.2062e-16
5724.37774282 2.36459e-16
5726.56161837 2.36257e-16
5728.74549392 2.31978e-16
5730.92936947 2.25468e-16
5733.11324502 2.16883e-16
5735.29712058 2.10081e-16
5737.48099613 2.13694e-16
5739.66487168 2.18203e-16
5741.84874723 2.15298e-16
5744.03262278 2.23158e-16
5746.21649833 2.25165e-16
5748.40037389 2.17686e-16
5750.58424944 2.28561e-16
5752.76812499 2.16737e-16
5754.95200054 2.1073e-16
5757.13587609 2.14721e-16
5759.31975165 2.01525e-16
5761.5036272 2.0698e-16
5763.68750275 1.96832e-16
5765.8713783 2.06326e-16
5768.05525385 2.13152e-16
5770.23912941 2.00214e-16
5772.42300496 2.0105e-16
5774.60688051 1.9974e-16
5776.79075606 1.9917e-16
5778.97463161 1.88585e-16
5781.15850716 1.83218e-16
5783.34238272 2.00112e-16
5785.52625827 1.92589e-16
5787.71013382 1.95757e-16
5789.89400937 2.03815e-16
5792.07788492 1.94914e-16
5794.26176048 1.91412e-16
5796.44563603 1.90337e-16
5798.62951158 1.93623e-16
5800.81338713 1.8378e-16
5802.99726268 1.81517e-16
5805.18113824 1.92253e-16
5807.36501379 1.89618e-16
5809.54888934 1.84369e-16
5811.73276489 1.82189e-16
5813.91664044 1.8806e-16
5816.100516 1.97098e-16
5818.28439155 1.88767e-16
5820.4682671 1.73679e-16
5822.65214265 1.80469e-16
5824.8360182 1.90081e-16
5827.01989375 1.88413e-16
5829.20376931 1.80028e-16
5831.38764486 1.80625e-16
5833.57152041 1.8754e-16
5835.75539596 1.73147e-16
5837.93927151 1.77628e-16
5840.12314707 1.84848e-16
5842.30702262 1.80486e-16
5844.49089817 1.76532e-16
5846.67477372 1.69701e-16
5848.85864927 1.8342e-16
5851.04252483 1.85615e-16
5853.22640038 1.71663e-16
5855.41027593 1.84237e-16
5857.59415148 1.89484e-16
5859.77802703 1.74923e-16
5861.96190258 1.57037e-16
5864.14577814 1.72089e-16
5866.32965369 1.84376e-16
5868.51352924 1.69654e-16
5870.69740479 1.80743e-16
5872.88128034 1.71173e-16
5875.0651559 1.61475e-16
5877.24903145 1.78273e-16
5879.432907 1.6674e-16
5881.61678255 1.68463e-16
5883.8006581 1.69274e-16
5885.98453366 1.65635e-16
5888.16840921 1.65017e-16
5890.35228476 1.65193e-16
5892.53616031 1.67696e-16
5894.72003586 1.54761e-16
5896.90391141 1.4567e-16
5899.08778697 1.58361e-16
5901.27166252 1.52262e-16
5903.45553807 1.50729e-16
5905.63941362 1.60984e-16
5907.82328917 1.55086e-16
5910.00716473 1.49692e-16
5912.19104028 1.55111e-16
5914.37491583 1.52231e-16
5916.55879138 1.44503e-16
5918.74266693 1.42897e-16
5920.92654249 1.46135e-16
5923.11041804 1.35904e-16
5925.29429359 1.46009e-16
5927.47816914 1.50892e-16
5929.66204469 1.35172e-16
5931.84592025 1.41532e-16
5934.0297958 1.51269e-16
5936.21367135 1.51062e-16
5938.3975469 1.50353e-16
5940.58142245 1.53624e-16
5942.765298 1.4044e-16
5944.94917356 1.31425e-16
5947.13304911 1.34231e-16
5949.31692466 1.38637e-16
5951.50080021 1.3821e-16
5953.68467576 1.42758e-16
5955.86855132 1.36045e-16
5958.05242687 1.32991e-16
5960.23630242 1.35095e-16
5962.42017797 1.32889e-16
5964.60405352 1.26977e-16
5966.78792908 1.37373e-16
5968.97180463 1.36985e-16
5971.15568018 1.25292e-16
5973.33955573 1.23012e-16
5975.52343128 1.18234e-16
5977.70730683 1.2006e-16
5979.89118239 1.24113e-16
5982.07505794 1.18284e-16
5984.25893349 1.15651e-16
5986.44280904 1.2503e-16
5988.62668459 1.09519e-16
5990.81056015 1.08105e-16
5992.9944357 1.09996e-16
5995.17831125 1.10846e-16
5997.3621868 1.0416e-16
5999.54606235 1.00923e-16
6001.72993791 1.11434e-16
6003.91381346 1.18185e-16
6006.09768901 1.10097e-16
6008.28156456 1.11693e-16
6010.46544011 1.16799e-16
6012.64931566 1.09072e-16
6014.83319122 1.16044e-16
6017.01706677 1.16544e-16
6019.20094232 1.21239e-16
6021.38481787 1.20813e-16
6023.56869342 1.18392e-16
6025.75256898 1.32085e-16
6027.93644453 1.30189e-16
6030.12032008 1.23463e-16
6032.30419563 1.2911e-16
6034.48807118 1.26924e-16
6036.67194674 1.33055e-16
6038.85582229 1.3675e-16
6041.03969784 1.45244e-16
6043.22357339 1.36918e-16
6045.40744894 1.39447e-16
6047.5913245 1.51195e-16
6049.77520005 1.54664e-16
6051.9590756 1.68299e-16
6054.14295115 1.696e-16
6056.3268267 1.60093e-16
6058.51070225 1.58568e-16
6060.69457781 1.71098e-16
6062.87845336 1.73839e-16
6065.06232891 1.72079e-16
6067.24620446 1.70465e-16
6069.43008001 1.71412e-16
6071.61395557 1.66188e-16
6073.79783112 1.70062e-16
6075.98170667 1.8852e-16
6078.16558222 1.81486e-16
6080.34945777 1.81829e-16
6082.53333333 1.82639e-16
6084.71720888 1.77327e-16
6086.90108443 1.60554e-16
6089.08495998 1.63609e-16
6091.26883553 1.66657e-16
6093.45271108 1.82529e-16
6095.63658664 1.93313e-16
6097.82046219 1.84752e-16
6100.00433774 1.78524e-16
6102.18821329 1.64419e-16
6104.37208884 1.57459e-16
6106.5559644 1.68319e-16
6108.73983995 1.70696e-16
6110.9237155 1.62248e-16
6113.10759105 1.70716e-16
6115.2914666 1.76233e-16
6117.47534216 1.68491e-16
6119.65921771 1.5434e-16
6121.84309326 1.71282e-16
6124.02696881 1.94118e-16
6126.21084436 1.70248e-16
6128.39471991 1.60373e-16
6130.57859547 1.72071e-16
6132.76247102 1.66959e-16
6134.94634657 1.63938e-16
6137.13022212 1.62246e-16
6139.31409767 1.53175e-16
6141.49797323 1.51465e-16
6143.68184878 1.508e-16
6145.86572433 1.50936e-16
6148.04959988 1.60326e-16
6150.23347543 1.65408e-16
6152.41735099 1.6074e-16
6154.60122654 1.56581e-16
6156.78510209 1.59163e-16
6158.96897764 1.6928e-16
6161.15285319 1.60188e-16
6163.33672875 1.44052e-16
6165.5206043 1.57875e-16
6167.70447985 1.6752e-16
6169.8883554 1.57523e-16
6172.07223095 1.49396e-16
6174.2561065 1.62265e-16
6176.43998206 1.56531e-16
6178.62385761 1.51204e-16
6180.80773316 1.62214e-16
6182.99160871 1.44436e-16
6185.17548426 1.41795e-16
6187.35935982 1.56579e-16
6189.54323537 1.72049e-16
6191.72711092 1.68671e-16
6193.91098647 1.51619e-16
6196.09486202 1.51698e-16
6198.27873758 1.54166e-16
6200.46261313 1.57783e-16
6202.64648868 1.5679e-16
6204.83036423 1.3968e-16
6207.01423978 1.36605e-16
6209.19811533 1.50612e-16
6211.38199089 1.50509e-16
6213.56586644 1.4597e-16
6215.74974199 1.52761e-16
6217.93361754 1.48604e-16
6220.11749309 1.42891e-16
6222.30136865 1.42377e-16
6224.4852442 1.46011e-16
6226.66911975 1.53022e-16
6228.8529953 1.48766e-16
6231.03687085 1.33078e-16
6233.22074641 1.33476e-16
6235.40462196 1.35828e-16
6237.58849751 1.38199e-16
6239.77237306 1.36569e-16
6241.95624861 1.2916e-16
6244.14012416 1.38019e-16
6246.32399972 1.33508e-16
6248.50787527 1.2247e-16
6250.69175082 1.3186e-16
6252.87562637 1.34436e-16
6255.05950192 1.26417e-16
6257.24337748 1.46316e-16
6259.42725303 1.51348e-16
6261.61112858 1.34423e-16
6263.79500413 1.35184e-16
6265.97887968 1.39387e-16
6268.16275524 1.38494e-16
6270.34663079 1.32645e-16
6272.53050634 1.26415e-16
6274.71438189 1.23399e-16
6276.89825744 1.27325e-16
6279.082133 1.41115e-16
6281.26600855 1.41481e-16
6283.4498841 1.25231e-16
6285.63375965 1.34684e-16
6287.8176352 1.41987e-16
6290.00151075 1.37971e-16
6292.18538631 1.31057e-16
6294.36926186 1.20055e-16
6296.55313741 1.26359e-16
6298.73701296 1.29948e-16
6300.92088851 1.27673e-16
6303.10476407 1.28386e-16
6305.28863962 1.43231e-16
6307.47251517 1.39872e-16
6309.65639072 1.35321e-16
6311.84026627 1.29438e-16
6314.02414183 1.4032e-16
6316.20801738 1.53324e-16
6318.39189293 1.41453e-16
6320.57576848 1.29261e-16
6322.75964403 1.35645e-16
6324.94351958 1.40912e-16
6327.12739514 1.30224e-16
6329.31127069 1.41266e-16
6331.49514624 1.49517e-16
6333.67902179 1.41136e-16
6335.86289734 1.47728e-16
6338.0467729 1.36906e-16
6340.23064845 1.32765e-16
6342.414524 1.47792e-16
6344.59839955 1.49173e-16
6346.7822751 1.46381e-16
6348.96615066 1.49752e-16
6351.15002621 1.49424e-16
6353.33390176 1.46688e-16
6355.51777731 1.45426e-16
6357.70165286 1.35953e-16
6359.88552841 1.42262e-16
6362.06940397 1.44765e-16
6364.25327952 1.41959e-16
6366.43715507 1.4297e-16
6368.62103062 1.42398e-16
6370.80490617 1.31098e-16
6372.98878173 1.48626e-16
6375.17265728 1.52663e-16
6377.35653283 1.46827e-16
6379.54040838 1.44692e-16
6381.72428393 1.35635e-16
6383.90815949 1.37866e-16
6386.09203504 1.40479e-16
6388.27591059 1.44785e-16
6390.45978614 1.39199e-16
6392.64366169 1.33622e-16
6394.82753725 1.47838e-16
6397.0114128 1.45822e-16
6399.19528835 1.4077e-16
6401.3791639 1.32125e-16
6403.56303945 1.33362e-16
6405.746915 1.34601e-16
6407.93079056 1.41282e-16
6410.11466611 1.402e-16
6412.29854166 1.45593e-16
6414.48241721 1.53198e-16
6416.66629276 1.59189e-16
6418.85016832 1.55094e-16
6421.03404387 1.47422e-16
6423.21791942 1.5644e-16
6425.40179497 1.5498e-16
6427.58567052 1.46218e-16
6429.76954608 1.67945e-16
6431.95342163 1.64293e-16
6434.13729718 1.55294e-16
6436.32117273 1.63041e-16
6438.50504828 1.68191e-16
6440.68892383 1.68434e-16
6442.87279939 1.70061e-16
6445.05667494 1.62946e-16
6447.24055049 1.68313e-16
6449.42442604 1.71515e-16
6451.60830159 1.56691e-16
6453.79217715 1.50332e-16
6455.9760527 1.64889e-16
6458.15992825 1.61783e-16
6460.3438038 1.64378e-16
6462.52767935 1.70247e-16
6464.71155491 1.72921e-16
6466.89543046 1.72258e-16
6469.07930601 1.52684e-16
6471.26318156 1.63861e-16
6473.44705711 1.62883e-16
6475.63093266 1.69044e-16
6477.81480822 1.69391e-16
6479.99868377 1.68638e-16
6482.18255932 1.66586e-16
6484.36643487 1.58673e-16
6486.55031042 1.83965e-16
6488.73418598 1.70832e-16
6490.91806153 1.60735e-16
6493.10193708 1.72909e-16
6495.28581263 1.78945e-16
6497.46968818 1.7397e-16
6499.65356374 1.67754e-16
6501.83743929 1.51076e-16
6504.02131484 1.6446e-16
6506.20519039 1.61395e-16
6508.38906594 1.66403e-16
6510.5729415 1.68102e-16
6512.75681705 1.63482e-16
6514.9406926 1.61598e-16
6517.12456815 1.5216e-16
6519.3084437 1.60176e-16
6521.49231925 1.58989e-16
6523.67619481 1.52235e-16
6525.86007036 1.57615e-16
6528.04394591 1.57901e-16
6530.22782146 1.57803e-16
6532.41169701 1.59452e-16
6534.59557257 1.55073e-16
6536.77944812 1.57052e-16
6538.96332367 1.51535e-16
6541.14719922 1.55642e-16
6543.33107477 1.59028e-16
6545.51495033 1.57e-16
6547.69882588 1.54959e-16
6549.88270143 1.59876e-16
6552.06657698 1.44854e-16
6554.25045253 1.55909e-16
6556.43432808 1.50654e-16
6558.61820364 1.57034e-16
6560.80207919 1.6207e-16
6562.98595474 1.60433e-16
6565.16983029 1.55131e-16
6567.35370584 1.61255e-16
6569.5375814 1.7973e-16
6571.72145695 1.55102e-16
6573.9053325 1.57791e-16
6576.08920805 1.56533e-16
6578.2730836 1.51987e-16
6580.45695916 1.36684e-16
6582.64083471 1.26093e-16
6584.82471026 1.34633e-16
6587.00858581 1.37002e-16
6589.19246136 1.38792e-16
6591.37633691 1.32105e-16
6593.56021247 1.25183e-16
6595.74408802 1.17327e-16
6597.92796357 1.11544e-16
6600.11183912 1.20893e-16
6602.29571467 1.18086e-16
6604.47959023 1.03517e-16
6606.66346578 1.01791e-16
6608.84734133 9.80967e-17
6611.03121688 9.77804e-17
6613.21509243 9.77743e-17
6615.39896799 8.80845e-17
6617.58284354 7.38034e-17
6619.76671909 8.33931e-17
6621.95059464 7.20045e-17
6624.13447019 6.98726e-17
6626.31834575 6.46222e-17
6628.5022213 5.61339e-17
6630.68609685 6.44069e-17
6632.8699724 6.12478e-17
6635.05384795 5.63319e-17
6637.2377235 6.02708e-17
6639.42159906 6.3752e-17
6641.60547461 5.47332e-17
6643.78935016 5.90542e-17
6645.97322571 7.22074e-17
6648.15710126 7.12249e-17
6650.34097682 6.34529e-17
6652.52485237 6.24181e-17
6654.70872792 7.00772e-17
6656.89260347 7.74451e-17
6659.07647902 8.59101e-17
6661.26035458 8.82295e-17
6663.44423013 1.00196e-16
6665.62810568 9.72134e-17
6667.81198123 1.15472e-16
6669.99585678 1.21609e-16
6672.17973233 1.26405e-16
6674.36360789 1.40822e-16
6676.54748344 1.44569e-16
6678.73135899 1.65834e-16
6680.91523454 1.89587e-16
6683.09911009 2.07572e-16
6685.28298565 2.22048e-16
6687.4668612 2.15876e-16
6689.65073675 2.48539e-16
6691.8346123 2.82888e-16
6694.01848785 2.99622e-16
6696.20236341 3.15685e-16
6698.38623896 3.65814e-16
6700.57011451 4.02143e-16
6702.75399006 4.15122e-16
6704.93786561 4.61128e-16
6707.12174116 4.95886e-16
6709.30561672 5.21465e-16
6711.48949227 5.43339e-16
6713.67336782 5.86606e-16
6715.85724337 6.2337e-16
6718.04111892 6.67266e-16
6720.22499448 6.98558e-16
6722.40887003 7.50887e-16
6724.59274558 7.90341e-16
6726.77662113 8.00889e-16
6728.96049668 8.188e-16
6731.14437224 8.62377e-16
6733.32824779 9.19529e-16
6735.51212334 9.11544e-16
6737.69599889 9.15793e-16
6739.87987444 9.50435e-16
6742.06375 9.97186e-16
6744.24762555 9.99482e-16
6746.4315011 1.0034e-15
6748.61537665 1.02445e-15
6750.7992522 1.03665e-15
6752.98312775 1.04493e-15
6755.16700331 1.0639e-15
6757.35087886 1.06421e-15
6759.53475441 1.06136e-15
6761.71862996 1.05989e-15
6763.90250551 1.04507e-15
6766.08638107 1.06688e-15
6768.27025662 1.09319e-15
6770.45413217 1.07091e-15
6772.63800772 1.07465e-15
6774.82188327 1.06807e-15
6777.00575883 1.04873e-15
6779.18963438 1.04378e-15
6781.37350993 1.06408e-15
6783.55738548 1.06278e-15
6785.74126103 1.05422e-15
6787.92513658 1.03982e-15
6790.10901214 1.01491e-15
6792.29288769 9.8676e-16
6794.47676324 1.00523e-15
6796.66063879 1.02142e-15
6798.84451434 9.90483e-16
6801.0283899 9.67957e-16
6803.21226545 9.98306e-16
6805.396141 9.73026e-16
6807.58001655 9.39695e-16
6809.7638921 9.28467e-16
6811.94776766 9.25494e-16
6814.13164321 9.16229e-16
6816.31551876 8.86314e-16
6818.49939431 8.87131e-16
6820.68326986 8.69835e-16
6822.86714541 8.51034e-16
6825.05102097 8.35628e-16
6827.23489652 8.15266e-16
6829.41877207 8.07563e-16
6831.60264762 8.03977e-16
6833.78652317 8.05843e-16
6835.97039873 8.04001e-16
6838.15427428 7.79585e-16
6840.33814983 7.39934e-16
6842.52202538 7.25246e-16
6844.70590093 7.27263e-16
6846.88977649 7.24705e-16
6849.07365204 7.08763e-16
6851.25752759 6.80819e-16
6853.44140314 6.82376e-16
6855.62527869 6.61671e-16
6857.80915425 6.41086e-16
6859.9930298 6.6907e-16
6862.17690535 6.51822e-16
6864.3607809 6.4011e-16
6866.54465645 6.49618e-16
6868.728532 6.42e-16
6870.91240756 6.27476e-16
6873.09628311 6.40307e-16
6875.28015866 6.11781e-16
6877.46403421 5.60075e-16
6879.64790976 5.49634e-16
6881.83178532 5.86598e-16
6884.01566087 5.4936e-16
6886.19953642 5.33998e-16
6888.38341197 5.47293e-16
6890.56728752 5.33045e-16
6892.75116308 5.41622e-16
6894.93503863 5.28343e-16
6897.11891418 5.06688e-16
6899.30278973 5.04142e-16
6901.48666528 5.06785e-16
6903.67054083 5.11106e-16
6905.85441639 4.63825e-16
6908.03829194 4.66717e-16
6910.22216749 4.70767e-16
6912.40604304 4.59214e-16
6914.58991859 4.58454e-16
6916.77379415 4.4343e-16
6918.9576697 4.44977e-16
6921.14154525 4.29117e-16
6923.3254208 4.416e-16
6925.50929635 4.17299e-16
6927.69317191 4.07272e-16
6929.87704746 4.14597e-16
6932.06092301 4.12707e-16
6934.24479856 4.16619e-16
6936.42867411 3.9925e-16
6938.61254967 3.94292e-16
6940.79642522 4.01644e-16
6942.98030077 4.08498e-16
6945.16417632 3.92257e-16
6947.34805187 3.69343e-16
6949.53192742 3.71197e-16
6951.71580298 3.64875e-16
6953.89967853 3.66421e-16
6956.08355408 3.58877e-16
6958.26742963 3.53351e-16
6960.45130518 3.43753e-16
6962.63518074 3.39577e-16
6964.81905629 3.19367e-16
6967.00293184 3.30918e-16
6969.18680739 3.34791e-16
6971.37068294 3.35998e-16
6973.5545585 3.29324e-16
6975.73843405 3.19078e-16
6977.9223096 3.13342e-16
6980.10618515 3.03591e-16
6982.2900607 3.03205e-16
6984.47393625 3.10023e-16
6986.65781181 2.87156e-16
6988.84168736 2.821e-16
6991.02556291 2.86036e-16
6993.20943846 2.95382e-16
6995.39331401 3.00936e-16
6997.57718957 2.83297e-16
6999.76106512 2.63635e-16
7001.94494067 2.73609e-16
7004.12881622 2.72353e-16
7006.31269177 2.66699e-16
7008.49656733 2.52226e-16
7010.68044288 2.66468e-16
7012.86431843 2.5388e-16
7015.04819398 2.43227e-16
7017.23206953 2.51066e-16
7019.41594508 2.50014e-16
7021.59982064 2.42479e-16
7023.78369619 2.29038e-16
7025.96757174 2.44659e-16
7028.15144729 2.53876e-16
7030.33532284 2.35198e-16
7032.5191984 2.30124e-16
7034.70307395 2.22653e-16
7036.8869495 2.21813e-16
7039.07082505 2.26161e-16
7041.2547006 2.34413e-16
7043.43857616 2.09557e-16
7045.62245171 2.17708e-16
7047.80632726 2.31333e-16
7049.99020281 2.23502e-16
7052.17407836 2.171e-16
7054.35795392 2.19163e-16
7056.54182947 2.01242e-16
7058.72570502 2.12022e-16
7060.90958057 2.05112e-16
7063.09345612 2.07046e-16
7065.27733167 2.06031e-16
7067.46120723 2.0323e-16
7069.64508278 1.90552e-16
7071.82895833 1.97599e-16
7074.01283388 1.93903e-16
7076.19670943 1.87123e-16
7078.38058499 1.76072e-16
7080.56446054 1.75236e-16
7082.74833609 1.81594e-16
7084.93221164 1.86582e-16
7087.11608719 1.82483e-16
7089.29996275 1.71215e-16
7091.4838383 1.8105e-16
7093.66771385 1.86625e-16
7095.8515894 1.73623e-16
7098.03546495 1.7033e-16
7100.2193405 1.66536e-16
7102.40321606 1.59322e-16
7104.58709161 1.59263e-16
7106.77096716 1.67318e-16
7108.95484271 1.54684e-16
7111.13871826 1.4706e-16
7113.32259382 1.57145e-16
7115.50646937 1.57032e-16
7117.69034492 1.67118e-16
7119.87422047 1.56173e-16
7122.05809602 1.42864e-16
7124.24197158 1.54058e-16
7126.42584713 1.58705e-16
7128.60972268 1.44561e-16
7130.79359823 1.42191e-16
7132.97747378 1.45116e-16
7135.16134933 1.43691e-16
7137.34522489 1.3662e-16
7139.52910044 1.40684e-16
7141.71297599 1.42849e-16
7143.89685154 1.32786e-16
7146.08072709 1.344e-16
7148.26460265 1.38761e-16
7150.4484782 1.35838e-16
7152.63235375 1.43363e-16
7154.8162293 1.42674e-16
7157.00010485 1.28518e-16
7159.18398041 1.30378e-16
7161.36785596 1.33886e-16
7163.55173151 1.37858e-16
7165.73560706 1.30582e-16
7167.91948261 1.19739e-16
7170.10335817 1.27242e-16
7172.28723372 1.14987e-16
7174.47110927 1.15997e-16
7176.65498482 1.25988e-16
7178.83886037 1.10824e-16
7181.02273592 1.14592e-16
7183.20661148 1.20347e-16
7185.39048703 1.32356e-16
7187.57436258 1.32992e-16
7189.75823813 1.16799e-16
7191.94211368 1.19186e-16
7194.12598924 1.29074e-16
7196.30986479 1.35546e-16
7198.49374034 1.31795e-16
7200.67761589 1.19839e-16
7202.86149144 1.23694e-16
7205.045367 1.23651e-16
7207.22924255 1.13121e-16
7209.4131181 1.22639e-16
7211.59699365 1.28944e-16
7213.7808692 1.28625e-16
7215.96474475 1.15727e-16
7218.14862031 1.18907e-16
7220.33249586 1.17096e-16
7222.51637141 1.41028e-16
7224.70024696 1.4539e-16
7226.88412251 1.21363e-16
7229.06799807 1.13648e-16
7231.25187362 1.23951e-16
7233.43574917 1.23206e-16
7235.61962472 1.4229e-16
7237.80350027 1.36838e-16
7239.98737583 1.40124e-16
7242.17125138 1.29772e-16
7244.35512693 1.18225e-16
7246.53900248 1.19368e-16
7248.72287803 1.11875e-16
7250.90675358 1.23681e-16
7253.09062914 1.34107e-16
7255.27450469 1.39086e-16
7257.45838024 1.43817e-16
7259.64225579 1.32353e-16
7261.82613134 1.38665e-16
7264.0100069 1.32829e-16
7266.19388245 1.2233e-16
7268.377758 1.36643e-16
7270.56163355 1.32725e-16
7272.7455091 1.3092e-16
7274.92938466 1.20045e-16
7277.11326021 1.29113e-16
7279.29713576 1.43958e-16
7281.48101131 1.29646e-16
7283.66488686 1.47556e-16
7285.84876242 1.35174e-16
7288.03263797 1.37084e-16
7290.21651352 1.52193e-16
7292.40038907 1.41677e-16
7294.58426462 1.34679e-16
7296.76814017 1.46152e-16
7298.95201573 1.39309e-16
7301.13589128 1.38522e-16
7303.31976683 1.35877e-16
7305.50364238 1.27716e-16
7307.68751793 1.27957e-16
7309.87139349 1.10179e-16
7312.05526904 1.27435e-16
7314.23914459 1.38666e-16
7316.42302014 1.21692e-16
7318.60689569 1.29311e-16
7320.79077125 1.28028e-16
7322.9746468 1.38512e-16
7325.15852235 1.22971e-16
7327.3423979 1.28221e-16
7329.52627345 1.40177e-16
7331.710149 1.3977e-16
7333.89402456 1.17374e-16
7336.07790011 1.24072e-16
7338.26177566 1.17438e-16
7340.44565121 1.19069e-16
7342.62952676 1.21555e-16
7344.81340232 1.31371e-16
7346.99727787 1.26047e-16
7349.18115342 1.29132e-16
7351.36502897 1.30191e-16
7353.54890452 1.40093e-16
7355.73278008 1.39658e-16
7357.91665563 1.23066e-16
7360.10053118 1.21733e-16
7362.28440673 1.22349e-16
7364.46828228 1.25202e-16
7366.65215783 1.2516e-16
7368.83603339 1.28841e-16
7371.01990894 1.29849e-16
7373.20378449 1.29586e-16
7375.38766004 1.29543e-16
7377.57153559 1.35503e-16
7379.75541115 1.40513e-16
7381.9392867 1.28391e-16
7384.12316225 1.09281e-16
7386.3070378 1.19814e-16
7388.49091335 1.39116e-16
7390.67478891 1.3399e-16
7392.85866446 1.35068e-16
7395.04254001 1.34632e-16
7397.22641556 1.34123e-16
7399.41029111 1.22725e-16
7401.59416667 1.22866e-16
7403.77804222 1.26753e-16
7405.96191777 1.282e-16
7408.14579332 1.32145e-16
7410.32966887 1.31128e-16
7412.51354442 1.38485e-16
7414.69741998 1.29066e-16
7416.88129553 1.26691e-16
7419.06517108 1.35082e-16
7421.24904663 1.28564e-16
7423.43292218 1.31345e-16
7425.61679774 1.36377e-16
7427.80067329 1.39136e-16
7429.98454884 1.33048e-16
7432.16842439 1.27794e-16
7434.35229994 1.35829e-16
7436.5361755 1.34893e-16
7438.72005105 1.42438e-16
7440.9039266 1.3987e-16
7443.08780215 1.31122e-16
7445.2716777 1.29189e-16
7447.45555325 1.31864e-16
7449.63942881 1.27944e-16
7451.82330436 1.31978e-16
7454.00717991 1.38134e-16
7456.19105546 1.4737e-16
7458.37493101 1.50525e-16
7460.55880657 1.39592e-16
7462.74268212 1.18876e-16
7464.92655767 1.26439e-16
7467.11043322 1.42313e-16
7469.29430877 1.37607e-16
7471.47818433 1.40832e-16
7473.66205988 1.43127e-16
7475.84593543 1.48954e-16
7478.02981098 1.45511e-16
7480.21368653 1.52934e-16
7482.39756208 1.51936e-16
7484.58143764 1.4338e-16
7486.76531319 1.5014e-16
7488.94918874 1.53318e-16
7491.13306429 1.52218e-16
7493.31693984 1.38535e-16
7495.5008154 1.55541e-16
7497.68469095 1.62072e-16
7499.8685665 1.5576e-16
7502.05244205 1.47117e-16
7504.2363176 1.46589e-16
7506.42019316 1.62509e-16
7508.60406871 1.73907e-16
7510.78794426 1.62088e-16
7512.97181981 1.67944e-16
7515.15569536 1.69622e-16
7517.33957092 1.72161e-16
7519.52344647 1.98503e-16
7521.70732202 1.723e-16
7523.89119757 1.66423e-16
7526.07507312 1.81044e-16
7528.25894867 1.63074e-16
7530.44282423 1.57993e-16
7532.62669978 1.86299e-16
7534.81057533 1.89239e-16
7536.99445088 1.78498e-16
7539.17832643 1.73693e-16
7541.36220199 1.75508e-16
7543.54607754 1.79557e-16
7545.72995309 1.87954e-16
7547.91382864 1.94815e-16
7550.09770419 1.84844e-16
7552.28157975 1.81002e-16
7554.4654553 1.73685e-16
7556.64933085 1.80785e-16
7558.8332064 1.79966e-16
7561.01708195 1.80534e-16
7563.2009575 1.50633e-16
7565.38483306 1.50018e-16
7567.56870861 1.64041e-16
7569.75258416 1.71846e-16
7571.93645971 1.88345e-16
7574.12033526 1.85955e-16
7576.30421082 1.81186e-16
7578.48808637 1.6697e-16
7580.67196192 1.67478e-16
7582.85583747 1.77753e-16
7585.03971302 1.52673e-16
7587.22358858 1.4774e-16
7589.40746413 1.77431e-16
7591.59133968 1.59443e-16
7593.77521523 1.67341e-16
7595.95909078 1.65801e-16
7598.14296633 1.75707e-16
7600.32684189 1.67218e-16
7602.51071744 1.53777e-16
7604.69459299 1.65118e-16
7606.87846854 1.591e-16
7609.06234409 1.67529e-16
7611.24621965 1.38077e-16
7613.4300952 1.4204e-16
7615.61397075 1.67475e-16
7617.7978463 1.77108e-16
7619.98172185 1.66837e-16
7622.16559741 1.43249e-16
7624.34947296 1.3075e-16
7626.53334851 1.36209e-16
7628.71722406 1.60016e-16
7630.90109961 1.75461e-16
7633.08497517 1.76538e-16
7635.26885072 1.64919e-16
7637.45272627 1.41317e-16
7639.63660182 1.37416e-16
7641.82047737 1.59652e-16
7644.00435292 1.68614e-16
7646.18822848 1.51745e-16
7648.37210403 1.30821e-16
7650.55597958 1.32936e-16
7652.73985513 1.53057e-16
7654.92373068 1.42071e-16
7657.10760624 1.25323e-16
7659.29148179 1.32759e-16
7661.47535734 1.27546e-16
7663.65923289 1.2877e-16
7665.84310844 1.42268e-16
7668.026984 1.40789e-16
7670.21085955 1.27296e-16
7672.3947351 1.2847e-16
7674.57861065 1.34006e-16
7676.7624862 1.47451e-16
7678.94636175 1.36684e-16
7681.13023731 1.42051e-16
7683.31411286 1.44336e-16
7685.49798841 1.32078e-16
7687.68186396 1.37611e-16
7689.86573951 1.39679e-16
7692.04961507 1.40632e-16
7694.23349062 1.29383e-16
7696.41736617 1.27188e-16
7698.60124172 1.40408e-16
7700.78511727 1.36226e-16
7702.96899283 1.20317e-16
7705.15286838 1.34164e-16
7707.33674393 1.36622e-16
7709.52061948 1.22542e-16
7711.70449503 1.22458e-16
7713.88837058 1.38504e-16
7716.07224614 1.29936e-16
7718.25612169 1.21029e-16
7720.43999724 1.35314e-16
7722.62387279 1.15652e-16
7724.80774834 1.21393e-16
7726.9916239 1.29441e-16
7729.17549945 1.28803e-16
7731.359375 1.13131e-16
