4.799999999999995453e+03 6.837812433053248396e-17
4.803507404565806610e+03 1.624812513828313585e-17
4.807014809131617767e+03 7.163652111227686845e-17
4.810522213697428924e+03 1.941203374040007803e-16
4.814029618263240081e+03 1.777561108493009266e-16
4.817537022829051239e+03 1.524049573684615523e-16
4.821044427394862396e+03 1.548447034241295559e-16
4.824551831960673553e+03 2.383573477584058613e-16
4.828059236526484710e+03 2.525356734438179845e-16
4.831566641092295868e+03 2.239725313223209007e-16
4.835074045658107025e+03 2.456700743596278548e-16
4.838581450223918182e+03 1.498461237743655143e-16
4.842088854789729339e+03 1.529272987642316377e-16
4.845596259355540496e+03 1.772776298783308529e-16
4.849103663921351654e+03 1.189242992972306236e-16
4.852611068487162811e+03 7.156082416006091578e-17
4.856118473052973968e+03 9.191456266143872324e-17
4.859625877618785125e+03 1.189966279699922603e-16
4.863133282184596283e+03 1.625382639793709633e-16
4.866640686750407440e+03 1.277004208986222303e-16
4.870148091316218597e+03 1.575450973995354688e-16
4.873655495882029754e+03 1.387317015476294073e-16
4.877162900447840912e+03 1.298486023319775427e-16
4.880670305013652069e+03 1.269019732318268446e-16
4.884177709579463226e+03 1.432209629331873983e-16
4.887685114145274383e+03 1.050572052803752524e-16
4.891192518711085540e+03 1.356287683989306891e-16
4.894699923276896698e+03 1.870248085793005106e-16
4.898207327842707855e+03 1.136001148885861086e-16
4.901714732408519012e+03 6.548107726347882684e-18
4.905222136974330169e+03 2.062164410381025695e-17
4.908729541540141327e+03 4.190019203671827572e-17
4.912236946105952484e+03 1.067464007354371408e-16
4.915744350671763641e+03 5.997442591069185205e-17
4.919251755237574798e+03 -3.613586482413429473e-17
4.922759159803385955e+03 7.408608745617710164e-17
4.926266564369197113e+03 1.258119874124983694e-16
4.929773968935008270e+03 -3.018608702693837515e-18
4.933281373500819427e+03 3.436153594042844867e-17
4.936788778066630584e+03 2.118544585983303157e-18
4.940296182632441742e+03 -4.343115445804367040e-17
4.943803587198252899e+03 4.918683597886524715e-17
4.947310991764064056e+03 5.143829587478148042e-17
4.950818396329875213e+03 2.903862208120481516e-17
4.954325800895686370e+03 -3.077301716647843870e-18
4.957833205461497528e+03 -3.104741696390004202e-17
4.961340610027308685e+03 -1.108923705862570496e-17
4.964848014593119842e+03 -3.815860266323471543e-17
4.968355419158930999e+03 -8.035391950762211057e-17
4.971862823724742157e+03 -1.331556555317135214e-17
4.975370228290553314e+03 8.122715753668209083e-17
4.978877632856364471e+03 1.090320463517089656e-16
4.982385037422175628e+03 1.131782792459636662e-16
4.985892441987986786e+03 9.688096829409690225e-17
4.989399846553797943e+03 1.336109770998933355e-16
4.992907251119609100e+03 1.635419980218673092e-16
4.996414655685420257e+03 1.558940713666592272e-16
4.999922060251231414e+03 1.798644684992454861e-16
5.003429464817042572e+03 1.668374194078295672e-16
5.006936869382853729e+03 1.382349696636239636e-16
5.010444273948664886e+03 1.780663101964532124e-16
5.013951678514476043e+03 2.309091488251823832e-16
5.017459083080287201e+03 1.874433752041421435e-16
5.020966487646098358e+03 1.270610301374534411e-16
5.024473892211909515e+03 1.583560255674130546e-16
5.027981296777720672e+03 1.780545576143100590e-16
5.031488701343531829e+03 8.982583897051372242e-17
5.034996105909342987e+03 1.059760242699093547e-16
5.038503510475154144e+03 9.804277324292968152e-17
5.042010915040965301e+03 9.984351896667802108e-17
5.045518319606776458e+03 1.193199827976065895e-16
5.049025724172587616e+03 1.049823818308861557e-16
5.052533128738398773e+03 8.918987604580335305e-17
5.056040533304209930e+03 1.333422956020463112e-16
5.059547937870021087e+03 1.480550196678370929e-16
5.063055342435832245e+03 1.176597320465391566e-16
5.066562747001643402e+03 1.077960730804322317e-16
5.070070151567454559e+03 6.046150956003247729e-17
5.073577556133265716e+03 1.225204438492477599e-16
5.077084960699076873e+03 1.771331181165953887e-16
5.080592365264888031e+03 1.989932782448853676e-16
5.084099769830699188e+03 2.153524623065710981e-16
5.087607174396510345e+03 1.695938631415420733e-16
5.091114578962321502e+03 1.623697970670959635e-16
5.094621983528132660e+03 1.735094979333516910e-16
5.098129388093943817e+03 1.361229327143147682e-16
5.101636792659754974e+03 9.702876230850297681e-17
5.105144197225566131e+03 9.497690440311823933e-17
5.108651601791377288e+03 9.311128124956614071e-17
5.112159006357188446e+03 6.477526968938631747e-17
5.115666410922999603e+03 1.296681313746531733e-16
5.119173815488810760e+03 1.389363658835097277e-16
5.122681220054621917e+03 5.821411939273000492e-17
5.126188624620433075e+03 5.270241975666461901e-17
5.129696029186244232e+03 1.013768471245553174e-16
5.133203433752055389e+03 2.005380942871098004e-16
5.136710838317866546e+03 2.138660385981480086e-16
5.140218242883677704e+03 1.384272461426506898e-16
5.143725647449488861e+03 1.065385534085597165e-16
5.147233052015300018e+03 1.145417508281368736e-16
5.150740456581111175e+03 1.825893999603421720e-16
5.154247861146922332e+03 2.099325499399970463e-16
5.157755265712733490e+03 1.534958696300760869e-16
5.161262670278544647e+03 1.318297726909359487e-16
5.164770074844355804e+03 1.792530298253360889e-16
5.168277479410166961e+03 1.473569718750709434e-16
5.171784883975978119e+03 1.333121200533003768e-16
5.175292288541789276e+03 1.484764979684349124e-16
5.178799693107600433e+03 2.028558278937037823e-16
5.182307097673411590e+03 2.708393407499341691e-16
5.185814502239222747e+03 1.976685848898286461e-16
5.189321906805033905e+03 1.886263228894317781e-16
5.192829311370845062e+03 1.840766839366023166e-16
5.196336715936656219e+03 1.435673199992756020e-16
5.199844120502467376e+03 1.672515523445879159e-16
5.203351525068278534e+03 2.178398936701915587e-16
5.206858929634089691e+03 1.822168245775584875e-16
5.210366334199900848e+03 9.392878715767474817e-17
5.213873738765712005e+03 1.383631628062349816e-16
5.217381143331523162e+03 1.975373080178940304e-16
5.220888547897334320e+03 2.005600774390690097e-16
5.224395952463145477e+03 2.084858044311969005e-16
5.227903357028956634e+03 2.134591716158903258e-16
5.231410761594767791e+03 1.290637204272280267e-16
5.234918166160578949e+03 5.267368019346207661e-17
5.238425570726390106e+03 1.163221479088164087e-16
5.241932975292201263e+03 1.574596397160913904e-16
5.245440379858012420e+03 1.281018483411717644e-16
5.248947784423823578e+03 1.068827796573899836e-16
5.252455188989634735e+03 1.759674684322754630e-16
5.255962593555445892e+03 1.544858790918489529e-16
5.259469998121257049e+03 8.637815017739270307e-17
5.262977402687068206e+03 9.671187934200126254e-17
5.266484807252879364e+03 7.771080613527426976e-17
5.269992211818690521e+03 7.443291436085323551e-17
5.273499616384501678e+03 8.510084434526791943e-17
5.277007020950312835e+03 7.495896152576755856e-17
5.280514425516123993e+03 5.060537793749978494e-17
5.284021830081935150e+03 5.128031761267365298e-18
5.287529234647746307e+03 1.311328763335824731e-17
5.291036639213557464e+03 -1.662183975556545902e-18
5.294544043779368621e+03 -1.986329277643746043e-18
5.298051448345179779e+03 3.350859361487806950e-17
5.301558852910990936e+03 7.093362273239870808e-17
5.305066257476802093e+03 5.310628903638240966e-17
5.308573662042613250e+03 8.207853814523596988e-17
5.312081066608424408e+03 9.468474421076450995e-17
5.315588471174235565e+03 6.570292958530738652e-17
5.319095875740046722e+03 1.105225662585254177e-16
5.322603280305857879e+03 1.480811850449733702e-16
5.326110684871669037e+03 1.225336522692690067e-16
5.329618089437480194e+03 1.301771320015040036e-16
5.333125494003291351e+03 1.323401894509954697e-16
5.336632898569102508e+03 7.930934259520034638e-17
5.340140303134913665e+03 1.153394838108830135e-16
5.343647707700724823e+03 1.211544576380123913e-16
5.347155112266535980e+03 4.923490509862192869e-17
5.350662516832347137e+03 3.940787369003885185e-17
5.354169921398158294e+03 1.017062172095841322e-16
5.357677325963969452e+03 1.594029715251091706e-16
5.361184730529780609e+03 1.628134173383306025e-16
5.364692135095591766e+03 1.695770151268255932e-16
5.368199539661402923e+03 1.350229280834070508e-16
5.371706944227214080e+03 1.340174999750161963e-16
5.375214348793025238e+03 1.543034493708340580e-16
5.378721753358836395e+03 1.662960991800850651e-16
5.382229157924647552e+03 1.804920272689323167e-16
5.385736562490458709e+03 1.408163555099406473e-16
5.389243967056269867e+03 1.026822175405028002e-16
5.392751371622081024e+03 1.331670788959728787e-16
5.396258776187892181e+03 1.752272013410446070e-16
5.399766180753703338e+03 1.701190765083989429e-16
5.403273585319514495e+03 1.437622169864828962e-16
5.406780989885325653e+03 1.281672286967879557e-16
5.410288394451136810e+03 1.509673571685137927e-16
5.413795799016947967e+03 1.551275727238430897e-16
5.417303203582759124e+03 8.519389885545768483e-17
5.420810608148570282e+03 4.294025585171795060e-17
5.424318012714381439e+03 1.029222455019309875e-16
5.427825417280192596e+03 1.582304926376520071e-16
5.431332821846003753e+03 1.758394473432318560e-16
5.434840226411814911e+03 1.700595989136339300e-16
5.438347630977626068e+03 1.479136445749844298e-16
5.441855035543437225e+03 1.452516714846703800e-16
5.445362440109248382e+03 1.141816559464353892e-16
5.448869844675059539e+03 9.501633113983496684e-17
5.452377249240870697e+03 1.036837082691779023e-16
5.455884653806681854e+03 9.827583303487772218e-17
5.459392058372493011e+03 1.070943261359667451e-16
5.462899462938304168e+03 1.540604170894210780e-16
5.466406867504115326e+03 1.248221764740725160e-16
5.469914272069926483e+03 9.167351561349587055e-17
5.473421676635737640e+03 8.659520237012661753e-17
5.476929081201548797e+03 1.462624729583203789e-16
5.480436485767359954e+03 1.587347551739541336e-16
5.483943890333171112e+03 6.390968142663122761e-17
5.487451294898982269e+03 5.283732629712711740e-17
5.490958699464793426e+03 7.029149234904114333e-17
5.494466104030604583e+03 1.384179155453410916e-16
5.497973508596415741e+03 1.569527699064984967e-16
5.501480913162226898e+03 1.196656251796455474e-16
5.504988317728038055e+03 1.509557501701584486e-16
5.508495722293849212e+03 1.742205159181226719e-16
5.512003126859660370e+03 1.566830825570266080e-16
5.515510531425471527e+03 1.880272985421555768e-16
5.519017935991282684e+03 1.828483935188549752e-16
5.522525340557093841e+03 1.655343253929278304e-16
5.526032745122904998e+03 1.511459355365966407e-16
5.529540149688716156e+03 1.095439718892057834e-16
5.533047554254527313e+03 1.175523441506950723e-16
5.536554958820338470e+03 1.281170287597733375e-16
5.540062363386149627e+03 1.167671446085903359e-16
5.543569767951960785e+03 9.778479877093154368e-17
5.547077172517771942e+03 9.309340091344519446e-17
5.550584577083583099e+03 1.311675385099708951e-16
5.554091981649394256e+03 1.787700622267235275e-16
5.557599386215205413e+03 1.577523160691473528e-16
5.561106790781016571e+03 1.170952639965329705e-16
5.564614195346827728e+03 9.879188124054750423e-17
5.568121599912638885e+03 1.157275969542928941e-16
5.571629004478450042e+03 1.426838381655097651e-16
5.575136409044261200e+03 1.372057981629303870e-16
5.578643813610072357e+03 1.999469049945957013e-16
5.582151218175883514e+03 1.709520804724643439e-16
5.585658622741694671e+03 9.140484073309374674e-17
5.589166027307505829e+03 6.874066766684712535e-17
5.592673431873316986e+03 1.264394667728463949e-16
5.596180836439128143e+03 1.512803226076344558e-16
5.599688241004939300e+03 9.887762347412230087e-17
5.603195645570750457e+03 1.157361599279940431e-16
5.606703050136561615e+03 1.184421390268959140e-16
5.610210454702372772e+03 1.370180744859951527e-16
5.613717859268183929e+03 1.730247965641752185e-16
5.617225263833995086e+03 1.411385456672525017e-16
5.620732668399807153e+03 1.307155405534923191e-16
5.624240072965618310e+03 1.571025491543746985e-16
5.627747477531429467e+03 1.288453050408446248e-16
5.631254882097240625e+03 1.014034624879448236e-16
5.634762286663051782e+03 1.381336301124188671e-16
5.638269691228862939e+03 1.541273856318133711e-16
5.641777095794674096e+03 1.275916962789082603e-16
5.645284500360485254e+03 6.858252396861678731e-17
5.648791904926296411e+03 8.371016844710906803e-17
5.652299309492107568e+03 1.210194617620437372e-16
5.655806714057918725e+03 1.021988727475309146e-16
5.659314118623729883e+03 8.429947838527144664e-17
5.662821523189541040e+03 1.110091006599393077e-16
5.666328927755352197e+03 1.279654230971046186e-16
5.669836332321163354e+03 1.078245942679530601e-16
5.673343736886974511e+03 7.019832534228807072e-17
5.676851141452785669e+03 8.098190841122746876e-17
5.680358546018596826e+03 1.084526427285625221e-16
5.683865950584407983e+03 9.503509159612766950e-17
5.687373355150219140e+03 1.286174399431434172e-16
5.690880759716030298e+03 1.328173998725446620e-16
5.694388164281841455e+03 7.726920418473426019e-17
5.697895568847652612e+03 4.938023080608014502e-17
5.701402973413463769e+03 8.022543519743547389e-17
5.704910377979274926e+03 7.512580054659705403e-17
5.708417782545086084e+03 1.040350615061659263e-16
5.711925187110897241e+03 1.800462100059907369e-16
5.715432591676708398e+03 1.711815602267212550e-16
5.718939996242519555e+03 1.329950650332312515e-16
5.722447400808330713e+03 1.190323357026749494e-16
5.725954805374141870e+03 1.553693609256147899e-16
5.729462209939953027e+03 1.406024135163099322e-16
5.732969614505764184e+03 1.284551140197360110e-16
5.736477019071575342e+03 1.435531189625192917e-16
5.739984423637386499e+03 1.209229132409465478e-16
5.743491828203197656e+03 9.567376105580231238e-17
5.746999232769008813e+03 9.682661921912971812e-17
5.750506637334819970e+03 1.241368474104049819e-16
5.754014041900631128e+03 1.818436006851745614e-16
5.757521446466442285e+03 1.419437960674055236e-16
5.761028851032253442e+03 1.509031679529796778e-16
5.764536255598064599e+03 1.244610360360767646e-16
5.768043660163875757e+03 1.057666483132599323e-16
5.771551064729686914e+03 1.251923034022430436e-16
5.775058469295498071e+03 1.574060913519571576e-16
5.778565873861309228e+03 1.479080329817088701e-16
5.782073278427120385e+03 8.654252089127434031e-17
5.785580682992931543e+03 1.162716435693363711e-16
5.789088087558742700e+03 1.348854043434864346e-16
5.792595492124553857e+03 8.507364002928227546e-17
5.796102896690365014e+03 9.804882820501356969e-17
5.799610301256176172e+03 8.850878214687209048e-17
5.803117705821987329e+03 8.432078655785081264e-17
5.806625110387798486e+03 1.056779017597003431e-16
5.810132514953609643e+03 1.488150332146508147e-16
5.813639919519420800e+03 1.048228749390063303e-16
5.817147324085231958e+03 8.594714275613827268e-17
5.820654728651043115e+03 1.233543345509298178e-16
5.824162133216854272e+03 1.149292684015057161e-16
5.827669537782665429e+03 7.621437685016173888e-17
5.831176942348476587e+03 1.168883100247171034e-16
5.834684346914287744e+03 1.271239355686768738e-16
5.838191751480098901e+03 9.391562505976780439e-17
5.841699156045910058e+03 8.232008150154635439e-17
5.845206560611721216e+03 9.487948237929419394e-17
5.848713965177532373e+03 7.920801627888505070e-17
5.852221369743343530e+03 6.781772600914005877e-17
5.855728774309154687e+03 9.710856869400209292e-17
5.859236178874965844e+03 1.052348373538373398e-16
5.862743583440777002e+03 1.121499812479969456e-16
5.866250988006588159e+03 7.826242972472873243e-17
5.869758392572399316e+03 5.705486216018388896e-17
5.873265797138210473e+03 6.511480416978218384e-17
5.876773201704021631e+03 1.145391303199563057e-16
5.880280606269832788e+03 1.422226287257297985e-16
5.883788010835643945e+03 9.302167442816949633e-17
5.887295415401455102e+03 5.222510345599701992e-17
5.890802819967266259e+03 5.293053300854959255e-17
5.894310224533077417e+03 9.731994973645634382e-17
5.897817629098888574e+03 1.181536581339068205e-16
5.901325033664699731e+03 1.213211775448336791e-16
5.904832438230510888e+03 7.827316322035722052e-17
5.908339842796322046e+03 6.070743366486694263e-17
5.911847247362133203e+03 6.303832275192296783e-17
5.915354651927944360e+03 3.148719911709243493e-17
5.918862056493755517e+03 7.130656869209681635e-17
5.922369461059566675e+03 1.313782511904902032e-16
5.925876865625377832e+03 1.259951318175625101e-16
5.929384270191188989e+03 4.610849987286140571e-17
5.932891674757000146e+03 6.536016413743888802e-18
5.936399079322811303e+03 1.110832921434404139e-17
5.939906483888622461e+03 7.326286407567452765e-17
5.943413888454433618e+03 8.863252174906512300e-17
5.946921293020244775e+03 4.086417478927521026e-17
5.950428697586055932e+03 4.172200078916210250e-17
5.953936102151867090e+03 5.049988263089722200e-17
5.957443506717678247e+03 3.101148754681318871e-17
5.960950911283489404e+03 3.685629612427612908e-17
5.964458315849300561e+03 8.212243827470538417e-17
5.967965720415111718e+03 9.058963769581048690e-17
5.971473124980922876e+03 9.116870382926700882e-17
5.974980529546734033e+03 8.606678615993794260e-17
5.978487934112545190e+03 6.019063768792341264e-17
5.981995338678356347e+03 2.572664715682414596e-17
5.985502743244167505e+03 3.091915433811756955e-17
5.989010147809978662e+03 2.421989962075062861e-17
5.992517552375789819e+03 3.249700466528492005e-17
5.996024956941600976e+03 3.537287342711538201e-17
5.999532361507412134e+03 5.227596513750168048e-17
6.003039766073223291e+03 7.943828350908511233e-17
6.006547170639034448e+03 7.324201250679329093e-17
6.010054575204845605e+03 6.646733711553499003e-17
6.013561979770656762e+03 3.210709819430702450e-17
6.017069384336467920e+03 4.282886440170910968e-17
6.020576788902279077e+03 8.901454022572171288e-17
6.024084193468090234e+03 7.954766325584422429e-17
6.027591598033901391e+03 5.862876849019058663e-17
6.031099002599712549e+03 5.083055304384897014e-17
6.034606407165523706e+03 5.471048672042079920e-17
6.038113811731334863e+03 4.584383516406893898e-17
6.041621216297146020e+03 2.022064017773434998e-17
6.045128620862957177e+03 5.158674170751024676e-17
6.048636025428768335e+03 6.965190968197024191e-17
6.052143429994579492e+03 6.548931846392169265e-17
6.055650834560390649e+03 7.189998806354235840e-17
6.059158239126201806e+03 4.407478369267118124e-17
6.062665643692012964e+03 4.594825844459763319e-17
6.066173048257824121e+03 3.664838924039460089e-17
6.069680452823635278e+03 3.536953161744066777e-17
6.073187857389446435e+03 4.210027710072750248e-17
6.076695261955257592e+03 6.631818652492432850e-17
6.080202666521068750e+03 7.901820148936128233e-17
6.083710071086879907e+03 1.063182454329347933e-16
6.087217475652691064e+03 7.092783246811083689e-17
6.090724880218502221e+03 3.443416239821060450e-17
6.094232284784313379e+03 4.991102267898807224e-17
6.097739689350124536e+03 9.224056446701322208e-17
6.101247093915935693e+03 9.780110415516618896e-17
6.104754498481746850e+03 1.008894524553043722e-16
6.108261903047558008e+03 1.014903627743771945e-16
6.111769307613369165e+03 8.739563527039213050e-17
6.115276712179180322e+03 8.774595618597568836e-17
6.118784116744991479e+03 9.098679688639924740e-17
6.122291521310802636e+03 6.342893728950520877e-17
6.125798925876613794e+03 6.623178254685948944e-17
6.129306330442424951e+03 5.404543681665061516e-17
6.132813735008236108e+03 5.882085968076010093e-17
6.136321139574047265e+03 9.786376474092830591e-17
6.139828544139858423e+03 7.898782741726833516e-17
6.143335948705669580e+03 6.089548159660229773e-17
6.146843353271480737e+03 7.066873303047962692e-17
6.150350757837291894e+03 6.949615488134895701e-17
6.153858162403103051e+03 7.169619061294399366e-17
6.157365566968914209e+03 5.791860415581176046e-17
6.160872971534725366e+03 5.130322389819647142e-17
6.164380376100536523e+03 1.037100059952121881e-16
6.167887780666347680e+03 7.623842464492988050e-17
6.171395185232158838e+03 1.768312302802380357e-17
6.174902589797969995e+03 5.766606922352177133e-17
6.178409994363781152e+03 8.518138526715098263e-17
6.181917398929592309e+03 5.473659584927542297e-17
6.185424803495403467e+03 8.599173109987733109e-17
6.188932208061214624e+03 9.526358535109441745e-17
6.192439612627025781e+03 6.984927497612539431e-17
6.195947017192836938e+03 6.629472106530742421e-17
6.199454421758648095e+03 4.794578381862743760e-17
6.202961826324459253e+03 3.984296076607439377e-17
6.206469230890270410e+03 3.032788232754221516e-17
6.209976635456081567e+03 8.572606053945999987e-17
6.213484040021892724e+03 1.195092681915383239e-16
6.216991444587703882e+03 7.187103012465810201e-17
6.220498849153515039e+03 5.020222665055369031e-17
6.224006253719326196e+03 7.490899981676935569e-17
6.227513658285137353e+03 2.349155385650788689e-17
6.231021062850948510e+03 2.276473341331469296e-17
6.234528467416759668e+03 5.336492194414813972e-17
6.238035871982570825e+03 5.910200844479952440e-17
6.241543276548381982e+03 8.303217812983610443e-17
6.245050681114193139e+03 7.826072904138932341e-17
6.248558085680004297e+03 5.090629962690167599e-17
6.252065490245815454e+03 3.775176545947908451e-17
6.255572894811626611e+03 5.009943457019295067e-17
6.259080299377437768e+03 4.095937666033516332e-17
6.262587703943248925e+03 4.564530519961131191e-17
6.266095108509060083e+03 8.641571741209241138e-17
6.269602513074871240e+03 7.544599223554898041e-17
6.273109917640682397e+03 6.471722146271979620e-17
6.276617322206493554e+03 5.768909793177524762e-17
6.280124726772304712e+03 6.468529229107524933e-17
6.283632131338115869e+03 7.896775008944044807e-17
6.287139535903927026e+03 8.385666544231465945e-17
6.290646940469738183e+03 8.845477056159482799e-17
6.294154345035549341e+03 1.009865369894384960e-16
6.297661749601360498e+03 7.604933777434515880e-17
6.301169154167171655e+03 7.545165015093884312e-17
6.304676558732982812e+03 1.042212234661046605e-16
6.308183963298793969e+03 1.111220538269446488e-16
6.311691367864605127e+03 9.764978304262818829e-17
6.315198772430416284e+03 8.966223588024053439e-17
6.318706176996227441e+03 9.823613498292007727e-17
6.322213581562038598e+03 1.037284752839292721e-16
6.325720986127849756e+03 1.283116610491846147e-16
6.329228390693660913e+03 1.304755655316233351e-16
6.332735795259472070e+03 9.616850770633762887e-17
6.336243199825283227e+03 6.160580474965873408e-17
6.339750604391094384e+03 2.600607042210578381e-17
6.343258008956905542e+03 3.055288538032398932e-17
6.346765413522716699e+03 6.190895651799206809e-17
6.350272818088527856e+03 9.129080892256963655e-17
6.353780222654339013e+03 8.065681319560432804e-17
6.357287627220150171e+03 5.008996831526289382e-17
6.360795031785961328e+03 8.169340946947618062e-17
6.364302436351772485e+03 8.974415984810778625e-17
6.367809840917583642e+03 6.182497452476078429e-17
6.371317245483394800e+03 8.633720142834887799e-17
6.374824650049205957e+03 5.914040947755668616e-17
6.378332054615017114e+03 2.272573681051649302e-17
6.381839459180828271e+03 8.376730346637933076e-17
6.385346863746639428e+03 8.921359296832647346e-17
6.388854268312450586e+03 7.142650988091700536e-17
6.392361672878261743e+03 7.927425690233829716e-17
6.395869077444072900e+03 1.190914824251949411e-16
6.399376482009884057e+03 1.001123923704271576e-16
6.402883886575695215e+03 6.400278887638019640e-17
6.406391291141506372e+03 6.767211575155112420e-17
6.409898695707317529e+03 6.002622726937237286e-17
6.413406100273128686e+03 9.711634419176009138e-17
6.416913504838939843e+03 1.249969299590029189e-16
6.420420909404751001e+03 1.034891156844360276e-16
6.423928313970562158e+03 1.101830185432397505e-16
6.427435718536373315e+03 1.027530242009373393e-16
6.430943123102184472e+03 9.967756668346518245e-17
6.434450527667995630e+03 8.836712250388870918e-17
6.437957932233806787e+03 8.113052960624609635e-17
6.441465336799617944e+03 8.246776963683402216e-17
6.444972741365429101e+03 8.571849679993881498e-17
6.448480145931240259e+03 9.803199342518689047e-17
6.451987550497051416e+03 1.168624225802666439e-16
6.455494955062862573e+03 1.411756165935846782e-16
6.459002359628673730e+03 1.308628845816451648e-16
6.462509764194484887e+03 1.001711221939184226e-16
6.466017168760296045e+03 1.028053681900996949e-16
6.469524573326107202e+03 8.232865771013730418e-17
6.473031977891918359e+03 6.572638181003448996e-17
6.476539382457729516e+03 6.647614493469745467e-17
6.480046787023540674e+03 9.038486086336685937e-17
6.483554191589351831e+03 9.399727109494923844e-17
6.487061596155162988e+03 1.075761158293870310e-16
6.490569000720974145e+03 1.374646726074349825e-16
6.494076405286785302e+03 1.575301552089503109e-16
6.497583809852596460e+03 1.394090102680776272e-16
6.501091214418407617e+03 1.190047938969993838e-16
6.504598618984218774e+03 1.374136388723629109e-16
6.508106023550029931e+03 1.245313662404784732e-16
6.511613428115841089e+03 1.120252556465137499e-16
6.515120832681652246e+03 9.416561889321603063e-17
6.518628237247463403e+03 7.958557459767875465e-17
6.522135641813274560e+03 9.048876798319332049e-17
6.525643046379085717e+03 8.420206959633720211e-17
6.529150450944896875e+03 7.309542948480399400e-17
6.532657855510708032e+03 8.682765335714381916e-17
6.536165260076519189e+03 8.623669567520123491e-17
6.539672664642330346e+03 8.433116271145467782e-17
6.543180069208141504e+03 1.002202434874142716e-16
6.546687473773952661e+03 7.707941586499009352e-17
6.550194878339763818e+03 6.305814199939973838e-17
6.553702282905574975e+03 8.476991916068750497e-17
6.557209687471386133e+03 8.487264175787679016e-17
6.560717092037197290e+03 9.745577279303755096e-17
6.564224496603008447e+03 9.528969117122659100e-17
6.567731901168819604e+03 9.401133978280754033e-17
6.571239305734630761e+03 9.730802510074577937e-17
6.574746710300441919e+03 8.532849768473231350e-17
6.578254114866253076e+03 1.008111349949078516e-16
6.581761519432064233e+03 1.129810793879310244e-16
6.585268923997875390e+03 8.586463645311978349e-17
6.588776328563686548e+03 7.339098442639164100e-17
6.592283733129497705e+03 9.118888041876840227e-17
6.595791137695308862e+03 7.358289694594884385e-17
6.599298542261120019e+03 7.423990996288746267e-17
6.602805946826931176e+03 7.801260794484791723e-17
6.606313351392742334e+03 9.392610047504517594e-17
6.609820755958553491e+03 6.043837497266059421e-17
6.613328160524364648e+03 4.026908120426986087e-17
6.616835565090175805e+03 8.653438143404681851e-17
6.620342969655986963e+03 1.026421356767409307e-16
6.623850374221798120e+03 8.063641823042122059e-17
6.627357778787609277e+03 4.092203111003961922e-17
6.630865183353420434e+03 2.961509086753792057e-17
6.634372587919231592e+03 1.096113407870145522e-17
6.637879992485042749e+03 3.602070143053221201e-17
6.641387397050853906e+03 3.270141753825902425e-17
6.644894801616665063e+03 4.755280685321574522e-17
6.648402206182476220e+03 1.298309933110975139e-17
6.651909610748287378e+03 7.037358175303090580e-18
6.655417015314098535e+03 -4.498824007029410225e-18
6.658924419879909692e+03 7.765579035273336789e-18
6.662431824445720849e+03 4.452638791117818201e-17
6.665939229011532007e+03 4.886013272413130333e-17
6.669446633577343164e+03 2.839083047373493749e-17
6.672954038143154321e+03 3.532064524323878384e-17
6.676461442708965478e+03 4.893449295247737031e-17
6.679968847274776635e+03 6.807065798812407336e-17
6.683476251840587793e+03 8.514530695755386978e-17
6.686983656406398950e+03 1.159293099097476252e-16
6.690491060972210107e+03 1.077588499528673454e-16
6.693998465538021264e+03 1.265066735432551033e-16
6.697505870103832422e+03 1.256532878488963957e-16
6.701013274669643579e+03 1.350110960919250922e-16
6.704520679235454736e+03 1.775911247130435499e-16
6.708028083801265893e+03 2.027868079433923576e-16
6.711535488367077050e+03 2.299683863883584742e-16
6.715042892932888208e+03 2.845929852914166674e-16
6.718550297498699365e+03 3.201021681573134377e-16
6.722057702064510522e+03 3.627579268178723502e-16
6.725565106630321679e+03 4.142066815643189511e-16
6.729072511196132837e+03 4.399429571034732143e-16
6.732579915761943994e+03 4.609029726717380881e-16
6.736087320327755151e+03 5.044846706925439593e-16
6.739594724893566308e+03 5.550366028363054680e-16
6.743102129459377466e+03 5.939998007726480633e-16
6.746609534025188623e+03 6.342704470026368745e-16
6.750116938590999780e+03 6.815012688393326783e-16
6.753624343156810937e+03 7.229963011945775807e-16
6.757131747722622094e+03 7.344260579057087027e-16
6.760639152288433252e+03 7.253902810013142504e-16
6.764146556854244409e+03 7.480724469002451252e-16
6.767653961420055566e+03 8.022636031623255320e-16
6.771161365985866723e+03 7.613519118099428256e-16
6.774668770551677881e+03 7.256135800620341653e-16
6.778176175117489038e+03 7.349739823434638282e-16
6.781683579683301105e+03 7.384751930309394787e-16
6.785190984249112262e+03 7.231357439935193199e-16
6.788698388814923419e+03 7.353206305771276506e-16
6.792205793380734576e+03 7.162177082759382286e-16
6.795713197946545733e+03 7.265012176511974687e-16
6.799220602512356891e+03 6.918969042009847064e-16
6.802728007078168048e+03 6.723884648762972881e-16
6.806235411643979205e+03 6.507874835949773243e-16
6.809742816209790362e+03 6.456111064356286847e-16
6.813250220775601520e+03 6.455709782497525123e-16
6.816757625341412677e+03 6.270110570073123002e-16
6.820265029907223834e+03 6.240116074619664159e-16
6.823772434473034082e+03 6.045235498675723042e-16
6.827279839038845239e+03 5.458710710723034976e-16
6.830787243604656396e+03 5.194367609752728859e-16
6.834294648170467553e+03 5.552488375291518737e-16
6.837802052736278711e+03 5.293634577215012519e-16
6.841309457302089868e+03 4.732660008720658389e-16
6.844816861867901025e+03 4.559136839146142421e-16
6.848324266433712182e+03 4.095541678130674946e-16
6.851831670999523340e+03 4.135905974440894561e-16
6.855339075565334497e+03 4.354264186100356747e-16
6.858846480131145654e+03 4.261000829349533957e-16
6.862353884696956811e+03 4.089235517838366680e-16
6.865861289262767968e+03 3.867441528786604238e-16
6.869368693828579126e+03 3.623638976787214904e-16
6.872876098394390283e+03 3.437282728666204252e-16
6.876383502960201440e+03 3.325867191157925789e-16
6.879890907526012597e+03 3.395968961361671770e-16
6.883398312091823755e+03 3.095141504375162767e-16
6.886905716657634912e+03 2.854166718930622711e-16
6.890413121223446069e+03 2.722683912110705805e-16
6.893920525789257226e+03 2.764729304123429189e-16
6.897427930355068384e+03 2.784071301473981137e-16
6.900935334920879541e+03 2.569206041930758872e-16
6.904442739486690698e+03 2.473574169301176245e-16
6.907950144052501855e+03 2.214683048835431635e-16
6.911457548618313012e+03 2.214852323075984486e-16
6.914964953184124170e+03 2.384740530166697429e-16
6.918472357749935327e+03 2.470726021016033660e-16
6.921979762315746484e+03 2.569162631492212089e-16
6.925487166881557641e+03 2.480077264753721136e-16
6.928994571447368799e+03 2.457385781492370464e-16
6.932501976013180865e+03 2.238721314482916645e-16
6.936009380578992022e+03 1.845731643577015442e-16
6.939516785144803180e+03 1.966735197001518560e-16
6.943024189710614337e+03 1.615611585351539245e-16
6.946531594276425494e+03 1.452508773912823290e-16
6.950038998842236651e+03 1.551826298654146192e-16
6.953546403408047809e+03 1.635462331866035807e-16
6.957053807973858966e+03 1.549428666017824488e-16
6.960561212539670123e+03 1.485825226706295092e-16
6.964068617105481280e+03 1.639843345087912659e-16
6.967576021671292438e+03 1.456623898198601097e-16
6.971083426237103595e+03 1.555380925356858067e-16
6.974590830802914752e+03 1.355078015061509343e-16
6.978098235368725909e+03 1.372624831959474209e-16
6.981605639934537066e+03 1.700295424788962032e-16
6.985113044500348224e+03 1.548242158147178425e-16
6.988620449066159381e+03 1.253754742770867860e-16
6.992127853631970538e+03 1.174469679581007170e-16
6.995635258197781695e+03 1.232905159123101266e-16
6.999142662763592853e+03 1.346155978800063382e-16
7.002650067329404010e+03 1.033349292182561433e-16
7.006157471895215167e+03 1.091856240129580110e-16
7.009664876461026324e+03 1.458182835868243035e-16
7.013172281026837481e+03 1.259338675126743827e-16
7.016679685592648639e+03 1.181641534015188933e-16
7.020187090158459796e+03 9.860409800660816610e-17
7.023694494724270953e+03 9.885570649661209585e-17
7.027201899290082110e+03 1.098579034752819085e-16
7.030709303855893268e+03 7.744940382681771217e-17
7.034216708421704425e+03 7.076283971440855977e-17
7.037724112987515582e+03 9.741259396506228292e-17
7.041231517553326739e+03 1.257542568231870684e-16
7.044738922119137897e+03 9.501793256150086950e-17
7.048246326684949054e+03 6.130405587964429001e-17
7.051753731250760211e+03 6.510181412544265109e-17
7.055261135816571368e+03 7.087388043983767821e-17
7.058768540382382525e+03 7.785086435659174841e-17
7.062275944948193683e+03 9.032760673008838901e-17
7.065783349514004840e+03 7.467680029265837019e-17
7.069290754079815997e+03 5.585693919708459429e-17
7.072798158645627154e+03 5.356441805556122872e-17
7.076305563211438312e+03 7.782390488606742013e-17
7.079812967777249469e+03 1.052854938945500872e-16
7.083320372343060626e+03 7.852333572481775821e-17
7.086827776908871783e+03 3.593297396348728810e-17
7.090335181474682940e+03 3.821042387424993751e-17
7.093842586040494098e+03 4.231511906686467525e-17
7.097349990606305255e+03 4.868667625840138364e-17
7.100857395172116412e+03 7.077706722094447185e-17
7.104364799737927569e+03 6.781188942273788461e-17
7.107872204303738727e+03 6.897862436802147993e-17
7.111379608869549884e+03 6.232832385366665227e-17
7.114887013435361041e+03 6.334615305380090176e-17
7.118394418001172198e+03 5.809324514417885609e-17
7.121901822566983356e+03 6.045434286720531786e-17
7.125409227132794513e+03 5.161333390984260150e-17
7.128916631698605670e+03 6.001876279152469434e-17
7.132424036264416827e+03 7.769559924689309490e-17
7.135931440830227984e+03 6.112018355564110259e-17
7.139438845396039142e+03 6.255025310329217938e-17
7.142946249961850299e+03 5.782592022253641882e-17
7.146453654527661456e+03 6.008930475416321654e-17
7.149961059093472613e+03 8.632540252409142160e-17
7.153468463659283771e+03 6.714565830505297484e-17
7.156975868225094928e+03 3.531363406036678438e-17
7.160483272790906085e+03 6.503720139343490900e-17
7.163990677356717242e+03 6.354181104717174472e-17
7.167498081922528399e+03 2.763100883282332797e-17
7.171005486488339557e+03 6.714092683194917153e-17
7.174512891054150714e+03 8.456793488999185646e-17
7.178020295619961871e+03 4.818684079273764093e-17
7.181527700185773028e+03 4.768963907014426705e-17
7.185035104751584186e+03 4.865603748851241950e-17
7.188542509317395343e+03 4.717162879206150921e-17
7.192049913883206500e+03 5.454622188565756875e-17
7.195557318449017657e+03 7.153327573694044975e-17
7.199064723014828814e+03 6.473807964904593334e-17
7.202572127580639972e+03 5.964179342532712814e-17
7.206079532146451129e+03 9.044584723556916899e-17
7.209586936712262286e+03 8.484542420700134533e-17
7.213094341278073443e+03 7.328716995079378582e-17
7.216601745843884601e+03 8.296830655165720984e-17
7.220109150409695758e+03 4.761501083527973290e-17
7.223616554975506915e+03 3.675042362331424196e-17
7.227123959541318072e+03 4.425882145279687926e-17
7.230631364107129230e+03 4.440283028871991116e-17
7.234138768672940387e+03 6.640949402966038191e-17
7.237646173238751544e+03 9.117514260315512159e-17
7.241153577804562701e+03 8.237843413067829517e-17
7.244660982370373858e+03 6.364295869247472894e-17
7.248168386936185016e+03 6.893552494938501697e-17
7.251675791501996173e+03 9.105802706330741372e-17
7.255183196067807330e+03 1.037228901604333141e-16
7.258690600633618487e+03 7.853395010643803866e-17
7.262198005199429645e+03 7.816519298936189892e-17
7.265705409765240802e+03 7.025387217478223163e-17
7.269212814331051959e+03 3.913608530181107844e-17
7.272720218896863116e+03 5.766626774686878405e-17
7.276227623462674273e+03 7.255744444928930565e-17
7.279735028028485431e+03 8.196830474808470320e-17
7.283242432594296588e+03 8.255273762935546916e-17
7.286749837160107745e+03 4.144176192379648736e-17
7.290257241725918902e+03 2.586744322324802190e-17
7.293764646291730060e+03 6.594166052753509073e-17
7.297272050857541217e+03 6.328872686695502037e-17
7.300779455423352374e+03 3.918808518383861197e-17
7.304286859989163531e+03 4.377828245646277357e-17
7.307794264554974689e+03 1.993333718993753199e-17
7.311301669120785846e+03 4.266629363284038783e-17
7.314809073686597003e+03 5.550403416926742077e-17
7.318316478252408160e+03 6.116062276142759501e-17
7.321823882818219317e+03 5.891163778990412040e-17
7.325331287384030475e+03 5.261077807096109418e-17
7.328838691949841632e+03 9.194204491011018503e-17
7.332346096515652789e+03 6.745475253890688980e-17
7.335853501081463946e+03 2.140161917316610844e-17
7.339360905647275104e+03 5.025180454774766858e-17
7.342868310213086261e+03 5.884267077915189916e-17
7.346375714778897418e+03 3.363470226234545389e-17
7.349883119344708575e+03 4.568596939852441875e-17
7.353390523910519732e+03 6.181825781818685371e-17
7.356897928476330890e+03 3.974914194099862937e-17
7.360405333042142047e+03 6.279535002751409170e-17
7.363912737607953204e+03 7.228248299623177883e-17
7.367420142173764361e+03 5.681914215538587777e-17
7.370927546739575519e+03 5.738715053841379082e-17
7.374434951305386676e+03 2.858009932405442086e-17
7.377942355871197833e+03 5.813971945971453540e-17
7.381449760437008990e+03 8.877161382342713971e-17
7.384957165002820147e+03 4.649003196731781441e-17
7.388464569568631305e+03 3.683910400242482695e-17
7.391971974134442462e+03 4.795377438334469985e-17
7.395479378700253619e+03 4.954711614902394346e-17
7.398986783266064776e+03 6.560604357452027549e-17
7.402494187831875934e+03 7.540794192737154114e-17
7.406001592397687091e+03 6.080338661592309384e-17
7.409508996963498248e+03 4.710380990799951158e-17
7.413016401529309405e+03 5.134380537904832296e-17
7.416523806095120563e+03 7.018765140366368645e-17
7.420031210660931720e+03 6.746683599329506443e-17
7.423538615226742877e+03 7.048353060005145424e-17
7.427046019792554034e+03 5.627127727463485606e-17
7.430553424358365191e+03 4.937471516575564143e-17
7.434060828924176349e+03 4.211060362349461448e-17
7.437568233489987506e+03 3.967053993047139047e-17
7.441075638055798663e+03 6.133184253078117132e-17
7.444583042621609820e+03 7.254359413711271775e-17
7.448090447187420978e+03 7.346234033475291538e-17
7.451597851753232135e+03 7.619583476955075021e-17
7.455105256319043292e+03 8.229641090113753695e-17
7.458612660884854449e+03 5.292044140507644562e-17
7.462120065450665606e+03 4.692906634923645938e-17
7.465627470016476764e+03 6.490665905788424038e-17
7.469134874582287921e+03 9.154988850786614524e-17
7.472642279148099078e+03 1.205535804061640712e-16
7.476149683713910235e+03 1.163252978125890106e-16
7.479657088279721393e+03 6.768310732753072883e-17
7.483164492845532550e+03 6.394075694788361975e-17
7.486671897411343707e+03 1.021132231581847239e-16
7.490179301977154864e+03 8.899468127357553979e-17
7.493686706542966022e+03 5.465537663929006629e-17
7.497194111108777179e+03 7.633710398328500649e-17
7.500701515674588336e+03 1.147692982884828609e-16
7.504208920240399493e+03 9.860629499831510695e-17
7.507716324806210650e+03 7.871221745461056676e-17
7.511223729372021808e+03 8.513269410757366121e-17
7.514731133937832965e+03 4.936654923874851794e-17
7.518238538503644122e+03 8.735406448152766555e-17
7.521745943069455279e+03 1.183918067409832874e-16
7.525253347635266437e+03 1.081791304959381882e-16
7.528760752201078503e+03 1.008403973362575275e-16
7.532268156766889661e+03 1.118961890011758759e-16
7.535775561332700818e+03 1.378443551260417226e-16
7.539282965898511975e+03 1.557188414256959938e-16
7.542790370464323132e+03 1.611157780235757727e-16
7.546297775030134289e+03 1.736369631570236624e-16
7.549805179595945447e+03 1.554023555058883050e-16
7.553312584161756604e+03 1.285660223962671210e-16
7.556819988727567761e+03 1.186105927042811130e-16
7.560327393293378918e+03 1.147265363595363196e-16
7.563834797859190076e+03 1.066972000326024868e-16
7.567342202425001233e+03 1.030662344855193182e-16
7.570849606990812390e+03 1.310500656280985643e-16
7.574357011556623547e+03 1.347481453013618354e-16
7.577864416122434704e+03 1.174289420381919614e-16
7.581371820688245862e+03 1.203554144011759674e-16
7.584879225254057019e+03 1.325822423505631869e-16
7.588386629819868176e+03 1.182430333447319500e-16
7.591894034385679333e+03 1.223071503652172864e-16
7.595401438951490491e+03 1.346136126465362110e-16
7.598908843517301648e+03 1.430859802921085450e-16
7.602416248083112805e+03 9.510872390553468982e-17
7.605923652648923962e+03 9.427028701920604054e-17
7.609431057214735119e+03 1.401243163571440830e-16
7.612938461780546277e+03 1.470716408858544519e-16
7.616445866346357434e+03 1.422834959839239005e-16
7.619953270912168591e+03 1.322523891920566411e-16
7.623460675477979748e+03 1.228603290542233488e-16
7.626968080043790906e+03 1.370023249671321430e-16
7.630475484609602063e+03 1.395594909651132740e-16
7.633982889175413220e+03 8.513597636024427162e-17
7.637490293741224377e+03 7.204653138086225279e-17
7.640997698307035535e+03 1.015392987794158316e-16
7.644505102872846692e+03 1.033602806496696684e-16
7.648012507438657849e+03 8.718750339338398789e-17
7.651519912004469006e+03 7.315706436660654520e-17
7.655027316570280163e+03 1.063160947633421554e-16
7.658534721136091321e+03 1.291199687088816325e-16
7.662042125701902478e+03 1.213934532780361125e-16
7.665549530267713635e+03 1.170156296646012654e-16
7.669056934833524792e+03 9.369349728679526455e-17
7.672564339399335950e+03 7.841724484817415709e-17
7.676071743965147107e+03 7.475616992679405830e-17
7.679579148530958264e+03 8.149898232085681657e-17
7.683086553096769421e+03 6.661679210861107107e-17
7.686593957662580578e+03 8.429462118071453527e-17
7.690101362228391736e+03 1.168858483352141456e-16
7.693608766794202893e+03 1.164317592661470355e-16
7.697116171360014050e+03 1.003458095043998212e-16
7.700623575925825207e+03 4.714768356768932417e-17
7.704130980491636365e+03 3.653315305489861350e-17
7.707638385057447522e+03 5.413359441761406664e-17
7.711145789623258679e+03 5.083782230707208614e-17
7.714653194189069836e+03 5.924245709536612807e-17
7.718160598754880994e+03 7.554582300931678021e-17
7.721668003320692151e+03 1.118655634661767126e-16
7.725175407886503308e+03 1.160711217539637163e-16
7.728682812452314465e+03 9.741320938743802237e-17
7.732190217018125622e+03 8.734268909374383631e-17
7.735697621583936780e+03 6.740672974126451123e-17
7.739205026149747937e+03 8.041100158733316991e-17
7.742712430715559094e+03 1.387399733537549376e-16
7.746219835281370251e+03 1.099690302274947324e-16
7.749727239847181409e+03 7.646846026455842728e-17
7.753234644412992566e+03 8.901882171257228735e-17
7.756742048978803723e+03 8.161691842387217705e-17
7.760249453544614880e+03 7.801313072299505074e-17
7.763756858110426037e+03 5.812134281522605733e-17
7.767264262676237195e+03 6.519504068919982753e-17
7.770771667242048352e+03 5.021279140133721758e-17
7.774279071807859509e+03 5.991863423273637544e-17
7.777786476373670666e+03 8.786290628970088563e-17
7.781293880939481824e+03 9.100169275487010232e-17
7.784801285505292981e+03 8.345492036240990496e-17
7.788308690071104138e+03 7.548583587129443465e-17
7.791816094636915295e+03 7.991125214845313271e-17
7.795323499202726452e+03 8.865866727386669910e-17
7.798830903768537610e+03 8.206969723884900312e-17
7.802338308334348767e+03 6.673360324599335943e-17
7.805845712900159924e+03 7.622388611848364848e-17
7.809353117465971081e+03 8.941226851657190985e-17
7.812860522031782239e+03 9.346363372073412880e-17
7.816367926597593396e+03 7.720127611283140556e-17
7.819875331163404553e+03 4.816352422563099618e-17
7.823382735729215710e+03 6.754549094338150672e-17
7.826890140295026868e+03 7.134176026407727236e-17
7.830397544860838025e+03 5.442054668083116215e-17
7.833904949426649182e+03 6.732151690328174853e-17
7.837412353992460339e+03 6.134675825158672751e-17
7.840919758558271496e+03 3.282700009885682491e-17
7.844427163124082654e+03 2.492443912696409419e-17
7.847934567689893811e+03 1.533829098456258454e-17
7.851441972255704968e+03 4.602147054625347657e-17
7.854949376821516125e+03 7.136964617688766003e-17
7.858456781387327283e+03 4.358876876068197451e-17
7.861964185953138440e+03 5.506269360780097796e-17
7.865471590518949597e+03 1.008093218150051353e-16
7.868978995084760754e+03 1.145877156004152203e-16
7.872486399650571911e+03 1.016221558070140433e-16
7.875993804216383069e+03 8.389515250185552672e-17
7.879501208782194226e+03 7.425978876736833703e-17
7.883008613348005383e+03 8.343575624197827642e-17
7.886516017913816540e+03 8.391223874458842206e-17
7.890023422479627698e+03 6.213782746731814021e-17
7.893530827045438855e+03 5.692537861581728822e-17
7.897038231611250012e+03 4.830659669310061806e-17
7.900545636177061169e+03 2.582628933341228367e-17
7.904053040742872327e+03 -5.664631269256027328e-18
7.907560445308683484e+03 -9.022867923754949711e-18
7.911067849874494641e+03 4.656825016604082871e-17
7.914575254440305798e+03 8.538411069167547865e-17
7.918082659006116955e+03 5.975472673999776790e-17
7.921590063571928113e+03 3.960587095018199477e-17
7.925097468137739270e+03 8.491780581932218547e-17
7.928604872703550427e+03 8.251826735886915939e-17
7.932112277269361584e+03 4.015196235569970279e-17
7.935619681835172742e+03 3.790054216445287207e-17
7.939127086400983899e+03 4.608839276653146672e-17
7.942634490966795056e+03 7.421952823259415606e-17
7.946141895532606213e+03 9.480939040290890059e-17
7.949649300098417370e+03 7.133232378764926742e-17
7.953156704664228528e+03 9.163119043591275723e-17
7.956664109230039685e+03 1.042882978876153604e-16
7.960171513795850842e+03 5.792751123664773147e-17
7.963678918361661999e+03 4.126412323288949956e-17
7.967186322927473157e+03 3.940667593251187507e-17
7.970693727493284314e+03 2.534823187891583707e-17
7.974201132059095471e+03 7.400115751396383208e-18
7.977708536624906628e+03 2.163757078853563448e-17
7.981215941190717786e+03 3.498953146147870728e-17
7.984723345756528943e+03 7.691937296007333373e-17
7.988230750322340100e+03 9.452842692732668899e-17
7.991738154888151257e+03 8.384566063144525397e-17
7.995245559453962414e+03 6.175236130186842931e-17
7.998752964019773572e+03 4.361190003933140737e-17
8.002260368585584729e+03 6.246887176590676231e-17
8.005767773151395886e+03 5.071943952652594703e-17
8.009275177717207043e+03 2.940842475457522193e-17
8.012782582283018201e+03 5.486917304913297203e-17
8.016289986848829358e+03 7.812045906183503119e-17
8.019797391414640515e+03 8.013289023050304116e-17
8.023304795980451672e+03 5.765546145934639130e-17
8.026812200546262829e+03 5.439451034387044305e-17
8.030319605112073987e+03 5.321950028373886724e-17
8.033827009677885144e+03 6.973135210799983469e-17
8.037334414243696301e+03 1.019555029764280130e-16
8.040841818809507458e+03 7.552983526243735530e-17
8.044349223375318616e+03 5.831625303732315235e-17
8.047856627941129773e+03 5.020269979786407065e-17
8.051364032506940930e+03 5.121067562254158847e-17
8.054871437072752087e+03 5.064023863723521974e-17
8.058378841638563244e+03 2.861660776757006129e-17
8.061886246204374402e+03 4.881777776804613811e-17
8.065393650770185559e+03 7.100224563601610726e-17
8.068901055335996716e+03 6.312278120118708217e-17
8.072408459901807873e+03 6.751268165156520343e-17
8.075915864467619031e+03 7.823408059077531507e-17
8.079423269033430188e+03 9.798764992690914776e-17
8.082930673599241345e+03 8.987015599901186343e-17
8.086438078165052502e+03 8.498893011711194500e-17
8.089945482730863660e+03 7.714062723031901757e-17
8.093452887296674817e+03 6.356033327544803211e-17
8.096960291862485974e+03 7.621949213506976680e-17
8.100467696428297131e+03 7.018225818606984071e-17
8.103975100994108288e+03 8.422343070847577149e-17
8.107482505559919446e+03 6.767859423010863951e-17
8.110989910125730603e+03 3.753995428310630603e-17
8.114497314691541760e+03 6.202374271723482663e-17
8.118004719257352917e+03 7.620664105707314296e-17
8.121512123823164075e+03 6.492683564738563383e-17
8.125019528388975232e+03 5.327269461457092735e-17
8.128526932954786389e+03 4.875716528148070245e-17
8.132034337520597546e+03 3.352352918801832697e-17
8.135541742086408703e+03 3.895082331437880194e-17
8.139049146652219861e+03 8.783085800404813112e-17
8.142556551218031018e+03 5.693018949825989663e-17
8.146063955783842175e+03 1.022618058893048678e-18
8.149571360349653332e+03 2.620456399061645854e-17
8.153078764915464490e+03 3.499376331749252857e-17
8.156586169481275647e+03 3.826492845917228160e-18
8.160093574047086804e+03 2.508556563848329845e-17
8.163600978612897961e+03 5.336154704724892337e-17
8.167108383178709119e+03 2.739927583857782237e-17
8.170615787744520276e+03 2.314077302850374955e-17
8.174123192310331433e+03 5.615367866130941722e-17
8.177630596876142590e+03 8.698702790012563611e-17
8.181138001441953747e+03 9.831112386853168455e-17
8.184645406007764905e+03 7.122181245781218292e-17
8.188152810573576062e+03 4.972136670814191405e-17
8.191660215139387219e+03 6.796660528450980290e-17
8.195167619705198376e+03 8.395192356165626611e-17
8.198675024271009534e+03 7.333098405347949458e-17
8.202182428836820691e+03 6.347849533436448577e-17
8.205689833402631848e+03 5.735262071092337723e-17
8.209197237968443005e+03 4.044773236424661358e-17
8.212704642534254162e+03 3.370509533247371655e-17
8.216212047100065320e+03 3.148850606246026871e-17
8.219719451665876477e+03 3.802759048909611669e-17
8.223226856231687634e+03 4.405632763884389808e-17
8.226734260797498791e+03 5.384671825501332601e-17
8.230241665363309949e+03 5.536547479921988821e-17
8.233749069929121106e+03 3.485562084647372274e-17
8.237256474494932263e+03 2.202563926419243720e-17
8.240763879060743420e+03 1.546683816047577525e-17
8.244271283626554577e+03 4.338630472523104524e-17
8.247778688192365735e+03 7.621231882479770695e-17
8.251286092758176892e+03 6.961491816497687051e-17
8.254793497323988049e+03 5.425844575055037043e-17
8.258300901889799206e+03 7.053048137161996409e-17
8.261808306455610364e+03 7.740513973787877455e-17
8.265315711021421521e+03 6.879729976030495584e-17
8.268823115587232678e+03 6.870834806595345345e-17
8.272330520153043835e+03 8.402730287651699842e-17
8.275837924718854993e+03 7.068995517627528740e-17
8.279345329284666150e+03 6.078842457300323468e-17
8.282852733850477307e+03 7.893882523778069380e-17
8.286360138416288464e+03 8.384391362599154197e-17
8.289867542982099621e+03 8.092957765695491402e-17
8.293374947547910779e+03 7.220755366762427537e-17
8.296882352113721936e+03 3.998302560483677284e-17
8.300389756679533093e+03 2.048092413800273588e-17
8.303897161245344250e+03 3.401048379718339394e-17
8.307404565811155408e+03 4.088600574000170976e-17
8.310911970376966565e+03 2.755217686608579932e-17
8.314419374942777722e+03 1.619079490438831060e-17
8.317926779508588879e+03 1.894928673729749793e-17
8.321434184074400036e+03 1.823520322117639552e-17
8.324941588640211194e+03 2.429296282989621244e-17
8.328448993206022351e+03 5.519951258983969895e-17
8.331956397771833508e+03 1.230191609667233310e-16
8.335463802337644665e+03 1.359360825401063899e-16
8.338971206903455823e+03 7.765499460498409188e-17
8.342478611469266980e+03 4.585748033545361372e-17
8.345986016035078137e+03 6.478799503592983324e-17
8.349493420600889294e+03 7.532787084407640806e-17
8.353000825166700452e+03 3.724375414064086767e-17
8.356508229732511609e+03 9.711681899343169681e-18
8.360015634298322766e+03 2.480050431014649916e-17
8.363523038864133923e+03 2.259740470156256610e-17
8.367030443429945080e+03 1.500706139751675056e-17
8.370537847995756238e+03 2.137721238201211881e-17
8.374045252561567395e+03 2.082814312628921988e-17
8.377552657127378552e+03 3.718606987344386973e-17
8.381060061693189709e+03 5.113717566203257665e-17
8.384567466259000867e+03 3.732455645159749762e-17
8.388074870824812024e+03 5.976984760159523725e-17
8.391582275390623181e+03 7.521199938386997994e-17
8.395089679956434338e+03 2.965733001833732838e-17
8.398597084522245495e+03 4.216842023958962090e-17
8.402104489088056653e+03 7.672613695153604604e-17
8.405611893653867810e+03 3.906207579804473395e-17
8.409119298219678967e+03 3.222289355389709774e-17
8.412626702785490124e+03 5.875206472357529072e-17
8.416134107351301282e+03 7.236877447773331067e-17
8.419641511917112439e+03 8.349123028257853267e-17
8.423148916482923596e+03 9.902210876607816332e-17
8.426656321048734753e+03 8.299523293495703600e-17
8.430163725614545911e+03 5.725165835407760489e-17
8.433671130180357068e+03 6.406148561264695925e-17
8.437178534746168225e+03 2.128542014943710933e-17
8.440685939311979382e+03 1.255804843744631535e-17
8.444193343877790539e+03 2.899309406028989652e-17
8.447700748443601697e+03 3.872527763111519299e-17
8.451208153009412854e+03 8.674122952674427883e-17
8.454715557575224011e+03 8.768242871493161584e-17
8.458222962141035168e+03 7.572198601001097341e-17
8.461730366706846326e+03 9.092125109466054548e-17
8.465237771272657483e+03 6.089846606425238906e-17
8.468745175838468640e+03 3.553988781023473872e-17
8.472252580404279797e+03 2.219726766076861470e-17
8.475759984970090954e+03 1.806415715975145535e-17
8.479267389535902112e+03 2.997307809303861989e-17
8.482774794101713269e+03 8.361673508819875334e-18
8.486282198667524426e+03 2.064662661267058349e-17
8.489789603233335583e+03 5.104899159128952347e-17
8.493297007799146741e+03 8.501455948121128801e-17
8.496804412364957898e+03 1.194473950817193575e-16
8.500311816930769055e+03 9.984622550164229458e-17
8.503819221496580212e+03 5.276539467105950611e-17
8.507326626062391369e+03 5.987740093356183212e-17
8.510834030628202527e+03 7.184976165674813856e-17
8.514341435194013684e+03 5.566083121746052249e-17
8.517848839759824841e+03 4.968172159574347254e-17
8.521356244325635998e+03 5.489910706114004100e-17
8.524863648891447156e+03 8.433903085344128222e-17
8.528371053457258313e+03 7.571269511737077781e-17
8.531878458023069470e+03 5.823967596493544326e-17
8.535385862588880627e+03 4.423476704058383721e-17
8.538893267154691785e+03 4.099343003179274636e-17
8.542400671720502942e+03 7.291930618877920335e-17
8.545908076286314099e+03 7.976480147536184426e-17
8.549415480852125256e+03 5.830389826769406033e-17
8.552922885417936413e+03 4.425779244011486329e-17
8.556430289983747571e+03 6.238092592318012441e-17
8.559937694549558728e+03 6.081400761498827472e-17
8.563445099115369885e+03 3.756859458463534206e-17
8.566952503681181042e+03 3.441297333963944615e-17
8.570459908246992200e+03 4.589044182850262677e-17
8.573967312812803357e+03 6.617557396987528611e-17
8.577474717378614514e+03 7.070603556738331826e-17
8.580982121944425671e+03 6.824871357805978788e-17
8.584489526510236828e+03 5.322790443876240600e-17
8.587996931076047986e+03 4.111804644543508508e-17
8.591504335641859143e+03 5.060829292197842181e-17
8.595011740207670300e+03 4.478162276098754423e-17
8.598519144773481457e+03 1.983744545024670970e-17
8.602026549339292615e+03 2.613619254990527549e-17
8.605533953905103772e+03 5.932142968280779073e-17
8.609041358470914929e+03 5.050874338961889004e-17
8.612548763036726086e+03 3.352342330889992018e-17
8.616056167602537244e+03 6.231179347630539257e-17
8.619563572168348401e+03 7.675666984230660340e-17
8.623070976734159558e+03 9.026964453020557325e-17
8.626578381299970715e+03 8.812498357753728649e-17
8.630085785865781872e+03 5.548332818417399338e-17
8.633593190431593030e+03 2.468148129180624401e-17
8.637100594997404187e+03 1.083330737710179819e-17
8.640607999563215344e+03 4.387951943727191352e-17
8.644115404129026501e+03 6.240204880730227852e-17
8.647622808694837659e+03 7.861581451730118670e-17
8.651130213260648816e+03 9.010600173526298268e-17
8.654637617826459973e+03 7.761969715388522908e-17
8.658145022392271130e+03 6.982057511759225447e-17
8.661652426958082287e+03 5.344927451429384727e-17
8.665159831523893445e+03 2.350249249292828813e-17
8.668667236089704602e+03 4.406396747898143785e-17
8.672174640655515759e+03 5.933302344627333397e-17
8.675682045221326916e+03 3.607568578020983686e-17
8.679189449787138074e+03 2.920970950166038298e-17
8.682696854352949231e+03 4.679357416490027345e-17
8.686204258918760388e+03 6.909133268956550527e-17
8.689711663484571545e+03 7.459324843334561397e-17
8.693219068050382702e+03 5.498905798967150744e-17
8.696726472616193860e+03 3.578356529252551003e-17
8.700233877182005017e+03 4.009678610011996563e-17
8.703741281747816174e+03 5.804945089382784859e-17
8.707248686313627331e+03 5.626947071217704025e-17
8.710756090879438489e+03 6.013893559091639820e-17
8.714263495445249646e+03 8.507982734026417210e-17
8.717770900011060803e+03 8.605257850573673180e-17
8.721278304576871960e+03 6.505202447001185925e-17
8.724785709142683118e+03 6.408829288193857777e-17
8.728293113708494275e+03 7.018503751292801888e-17
8.731800518274305432e+03 7.888937968948472402e-17
8.735307922840116589e+03 6.981093350037233638e-17
8.738815327405927746e+03 8.514734513058320044e-17
8.742322731971738904e+03 1.101017099977482381e-16
8.745830136537550061e+03 1.114355618965471467e-16
8.749337541103361218e+03 1.085981206372534482e-16
8.752844945669172375e+03 1.008472530091743670e-16
8.756352350234983533e+03 1.122040590077232123e-16
8.759859754800794690e+03 1.310574639314972386e-16
8.763367159366605847e+03 1.387357514239084670e-16
8.766874563932417004e+03 1.250212689213466791e-16
8.770381968498228161e+03 1.545585121670760092e-16
8.773889373064039319e+03 1.970564050620904014e-16
8.777396777629850476e+03 1.326547960164514380e-16
8.780904182195661633e+03 1.638412388802644925e-16
8.784411586761472790e+03 2.264842222389463165e-16
8.787918991327283948e+03 1.910214011920219183e-16
8.791426395893095105e+03 1.911374844104651600e-16
8.794933800458906262e+03 2.204348585134439128e-16
8.798441205024717419e+03 2.182846256721694689e-16
8.801948609590528577e+03 2.468401709669208657e-16
8.805456014156339734e+03 2.424367113719417752e-16
8.808963418722150891e+03 2.221479958841555361e-16
8.812470823287962048e+03 2.193088737938571299e-16
8.815978227853773205e+03 2.257961667879798077e-16
8.819485632419584363e+03 2.228660945349699709e-16
8.822993036985395520e+03 1.976860549443657661e-16
8.826500441551206677e+03 1.846140072276269625e-16
8.830007846117017834e+03 2.154238115974874720e-16
8.833515250682828992e+03 2.393930043551018537e-16
8.837022655248640149e+03 2.082654964555719773e-16
8.840530059814451306e+03 2.194570913247368316e-16
8.844037464380262463e+03 2.341417177194804120e-16
8.847544868946073620e+03 2.413173308623656156e-16
8.851052273511884778e+03 2.369140036162845336e-16
8.854559678077695935e+03 2.062810967835021644e-16
8.858067082643507092e+03 1.991849988585404582e-16
8.861574487209318249e+03 1.957078492007227502e-16
8.865081891775129407e+03 2.106670333843849315e-16
8.868589296340940564e+03 2.310714085741407851e-16
8.872096700906751721e+03 2.092355079988557614e-16
8.875604105472562878e+03 1.753372494497386618e-16
8.879111510038374036e+03 1.588751905896309364e-16
8.882618914604185193e+03 1.730413666462058807e-16
8.886126319169996350e+03 1.912126188798645766e-16
8.889633723735807507e+03 1.940731814916403573e-16
8.893141128301618664e+03 2.141379494091064399e-16
8.896648532867429822e+03 2.003916237616838107e-16
8.900155937433240979e+03 1.972413361772776567e-16
8.903663341999052136e+03 2.436907701201313685e-16
8.907170746564863293e+03 2.984150806829491539e-16
8.910678151130674451e+03 3.336306872232835041e-16
8.914185555696485608e+03 3.194721609330134502e-16
8.917692960262296765e+03 2.870159759765967969e-16
8.921200364828107922e+03 2.800277688732916073e-16
8.924707769393919079e+03 2.708113621928951754e-16
8.928215173959730237e+03 2.642207047094278713e-16
8.931722578525541394e+03 2.499874012917830237e-16
8.935229983091352551e+03 2.609789772713876554e-16
8.938737387657163708e+03 2.872629654900602306e-16
8.942244792222974866e+03 2.704527496188513860e-16
8.945752196788786023e+03 2.232160250213044038e-16
8.949259601354597180e+03 1.771127363863020821e-16
8.952767005920408337e+03 1.691802728352655594e-16
8.956274410486219494e+03 2.207634411225295771e-16
8.959781815052030652e+03 2.342394176759902752e-16
8.963289219617841809e+03 2.472827986214204410e-16
8.966796624183652966e+03 2.132527602745562935e-16
8.970304028749464123e+03 2.150300603910224300e-16
8.973811433315275281e+03 2.311029870212056095e-16
8.977318837881086438e+03 2.665244225677227546e-16
8.980826242446897595e+03 2.623539235030181984e-16
8.984333647012708752e+03 2.201018157464953626e-16
8.987841051578519910e+03 2.535747181723029941e-16
8.991348456144331067e+03 3.314397570958714512e-16
8.994855860710142224e+03 3.196512289920189296e-16
8.998363265275953381e+03 2.712490664683888351e-16
9.001870669841764538e+03 2.280115285219642268e-16
9.005378074407575696e+03 2.329277077478281860e-16
9.008885478973386853e+03 2.759337145320767517e-16
9.012392883539198010e+03 2.361033401462029647e-16
9.015900288105009167e+03 2.116551634918060771e-16
9.019407692670820325e+03 1.910891902975818640e-16
9.022915097236631482e+03 1.740100017609503766e-16
9.026422501802442639e+03 1.743239068772468999e-16
9.029929906368253796e+03 1.927590098739753103e-16
9.033437310934064953e+03 1.830083239272084277e-16
9.036944715499876111e+03 1.559805481366179710e-16
9.040452120065687268e+03 1.376135254130251249e-16
9.043959524631498425e+03 1.349231767189780560e-16
9.047466929197309582e+03 1.352591973361317972e-16
9.050974333763120740e+03 1.488771313175963956e-16
9.054481738328931897e+03 1.544141062844589518e-16
9.057989142894743054e+03 1.456745923882564919e-16
9.061496547460554211e+03 1.511190554754111176e-16
9.065003952026365369e+03 1.591954749228114687e-16
9.068511356592176526e+03 1.226049353857363764e-16
9.072018761157987683e+03 1.359981674081621700e-16
9.075526165723798840e+03 1.595481847360040797e-16
9.079033570289609997e+03 1.460644790068996862e-16
9.082540974855421155e+03 1.296739679610553475e-16
9.086048379421232312e+03 1.292519602648654941e-16
9.089555783987043469e+03 1.274529813989055678e-16
9.093063188552854626e+03 1.543140240477849359e-16
9.096570593118665784e+03 1.556303529524875212e-16
9.100077997684476941e+03 9.608257356686071993e-17
9.103585402250288098e+03 1.208425245202961944e-16
9.107092806816099255e+03 1.407297728608634967e-16
9.110600211381910412e+03 1.504945407303784821e-16
9.114107615947721570e+03 1.614831256248881221e-16
9.117615020513532727e+03 1.242117701215675850e-16
9.121122425079343884e+03 1.203598348543694508e-16
9.124629829645155041e+03 1.152669830845539658e-16
9.128137234210966199e+03 9.492107963793826059e-17
9.131644638776777356e+03 1.145538210476352474e-16
9.135152043342588513e+03 1.145254189741226267e-16
9.138659447908399670e+03 9.326277441567155241e-17
9.142166852474210827e+03 9.291432623699481461e-17
9.145674257040021985e+03 7.646517801188781687e-17
9.149181661605833142e+03 8.516802464589702613e-17
9.152689066171644299e+03 1.040297741676904874e-16
9.156196470737455456e+03 1.074474528481880829e-16
9.159703875303266614e+03 1.187791654956745196e-16
9.163211279869077771e+03 1.059942420957202226e-16
9.166718684434888928e+03 8.074558621894351897e-17
9.170226089000700085e+03 6.101349049151156287e-17
9.173733493566511243e+03 5.298058736177640136e-17
9.177240898132322400e+03 3.749722875010671704e-17
9.180748302698133557e+03 5.750933504105522364e-17
9.184255707263944714e+03 8.776825697529011799e-17
9.187763111829755871e+03 8.006318868336687283e-17
9.191270516395567029e+03 4.217288370617495704e-17
9.194777920961378186e+03 3.641278504088234713e-17
9.198285325527189343e+03 8.242907743650124174e-17
9.201792730093000500e+03 7.480112884744754046e-17
9.205300134658811658e+03 6.318137867578033865e-17
9.208807539224622815e+03 6.912887345448561188e-17
9.212314943790433972e+03 5.943002195362375221e-17
9.215822348356245129e+03 5.188567154599711012e-17
9.219329752922056286e+03 7.586475076629272556e-17
9.222837157487867444e+03 6.196896350834911493e-17
9.226344562053678601e+03 5.162948378412208681e-17
9.229851966619489758e+03 6.223539507492999493e-17
9.233359371185300915e+03 6.627893184177501202e-17
9.236866775751112073e+03 8.012609411459030548e-17
9.240374180316923230e+03 9.991566896842734636e-17
9.243881584882734387e+03 9.435857696906750050e-17
9.247388989448545544e+03 8.688067894313091844e-17
9.250896394014356702e+03 7.076891452882714921e-17
9.254403798580167859e+03 7.715852080132976467e-17
9.257911203145979016e+03 9.950890786528807032e-17
9.261418607711790173e+03 8.743551861080698729e-17
9.264926012277601330e+03 8.794455232488231967e-17
9.268433416843412488e+03 9.533343248201839510e-17
9.271940821409223645e+03 7.062434321008758125e-17
9.275448225975034802e+03 5.472020774697952238e-17
9.278955630540845959e+03 7.850810236665698165e-17
9.282463035106657117e+03 1.103522133744537970e-16
9.285970439672468274e+03 1.161278200218705510e-16
9.289477844238279431e+03 9.791259486684853624e-17
9.292985248804090588e+03 5.273165893695714343e-17
9.296492653369901745e+03 6.758541233410454095e-18
9.300000057935712903e+03 2.164748537535769507e-17
