3.46440317779044289637e+03 7.91544035855787423552e-17
3.46683286568544008333e+03 -1.80623555494346277256e-17
3.46926403486908384366e+03 3.40358337522873257393e-17
3.47169668336263293895e+03 1.43911173250660479954e-16
3.47413080918887953885e+03 3.93484661818621513696e-17
3.47656641037214740209e+03 -9.63593246951280632820e-18
3.47900348493828914798e+03 3.76900287430792908852e-18
3.48144203091469444189e+03 1.26109335449738342211e-16
3.48388204633028180979e+03 -3.46763800308377518237e-17
3.48632352921550500469e+03 3.18244649018071325589e-17
3.48876647760234482121e+03 -2.78268714361588569134e-17
3.49121088952431910002e+03 3.93555372825132078235e-17
3.49365676301647545188e+03 1.25442640368607701462e-17
3.49610409611539398611e+03 1.04741838838318097321e-16
3.49855288685918731062e+03 1.51884981735872576223e-16
3.50100313328749871289e+03 2.73339303884772827894e-17
3.50345483344150670746e+03 -3.17386335990401552383e-17
3.50590798536391866946e+03 7.77852481468754412653e-17
3.50836258709897538210e+03 1.79510281227565695165e-17
3.51081863669245012716e+03 6.71636457950044925178e-17
3.51327613219164777547e+03 1.15168167296097787597e-16
3.51573507164540660597e+03 3.02886977505986410631e-17
3.51819545310409375816e+03 4.68602919907987705356e-19
3.52065727461961159861e+03 -1.03883456157256968896e-16
3.52312053424539408297e+03 2.20139299253801528432e-17
3.52558523003640675597e+03 5.37020701450507938537e-17
3.52805136004914766090e+03 2.92415023419564222165e-17
3.53051892234164643014e+03 7.09613024495026079446e-17
3.53298791497346428514e+03 2.77698307644360143146e-17
3.53545833600569585542e+03 6.51436394114096112453e-17
3.53793018350096917857e+03 1.75043898831753045099e-17
3.54040345552344024327e+03 -2.36530929456026337993e-17
3.54287815013880026527e+03 1.26367892182009336089e-16
3.54535426541427295888e+03 1.48651285818885216237e-17
3.54783179941861180851e+03 -1.21605996490512846229e-19
3.55031075022210461611e+03 1.73234316903396909189e-17
3.55279111589656986325e+03 7.26441984497211479769e-17
3.55527289451535762055e+03 4.79380639999353794487e-17
3.55775608415335409518e+03 7.65841113565804610126e-17
3.56024068288697253593e+03 5.81307905017018206803e-18
3.56272668879416050913e+03 1.14041530607517137194e-16
3.56521409995439717022e+03 8.97786442273403738071e-17
3.56770291444869690167e+03 -2.74824561749930653017e-17
3.57019313035960112757e+03 1.36021994758808169653e-16
3.57268474577118649904e+03 9.87789871024859612484e-17
3.57517775876906125632e+03 1.04739788551499093675e-16
3.57767216744036522869e+03 6.35346090858441961010e-17
3.58016796987377256301e+03 6.61094035080154133395e-17
3.58266516415948444774e+03 7.80651226750178958217e-17
3.58516374838924093638e+03 4.71343994529951440073e-17
3.58766372065630912402e+03 7.19275166798489226188e-17
3.59016507905549042334e+03 1.10679533061032308143e-16
3.59266782168311601708e+03 6.68495242574724735573e-17
3.59517194663705413404e+03 1.37941976902869167119e-16
3.59767745201670004462e+03 1.00158788421610892555e-16
3.60018433592298242729e+03 1.59235077516192946669e-17
3.60269259645836427808e+03 9.94383903418251132491e-18
3.60520223172684018209e+03 5.22711492805377579569e-17
3.60771323983393358503e+03 5.42794120251433464532e-17
3.61022561888670315966e+03 8.45555022464520400606e-17
3.61273936699373916781e+03 8.27185005821932788455e-17
3.61525448226516346040e+03 2.21472646945033925379e-17
3.61777096281263038691e+03 4.69591965213859989757e-17
3.62028880674932588590e+03 -2.03528989494213443759e-18
3.62280801218996930402e+03 1.15198604675221955010e-16
3.62532857725081066746e+03 8.56768351253686808078e-17
3.62785050004963250103e+03 8.36613796103898801280e-17
3.63037377870575073757e+03 6.71077350710868652718e-17
3.63289841134001108003e+03 7.20440237318282054276e-17
3.63542439607479263941e+03 3.48122280381662821010e-17
3.63795173103400793480e+03 1.69996723226994864487e-17
3.64048041434309925535e+03 5.10709554977818600649e-17
3.64301044412904229830e+03 2.94949790538535141473e-17
3.64554181852034525946e+03 6.37816201390765495707e-17
3.64807453564704701421e+03 8.51649023140809090583e-17
3.65060859364071984601e+03 8.28592122301960594143e-17
3.65314399063446762739e+03 3.84371720230372117987e-17
3.65568072476292672945e+03 1.40953241602069292175e-17
3.65821879416226420290e+03 4.91683955275503347620e-17
3.66075819697018141596e+03 2.11367287693032634147e-17
3.66329893132591041649e+03 5.46351944985615220562e-17
3.66584099537021666038e+03 2.31922407192354387716e-17
3.66838438724539628311e+03 5.95487514679866284468e-17
3.67092910509527791874e+03 2.89362528046914710002e-17
3.67347514706522179040e+03 8.37171767184198105239e-17
3.67602251130212243879e+03 3.40229560644906992512e-17
3.67857119595440508419e+03 4.01378579065685085761e-17
3.68112119917202653596e+03 7.54305629976582118744e-17
3.68367251910647519253e+03 6.16838327154408577981e-17
3.68622515391077467939e+03 4.28056711612417920819e-17
3.68877910173947748262e+03 3.30227539534787035891e-17
3.69133436074866767740e+03 -3.22933319947453366180e-19
3.69389092909596729442e+03 6.54109900332318070479e-17
3.69644880494052358699e+03 3.22987191321404298340e-17
3.69900798644301903551e+03 5.77856773522332869703e-17
3.70156847176566861890e+03 2.54423679695406318917e-17
3.70413025907221799571e+03 2.42639605633105108401e-17
3.70669334652794623253e+03 3.70789027937444655154e-17
3.70925773229966398503e+03 6.68988135403719527091e-17
3.71182341455571440747e+03 7.99295380657398650427e-17
3.71439039146597133367e+03 9.57093065211376638445e-17
3.71695866120184382453e+03 3.71558357863945198297e-17
3.71952822193626889202e+03 5.05900274275036528745e-17
3.72209907184371786570e+03 4.79517210472801697326e-17
3.72467120910019639268e+03 8.93371727992987745563e-18
3.72724463188323807117e+03 -5.23665525118006496126e-19
3.72981933837191081693e+03 9.05665710586864753519e-17
3.73239532674681595381e+03 2.44154337723202003132e-17
3.73497259519008366624e+03 4.43256781742063197457e-17
3.73755114188537754671e+03 2.74575518908128158178e-17
3.74013096501789550530e+03 5.52375697977897791335e-17
3.74271206277436522214e+03 2.72943127530601616919e-17
3.74529443334304778546e+03 3.55010671486505566910e-17
3.74787807491373314406e+03 3.66550452058044476892e-17
3.75046298567774920230e+03 5.98926090836268132952e-17
3.75304916382795090612e+03 2.53377393501571394459e-17
3.75563660755872660957e+03 5.72807519423329303176e-17
3.75822531506599989370e+03 9.10331842291564836336e-17
3.76081528454722138122e+03 3.84629994629750649767e-17
3.76340651420137783134e+03 7.46444075326879541324e-17
3.76599900222898577340e+03 7.64853842925998710880e-17
3.76859274683209514478e+03 6.67575506406174085327e-17
3.77118774621428747196e+03 7.58286294412331603135e-17
3.77378399858067677997e+03 4.86500504200241042740e-17
3.77638150213790777343e+03 6.16273257818257731633e-17
3.77898025509416038403e+03 2.12297657115733098075e-17
3.78158025565914340405e+03 8.15533765350906307963e-17
3.78418150204410085280e+03 5.69049055332109942936e-17
3.78678399246180470072e+03 5.55181861579453869039e-17
3.78938772512656214531e+03 5.19515024316004462848e-17
3.79199269825421288260e+03 4.85999083846683163299e-17
3.79459891006212728826e+03 6.96662367643343083684e-17
3.79720635876920732699e+03 8.08219561214054716273e-17
3.79981504259588928107e+03 3.61226876364699216963e-17
3.80242495976413920289e+03 4.65881272155834427454e-17
3.80503610849745746236e+03 4.99234091699091272307e-17
3.80764848702087419952e+03 4.30102114033784234439e-17
3.81026209356095387193e+03 6.18942338896722190588e-17
3.81287692634579161677e+03 3.21472337093187893440e-17
3.81549298360501597926e+03 4.26010998985888527502e-17
3.81811026356978527474e+03 3.75524461152291771178e-17
3.82072876447279213608e+03 5.11257039012006075531e-17
3.82334848454826169473e+03 6.12688410787129249733e-17
3.82596942203194976173e+03 6.39048159054900544859e-17
3.82859157516114464670e+03 6.15204059814552311875e-17
3.83121494217466533883e+03 2.80326278009336638263e-17
3.83383952131286696385e+03 6.03417764353243792918e-17
3.83646531081763259863e+03 6.90826656400859108513e-17
3.83909230893237872806e+03 9.05763857264711728894e-17
3.84172051390205615462e+03 3.92071478339316026261e-17
3.84434992397314454138e+03 7.60790704625103349905e-17
3.84698053739365786896e+03 3.97928841909494386070e-17
3.84961235241314170707e+03 6.05201214423102106406e-17
3.85224536728267230501e+03 1.03444079070444362583e-16
3.85487958025486022962e+03 1.15455549614295551165e-16
3.85751498958384672733e+03 1.12982847746761552260e-16
3.86015159352530554315e+03 9.68997832135966688865e-17
3.86278939033644383017e+03 7.99318021855507691762e-17
3.86542837827599851153e+03 1.25173804913780560804e-16
3.86806855560424082796e+03 8.13334126480781495782e-17
3.87070992058297088079e+03 1.16746913939555399142e-16
3.87335247147552581737e+03 1.02803742753481734395e-16
3.87599620654677073617e+03 6.95469657746911960601e-17
3.87864112406310505321e+03 9.80972010749842490195e-17
3.88128722229245886410e+03 1.44409862310462622591e-16
3.88393449950429658202e+03 6.55492673861370583392e-17
3.88658295396961148072e+03 9.51202818242973620918e-17
3.88923258396093115152e+03 1.01868658985660016493e-16
3.89188338775231659383e+03 9.21141664793491263800e-17
3.89453536361935675814e+03 6.44869303872256003337e-17
3.89718850983917764097e+03 9.24359951571131351364e-17
3.89984282469043228048e+03 8.67021242168517377395e-17
3.90249830645331167034e+03 7.66365616395410575116e-17
3.90515495340953293635e+03 7.63791782727573164530e-17
3.90781276384235025034e+03 8.50703874812967849777e-17
3.91047173603654573526e+03 9.59430537189088143823e-17
3.91313186827843765059e+03 8.05134804030632437717e-17
3.91579315885587402590e+03 8.54624054681312106818e-17
3.91845560605823538936e+03 1.11745272888346318180e-16
3.92111920817643294868e+03 1.09162226474477397704e-16
3.92378396350291313865e+03 1.10747843403766834771e-16
3.92644987033165216417e+03 1.08451488835873939050e-16
3.92911692695815963816e+03 8.82813258761521088358e-17
3.93178513167947676266e+03 1.35248610869998757337e-16
3.93445448279417541926e+03 9.90252942598516382259e-17
3.93712497860236362612e+03 8.45666579570343647081e-17
3.93979661740567644301e+03 9.22308735720505440735e-17
3.94246939750728597573e+03 8.45047820317092717018e-17
3.94514331721189137170e+03 1.11666747598280301984e-16
3.94781837482572882436e+03 7.11794823187967266781e-17
3.95049456865656338778e+03 7.17977712094883047017e-17
3.95317189701369261456e+03 7.05073858988238391677e-17
3.95585035820794746542e+03 7.31490996729771371044e-17
3.95852995055169139960e+03 5.55936189514414833588e-17
3.96121067235881673696e+03 7.45708582689274405725e-17
3.96389252194475102442e+03 5.05244725685737878420e-17
3.96657549762645430746e+03 6.18830518385470452119e-17
3.96925959772241640167e+03 7.87846953756665089752e-17
3.97194482055266053067e+03 8.01876485546052124599e-17
3.97463116443874241668e+03 8.73409153808512235402e-17
3.97731862770374755200e+03 6.76202325875210703071e-17
3.98000720867229756550e+03 8.84191979370388753013e-17
3.98269690567054294661e+03 6.30388999057884233664e-17
3.98538771702616668335e+03 8.97277882493008838281e-17
3.98807964106838608132e+03 7.76239335735034523501e-17
3.99077267612794821616e+03 8.84457483446451316438e-17
3.99346682053713266214e+03 8.47704179112809097440e-17
3.99616207262975240155e+03 8.10457791088394411206e-17
3.99885843074115109630e+03 8.06031120521250961050e-17
4.00155589320820581634e+03 8.55015879287780052603e-17
4.00425445836932431121e+03 9.07539791488520120650e-17
4.00695412456444773852e+03 7.37934339425362802944e-17
4.00965489013504884497e+03 5.76730565654300761721e-17
4.01235675342413196631e+03 8.25647437313416778278e-17
4.01505971277623484639e+03 7.36531384939883578986e-17
4.01776376653742681810e+03 7.90215077705816816370e-17
4.02046891305530880345e+03 7.97850460396193905434e-17
4.02317515067901331349e+03 7.38649514201147501495e-17
4.02588247775920626736e+03 7.33040608217386177401e-17
4.02859089264808699227e+03 7.38375690748172388173e-17
4.03130039369938367599e+03 6.94097183474430762100e-17
4.03401097926835700491e+03 9.83895177542548942504e-17
4.03672264771180380194e+03 6.37136048220833639839e-17
4.03943539738804884109e+03 7.23636642952491082383e-17
4.04214922665694939496e+03 1.06274682884896200089e-16
4.04486413387989796320e+03 1.07063996262362920695e-16
4.04758011741981499654e+03 9.46846035978182682712e-17
4.05029717564115617279e+03 1.21094886875085881468e-16
4.05301530690990784933e+03 1.11296261830119865658e-16
4.05573450959358979162e+03 1.30276320670278190855e-16
4.05845478206125153520e+03 1.37267541970475745486e-16
4.06117612268347784266e+03 1.46193106802458764845e-16
4.06389852983238233719e+03 1.66664846090597534862e-16
4.06662200188161386905e+03 1.96627957020485426191e-16
4.06934653720635014906e+03 2.18267377486072437523e-16
4.07207213418330411514e+03 2.28539878862491598812e-16
4.07479879119072029425e+03 2.42298359955356204086e-16
4.07752650660837207397e+03 2.75092489495391755241e-16
4.08025527881756988791e+03 2.55008759943590777965e-16
4.08298510620115212078e+03 2.59133245511081572453e-16
4.08571598714349238435e+03 2.61814460449573549595e-16
4.08844792003049406048e+03 2.88725224274324764542e-16
4.09118090324959393911e+03 2.99164871951839562751e-16
4.09391493518976039923e+03 2.98300729397788714858e-16
4.09665001424149431841e+03 2.83436520148855599598e-16
4.09938613879682816332e+03 2.91742428554792119090e-16
4.10212330724932871817e+03 2.88941968520588459042e-16
4.10486151799409071828e+03 2.97431349530653337055e-16
4.10760076942774412601e+03 2.88622472159576732674e-16
4.11034105994845049281e+03 2.98491713310939230746e-16
4.11308238795590386871e+03 3.01528458016474504483e-16
4.11582475185132898332e+03 2.75132794330903943104e-16
4.11856815003748397430e+03 2.89495500352463833661e-16
4.12131258091865765891e+03 2.75584141922278235601e-16
4.12405804290067408147e+03 2.72956824791884571540e-16
4.12680453439088523737e+03 2.90619688145687417741e-16
4.12955205379817925859e+03 2.62771595606393519243e-16
4.13230059953297222819e+03 2.71806155369274787814e-16
4.13505017000721727527e+03 2.82828191023744568287e-16
4.13780076363439366105e+03 2.63001484596398805458e-16
4.14055237882951860229e+03 2.55560495084434804954e-16
4.14330501400913908583e+03 2.36087435084501078996e-16
4.14605866759133277810e+03 2.09898348514354547336e-16
4.14881333799571075360e+03 2.00723908627861673767e-16
4.15156902364341749490e+03 2.07689726274337545634e-16
4.15432572295712634514e+03 1.83377039971511569646e-16
4.15708343436104678403e+03 1.65691493105924839183e-16
4.15984215628091806138e+03 1.60883972684985626918e-16
4.16260188714400919707e+03 1.46609638292008259215e-16
4.16536262537912807602e+03 1.43522534627939670695e-16
4.16812436941660780576e+03 1.21024608454476632635e-16
4.17088711768831763038e+03 1.27917626514919681267e-16
4.17365086862765656406e+03 1.50194216471292603314e-16
4.17641562066955884802e+03 1.48250924341936620009e-16
4.17918137225048758410e+03 1.35284081546998149598e-16
4.18194812180843928218e+03 1.31573851387799783825e-16
4.18471586778294295073e+03 1.42354794243325961041e-16
4.18748460861505918729e+03 1.57666821765373736961e-16
4.19025434274738199747e+03 1.47915276948724334899e-16
4.19302506862403424748e+03 1.60811105117947467326e-16
4.19579678469067494007e+03 1.55032323153036119081e-16
4.19856948939449193858e+03 2.03193234234337929760e-16
4.20134318118420833343e+03 2.24363491134826281943e-16
4.20411785851007789461e+03 2.32748464452963138864e-16
4.20689351982388325268e+03 2.66659497612265871965e-16
4.20967016357894499379e+03 2.94445578295716589328e-16
4.21244778823011347413e+03 2.89110359206732727261e-16
4.21522639223376791051e+03 3.05700982214356659313e-16
4.21800597404782456579e+03 3.10352981657848296087e-16
4.22078653213172856340e+03 2.86908031908563636615e-16
4.22356806494646025385e+03 3.14305356457805064036e-16
4.22635057095452793874e+03 3.28877324811940510258e-16
4.22913404861997514672e+03 3.33606199585514834871e-16
4.23191849640837699553e+03 3.29064009752153841130e-16
4.23470391278684019198e+03 3.00939229785965426671e-16
4.23749029622400394146e+03 2.90362183316634331404e-16
4.24027764519003812893e+03 3.00073793105063138293e-16
4.24306595815664786642e+03 3.13314988399301181822e-16
4.24585523359706712654e+03 2.95442893229892858728e-16
4.24864546998606419947e+03 3.13057266698238755527e-16
4.25143666579993896448e+03 3.08168867015424432743e-16
4.25422881951652288990e+03 2.95988645868588612669e-16
4.25702192961517903314e+03 3.01486263127357882059e-16
4.25981599457680476917e+03 2.99131445145330195328e-16
4.26261101288382724306e+03 2.81809578290490558763e-16
4.26540698302020700794e+03 2.94181277747923842775e-16
4.26820390347143620602e+03 2.95867799647045255739e-16
4.27100177272453947808e+03 2.83159254490174368883e-16
4.27380058926807487296e+03 2.91731631638716350005e-16
4.27660035159212839062e+03 3.08190413067851818931e-16
4.27940105818832398654e+03 3.05512518765625311653e-16
4.28220270754981265782e+03 2.92466183588675474111e-16
4.28500529817127971910e+03 3.11095440269102048987e-16
4.28780882854894116463e+03 2.99856903506396716002e-16
4.29061329718055003468e+03 3.20884338369050349524e-16
4.29341870256538459216e+03 3.12289116179993725732e-16
4.29622504320425923652e+03 3.09027576257920712714e-16
4.29903231759952086577e+03 3.17468513136658556587e-16
4.30184052425504614803e+03 2.89843587062051184764e-16
4.30464966167624515947e+03 3.14083899245594473868e-16
4.30745972837006047484e+03 2.82534878375940240399e-16
4.31027072284496625798e+03 2.92007286363684057973e-16
4.31308264361096826178e+03 3.19289042012848643417e-16
4.31589548917960655672e+03 2.96010076972622511121e-16
4.31870925806394916435e+03 2.67385403515507872900e-16
4.32152394877860115230e+03 2.69837145187861883907e-16
4.32433955983969644876e+03 2.82651457493704152015e-16
4.32715608976490239002e+03 3.01189510952185245823e-16
4.32997353707341699192e+03 2.83325363299512260638e-16
4.33279190028597258788e+03 2.96360776198733217514e-16
4.33561117792483219091e+03 2.81814404841179160133e-16
4.33843136851379131258e+03 2.74246363605030768393e-16
4.34125247057817705354e+03 2.98707911615300095002e-16
4.34407448264485083200e+03 2.83769205213743952104e-16
4.34689740324220201728e+03 2.89028735089551900007e-16
4.34972123090015702473e+03 3.07108283400967346826e-16
4.35254596415017022082e+03 2.71679241558146076924e-16
4.35537160152523028955e+03 2.83245022058609965663e-16
4.35819814155985750403e+03 2.97154176208851037274e-16
4.36102558279010463593e+03 2.81155865328550037864e-16
4.36385392375355604599e+03 2.76570453005410898349e-16
4.36668316298932859354e+03 2.51865167245666087818e-16
4.36951329903807072697e+03 2.31628105452363485351e-16
4.37234433044196430274e+03 2.28767453687228743049e-16
4.37517625574472094740e+03 2.15500021540279585172e-16
4.37800907349158751458e+03 1.95372841639575717500e-16
4.38084278222934062796e+03 1.82322178030387769846e-16
4.38367738050628850033e+03 1.61143326967407766920e-16
4.38651286687227457151e+03 1.43721943299313772382e-16
4.38934923987867205142e+03 1.47785044246974837981e-16
4.39218649807838573906e+03 1.43463900247715272379e-16
4.39502464002585475100e+03 1.16039567927415894500e-16
4.39786366427704888338e+03 1.10356359155261855434e-16
4.40070356938947043091e+03 1.11782851826498409049e-16
4.40354435392215327738e+03 1.10385477192218552657e-16
4.40638601643566380517e+03 1.13770711589406288165e-16
4.40922855549210089521e+03 1.07031255451221245923e-16
4.41207196965509592701e+03 1.01672397468157502018e-16
4.41491625748981005017e+03 1.08034807241235108951e-16
4.41776141756293964136e+03 1.06321048331073090170e-16
4.42060744844271084730e+03 1.34669951934957236024e-16
4.42345434869888322282e+03 1.26528448008597129831e-16
4.42630211690274791181e+03 1.44786242727043800537e-16
4.42915075162712946621e+03 1.43017988997335673543e-16
4.43200025144638129859e+03 1.48860646778109809935e-16
4.43485061493639295804e+03 1.92181103098296119105e-16
4.43770184067458285426e+03 2.10262563202597728659e-16
4.44055392723990462400e+03 2.08449483579583965503e-16
4.44340687321284076461e+03 2.30305925967572642931e-16
4.44626067717540809099e+03 2.42853108386595174902e-16
4.44911533771115500713e+03 2.64759987186620360203e-16
4.45197085340516150609e+03 2.59639761519674425763e-16
4.45482722284404007951e+03 2.93782832575958475822e-16
4.45768444461593571759e+03 2.96662493707757748164e-16
4.46054251731052499963e+03 2.81810999421134661844e-16
4.46340143951901700348e+03 2.92814037218032597102e-16
4.46626120983415239607e+03 3.16206975670047327074e-16
4.46912182685020525241e+03 2.90227481158990936207e-16
4.47198328916298032709e+03 2.92133338834532378575e-16
4.47484559536981487327e+03 2.96307717748384830504e-16
4.47770874406957773317e+03 3.15952147528138120605e-16
4.48057273386267206661e+03 3.14739661226853661798e-16
4.48343756335103080346e+03 2.95154018831976443219e-16
4.48630323113812028168e+03 2.98013447495004198507e-16
4.48916973582893751882e+03 3.02496620529337798082e-16
4.49203707603001384996e+03 3.03926914908037656127e-16
4.49490525034941038030e+03 3.15459123102599123637e-16
4.49777425739672253258e+03 2.95820098831632731364e-16
4.50064409578307640913e+03 3.15567312999854621630e-16
4.50351476412113061087e+03 3.07769087906498334610e-16
4.50638626102507623727e+03 3.27887566925280400090e-16
4.50925858511063506739e+03 2.96757528385015077820e-16
4.51213173499506410735e+03 3.10937191814646611463e-16
4.51500570929714831436e+03 3.11214111722934174089e-16
4.51788050663720878219e+03 3.11680541538539009918e-16
4.52075612563709546521e+03 3.27278929619850651883e-16
4.52363256492019263533e+03 3.06193643017271908846e-16
4.52650982311141615355e+03 3.16884698573462224055e-16
4.52938789883721346996e+03 3.21748986535510886336e-16
4.53226679072556362371e+03 3.10935100132852039980e-16
4.53514649740597997152e+03 3.34743493866965938990e-16
4.53802701750950564019e+03 3.33949697587089197047e-16
4.54090834966871807410e+03 3.23705861529686930265e-16
4.54379049251772357820e+03 3.08255924680996529960e-16
4.54667344469216459402e+03 3.25782734810460233613e-16
4.54955720482921333314e+03 3.25758736405139873367e-16
4.55244177156757359626e+03 3.15837652828256854866e-16
4.55532714354748350161e+03 3.11017417474400620293e-16
4.55821331941071093752e+03 3.01640439966087437989e-16
4.56110029780055720039e+03 3.13361440517410283227e-16
4.56398807736185699468e+03 3.04251524210561831253e-16
4.56687665674097297597e+03 2.99848494353433978648e-16
4.56976603458580575534e+03 3.08341570052162106428e-16
4.57265620954578207602e+03 3.03163064693896745041e-16
4.57554718027186572726e+03 3.00392622486662686513e-16
4.57843894541654935892e+03 2.96303625971198846735e-16
4.58133150363385993842e+03 2.91229443201374655982e-16
4.58422485357935420325e+03 2.83413807209388335323e-16
4.58711899391012320848e+03 2.87106615359070367269e-16
4.59001392328478959826e+03 2.87694635296809113310e-16
4.59290964036350760580e+03 2.80135017905916180709e-16
4.59580614380796396290e+03 2.85583835724769356474e-16
4.59870343228137608094e+03 2.65008196989805955055e-16
4.60160150444849659834e+03 2.68816984558883672679e-16
4.60450035897560792364e+03 2.69128906172625511571e-16
4.60739999453052496392e+03 2.63735152802972046416e-16
4.61030040978259421536e+03 2.54495929626433278459e-16
4.61320160340269649168e+03 2.54976369685167601191e-16
4.61610357406324237672e+03 2.45184626471647656258e-16
4.61900632043817495287e+03 2.42052771364881619084e-16
4.62190984120297071058e+03 2.54197373183324330976e-16
4.62481413503463772940e+03 2.51945556339559519766e-16
4.62771920061171567795e+03 2.40804863413242083541e-16
4.63062503661427581392e+03 2.57339711257764915047e-16
4.63353164172392280307e+03 2.39899734304363039564e-16
4.63643901462379380973e+03 2.50072271499733369072e-16
4.63934715399855667783e+03 2.27653204358908890526e-16
4.64225605853441174986e+03 2.21488241826222878275e-16
4.64516572691909186688e+03 2.53482965473041267839e-16
4.64807615784186236851e+03 2.35103023118615169072e-16
4.65098734999351927399e+03 2.41449646068018341794e-16
4.65389930206639201060e+03 2.30072657189835347886e-16
4.65681201275434250419e+03 2.42206450383072722713e-16
4.65972548075276245072e+03 2.47293532728511582791e-16
4.66263970475857877318e+03 2.38742083370941468178e-16
4.66555468347024907416e+03 2.46380263714694652353e-16
4.66847041558776163583e+03 2.48964617826726626627e-16
4.67138689981263905793e+03 2.62935750107586590596e-16
4.67430413484793643875e+03 2.55064618754804166636e-16
4.67722211939823773719e+03 2.59542139939147646630e-16
4.68014085216966213920e+03 2.75479450978431026088e-16
4.68306033186985951033e+03 2.86364823936465765979e-16
4.68598055720801403368e+03 2.90663568912831759501e-16
4.68890152689483693393e+03 2.90037929040840644136e-16
4.69182323964257830085e+03 2.96090217319314422612e-16
4.69474569416501526575e+03 3.13724479667375349541e-16
4.69766888917745836807e+03 3.30600983927614555465e-16
4.70059282339675246476e+03 3.24784946767928521459e-16
4.70351749554127036390e+03 3.16339951991523174515e-16
4.70644290433092101011e+03 3.59554841150361750942e-16
4.70936904848714311811e+03 3.57072896290181885757e-16
4.71229592673290790117e+03 3.40571545265868211286e-16
4.71522353779271998064e+03 3.29192113974765448658e-16
4.71815188039261465747e+03 3.56522514727585734069e-16
4.72108095326015973114e+03 3.29360797663618819549e-16
4.72401075512445549975e+03 3.53102946955131179877e-16
4.72694128471613385045e+03 3.51264577375749207422e-16
4.72987254076735916897e+03 3.59051603175083836193e-16
4.73280452201182833960e+03 3.42863330133524032465e-16
4.73573722718476801674e+03 3.36300388485188851418e-16
4.73867065502294190082e+03 3.25389479848302681954e-16
4.74160480426463982440e+03 3.54892944738635291639e-16
4.74453967364968866605e+03 3.41219713454723647052e-16
4.74747526191944416496e+03 3.78178406561599273579e-16
4.75041156781679637788e+03 3.62781951019595713081e-16
4.75334859008616695064e+03 3.69425775554609784705e-16
4.75628632747350729915e+03 3.79496910225363378765e-16
4.75922477872630497586e+03 3.66459894806173534755e-16
4.76216394259357639385e+03 3.78406744312042947973e-16
4.76510381782587228372e+03 3.72663597139711465261e-16
4.76804440317527405568e+03 3.67495968576979376288e-16
4.77098569739539470902e+03 3.67210378172961841904e-16
4.77392769924138156057e+03 3.81909190986026211730e-16
4.77687040746991351625e+03 3.74069147214693749139e-16
4.77981382083919925208e+03 3.79349374566824254873e-16
4.78275793810898176162e+03 3.81784712339891758109e-16
4.78570275804053653701e+03 3.71912220526671798601e-16
4.78864827939666974999e+03 3.66171278214304190625e-16
4.79159450094172007084e+03 3.78560437232284128986e-16
4.79454142144155866845e+03 3.75324070663338156417e-16
4.79748903966358921025e+03 3.68877716727883660912e-16
4.80043735437674695277e+03 3.69053549084199792019e-16
4.80338636435149783210e+03 3.86066769189763153057e-16
4.80633606835984210193e+03 3.71442470939724366609e-16
4.80928646517531160498e+03 3.73135818189387959535e-16
4.81223755357297068258e+03 3.71107091934840040321e-16
4.81518933232941344613e+03 3.60009526332136289189e-16
4.81814180022276923410e+03 3.61779780682659296798e-16
4.82109495603269806452e+03 3.69284458254018046543e-16
4.82404879854039245402e+03 3.70896997254027864855e-16
4.82700332652857559879e+03 3.53478147531680619602e-16
4.82995853878150501259e+03 3.32680100915691689554e-16
4.83291443408496888878e+03 3.59242128934974971748e-16
4.83587101122628791927e+03 3.67928669716491168716e-16
4.83882826899431529455e+03 3.61341402085517013179e-16
4.84178620617943579418e+03 3.46432055939604301622e-16
4.84474482157356578682e+03 3.42608978106821584338e-16
4.84770411397015504917e+03 3.48186716637052279274e-16
4.85066408216418585653e+03 3.35878230707215201831e-16
4.85362472495217025426e+03 3.34355201981500166422e-16
4.85658604113215460529e+03 3.32251117664446704612e-16
4.85954802950371595216e+03 3.36546605468333985057e-16
4.86251068886796565494e+03 3.23689856630584382046e-16
4.86547401802754393429e+03 3.24083197113877040241e-16
4.86843801578662532847e+03 3.25208044169551107156e-16
4.87140268095091687428e+03 3.10499731549098353366e-16
4.87436801232765537861e+03 3.03244820586959246570e-16
4.87733400872561378492e+03 3.07010143577093529304e-16
4.88030066895509207825e+03 2.73254096672573070261e-16
4.88326799182792638021e+03 2.51168090460541084459e-16
4.88623597615748258249e+03 2.45698651007588886427e-16
4.88920462075866089435e+03 2.46318421209751444246e-16
4.89217392444789129513e+03 2.25245047282972646539e-16
4.89514388604313717224e+03 2.03948827925840803307e-16
4.89811450436389441165e+03 1.87761819436141242174e-16
4.90108577823118957895e+03 1.71235903073373265139e-16
4.90405770646758355724e+03 1.62578844922186964434e-16
4.90703028789716609026e+03 1.51633487657881412564e-16
4.91000352134556305828e+03 1.39595870882867580339e-16
4.91297740563992920215e+03 1.37456371267587561907e-16
4.91595193960895358032e+03 1.20435484030995474274e-16
4.91892712208285502129e+03 1.11573844674614602563e-16
4.92190295189338576165e+03 1.20433363999230744587e-16
4.92487942787383144605e+03 1.23420440769314866155e-16
4.92785654885900839872e+03 9.97371629254162681922e-17
4.93083431368526544247e+03 1.09209738336082243823e-16
4.93381272119048207969e+03 1.10788251156492166489e-16
4.93679177021407213033e+03 1.05348910728449567378e-16
4.93977145959698100341e+03 1.17995393597268403999e-16
4.94275178818168569705e+03 1.17853235971858113142e-16
4.94573275481219479843e+03 1.31685870074623362453e-16
4.94871435833405030280e+03 1.28952874961557161355e-16
4.95169659759432579449e+03 1.65434779222692416665e-16
4.95467947144162644690e+03 1.80246358475397060502e-16
4.95766297872609175101e+03 2.01054766883248539374e-16
4.96064711829938823939e+03 2.33380281876599964096e-16
4.96363188901472130965e+03 2.57706679698041357951e-16
4.96661728972682340100e+03 2.97494937707754533007e-16
4.96960331929196217970e+03 3.30999896537372239415e-16
4.97258997656793417264e+03 3.65326972781293071728e-16
4.97557726041407113371e+03 3.82541456221696591631e-16
4.97856516969123549643e+03 4.00620309804281620634e-16
4.98155370326182128338e+03 4.26309653009521592970e-16
4.98454285998975683469e+03 4.55704130499559120657e-16
4.98753263874050026061e+03 4.57397944120607812569e-16
4.99052303838104307943e+03 4.63098074154433034388e-16
4.99351405777990748902e+03 4.72441851124668346369e-16
4.99650569580715091433e+03 4.89939151968590343882e-16
4.99949795133435873140e+03 4.86140122785411576134e-16
5.00249082323465154332e+03 4.77690806536969976683e-16
5.00548431038268154225e+03 4.75730433278292991727e-16
5.00847841165463250945e+03 4.64073760022170619017e-16
5.01147312592821981525e+03 4.53316071860260977457e-16
5.01446845208269132854e+03 4.47310468925548746945e-16
5.01746438899882923579e+03 4.58209175474453543525e-16
5.02046093555894367455e+03 4.51865609311608405684e-16
5.02345809064688000944e+03 4.30841768968500165526e-16
5.02645585314801519417e+03 4.39086549222999353817e-16
5.02945422194925868098e+03 4.34447818606653065031e-16
5.03245319593904969224e+03 4.41591126398095408953e-16
5.03545277400736176787e+03 4.40437415357515150307e-16
5.03845295504570003686e+03 4.48433557025658945508e-16
5.04145373794710212678e+03 4.57060141206358982139e-16
5.04445512160613725428e+03 4.49271142786224465931e-16
5.04745710491890713456e+03 4.73692292122299900048e-16
5.05045968678304507193e+03 4.65628494415339299646e-16
5.05346286609771686926e+03 4.83347508679256640102e-16
5.05646664176361991849e+03 4.82588080327377639594e-16
5.05947101268298501964e+03 5.11547565876882245946e-16
5.06247597775957365229e+03 4.89709171539997668815e-16
5.06548153589868161362e+03 4.96082615159278401832e-16
5.06848768600713265187e+03 5.02861089313171401134e-16
5.07149442699328756134e+03 4.90484048651652016046e-16
5.07450175776703508745e+03 4.82380574798350641825e-16
5.07750967723979920265e+03 4.78026615561338350355e-16
5.08051818432453455898e+03 4.66930538577013037062e-16
5.08352727793572830706e+03 4.47562513238414493293e-16
5.08653695698939918657e+03 4.47515176019849538364e-16
5.08954722040309843578e+03 4.39124185023577090224e-16
5.09255806709590888204e+03 4.26894993751864185663e-16
5.09556949598844767024e+03 4.19125198294815863962e-16
5.09858150600285989640e+03 3.88121089960923710705e-16
5.10159409606282861205e+03 3.85594076797499667599e-16
5.10460726509356209135e+03 3.53164695519563115745e-16
5.10762101202180565451e+03 3.68638700622630851505e-16
5.11063533577583712031e+03 3.59299013500376277730e-16
5.11365023528546225862e+03 3.37956957905791655655e-16
5.11666570948202297586e+03 3.34923057815859678501e-16
5.11968175729839094856e+03 3.43691037454853027105e-16
5.12269837766897217080e+03 3.28570462694841048827e-16
5.12571556952970058774e+03 3.23399086863610333526e-16
5.12873333181804719061e+03 3.38790799558666276878e-16
5.13175166347301183123e+03 3.38242134037891641977e-16
5.13477056343512958847e+03 3.43582372017305449443e-16
5.13779003064646349230e+03 3.76936854496372109394e-16
5.14081006405061089026e+03 3.68741598588866542285e-16
5.14383066259270162845e+03 3.76544287722784937802e-16
5.14685182521939896105e+03 3.93247456960576315948e-16
5.14987355087889500282e+03 3.98018953501715987401e-16
5.15289583852091527660e+03 4.12351504605772837087e-16
5.15591868709671871329e+03 4.15017252199141505096e-16
5.15894209555909401388e+03 4.17703077282098820581e-16
5.16196606286236510641e+03 4.39552824714699280613e-16
5.16499058796238568902e+03 4.21287673234428825640e-16
5.16801566981654104893e+03 4.31655869903025675339e-16
5.17104130738375170040e+03 4.42150331867826281853e-16
5.17406749962446610880e+03 4.41497778892926934016e-16
5.17709424550066796655e+03 4.37191696252613102400e-16
5.18012154397587437415e+03 4.48968120850851389560e-16
5.18314939401512947370e+03 4.38106914092435937162e-16
5.18617779458501354384e+03 4.29259674973619610793e-16
5.18920674465363845229e+03 4.40546759844219615144e-16
5.19223624319064583688e+03 4.39413108522608534033e-16
5.19526628916721347196e+03 4.39595471949428642669e-16
5.19829688155604708300e+03 4.31113063173461163995e-16
5.20132801933138762251e+03 4.33636218090323619519e-16
5.20435970146900763211e+03 4.17511877056705048837e-16
5.20739192694620942348e+03 4.03313407769551816825e-16
5.21042469474183053535e+03 4.05902831911115365391e-16
5.21345800383623827656e+03 3.95401573245753984250e-16
5.21649185321133336402e+03 3.82461060756363792995e-16
5.21952624185054992267e+03 3.92483328932899927031e-16
5.22256116873885002860e+03 3.79132075412619446037e-16
5.22559663286273189442e+03 3.75392330674065912203e-16
5.22863263321022350283e+03 3.64679506152973048782e-16
5.23166916877088806359e+03 3.62262069951511102184e-16
5.23470623853581673757e+03 3.47000237149520464122e-16
5.23774384149763500318e+03 3.34555699025430728344e-16
5.24078197665049992793e+03 3.20929107740126285049e-16
5.24382064299010289687e+03 3.12201630194686263545e-16
5.24685983951366415567e+03 3.10765860454118898112e-16
5.24989956521993735805e+03 3.00900623459508237757e-16
5.25293981910920774681e+03 2.91221150958145640458e-16
5.25598060018329579179e+03 2.81870208138239398220e-16
5.25902190744554991397e+03 2.68394671253961911756e-16
5.26206373990085194237e+03 2.68067812986598529975e-16
5.26510609655561802356e+03 2.46835362662401443987e-16
5.26814897641779316473e+03 2.51601747800176875382e-16
5.27119237849685578112e+03 2.44429259167962464556e-16
5.27423630180381769605e+03 2.48425609208474842669e-16
5.27728074535122141242e+03 2.46815954391127298760e-16
5.28032570815314284118e+03 2.47871641766747450797e-16
5.28337118922518675390e+03 2.62731816378432816814e-16
5.28641718758449496818e+03 2.54574638350154230316e-16
5.28946370224973725271e+03 2.64997144737805352483e-16
5.29251073224111769377e+03 2.70973812474643394605e-16
5.29555827658037196670e+03 2.76083983321121139550e-16
5.29860633429076733592e+03 2.83344517159678414487e-16
5.30165490439710447390e+03 2.83052727576097207222e-16
5.30470398592571473273e+03 2.99164430720495216527e-16
5.30775357790446287254e+03 2.95654595418165741915e-16
5.31080367936274524254e+03 3.05651473610794673715e-16
5.31385428933148796204e+03 3.13994430350890104566e-16
5.31690540684315419639e+03 3.03492670903613532673e-16
5.31995703093173506204e+03 3.05810976859878280955e-16
5.32300916063275690249e+03 3.10767697768794876785e-16
5.32606179498327583133e+03 3.11391706916952663928e-16
5.32911493302187955123e+03 3.15480282283711693893e-16
5.33216857378869008244e+03 3.17718103571145866122e-16
5.33522271632536103425e+03 3.32241924028363079327e-16
5.33827735967507760506e+03 3.21400102182813907506e-16
5.34133250288255658234e+03 3.20128698228856126681e-16
5.34438814499404907110e+03 3.27071234366043551696e-16
5.34744428505733503698e+03 3.27939981905912218006e-16
5.35050092212172967265e+03 3.28429844880404074332e-16
5.35355805523807794088e+03 3.28500299759896584038e-16
5.35661568345875912200e+03 3.22225839525203328503e-16
5.35967380583768317592e+03 3.28539310830057179968e-16
5.36273242143028983264e+03 3.21996681461603962564e-16
5.36579152929355768720e+03 3.17003246406523444867e-16
5.36885112848599146673e+03 3.22587907278047243453e-16
5.37191121806762930646e+03 3.08862842154102572421e-16
5.37497179710004274966e+03 3.32145413878659240551e-16
5.37803286464633401920e+03 3.21663559011357590131e-16
5.38109441977113874600e+03 3.06417211330077977125e-16
5.38415646154062505957e+03 3.13964374126449728184e-16
5.38721898902249085950e+03 3.14681650733612061708e-16
5.39028200128596836294e+03 3.09902619561808068891e-16
5.39334549740182046662e+03 3.19131617763240542685e-16
5.39640947644234438485e+03 3.08106021250187667779e-16
5.39947393748136528302e+03 3.21513513020564805752e-16
5.40253887959424537257e+03 3.04607804776589448642e-16
5.40560430185787663504e+03 3.03716903793419789982e-16
5.40867020335068264103e+03 2.96743630687460086612e-16
5.41173658315261945972e+03 2.93623278888425838550e-16
5.41480344034517656837e+03 3.01297021955677572753e-16
5.41787077401137321431e+03 2.99166732814212453828e-16
5.42093858323576205294e+03 3.06068162719560398903e-16
5.42400686710443005722e+03 2.93776005427691779270e-16
5.42707562470499215124e+03 3.04090850085902487471e-16
5.43014485512659666711e+03 2.87013635219196283118e-16
5.43321455745992716402e+03 3.12772719785573461141e-16
5.43628473079719606176e+03 2.93062970628498382056e-16
5.43935537423214918817e+03 2.93353517224082223317e-16
5.44242648686006214120e+03 1.92417364306986887875e-16
5.44549806777774574584e+03 2.98968994567636173015e-16
5.44857011608354332566e+03 3.07536648637019267962e-16
5.45164263087732706481e+03 3.16092763988599185105e-16
5.45471561126050255552e+03 3.25315953709110842205e-16
5.45778905633600970759e+03 3.19819718425234484626e-16
5.46086296520831820089e+03 3.30074454051429415884e-16
5.46393733698343021388e+03 3.37169567340958239157e-16
5.46701217076887951407e+03 3.32328938962420581555e-16
5.47008746567373418657e+03 3.41494661259016682394e-16
5.47316322080859299604e+03 3.15240125816367694108e-16
5.47623943528558538674e+03 2.79840535663956544517e-16
5.47931610821837602998e+03 3.34622742845729386452e-16
5.48239323872215936717e+03 3.29642454043923676607e-16
5.48547082591366233828e+03 3.52652719201166438103e-16
5.48854886891114438185e+03 3.24427789794603479229e-16
5.49162736683439743501e+03 3.39940730748712839703e-16
5.49470631880474502395e+03 3.42572058600830285251e-16
5.49778572394504317344e+03 3.42575196658096742430e-16
5.50086558137967949733e+03 3.42341689046191384441e-16
5.50394589023457501753e+03 3.47307701603939540697e-16
5.50702664963717961655e+03 3.61630606611721035820e-16
5.51010785871648022294e+03 3.45331744413160913705e-16
5.51318951660299171635e+03 3.51954881860146526542e-16
5.51627162242876147502e+03 3.40076827444039859414e-16
5.51935417532737301372e+03 3.45887255012691329380e-16
5.52243717443393688882e+03 3.45286809283704159626e-16
5.52552061888509979326e+03 3.33784275648279227762e-16
5.52860450781903728057e+03 3.42407837595648321121e-16
5.53168884037545831234e+03 3.37037766938376895550e-16
5.53477361569560525822e+03 3.45902476043456846403e-16
5.53785883292225116747e+03 3.47504376254945248075e-16
5.54094449119970067841e+03 3.46540381647255252040e-16
5.54403058967379183741e+03 3.45739947136973590192e-16
5.54711712749189609895e+03 3.44898849507122717411e-16
5.55020410380291286856e+03 3.54119696253134222211e-16
5.55329151775727768836e+03 3.44799622421462803740e-16
5.55637936850695587054e+03 3.45857552694598732683e-16
5.55946765520544613537e+03 3.48089998325871697623e-16
5.56255637700777879218e+03 3.41266721411908642588e-16
5.56564553307051755837e+03 3.38561070972950499453e-16
5.56873512255175410246e+03 3.54413606915953236334e-16
5.57182514461111713899e+03 3.58279407826763822131e-16
5.57491559840976515261e+03 3.43925940284406583320e-16
5.57800648311039003602e+03 3.60611797697655931563e-16
5.58109779787721345201e+03 3.47158703513642374620e-16
5.58418954187599229044e+03 3.43825915346771276818e-16
5.58728171427401230176e+03 3.65348379008197779910e-16
5.59037431424009355396e+03 3.51020800509365747381e-16
5.59346734094458770414e+03 3.49385476539644598675e-16
5.59656079355937981745e+03 3.57326340272754425171e-16
5.59965467125788200065e+03 3.45311240388336509900e-16
5.60274897321504613501e+03 3.49529583804197660840e-16
5.60584369860735114344e+03 3.55046743226112754800e-16
5.60893884661280844739e+03 3.42586638942979018772e-16
5.61203441641096287640e+03 3.34449452443234250935e-16
5.61513040718289175857e+03 3.19954052842870269626e-16
5.61822681811120219209e+03 3.17287046863090432562e-16
5.62132364838003559271e+03 3.22483616212592320218e-16
5.62442089717506496527e+03 3.30769409972868318785e-16
5.62751856368349581317e+03 3.06615042390133020396e-16
5.63061664709406431939e+03 3.27272144500877548067e-16
5.63371514659703916550e+03 3.10657488390980834825e-16
5.63681406138422335061e+03 3.25922704804795220109e-16
5.63991339064894964395e+03 3.23427832602367775346e-16
5.64301313358608240378e+03 3.18560543654778517267e-16
5.64611328939202030597e+03 3.13755175687863857388e-16
5.64921385726469452493e+03 3.15794770660824568691e-16
5.65231483640356600517e+03 3.19509740200868181439e-16
5.65541622600962728029e+03 3.20484124981021761806e-16
5.65851802528540611092e+03 3.17571113053590928317e-16
5.66162023343496184680e+03 3.30935471981027822490e-16
5.66472284966388269822e+03 3.16636761089928333978e-16
5.66782587317929210258e+03 3.20760912548304066519e-16
5.67092930318984508631e+03 3.42400140626361994648e-16
5.67403313890572826494e+03 3.28376335815345571494e-16
5.67713737953866075259e+03 3.28723309656666228280e-16
5.68024202430189416191e+03 3.38222751227943448230e-16
5.68334707241021078516e+03 3.39739519503516744124e-16
5.68645252307992632268e+03 3.34990270884499242906e-16
5.68955837552888715436e+03 3.42505244169411544170e-16
5.69266462897647397767e+03 3.44015189989491381997e-16
5.69577128264359816967e+03 3.48382931927533913489e-16
5.69887833575270451547e+03 3.31460454971160658341e-16
5.70198578752776847978e+03 3.49363268788125178389e-16
5.70509363719429620687e+03 3.39267887333278857066e-16
5.70820188397932997759e+03 3.44622885172158726289e-16
5.71131052711144184286e+03 3.36864478526232156700e-16
5.71441956582073544268e+03 3.44516540311494159904e-16
5.71752899933884782513e+03 3.42671813009951316401e-16
5.72063882689894853684e+03 3.42861643512604551526e-16
5.72374904773573689454e+03 3.38148576198839650955e-16
5.72685966108544562303e+03 3.18038157387559092929e-16
5.72997066618584176467e+03 3.29284851555818508197e-16
5.73308206227622031292e+03 3.28747506926572297012e-16
5.73619384859741239779e+03 3.20958986719128311110e-16
5.73930602439177891938e+03 3.25145891362425861129e-16
5.74241858890321145736e+03 3.27308156178151706717e-16
5.74553154137713863747e+03 3.13523014013056628267e-16
5.74864488106051612704e+03 3.16195779152383611516e-16
5.75175860720183572994e+03 3.14823536145278576974e-16
5.75487271905111811066e+03 2.95275558385052532246e-16
5.75798721585991734173e+03 3.11783329020664341516e-16
5.76110209688131999428e+03 3.06401183894986168651e-16
5.76421736136994513799e+03 3.00019327116696050579e-16
5.76733300858194161265e+03 3.06510281068011636644e-16
5.77044903777499439457e+03 3.05785547024509009120e-16
5.77356544820831641118e+03 2.98420124175327179007e-16
5.77668223914265490748e+03 2.88257777494224433740e-16
5.77979940984028962703e+03 2.90334299178890057848e-16
5.78291695956503099296e+03 2.91629748895302423594e-16
5.78603488758222374599e+03 2.86985499686114786810e-16
5.78915319315874148742e+03 3.02752413032815340025e-16
5.79227187556299213611e+03 2.82145737646000441417e-16
5.79539093406491610949e+03 2.86063907883955705550e-16
5.79851036793598359509e+03 2.91085183238755115443e-16
5.80163017644920091698e+03 3.03144746089859525198e-16
5.80475035887910235033e+03 2.94242594163490023465e-16
5.80787091450175466889e+03 2.96116260654587905025e-16
5.81099184259476169245e+03 3.07416884767914945080e-16
5.81411314243725428241e+03 3.04652668388220296136e-16
5.81723481330989579874e+03 3.02376960447623047542e-16
5.82035685449488300947e+03 2.99794323205831369103e-16
5.82347926527594609070e+03 3.06275970815802630068e-16
5.82660204493834589812e+03 3.04607851588161522852e-16
5.82972519276887396700e+03 2.98786381449673741318e-16
5.83284870805585705966e+03 3.05983282120102726772e-16
5.83597259008914988954e+03 3.06480289504856266747e-16
5.83909683816014512558e+03 3.12056851818221698058e-16
5.84222145156176156888e+03 2.97387001463879946606e-16
5.84534642958845506655e+03 3.03009752972110485674e-16
5.84847177153620941681e+03 2.96585650372549766097e-16
5.85159747670254364493e+03 2.83340750827165030742e-16
5.85472354438650654629e+03 2.94719420829393999005e-16
5.85784997388868214330e+03 2.94992053048186653551e-16
5.86097676451118240948e+03 2.87672601734376001778e-16
5.86410391555765636440e+03 2.90407801960115942965e-16
5.86723142633328097872e+03 2.97795149355318623518e-16
5.87035929614476572169e+03 2.90109280561570777096e-16
5.87348752430035528960e+03 2.88722893821665653962e-16
5.87661611010982323933e+03 2.82866344838550313796e-16
5.87974505288447744533e+03 2.88826226717564998305e-16
5.88287435193715646164e+03 2.97219945562882415873e-16
5.88600400658223225037e+03 3.01235151983976672320e-16
5.88913401613560654368e+03 2.76886624515440280945e-16
5.89226437991471721034e+03 2.83220958654817443478e-16
5.89539509723853007017e+03 2.78913045402087998521e-16
5.89852616742754435109e+03 2.75759550925772300928e-16
5.90165758980379359855e+03 2.77709949617401267281e-16
5.90478936369084112812e+03 2.82306049291104610633e-16
5.90792148841378275392e+03 2.64313995827777405639e-16
5.91105396329924769816e+03 2.84629630682261953523e-16
5.91418678767539404362e+03 2.79629808158132508077e-16
5.91731996087191600964e+03 2.72095330454464470005e-16
5.92045348222003849514e+03 2.74121780364473588093e-16
5.92358735105251798814e+03 2.56207498041256530832e-16
5.92672156670364165620e+03 2.64714989366631275534e-16
5.92985612850923189399e+03 2.60051585110829648069e-16
5.93299103580664177571e+03 2.62182844273553752800e-16
5.93612628793475687417e+03 2.60351412374410407706e-16
5.93926188423399344174e+03 2.47784476030045106542e-16
5.94239782404630113888e+03 2.53445890770151004968e-16
5.94553410671516212460e+03 2.48317301892833189451e-16
5.94867073158559014701e+03 2.45741460113070449882e-16
5.95180769800413054327e+03 2.44438417741986310120e-16
5.95494500531886114914e+03 2.37894884073272600107e-16
5.95808265287939320842e+03 2.31995965152956737230e-16
5.96122064003686682554e+03 2.33040710924009400162e-16
5.96435896614395824145e+03 2.28733291232737574013e-16
5.96749763055487255770e+03 2.16309871750776255841e-16
5.97063663262535010290e+03 2.18380480185430875005e-16
5.97377597171265915676e+03 2.03169829168854288584e-16
5.97691564717560413555e+03 1.98820700623847613642e-16
5.98005565837452013511e+03 2.00862659353970879651e-16
5.98319600467127202137e+03 2.05844372633931433498e-16
5.98633668542926261580e+03 1.85037558359339701966e-16
5.98947770001341996249e+03 1.76503614033546116380e-16
5.99261904779020915157e+03 1.66469566767304438352e-16
5.99576072812762504327e+03 1.81084610562332454985e-16
5.99890274039519681537e+03 1.78764984156143074564e-16
6.00204508396398250625e+03 1.75669428453075276802e-16
6.00518775820657356235e+03 1.97381663450477290299e-16
6.00833076249709665717e+03 1.99761496466330921130e-16
6.01147409621120550582e+03 2.18987905644779668672e-16
6.01461775872608905047e+03 2.13919108222888143398e-16
6.01776174942046782235e+03 2.28748144328507208868e-16
6.02090606767459576076e+03 2.33418956480173435617e-16
6.02405071287025566562e+03 2.37547386200009107179e-16
6.02719568439076374489e+03 2.37644291774669631379e-16
6.03034098162097143359e+03 2.61023280116651574182e-16
6.03348660394725811784e+03 2.63451171916547733429e-16
6.03663255075753659185e+03 2.82447501071976665633e-16
6.03977882144125214836e+03 2.80996380917745731087e-16
6.04292541538938348822e+03 2.88269845604887425737e-16
6.04607233199444090133e+03 2.91583515156083432098e-16
6.04921957065046262869e+03 3.05135369935845797844e-16
6.05236713075302577636e+03 2.97316347379877077708e-16
6.05551501169923358248e+03 3.23330246472165639619e-16
6.05866321288772633125e+03 3.18735667109327601360e-16
6.06181173371867316746e+03 3.27218327151268087622e-16
6.06496057359377664397e+03 3.17886809722341577145e-16
6.06810973191627090273e+03 3.18506368039418783653e-16
6.07125920809092167474e+03 3.17864166310879296366e-16
6.07440900152402900858e+03 3.39942113923076301384e-16
6.07755911162342272291e+03 3.39266818222592417918e-16
6.08070953779846604448e+03 3.38774916256568581375e-16
6.08386027946005378908e+03 3.44222661933491831570e-16
6.08701133602061418060e+03 3.33864524179077459882e-16
6.09016270689410521300e+03 3.32977673512444018377e-16
6.09331439149601828831e+03 3.37733837468499962379e-16
6.09646638924337639764e+03 3.28811478703237452032e-16
6.09961869955473775917e+03 3.40708578094880628098e-16
6.10277132185018672317e+03 3.37419151945410591766e-16
6.10592425555134650494e+03 3.39931803970675263618e-16
6.10907750008136645192e+03 3.26699961246733643226e-16
6.11223105486493113858e+03 3.20242026430009265940e-16
6.11538491932825854747e+03 3.29741743223115256914e-16
6.11853909289909552172e+03 3.39795955348316906078e-16
6.12169357500672231254e+03 3.20837119183874907100e-16
6.12484836508195257920e+03 3.18302152974343859129e-16
6.12800346255713157007e+03 3.16142054399639055223e-16
6.13115886686613339407e+03 3.24152428906922635194e-16
6.13431457744436920621e+03 3.10532250003399870545e-16
6.13747059372877993155e+03 3.17496551564512642174e-16
6.14062691515783990326e+03 3.08667811097766602810e-16
6.14378354117155140557e+03 3.09554939554228329096e-16
6.14694047121145376877e+03 3.07053620735433346864e-16
6.15009770472061700275e+03 3.12333420755784573299e-16
6.15325524114364270645e+03 3.18976204824515427738e-16
6.15641307992666406790e+03 3.06292916407248042959e-16
6.15957122051734768320e+03 3.05537051252650838218e-16
6.16272966236489082803e+03 3.15201572994757079470e-16
6.16588840492002418614e+03 3.15592648553348299369e-16
6.16904744763501003035e+03 3.03743477684370496397e-16
6.17220678996364404156e+03 3.06474243127650822645e-16
6.17536643136124985176e+03 3.01130234674958621696e-16
6.17852637128468995797e+03 2.97519165710736956127e-16
6.18168660919235207984e+03 2.88467034106428481913e-16
6.18484714454416098306e+03 3.03992480341462024829e-16
6.18800797680157120340e+03 2.86672224959038767995e-16
6.19116910542756886571e+03 2.85112562589350522124e-16
6.19433052988667623140e+03 2.97891533282315691838e-16
6.19749224964494169399e+03 2.98965148223933156859e-16
6.20065426416994887404e+03 3.04065125022497246876e-16
6.20381657293081661919e+03 3.06852565152819148437e-16
6.20697917539818990917e+03 2.81671036495365728476e-16
6.21014207104424986028e+03 2.86547545198023601897e-16
6.21330525934270826838e+03 2.75682866541547560003e-16
6.21646873976880851842e+03 2.91841505024681978990e-16
6.21963251179932922241e+03 2.78032239178172740151e-16
6.22279657491257603397e+03 2.86207974398056915525e-16
6.22596092858839165274e+03 2.73517871261936692132e-16
6.22912557230814672948e+03 2.69984356848822740922e-16
6.23229050555474896100e+03 2.76601461529720394943e-16
6.23545572781263217621e+03 2.63386695769750434041e-16
6.23862123856776815956e+03 2.88242588454125443992e-16
6.24178703730765664659e+03 2.69648598218746908110e-16
6.24495312352132987144e+03 2.68403396533797900186e-16
6.24811949669935529528e+03 2.65535419936795683315e-16
6.25128615633383014938e+03 2.61247369849150157494e-16
6.25445310191838325409e+03 2.67571336714159577145e-16
6.25762033294817592832e+03 2.67214518842971924041e-16
6.26078784891990471806e+03 2.58828556805445858575e-16
6.26395564933179321088e+03 2.64579079991705689584e-16
6.26712373368360022141e+03 2.58740715796461737005e-16
6.27029210147661615338e+03 2.57393459170145884335e-16
6.27346075221366299957e+03 2.58878046506350492703e-16
6.27662968539909707033e+03 2.41558607766565298847e-16
6.27979890053880262712e+03 2.34715055581153581154e-16
6.28296839714020006795e+03 2.59449053288451908869e-16
6.28613817471223956090e+03 2.65141871623183089116e-16
6.28930823276540468214e+03 2.69716667155956046943e-16
6.29247857081171059690e+03 2.61393456210760739540e-16
6.29564918836470315000e+03 2.55432441996662955976e-16
6.29882008493946341332e+03 2.33550556438669562247e-16
6.30199126005260222882e+03 2.55720873606068662032e-16
6.30516271322226384655e+03 2.52748452400237787904e-16
6.30833444396812410560e+03 2.53675796248095275503e-16
6.31150645181139043416e+03 2.55173838168088186238e-16
6.31467873627480184950e+03 2.56487112646543712273e-16
6.31785129688263259595e+03 2.49982468440363338954e-16
6.32102413316068486893e+03 2.56623760971492687041e-16
6.32419724463629700040e+03 2.64395161355336547835e-16
6.32737063083833618293e+03 2.65867184287270170623e-16
6.33054429129720392666e+03 2.78024274312297537880e-16
6.33371822554483151180e+03 2.72828888141430139463e-16
6.33689243311468635511e+03 2.51627630047754623075e-16
6.34006691354176291497e+03 2.55808515546474350345e-16
6.34324166636259178631e+03 2.42042542001096280396e-16
6.34641669111523333413e+03 2.57075392296934748484e-16
6.34959198733928224101e+03 2.59004796550480562466e-16
6.35276755457586295961e+03 2.53294738022195799488e-16
6.35594339236763335066e+03 2.48405894648028483824e-16
6.35911950025878377346e+03 2.65561424894052933384e-16
6.36229587779503526690e+03 2.48924225073263078638e-16
6.36547252452364227793e+03 2.47426743277977537712e-16
6.36864943999339084257e+03 2.49480220353206132765e-16
6.37182662375459858595e+03 2.45053095892659709300e-16
6.37500407535911654122e+03 2.51258046669627035941e-16
6.37818179436032733065e+03 2.56544131960752749066e-16
6.38135978031314698455e+03 2.54241082370128071911e-16
6.38453803277401857486e+03 2.36122441177144340144e-16
6.38771655130092403851e+03 2.49982981322874257535e-16
6.39089533545337326359e+03 2.52579892857703528262e-16
6.39407438479240954621e+03 2.44927426135149482533e-16
6.39725369888060777157e+03 2.52878403498857966713e-16
6.40043327728207623295e+03 2.44384871832148089124e-16
6.40361311956245299370e+03 2.44463538949165917894e-16
6.40679322528891134425e+03 2.53154573332374025810e-16
6.40997359403015434509e+03 2.44927458182472887489e-16
6.41315422535641664581e+03 2.47188546770175418143e-16
6.41633511883946812304e+03 2.59237749555257042890e-16
6.41951627405260751402e+03 2.52233149883288604261e-16
6.42269769057066787354e+03 2.71821492931239318511e-16
6.42587936797001293598e+03 2.69031671587785605205e-16
6.42906130582853984379e+03 2.63540536300876983476e-16
6.43224350372567641898e+03 2.73882613664818057912e-16
6.43542596124238480115e+03 2.59329719825202491328e-16
6.43860867796115599049e+03 2.76159029515549288562e-16
6.44179165346601621422e+03 2.66211704924247984353e-16
6.44497488734252146969e+03 2.56887527605536494695e-16
6.44815837917776298127e+03 2.70454397862365163669e-16
6.45134212856035992445e+03 2.75969825515712302263e-16
6.45452613508046670177e+03 2.70669399472005661461e-16
6.45771039832976839534e+03 2.74802348049487492512e-16
6.46089491790148349537e+03 2.68076380755850745122e-16
6.46407969339036208112e+03 2.72175113304149384135e-16
6.46726472439268491144e+03 2.69705516286158146762e-16
6.47045001050626706274e+03 2.71074013218686553063e-16
6.47363555133045338152e+03 2.61862651274188639855e-16
6.47682134646612394135e+03 2.76896762069813898417e-16
6.48000739551568949537e+03 2.69270940521649275364e-16
6.48319369808309056680e+03 2.69964698562263277375e-16
6.48638025377380290593e+03 2.58412620892149484799e-16
6.48956706219483294262e+03 2.55538648878994243056e-16
6.49275412295472051483e+03 2.45239970055912166106e-16
6.49594143566353523056e+03 2.59467206088015907022e-16
6.49912899993288192491e+03 2.44382652069507712600e-16
6.50231681537589611253e+03 2.48595504296412500684e-16
6.50550488160724307818e+03 2.38945244595607502048e-16
6.50869319824312424316e+03 2.48735995823263234004e-16
6.51188176490127079887e+03 2.50717547423304583461e-16
6.51507058120094552578e+03 2.44508069598710407359e-16
6.51825964676294643141e+03 2.40601058678157561223e-16
6.52144896120960038388e+03 2.32764579579874694425e-16
6.52463852416476674989e+03 2.30311698485848623348e-16
6.52782833525383921369e+03 2.24721353973118789499e-16
6.53101839410374122963e+03 2.34315866337916707936e-16
6.53420870034293056960e+03 2.26665898469683890145e-16
6.53739925360139477561e+03 2.11411253141965133157e-16
6.54059005351065570721e+03 2.18754349996598417478e-16
6.54378109970376499405e+03 2.42207414826624118015e-16
6.54697239181530858332e+03 2.30574165450479717139e-16
6.55016392948140310182e+03 2.23982889325515312913e-16
6.55335571233969858440e+03 2.32626574730952648606e-16
6.55654774002937483601e+03 2.20830763845676123756e-16
6.55974001219114779815e+03 2.12266627926509468225e-16
6.56293252846726136340e+03 2.09368801947278918883e-16
6.56612528850149374193e+03 1.94030720639420266717e-16
6.56931829193915473297e+03 1.92267230419835024985e-16
6.57251153842708754382e+03 1.91206550306079100946e-16
6.57570502761366515188e+03 1.68832661180296904396e-16
6.57889875914879394259e+03 1.66417525433169638993e-16
6.58209273268391189049e+03 1.56963263025782173079e-16
6.58528694787199128768e+03 1.52103164778183671618e-16
6.58848140436753328686e+03 1.34650268480479932572e-16
6.59167610182657244877e+03 1.26458922304809517976e-16
6.59487103990667674225e+03 1.25002677216782685460e-16
6.59806621826694390620e+03 1.27627015900517692964e-16
6.60126163656800690660e+03 1.15334772112658642089e-16
6.60445729447202757001e+03 1.09318422891155503946e-16
6.60765319164270113106e+03 1.02172485530662146102e-16
6.61084932774525623245e+03 1.05049772247091420718e-16
6.61404570244645219645e+03 1.02399604315002882769e-16
6.61724231541457993444e+03 1.08658060341501377860e-16
6.62043916631946376583e+03 1.14393279990161422574e-16
6.62363625483246050862e+03 1.06726483400686021404e-16
6.62683358062645856990e+03 9.80691995590345490543e-17
6.63003114337587612681e+03 1.04251681181600235959e-16
6.63322894275666658359e+03 1.09714515223375443995e-16
6.63642697844631493354e+03 1.12405230987344257287e-16
6.63962525012383775902e+03 1.20579012315308048358e-16
6.64282375746978323150e+03 1.20553221082952016118e-16
6.64602250016623293050e+03 1.38480659315523771499e-16
6.64922147789679911511e+03 1.39880395319692138429e-16
6.65242069034662745253e+03 1.48964391117768282262e-16
6.65562013720239519898e+03 1.60354133607810659388e-16
6.65881981815231119981e+03 1.76909392069503675010e-16
6.66201973288611770840e+03 1.93673968899635573669e-16
6.66521988109508765774e+03 2.25157555284528659486e-16
6.66842026247202738887e+03 2.44235762010376937235e-16
6.67162087671127392241e+03 2.80709382821896164104e-16
6.67482172350869768707e+03 2.97037214959579111711e-16
6.67802280256170161010e+03 3.23872415504203242162e-16
6.68122411356921929837e+03 3.54032874530032941598e-16
6.68442565623171685729e+03 4.12779613056015094745e-16
6.68762743025119289086e+03 4.30333053228521453244e-16
6.69082943533117759216e+03 4.73969974305401951008e-16
6.69403167117673547182e+03 5.40729660652359939070e-16
6.69723413749445899157e+03 5.67240209280842040804e-16
6.70043683399247674970e+03 5.94480473109048110276e-16
6.70363976038044711458e+03 6.58497961950855112803e-16
6.70684291636956095317e+03 7.07003963914143837001e-16
6.71004630167254254047e+03 7.22164000824695458125e-16
6.71324991600364774058e+03 7.76159011111184397679e-16
6.71645375907866218768e+03 7.95038589929711166826e-16
6.71965783061490765249e+03 8.52988576291843787830e-16
6.72286213033123476635e+03 8.91989552302738829088e-16
6.72606665794802847813e+03 9.25701676494715823437e-16
6.72927141318720350682e+03 9.45603740848269368683e-16
6.73247639577220979845e+03 9.70398643558589013698e-16
6.73568160542802615964e+03 9.93711461507000689212e-16
6.73888704188116571459e+03 1.02513446991939768220e-15
6.74209270485967317654e+03 1.03258227559798071743e-15
6.74529859409312484786e+03 1.06869854411286088682e-15
6.74850470931262952945e+03 1.05772307164429969615e-15
6.75171105025082943030e+03 1.06407567278878000456e-15
6.75491761664189471048e+03 1.05377926238957315181e-15
6.75812440822153439512e+03 1.07959922990632313344e-15
6.76133142472698273195e+03 1.05770536111779680337e-15
6.76453866589701101475e+03 1.03374174365870196452e-15
6.76774613147192030738e+03 1.04892721031743602738e-15
6.77095382119354326278e+03 1.03657938203912821722e-15
6.77416173480524776096e+03 1.04513910944800959079e-15
6.77736987205192963302e+03 1.02892839809523305359e-15
6.78057823268001993711e+03 1.00803949780956341497e-15
6.78378681643748132046e+03 1.00187294630002591967e-15
6.78699562307380620041e+03 1.00272128157182489563e-15
6.79020465234002404031e+03 9.82891054425428712701e-16
6.79341390398869043565e+03 9.75304189498174345954e-16
6.79662337777389802795e+03 9.67972760883295961930e-16
6.79983307345126922883e+03 9.23111431386908254135e-16
6.80304299077795985795e+03 9.20122479913794658485e-16
6.80625312951265368611e+03 9.06133055791277616246e-16
6.80946348941557334911e+03 9.06137490848676309379e-16
6.81267407024846943386e+03 8.95621960663124551789e-16
6.81588487177462320687e+03 8.83880557239055931048e-16
6.81909589375885298068e+03 8.67098071552847035366e-16
6.82230713596750501893e+03 8.42436380053954634014e-16
6.82551859816845899331e+03 8.08524594433678267274e-16
6.82873028013112707413e+03 8.17028281012335733063e-16
6.83194218162645393022e+03 7.98133531756058283515e-16
6.83515430242691581952e+03 7.88276868455684805497e-16
6.83836664230651877006e+03 7.43811108903563261666e-16
6.84157920104080585588e+03 7.51814089297086610745e-16
6.84479197840684901166e+03 7.24547962813708171709e-16
6.84800497418325176113e+03 7.12767429601740725035e-16
6.85121818815015285509e+03 7.00679661441675391648e-16
6.85443162008921899542e+03 6.74694733586172680201e-16
6.85764526978365211107e+03 6.76298909693387381040e-16
6.86085913701818572008e+03 6.38309961037330416302e-16
6.86407322157908492954e+03 6.02147264831359220857e-16
6.86728752325414734514e+03 5.31675569350495911899e-16
6.87050204183270216163e+03 5.05525704132899906413e-16
6.87371677710561107233e+03 4.80473011264657179355e-16
6.87693172886526735965e+03 4.75852725639295672030e-16
6.88014689690559862356e+03 5.35550639701767267755e-16
6.88336228102206041513e+03 5.17919735448262706423e-16
6.88657788101164442196e+03 5.12479344966349675391e-16
6.88979369667287392076e+03 4.98295999168582180564e-16
6.89300972780580013932e+03 4.79199872446299772914e-16
6.89622597421201317047e+03 4.91469767541220367900e-16
6.89944243569462923915e+03 4.80138210842041445414e-16
6.90265911205829979735e+03 4.83744980693584492114e-16
6.90587600310920788615e+03 4.83900048986835001250e-16
6.90909310865506813570e+03 4.74728554923625039925e-16
6.91231042850512858422e+03 4.82133254416951142454e-16
6.91552796247016704001e+03 4.51839229553933377278e-16
6.91874571036249653844e+03 4.53289054102016940218e-16
6.92196367199595988495e+03 4.43824379467575521208e-16
6.92518184718593147409e+03 4.50133787953338333120e-16
6.92840023574932092743e+03 4.44060651617797367234e-16
6.93161883750456763664e+03 4.51248142893325086125e-16
6.93483765227164258249e+03 4.32990440083500907905e-16
6.93805667987205197278e+03 4.33924611971714757611e-16
6.94127592012882996642e+03 4.31186895402401821471e-16
6.94449537286654413037e+03 4.23913790007125413281e-16
6.94771503791129907768e+03 4.08469180447898072952e-16
6.95093491509072373447e+03 4.25955760119903551739e-16
6.95415500423398316343e+03 4.30939371157492867309e-16
6.95737530517177583533e+03 4.04284684333131186512e-16
6.96059581773632999102e+03 3.84903889803254631518e-16
6.96381654176140727941e+03 3.81074271632855809842e-16
6.96703747708229911950e+03 3.82736349535271686468e-16
6.97025862353583215736e+03 3.86457951776367928562e-16
6.97347998096036462812e+03 3.70008562140434126576e-16
6.97670154919578453701e+03 3.58580145165405174013e-16
6.97992332808351602580e+03 3.63079194009128947168e-16
6.98314531746650936839e+03 3.65904537999845946341e-16
6.98636751718925370369e+03 3.55702209900816506554e-16
6.98958992709776521224e+03 3.44682699828672347658e-16
6.99281254703959530161e+03 3.51978130519922439142e-16
6.99603537686382514948e+03 3.34310534029781309143e-16
6.99925841642107025109e+03 3.30623890579120368288e-16
7.00248166556347678124e+03 3.29167301809324741152e-16
7.00570512414472432283e+03 3.07798314399328322349e-16
7.00892879202002222883e+03 3.16756442563298291101e-16
7.01215266904611416976e+03 3.08516510542633030306e-16
7.01537675508127540525e+03 3.22451891203149795661e-16
7.01860104998531278397e+03 3.23691099481372409791e-16
7.02182555361956656270e+03 3.22845071988677232862e-16
7.02505026584690676827e+03 3.15040581720988744128e-16
7.02827518653173774510e+03 3.17112677582013185170e-16
7.03150031553999542666e+03 3.08420591630163096963e-16
7.03472565273914733552e+03 3.03919109332612362644e-16
7.03795119799819258333e+03 3.00209481283790458319e-16
7.04117695118766459927e+03 2.92164305453737717970e-16
7.04440291217962840165e+03 2.88196369521044868413e-16
7.04762908084767695982e+03 2.98112871185429814281e-16
7.05085545706694210821e+03 2.75916953031885975873e-16
7.05408204071408272284e+03 2.92381341782013203288e-16
7.05730883166729199729e+03 3.01425009581831944044e-16
7.06053582980629471422e+03 2.96111100605465035659e-16
7.06376303501234724536e+03 2.73668493420745770592e-16
7.06699044716823937051e+03 2.85269515088415024855e-16
7.07021806615829154907e+03 2.81136898059061468923e-16
7.07344589186835855799e+03 2.85657639826772379415e-16
7.07667392418582403479e+03 2.75795164058474884382e-16
7.07990216299960593460e+03 2.78864705967767705516e-16
7.08313060820015562058e+03 2.67660789745735881916e-16
7.08635925967945331649e+03 2.70990625114729689174e-16
7.08958811733101265418e+03 2.68518416428651664763e-16
7.09281718104988067353e+03 2.57537769998924631827e-16
7.09604645073263509403e+03 2.58598225078278347647e-16
7.09927592627738704323e+03 2.50970579296100210810e-16
7.10250560758377650927e+03 2.61118455939379138527e-16
7.10573549455298052635e+03 2.58118451378834765531e-16
7.10896558708770589874e+03 2.40519073255036354941e-16
7.11219588509218920080e+03 2.46059182457376462848e-16
7.11542638847220405296e+03 2.36467668096349065458e-16
7.11865709713505111722e+03 2.47833337293319198728e-16
7.12188801098956628266e+03 2.42421715447346393773e-16
7.12511912994611793692e+03 2.30813043859392418260e-16
7.12835045391660423775e+03 2.28915354179799601895e-16
7.13158198281445675093e+03 2.28128312840475008804e-16
7.13481371655463954085e+03 2.32486069456465788768e-16
7.13804565505364917044e+03 2.54827970019882856457e-16
7.14127779822951197275e+03 2.42211270161014264716e-16
7.14451014600178859837e+03 2.30912729691148423236e-16
7.14774269829157219647e+03 2.28115090223264195975e-16
7.15097545502148568630e+03 2.31068970765957279236e-16
7.15420841611568630469e+03 2.40761696304841542811e-16
7.15744158149986196804e+03 2.37343285524552296978e-16
7.16067495110123400082e+03 2.27400813898707635483e-16
7.16390852484855440707e+03 2.15946374683198785731e-16
7.16714230267210768943e+03 2.24803767596240819960e-16
7.17037628450371266808e+03 2.29524633115180589080e-16
7.17361047027671702381e+03 2.31191332645437721971e-16
7.17684485992600275495e+03 2.17280367431461827324e-16
7.18007945338798344892e+03 2.30612459920886535134e-16
7.18331425060060337273e+03 2.25940392602424672005e-16
7.18654925150334111095e+03 2.11341467661778367457e-16
7.18978445603720592771e+03 2.11097639430237987775e-16
7.19301986414474049525e+03 2.20044840063887244719e-16
7.19625547577001816535e+03 2.21377406350534685617e-16
7.19949129085864478839e+03 2.26554253569657400707e-16
7.20272730935775871330e+03 2.20398975098253048847e-16
7.20596353121603169711e+03 2.21895138542283929882e-16
7.20919995638366435742e+03 2.29885959008886017301e-16
7.21243658481239253888e+03 2.17536984680158989932e-16
7.21567341645548276574e+03 2.31988043673991926591e-16
7.21891045126773406082e+03 2.28185418837201278829e-16
7.22214768920547703601e+03 2.22925379249871868570e-16
7.22538513022657480178e+03 2.33853825641446019381e-16
7.22862277429042205767e+03 2.32367738938040359871e-16
7.23186062135794691130e+03 2.11788527830425611599e-16
7.23509867139160905936e+03 2.11691914556351647520e-16
7.23833692435540069710e+03 2.32314372367060345600e-16
7.24157538021484288038e+03 2.26552995636038142449e-16
7.24481403893699462060e+03 2.16943995719413093165e-16
7.24805290049044197076e+03 2.22667379342863735307e-16
7.25129196484530621092e+03 2.27177752756555597777e-16
7.25453123197323839122e+03 2.38324096523755241853e-16
7.25777070184742296988e+03 2.46551723575447729990e-16
7.26101037444257781317e+03 2.44889587843268628937e-16
7.26425024973495055747e+03 2.42755373837716075959e-16
7.26749032770232133771e+03 2.42097010901631752155e-16
7.27073060832400369691e+03 2.36547888232793113136e-16
7.27397109158084367664e+03 2.24138357829370904128e-16
7.27721177745521617908e+03 2.48528674256404337220e-16
7.28045266593103133346e+03 2.37956718066486217222e-16
7.28369375699373085808e+03 2.33079144320403517649e-16
7.28693505063028896984e+03 2.43523400287146197937e-16
7.29017654682920874620e+03 2.35770752126689617669e-16
7.29341824558053122018e+03 2.45984199554434438289e-16
7.29666014687582355691e+03 2.53518197160685981684e-16
7.29990225070818814856e+03 2.44079618574408371861e-16
7.30314455707225988590e+03 2.45153202833464683598e-16
7.30638706596420433925e+03 2.59665591812531822563e-16
7.30962977738172048703e+03 2.30343020313871987151e-16
7.31287269132403889671e+03 2.28237800161533656017e-16
7.31611580779192081536e+03 2.36587233511729414867e-16
7.31935912678766271711e+03 2.18230010245272875565e-16
7.32260264831508993666e+03 2.60028216181734721183e-16
7.32584637237956212630e+03 2.26380520758899078135e-16
7.32909029898797052738e+03 2.38480280637228804042e-16
7.33233442814873797033e+03 2.28443958885657054860e-16
7.33557875987181978417e+03 2.23934751901152074633e-16
7.33882329416870288696e+03 2.31708903838291158901e-16
7.34206803105240760488e+03 2.26882889430700899708e-16
7.34531297053748676262e+03 2.53365565536016315235e-16
7.34855811264002113603e+03 2.34243944581301243201e-16
7.35180345737762945646e+03 2.26431264130573452659e-16
7.35504900476945840637e+03 2.24787058644709144729e-16
7.35829475483618898579e+03 2.19095016647694522828e-16
7.36154070760003287432e+03 2.38861799172178705658e-16
7.36478686308473425015e+03 2.22803505435838995622e-16
7.36803322131557069952e+03 2.24240189848011240778e-16
7.37127978231934957876e+03 2.25415894794408916971e-16
7.37452654612441256177e+03 2.33341765850727162860e-16
7.37777351276063291152e+03 2.30082671142657227213e-16
7.38102068225941457058e+03 2.26595206662044729913e-16
7.38426805465369579906e+03 2.06725300414126846871e-16
7.38751562997794462717e+03 2.16960750098677370449e-16
7.39076340826816340268e+03 2.22497092468543084152e-16
7.39401138956188606244e+03 2.14637701378537284545e-16
7.39725957389817813237e+03 2.25257712189584519318e-16
7.40050796131763581798e+03 2.19343500299558284597e-16
7.40375655186239055183e+03 2.12348568197947990062e-16
7.40700534557610444608e+03 2.10680899535071675620e-16
7.41025434250397120195e+03 2.04520332415053961390e-16
7.41350354269271701924e+03 2.26014577850036183604e-16
7.41675294619060059631e+03 2.24219309363167627752e-16
7.42000255304741222062e+03 2.28286306694337473870e-16
7.42325236331447376870e+03 2.30316138527261197249e-16
7.42650237704464234412e+03 2.12765690552123467647e-16
7.42975259429230209207e+03 2.23910443492450022106e-16
7.43300301511337420379e+03 2.17371415770077793421e-16
7.43625363956530873111e+03 2.32304946052626602076e-16
7.43950446770708913391e+03 2.10818640471354611918e-16
7.44275549959923137067e+03 2.33524174592354681485e-16
7.44600673530378207943e+03 2.24960882857147456362e-16
7.44925817488432039681e+03 2.26597167200131182953e-16
7.45250981840596068650e+03 2.30226490991903532608e-16
7.45576166593534435378e+03 2.30805734577838351384e-16
7.45901371754064712150e+03 2.31236263063037952711e-16
7.46226597329157993954e+03 2.32307881338502412478e-16
7.46551843325937988993e+03 2.33006513213082976448e-16
7.46877109751682110073e+03 2.49527551903160441980e-16
7.47202396613820837956e+03 2.40709388895445373700e-16
7.47527703919937721366e+03 2.27028580532222633305e-16
7.47853031677769740782e+03 2.37518693602000376298e-16
7.48178379895206944639e+03 2.24388101476991254843e-16
7.48503748580292540282e+03 1.98003581604304804949e-16
7.48829137741223166813e+03 2.21019415922692362734e-16
7.49154547386348531290e+03 2.31738382146922957508e-16
7.49479977524171499681e+03 2.41668352385670626886e-16
7.49805428163348278758e+03 2.49161060130026263049e-16
7.50130899312688234204e+03 2.48409327363125681390e-16
7.50456390981153890607e+03 2.42525997910927998732e-16
7.50781903177861022414e+03 2.45670427800648674641e-16
7.51107435912078835827e+03 2.47699581555689061915e-16
7.51432989193229241209e+03 2.40974140350425122010e-16
7.51758563030887853529e+03 2.56713217050245299151e-16
7.52084157434783264762e+03 2.57797720374315223826e-16
7.52409772414797316742e+03 2.56418859747087339845e-16
7.52735407980965010211e+03 2.46280044660536411064e-16
7.53061064143474686716e+03 2.26628314457509283654e-16
7.53386740912667937664e+03 2.36562342009098479712e-16
7.53712438299039240519e+03 2.58535203744647117418e-16
7.54038156313236686401e+03 2.65354029438694776129e-16
7.54363894966061252489e+03 2.55922922765657825593e-16
7.54689654268467347720e+03 2.38459728236289866816e-16
7.55015434231562539935e+03 2.53813644706672535616e-16
7.55341234866607555887e+03 2.61826090568900078265e-16
7.55667056185016372183e+03 2.52560397343976361998e-16
7.55992898198356306239e+03 2.42314042850769219078e-16
7.56318760918347470579e+03 2.39005228234212698125e-16
7.56644644356863682333e+03 2.36217556112158159784e-16
7.56970548525931735639e+03 2.39683225811036123301e-16
7.57296473437731583545e+03 2.29672751335328510808e-16
7.57622419104596610850e+03 2.37854469738257522797e-16
7.57948385539013179368e+03 2.34893263582661609230e-16
7.58274372753620900767e+03 2.33708529167468863079e-16
7.58600380761212818470e+03 2.37142739144788096243e-16
7.58926409574734861962e+03 2.09331369746416906416e-16
7.59252459207286483434e+03 1.88523980273543265640e-16
7.59578529672120112082e+03 1.20635871170513244007e-16
7.59904620982641517912e+03 9.61153509968012831906e-17
7.60230733152409629838e+03 6.48095149048864002446e-17
7.60556866195136626629e+03 6.75567983084717206224e-17
7.60883020124687936914e+03 8.85239175124673588392e-17
7.61209194955081966327e+03 1.15984408097143258921e-16
7.61535390700490643212e+03 1.36660598182206370366e-16
7.61861607375238963868e+03 1.41086712629080389160e-16
7.62187844993805083504e+03 1.34387889992196623264e-16
7.62514103570820498135e+03 1.18282306298625090404e-16
7.62840383121069862682e+03 1.21563108438666902392e-16
7.63166683659490990976e+03 1.17620881425566063219e-16
7.63493005201174946706e+03 1.20459584128433724135e-16
7.63819347761366043414e+03 1.32291446181476003652e-16
7.64145711355461753556e+03 1.42439875374906516034e-16
7.64472095999012708489e+03 1.51391521403871143538e-16
7.64798501707723062282e+03 1.67126639207816417165e-16
7.65124928497449673159e+03 1.77721827209628680405e-16
7.65451376384203103953e+03 1.78577260760630566227e-16
7.65777845384146712604e+03 1.80135877081641036643e-16
7.66104335513597379759e+03 1.70158407713213230600e-16
7.66430846789025054022e+03 1.83251978750347871343e-16
7.66757379227053024806e+03 1.88886159404447857034e-16
7.67083932844457558531e+03 1.93086976421857933436e-16
7.67410507658168262424e+03 1.98325440294895772905e-16
7.67737103685268084519e+03 1.97966393480116557551e-16
7.68063720942992949858e+03 2.02918305381642806669e-16
7.68390359448732306191e+03 2.11875691578749119804e-16
7.68717019220028396376e+03 2.06650524180777287564e-16
7.69043700274576985976e+03 2.07229110548676010666e-16
7.69370402630226999463e+03 2.14835464435013095708e-16
7.69697126304980520217e+03 2.04451136493814661534e-16
7.70023871316992790526e+03 1.95201425275988397779e-16
7.70350637684572484432e+03 2.01790583981152480652e-16
7.70677425426181252988e+03 2.22311795246578966259e-16
7.71004234560433906154e+03 2.15819371383951430732e-16
7.71331065106098958495e+03 2.18797618182454894750e-16
7.71657917082097446837e+03 2.19901659283222646022e-16
7.71984790507504203561e+03 1.98013341499873024815e-16
7.72311685401546856156e+03 1.85136243649539374980e-16
7.72638601783606554818e+03 2.01879995733200373312e-16
7.72965539673217426753e+03 2.15826929569622890596e-16
7.73292499090066939971e+03 1.89015070571537849088e-16
7.73619480053995812341e+03 1.93732549124313985859e-16
7.73946482584997829690e+03 1.94673071598565295817e-16
7.74273506703220027703e+03 2.11638872484806444733e-16
7.74600552428962782869e+03 1.99023413583566007214e-16
7.74927619782679539640e+03 2.15488810335426954626e-16
7.75254708784977174219e+03 2.10687256575653248639e-16
7.75581819456615357922e+03 1.96274845312997349802e-16
7.75908951818507375719e+03 1.97044161361652077263e-16
7.76236105891719580541e+03 1.89427738744513932356e-16
7.76563281697471484222e+03 1.85517613035785837761e-16
7.76890479257135939406e+03 1.90706164564693829041e-16
7.77217698592238866695e+03 2.08369411211821823371e-16
7.77544939724459436547e+03 1.96988520995231569726e-16
7.77872202675630069280e+03 1.85311824636598000208e-16
7.78199487467736526014e+03 1.89756289592894700713e-16
7.78526794122917453933e+03 2.09148727372978493544e-16
7.78854122663465022924e+03 1.97806114651631641511e-16
7.79181473111824561784e+03 1.69782671840231406171e-16
7.79508845490594285366e+03 1.84119881593358432813e-16
7.79836239822526113130e+03 1.62483105907817838753e-16
7.80163656130524941545e+03 1.71284899088367685856e-16
7.80491094437648735038e+03 1.91532495891646915045e-16
7.80818554767108889791e+03 1.72038514923547744706e-16
7.81146037142269960896e+03 1.76000534577470546364e-16
7.81473541586649662349e+03 1.75712247760914402484e-16
7.81801068123918958008e+03 1.68434478448309701658e-16
7.82128616777902061585e+03 1.78991920690495151872e-16
7.82456187572576345701e+03 1.77016612761515780188e-16
7.82783780532072432834e+03 1.78523641272921364293e-16
7.83111395680674013420e+03 1.86800701448416804646e-16
7.83439033042818300601e+03 1.85164562904794558635e-16
7.83766692643095302628e+03 1.67562573501234843723e-16
7.84094374506248641410e+03 1.73019818403152288492e-16
7.84422078657174915861e+03 1.59457622523788214787e-16
7.84749805120923974755e+03 1.60425467538678691557e-16
7.85077553922699007671e+03 1.70841140091136728722e-16
7.85405325087856181199e+03 1.82945716791038429517e-16
7.85733118641905002733e+03 1.91640274297974727732e-16
7.86060934610508320475e+03 1.89112608709110557553e-16
7.86388773019481959636e+03 1.85042596812390127554e-16
7.86716633894795086235e+03 1.65676506932087645035e-16
7.87044517262570116145e+03 1.52441212038805755831e-16
7.87372423149082533200e+03 1.57488419838087097657e-16
7.87700351580761162040e+03 1.99631927844610681436e-16
7.88028302584188077162e+03 1.71936200076754547121e-16
7.88356276186098330072e+03 1.75573327485591681019e-16
7.88684272413380494982e+03 1.61896387800690172874e-16
7.89012291293076032161e+03 1.81066336591900940305e-16
7.89340332852379924589e+03 1.82950080564040852510e-16
7.89668397118640223198e+03 1.65413611744661221430e-16
7.89996484119358137832e+03 1.70336075437004279373e-16
7.90324593882188128191e+03 1.67551241928711447843e-16
7.90652726434937994782e+03 1.52417018761572480051e-16
7.90980881805568606069e+03 1.82059786027010403339e-16
7.91309060022193989425e+03 1.73843088643786847436e-16
7.91637261113081513031e+03 1.30742887488735020153e-16
7.91965485106651794922e+03 1.39406285443047269420e-16
7.92293732031478612043e+03 1.67843800890692260571e-16
7.92622001916288809298e+03 1.59732954309745001650e-16
7.92950294789962663344e+03 1.66197478076824416600e-16
7.93278610681533518800e+03 1.51892084398262505643e-16
7.93606949620187970140e+03 1.55167461495153690718e-16
7.93935311635265861696e+03 1.65213764797590680816e-16
7.94263696756260287657e+03 1.56515388464417555449e-16
7.94592105012817319221e+03 1.59229991215463672052e-16
7.94920536434736550291e+03 1.61291562422411801203e-16
7.95248991051970642729e+03 1.63089467456965099217e-16
7.95577468894625417306e+03 1.50141879805461272122e-16
7.95905969992960035597e+03 1.50729203603654524617e-16
7.96234494377386727137e+03 1.52042696327473890609e-16
7.96563042078471062268e+03 1.75249221697959871607e-16
7.96891613126931679290e+03 1.47952058714718558047e-16
7.97220207553640648257e+03 1.78889400251589183365e-16
7.97548825389623107185e+03 1.79397777851861567794e-16
7.97877466666057352995e+03 1.86555840089210852754e-16
7.98206131414274932467e+03 1.68253439506125834833e-16
7.98534819665760733187e+03 2.00730092705632463771e-16
7.98863531452152710699e+03 1.84169356838644024161e-16
7.99192266805242161354e+03 1.91039264848801819225e-16
7.99521025756973358511e+03 1.70345155739986467531e-16
7.99849808339444098237e+03 2.04917662864538626178e-16
8.00178614584905062657e+03 2.06393502249785866278e-16
8.00507444525760456600e+03 1.71145482988198088731e-16
8.00836298194567552855e+03 1.83658249239887138614e-16
8.01165175624036783120e+03 1.69479952586004133833e-16
8.01494076847031828947e+03 1.80734222788312868114e-16
8.01823001896569621749e+03 1.98763856064412011749e-16
8.02151950805820342794e+03 1.63255888900691380326e-16
8.02480923608107332257e+03 1.72958110215170784459e-16
8.02809920336907089222e+03 1.95868095618436074195e-16
8.03138941025849453581e+03 1.76808058672290433452e-16
8.03467985708717242233e+03 2.02181732782611413495e-16
8.03797054419446794782e+03 1.99476324675804555535e-16
8.04126147192127427843e+03 2.05836640515203673220e-16
8.04455264061001798837e+03 1.91990414860960099158e-16
8.04784405060465724091e+03 1.90850562337389520332e-16
8.05113570225068269792e+03 1.92684030569459800496e-16
8.05442759589511661034e+03 1.87712131832261496187e-16
8.05771973188651372766e+03 1.87168313315654566308e-16
8.06101211057496038848e+03 1.88606540977429430897e-16
8.06430473231207542995e+03 1.85523968291763475285e-16
8.06759759745101018780e+03 1.90001284205459933614e-16
8.07089070634644758684e+03 2.04308161224361918531e-16
8.07418405935460395995e+03 1.92864172174471474367e-16
8.07747765683322450059e+03 1.70641288284191403691e-16
8.08077149914159053878e+03 1.76543258503870008836e-16
8.08406558664051317464e+03 1.83373235282469316672e-16
8.08735991969233509735e+03 1.73906661091667786315e-16
8.09065449866093422315e+03 1.64423124245085181604e-16
8.09394932391171732888e+03 1.68449939191410982014e-16
8.09724439581162368995e+03 1.83333907979491326835e-16
8.10053971472912780882e+03 1.71620750463523800515e-16
8.10383528103423122957e+03 1.76877064033608943416e-16
8.10713109509847345180e+03 1.88122935405774225204e-16
8.11042715729492010723e+03 1.86204994705815413965e-16
8.11372346799817387364e+03 1.86058022568592733767e-16
8.11702002758436719887e+03 1.86365382824817251669e-16
8.12031683643116502935e+03 1.75720775378366737139e-16
8.12361389491776390059e+03 1.72700611108108391925e-16
8.12691120342489375616e+03 1.68673632715164572168e-16
8.13020876233481521922e+03 1.85136338905837973355e-16
8.13350657203132323048e+03 1.69266319104740996294e-16
8.13680463289974159125e+03 1.53347207342662655740e-16
8.14010294532692842040e+03 1.66887073984649334160e-16
8.14340150970127433538e+03 1.83124959931786038870e-16
8.14670032641270154272e+03 1.66685749198407277977e-16
8.14999939585266292852e+03 1.73720829868536294797e-16
8.15329871841414478695e+03 1.72305378775063912743e-16
8.15659829449166682025e+03 1.65072971874592228470e-16
8.15989812448127759126e+03 1.86460696654119759459e-16
8.16319820878056088986e+03 1.54359279126780616133e-16
8.16649854778863118554e+03 1.71165154557477863355e-16
8.16979914190613544633e+03 1.65203043231803997937e-16
8.17309999153525222937e+03 1.74493318911103117065e-16
8.17640109707969349984e+03 1.76203124278221866817e-16
8.17970245894470099302e+03 1.72291973924346814026e-16
8.18300407753705167124e+03 1.57685088395555872533e-16
8.18630595326505135745e+03 1.64472457168925520201e-16
8.18960808653854110162e+03 1.76812974571890082044e-16
8.19291047776889172383e+03 1.79659041560778133163e-16
8.19621312736900654272e+03 1.75181613209633779619e-16
8.19951603575332228502e+03 1.75248604360254851308e-16
8.20281920333780726651e+03 1.58599618650789547378e-16
8.20612263053996139206e+03 1.53767520408928073988e-16
8.20942631777881615562e+03 1.72369703722253106994e-16
8.21273026547493827820e+03 1.68770085493369400762e-16
8.21603447405042061291e+03 1.58581593484658981805e-16
8.21933894392889487790e+03 1.60430170978699857710e-16
8.22264367553552256140e+03 1.59090787518453324032e-16
8.22594866929699310276e+03 1.70506774376419700888e-16
8.22925392564153298736e+03 1.53389222073484459874e-16
8.23255944499890210864e+03 1.61950660927386830870e-16
8.23586522780038649216e+03 1.62108814922485173314e-16
8.23917127447880739055e+03 1.60450687708934714995e-16
8.24247758546852128347e+03 1.63464566395787721274e-16
8.24578416120541078271e+03 1.56195907132840100300e-16
8.24909100212689554610e+03 1.75470204105450056850e-16
8.25239810867192500154e+03 1.60656831691304355638e-16
8.25570548128098016605e+03 1.87765378365149632970e-16
8.25901312039607728366e+03 1.64775556516747520653e-16
8.26232102646076054953e+03 1.60574430764002276156e-16
8.26562919992010938586e+03 1.76825505653753735000e-16
8.26893764122073480394e+03 1.63029503031636733416e-16
8.27224635081077940413e+03 1.61709190135778361024e-16
8.27555532913991737587e+03 1.78113448149561770475e-16
8.27886457665935449768e+03 1.60211330130057945590e-16
8.28217409382183177513e+03 1.71382014876466791455e-16
8.28548388108161998389e+03 1.46434049561768618072e-16
8.28879393889452148869e+03 1.64865181843463790985e-16
8.29210426771787206235e+03 1.54976347724874462382e-16
8.29541486801053906674e+03 1.64641388822873067798e-16
8.29872574023292327183e+03 1.65461387278173351049e-16
8.30203688484695521765e+03 1.67496493948469392263e-16
8.30534830231610067131e+03 1.75462926986506190025e-16
8.30865999310535335098e+03 1.65656330204175897249e-16
8.31197195768124038295e+03 1.43976352372766907946e-16
8.31528419651182593952e+03 1.47036758032780716521e-16
8.31859671006670032511e+03 1.53449746676933203168e-16
8.32190949881698725221e+03 1.57339815643792261680e-16
8.32522256323534384137e+03 1.61618602334471325828e-16
8.32853590379596062121e+03 1.66822269966704500964e-16
8.33184952097455607145e+03 1.69894904773498894385e-16
8.33516341524838389887e+03 1.46926067214784525693e-16
8.33847758709622939932e+03 1.46882290424548066727e-16
8.34179203699841127673e+03 1.80826743745924883994e-16
8.34510676543677618611e+03 1.52269467101929648956e-16
8.34842177289470782853e+03 1.73462167429520865880e-16
8.35173705985711785615e+03 1.75879857025146076723e-16
8.35505262681045314821e+03 1.71273617939837493222e-16
8.35836847424269217299e+03 1.42261788165325846476e-16
8.36168460264334498788e+03 1.48178486482644325625e-16
8.36500101250345323933e+03 1.63514529522527211395e-16
8.36831770431558834389e+03 1.57395269016284970957e-16
8.37163467857386240212e+03 1.39610112291299791227e-16
8.37495193577390818973e+03 1.58712532680798298172e-16
8.37826947641290098545e+03 1.61613111675788668619e-16
8.38158730098954038112e+03 1.46901320418461931318e-16
8.38490541000406301464e+03 1.60026888057357003866e-16
8.38822380395823347499e+03 1.58710168808764086422e-16
8.39154248335535521619e+03 1.20628829963974239498e-16
8.39486144870025418641e+03 1.50961090019851233672e-16
8.39818070049929701781e+03 1.61297200992026745268e-16
8.40150023926038011268e+03 1.31289237968916201787e-16
8.40482006549292782438e+03 1.55796843647126339166e-16
8.40814017970790155232e+03 1.74284431834802468190e-16
8.41146058241779428499e+03 1.57944084656853382816e-16
8.41478127413662696199e+03 1.72203999950675695184e-16
8.41810225537995938794e+03 1.67682739950157568947e-16
8.42142352666487568058e+03 1.47840644420551771685e-16
8.42474508851000064169e+03 1.48266035152367685374e-16
8.42806694143548338616e+03 1.64828945083465453544e-16
8.43138908596301007492e+03 1.59792151553706208862e-16
8.43471152261579663900e+03 1.54401429882755270118e-16
8.43803425191859241750e+03 1.62473464884829658188e-16
8.44135727439767833857e+03 1.47589886354578372045e-16
8.44468059058086691948e+03 1.28618057449197345054e-16
8.44800420099750408554e+03 1.52953514919704963129e-16
8.45132810617846553214e+03 1.51664350891243379459e-16
8.45465230665616400074e+03 1.67069130073292825077e-16
8.45797680296453836490e+03 1.44639943975024426805e-16
8.46130159563906272524e+03 1.79815352908197707141e-16
8.46462668521674277144e+03 1.57215833961936607815e-16
8.46795207223611760128e+03 1.58902059428167501818e-16
8.47127775723725790158e+03 1.67488469779593782021e-16
8.47460374076176231029e+03 1.53805247489300799186e-16
8.47793002335276833037e+03 1.43489623426069217436e-16
8.48125660555494141590e+03 1.51769955377295340821e-16
8.48458348791448042903e+03 1.41602025811462464025e-16
8.48791067097911582096e+03 1.53969921574412962807e-16
8.49123815529810963199e+03 1.64424653391414319739e-16
8.49456594142225731048e+03 1.39669945511402347917e-16
8.49789402990388771286e+03 1.41896311036679731471e-16
8.50122242129685764667e+03 1.45432017503734822661e-16
8.50455111615655914648e+03 1.60595031054657473975e-16
8.50788011503991583595e+03 1.60320750929783952075e-16
8.51120941850538292783e+03 1.53002084674538093965e-16
8.51453902711294904293e+03 1.44810278729772328830e-16
8.51786894142413257214e+03 1.36720997658589464465e-16
8.52119916200198531442e+03 1.52148481715494612103e-16
8.52452968941109247680e+03 1.61787065209425533887e-16
8.52786052421757085540e+03 1.52899075517518883362e-16
8.53119166698906701640e+03 1.48991079353139884429e-16
8.53452311829476275307e+03 1.47304988519459035583e-16
8.53785487870536962873e+03 1.45618226533430117148e-16
8.54118694879313261481e+03 1.45684134791655181529e-16
8.54451932913182827178e+03 1.51657300023398848179e-16
8.54785202029676656821e+03 1.64845510784372928932e-16
8.55118502286478724272e+03 1.37961324956583990396e-16
8.55451833741426526103e+03 1.33499286622646532265e-16
8.55785196452510353993e+03 1.54026452134756718464e-16
8.56118590477874022326e+03 1.37025230291866826277e-16
8.56452015875814504398e+03 1.71124764805066763742e-16
8.56785472704781932407e+03 1.25262584290544000537e-16
8.57118961023379779363e+03 1.37408318202786423779e-16
8.57452480890364677180e+03 1.38123131031462965207e-16
8.57786032364646234782e+03 1.35623037963674979893e-16
8.58119615505287583801e+03 1.25721705402883899294e-16
8.58453230371505014773e+03 1.21233149019768045475e-16
8.58786877022667795245e+03 1.37200376891667222890e-16
8.59120555518298715469e+03 1.33528712115807194389e-16
8.59454265918073542707e+03 1.22830929525221546039e-16
8.59788008281821385026e+03 1.15353545748751315460e-16
8.60121782669524691300e+03 1.04215777042608282068e-16
8.60455589141318705515e+03 1.03712293842458029936e-16
8.60789427757492376259e+03 1.10328405597651007125e-16
8.61123298578487447230e+03 1.12973262089667732582e-16
8.61457201664899002935e+03 1.21151184957113246597e-16
8.61791137077475650585e+03 1.19490283299804199129e-16
8.62125104877118792501e+03 1.13616778010041862683e-16
8.62459105124883171811e+03 1.11619535325094151738e-16
8.62793137881976872450e+03 1.13479125759908089655e-16
8.63127203209760955360e+03 1.10757799055093139474e-16
8.63461301169750004192e+03 1.19085218247598970223e-16
8.63795431823611579603e+03 1.07269885133782081941e-16
8.64129595233166401158e+03 1.18256210591321619564e-16
8.64463791460388711130e+03 9.74945489747006829511e-17
8.64798020567405728798e+03 9.81798606782072878823e-17
8.65132282616497832350e+03 1.25907970234323592842e-16
8.65466577670098922681e+03 1.09727791844960645989e-16
8.65800905790795513894e+03 1.12364122917641440178e-16
8.66135267041328006599e+03 6.56502271255543896165e-17
8.66469661484589596512e+03 1.13845387382355307823e-16
8.66804089183627002058e+03 1.22395535599022038418e-16
8.67138550201639736770e+03 1.06909264665844133735e-16
8.67473044601981018786e+03 1.29873158727225513058e-16
8.67807572448156679457e+03 1.05034065282622125445e-16
8.68142133803826436633e+03 1.07700620483231567296e-16
8.68476728732802803279e+03 1.14341482684744498477e-16
8.68811357299051451264e+03 9.97300947762209334599e-17
8.69146019566691393266e+03 1.20177921933663164798e-16
8.69480715599995164666e+03 8.97306453812911980704e-17
8.69815445463387914060e+03 1.13138855776308116101e-16
8.70150209221448312746e+03 1.10397291533385028652e-16
8.70485006938908372831e+03 1.19152786507110146005e-16
8.70819838680653083429e+03 1.02199685456920349409e-16
8.71154704511720956361e+03 1.10901611197584561966e-16
8.71489604497303116659e+03 1.09971941980605189632e-16
8.71824538702744575858e+03 1.54850583252081015315e-16
8.72159507193543140602e+03 1.22913847404933590274e-16
8.72494510035349958343e+03 1.35815256835327492030e-16
8.72829547293969517341e+03 1.32267014628502150682e-16
8.73164619035359282861e+03 1.33351260326920064107e-16
8.73499725325630060979e+03 1.48668413508675120702e-16
8.73834866231045816676e+03 1.54904701633330863337e-16
8.74170041818023855740e+03 1.48687624091948710113e-16
8.74505252153134460968e+03 1.50864183316715890786e-16
8.74840497303101255966e+03 1.75192174194113993191e-16
8.75175777334801387042e+03 1.73783156483380021439e-16
8.75511092315264431818e+03 1.69588553125822066837e-16
8.75846442311674036318e+03 1.66356371858761167956e-16
8.76181827391366459779e+03 1.61575606257134440151e-16
8.76517247621831666038e+03 2.05706034857575519848e-16
8.76852703070712232147e+03 1.76046787470570417480e-16
8.77188193805804439762e+03 2.22524066628178313058e-16
8.77523719895057547546e+03 1.84419994446203298285e-16
8.77859281406574336870e+03 1.48193168986480944936e-16
8.78194878408610384213e+03 1.89701552323432367326e-16
8.78530510969574606861e+03 1.77696572232310414574e-16
8.78866179158029081009e+03 2.04247840304239822787e-16
8.79201883042689587455e+03 2.07940692510431557561e-16
8.79537622692424338311e+03 1.92903451546906225151e-16
8.79873398176255432190e+03 2.12586195806540672378e-16
8.80209209563357762818e+03 2.01941768033848119225e-16
8.80545056923059564724e+03 1.90973590558500696466e-16
8.80880940324842413247e+03 1.72842260077511230760e-16
8.81216859838340860733e+03 1.92772460431122469181e-16
8.81552815533342800336e+03 2.06380348028406126214e-16
8.81888807479789284116e+03 1.98648663341065750458e-16
8.82224835747774704942e+03 2.06841554305814621439e-16
8.82560900407546432689e+03 1.94921131124712162921e-16
8.82897001529505541839e+03 1.84609812112883609704e-16
8.83233139184205538186e+03 1.85466420850435110843e-16
8.83569313442353814025e+03 2.25193038896621594713e-16
8.83905524374810738664e+03 1.94203265228401988299e-16
8.84241772052589840314e+03 2.25534919409557767989e-16
8.84578056546857987996e+03 1.87314234796511759077e-16
8.84914377928935027739e+03 1.90427068039111862119e-16
8.85250736270294146379e+03 1.74367784293716108524e-16
8.85587131642562053457e+03 2.07814682344935252211e-16
8.85923564117518253624e+03 2.15199728988654682056e-16
8.86260033767095410440e+03 2.13834964313045215555e-16
8.86596540663379892067e+03 2.20456063833669773236e-16
8.86933084878610679880e+03 2.35598410186240655232e-16
8.87269666485180459858e+03 2.39097765356914730773e-16
8.87606285555634894990e+03 2.45649778960041610023e-16
8.87942942162672989070e+03 2.40696947550961404285e-16
8.88279636379146722902e+03 2.40378593004862430220e-16
8.88616368278061418096e+03 2.68224421083831026396e-16
8.88953137932575737068e+03 2.70869112873511452592e-16
8.89289945416001501144e+03 2.91136845076581541550e-16
8.89626790801803326758e+03 3.34208022569495561737e-16
8.89963674163599898748e+03 2.89549592816093178379e-16
8.90300595575162333262e+03 2.97051603465238244929e-16
8.90637555110415269155e+03 3.05434985360924231484e-16
8.90974552843436504190e+03 3.26594822481541953779e-16
8.91311588848457176937e+03 2.82392131407705473307e-16
8.91648663199861402973e+03 2.87316901545007323406e-16
8.91985775972186820582e+03 3.20177683236686415391e-16
8.92322927240123863157e+03 3.02696143637272094379e-16
8.92660117078516668698e+03 2.79037731779578850813e-16
8.92997345562362352211e+03 3.03131439545433442368e-16
8.93334612766810823814e+03 3.16744349828911207166e-16
8.93671918767166062025e+03 3.02568930530450582419e-16
8.94009263638884658576e+03 3.40498403280592610226e-16
8.94346647457576546003e+03 3.47811119279017095809e-16
8.94684070299004815752e+03 3.10617649869275182906e-16
8.95021532239085900073e+03 3.19931703218073648492e-16
8.95359033353889390128e+03 3.27265639355383531156e-16
8.95696573719638035982e+03 3.34065227618006436900e-16
8.96034153412708110409e+03 2.94230392493198124640e-16
8.96371772509628317493e+03 2.89561948326260366884e-16
8.96709431087081611622e+03 2.50084639623643944061e-16
8.97047129221903378493e+03 2.90947589636830245850e-16
8.97384866991082526511e+03 2.92271126377892948776e-16
8.97722644471760941087e+03 2.81292056872612961895e-16
8.98060461741234212241e+03 2.72635937260770703073e-16
8.98398318876950725098e+03 2.81715793571234295981e-16
8.98736215956512205594e+03 2.73459417216617168307e-16
8.99074153057673538569e+03 2.85284711820801965041e-16
8.99412130258342949674e+03 2.78320750840017319529e-16
8.99750147636581641564e+03 2.67424230047067279841e-16
9.00088205270604157704e+03 2.71569182727886968981e-16
9.00426303238778382365e+03 2.93560846451931309946e-16
9.00764441619625358726e+03 2.49594513053647535976e-16
9.01102620491819106974e+03 2.58718074697477555058e-16
9.01440839934187170002e+03 2.19718301669004587906e-16
9.01779100025710067712e+03 2.37467528952789112783e-16
9.02117400845521660813e+03 2.18088467209753312273e-16
9.02455742472909150820e+03 2.13534913796668314538e-16
9.02794124987312534358e+03 2.33474045010272336433e-16
9.03132548468325512658e+03 2.21727844545544356224e-16
9.03471012995694582060e+03 2.16584466265022766834e-16
9.03809518649319761607e+03 2.18840601169315121668e-16
9.04148065509254047356e+03 2.02584472621783620472e-16
9.04486653655703776167e+03 1.93331851062121721350e-16
9.04825283169028807606e+03 1.96854767658528662547e-16
9.05163954129741432553e+03 2.23842306617946206416e-16
9.05502666618507646490e+03 1.84844591716495113648e-16
9.05841420716146967607e+03 1.85784082321956128001e-16
9.06180216503631527303e+03 1.90741318601753120509e-16
9.06519054062086979684e+03 1.81995792433602679412e-16
9.06857933472791955865e+03 1.57937371387599270851e-16
9.07196854817178791563e+03 1.84160342048983081659e-16
9.07535818176832435711e+03 1.37495256591364575246e-16
9.07874823633491541841e+03 1.37076293705325749484e-16
9.08213871269047740498e+03 1.69962192082106511151e-16
9.08552961165545639233e+03 1.71300341132133807744e-16
9.08892093405183732102e+03 1.49174025244238935200e-16
9.09231268070312944474e+03 1.22988414094538887814e-16
9.09570485243437906320e+03 1.17123853120228268619e-16
9.09909745007216588419e+03 1.26368259536045966852e-16
9.10249047444459392864e+03 1.07639692202723268617e-16
9.10588392638130972045e+03 1.14621691755184914433e-16
9.10927780671348409669e+03 1.03835250986168003678e-16
9.11267211627382312145e+03 8.87413374482056674696e-17
9.11606685589656444790e+03 8.27086143754304912114e-17
9.11946202641747913731e+03 7.29913960954788985070e-17
9.12285762867386802100e+03 5.70466294869269384204e-17
9.12625366350456533837e+03 4.71515411495719293994e-17
9.12965013174993691791e+03 3.72130070055576378820e-17
9.13304703425188381516e+03 2.77552876075861888538e-17
9.13644437185383321776e+03 1.65369324891765361413e-17
9.13984214540075117839e+03 3.52653164081749376850e-18
9.14324035573912806285e+03 -8.63564141672100142858e-18
