4.800000000000002728e+03 1.692231141735509059e-16
4.803512880563738690e+03 9.244407075003596816e-17
4.807025761127474652e+03 1.402540182771923978e-16
4.810538641691210614e+03 2.159493028970301595e-16
4.814051522254946576e+03 1.370566409548748250e-16
4.817564402818682538e+03 1.711244913818999965e-16
4.821077283382418500e+03 2.381584538344787109e-16
4.824590163946154462e+03 2.003357725267242303e-16
4.828103044509890424e+03 1.932728677053830520e-16
4.831615925073626386e+03 1.801641328741162965e-16
4.835128805637362348e+03 6.252511343011546777e-17
4.838641686201098310e+03 3.413726742403062160e-17
4.842154566764834271e+03 8.487975551114474619e-17
4.845667447328570233e+03 1.469198896393979236e-16
4.849180327892306195e+03 1.564620069577932356e-16
4.852693208456042157e+03 1.188217421361638490e-16
4.856206089019778119e+03 1.734706402968964000e-16
4.859718969583514081e+03 1.886649952374298573e-16
4.863231850147250043e+03 1.213171806081138229e-16
4.866744730710986005e+03 8.327743387273562692e-17
4.870257611274721967e+03 1.288636883027780033e-16
4.873770491838457929e+03 1.444689071622889997e-16
4.877283372402193891e+03 7.725708102567668302e-17
4.880796252965929853e+03 4.753420852432310294e-17
4.884309133529665814e+03 7.116444582797040535e-17
4.887822014093401776e+03 8.108603390673564388e-17
4.891334894657137738e+03 1.074636589707492218e-16
4.894847775220873700e+03 1.512406311731217113e-16
4.898360655784609662e+03 1.273193222468067994e-16
4.901873536348345624e+03 1.132912787350833102e-16
4.905386416912081586e+03 1.255314209836101832e-16
4.908899297475817548e+03 1.305375974601199118e-16
4.912412178039553510e+03 1.205769532215523695e-16
4.915925058603289472e+03 7.759465674238202383e-17
4.919437939167025434e+03 5.748807980803506104e-17
4.922950819730761395e+03 4.108991568716338172e-17
4.926463700294497357e+03 5.403169238359243406e-17
4.929976580858233319e+03 1.124888208966782674e-16
4.933489461421969281e+03 1.997519418329394029e-17
4.937002341985705243e+03 -7.141858383628752225e-18
4.940515222549441205e+03 9.415911394487891362e-17
4.944028103113177167e+03 8.055212521727961685e-17
4.947540983676913129e+03 1.123366196639685104e-16
4.951053864240649091e+03 8.923169168012913370e-17
4.954566744804385053e+03 -3.633806416178920703e-17
4.958079625368121015e+03 1.403181710967795604e-17
4.961592505931856977e+03 7.258803027961906640e-17
4.965105386495592938e+03 6.142610141594281392e-17
4.968618267059328900e+03 4.914671771915642530e-17
4.972131147623064862e+03 -3.955244500877841982e-17
4.975644028186800824e+03 2.874930077271336778e-17
4.979156908750536786e+03 1.326219867246351347e-16
4.982669789314272748e+03 7.145861772357386369e-17
4.986182669878008710e+03 4.863920932613064070e-17
4.989695550441744672e+03 1.269803370143376682e-16
4.993208431005480634e+03 2.672594618774822755e-16
4.996721311569216596e+03 2.456904825597007631e-16
5.000234192132952558e+03 1.942905645566192930e-16
5.003747072696688519e+03 2.442033574021182287e-16
5.007259953260424481e+03 2.241697576501331442e-16
5.010772833824160443e+03 2.321382995107667798e-16
5.014285714387896405e+03 1.915789209248826589e-16
5.017798594951632367e+03 2.029138496505907018e-16
5.021311475515368329e+03 2.388432270327746094e-16
5.024824356079104291e+03 1.430708131083967727e-16
5.028337236642840253e+03 1.729113867934717482e-16
5.031850117206576215e+03 2.408650946778706243e-16
5.035362997770312177e+03 1.937922312509479466e-16
5.038875878334048139e+03 1.978837974328802427e-16
5.042388758897784101e+03 2.304815560054965717e-16
5.045901639461520062e+03 2.253580125262329191e-16
5.049414520025256024e+03 1.866272324896830234e-16
5.052927400588991986e+03 1.439183489814635053e-16
5.056440281152727948e+03 1.581448629006405177e-16
5.059953161716463910e+03 2.636608424010723805e-16
5.063466042280199872e+03 3.714139682641008590e-16
5.066978922843935834e+03 3.146277412796496913e-16
5.070491803407671796e+03 2.245527488911900965e-16
5.074004683971407758e+03 1.961876271908933071e-16
5.077517564535143720e+03 1.839949055525228741e-16
5.081030445098879682e+03 2.210774124132751047e-16
5.084543325662615644e+03 2.630460553000433686e-16
5.088056206226351605e+03 3.409276113660832845e-16
5.091569086790087567e+03 2.951096934249668570e-16
5.095081967353823529e+03 1.681863723158912439e-16
5.098594847917559491e+03 1.522873256679116113e-16
5.102107728481295453e+03 1.605468101110372981e-16
5.105620609045031415e+03 1.499945662983718305e-16
5.109133489608767377e+03 1.266751272206403022e-16
5.112646370172503339e+03 1.682231520746478018e-16
5.116159250736239301e+03 2.291773105551821611e-16
5.119672131299975263e+03 1.515171874304002404e-16
5.123185011863711225e+03 6.051018748471999787e-17
5.126697892427447186e+03 8.939350144283430676e-17
5.130210772991183148e+03 1.719220655459685262e-16
5.133723653554919110e+03 1.774417954514205770e-16
5.137236534118655072e+03 1.804521505459623604e-16
5.140749414682391034e+03 2.026182483868887519e-16
5.144262295246126996e+03 1.908942271359255656e-16
5.147775175809862958e+03 2.092810095499910783e-16
5.151288056373598920e+03 2.019510246524687785e-16
5.154800936937334882e+03 1.178738460937372827e-16
5.158313817501070844e+03 7.473688669235422212e-17
5.161826698064806806e+03 1.624885934379483791e-16
5.165339578628542768e+03 2.220527046775894273e-16
5.168852459192278729e+03 1.473953927601628065e-16
5.172365339756014691e+03 1.332654008923033818e-16
5.175878220319750653e+03 2.051004122643684748e-16
5.179391100883486615e+03 2.792908237394007643e-16
5.182903981447222577e+03 3.026840208579924208e-16
5.186416862010958539e+03 1.905701576242619906e-16
5.189929742574694501e+03 1.270862823071934600e-16
5.193442623138430463e+03 2.013179734035145958e-16
5.196955503702166425e+03 1.936122499845462086e-16
5.200468384265902387e+03 1.764367379199441462e-16
5.203981264829638349e+03 2.217005639646582528e-16
5.207494145393374311e+03 2.207752201744523322e-16
5.211007025957110272e+03 1.721662095581247775e-16
5.214519906520846234e+03 1.493614753447482452e-16
5.218032787084582196e+03 1.467199369242867053e-16
5.221545667648318158e+03 1.316040781151620802e-16
5.225058548212054120e+03 1.346495850770149170e-16
5.228571428775790082e+03 1.139336473464572902e-16
5.232084309339526044e+03 9.600424948901929885e-17
5.235597189903262006e+03 1.415407804380798876e-16
5.239110070466997968e+03 1.667793844160528468e-16
5.242622951030733930e+03 1.735642771422374027e-16
5.246135831594469892e+03 2.048735000787329282e-16
5.249648712158205853e+03 2.026507268064600339e-16
5.253161592721941815e+03 1.495435741935181189e-16
5.256674473285677777e+03 1.519496242197531624e-16
5.260187353849413739e+03 1.996150798375088292e-16
5.263700234413149701e+03 1.595638813153078860e-16
5.267213114976885663e+03 1.607843763829625277e-16
5.270725995540621625e+03 1.549249597958819009e-16
5.274238876104356677e+03 9.566057248811576691e-17
5.277751756668092639e+03 1.448567026683436599e-16
5.281264637231828601e+03 1.467471743274968514e-16
5.284777517795564563e+03 7.205801264776448881e-17
5.288290398359300525e+03 8.534653683953086992e-17
5.291803278923036487e+03 1.237348773373736130e-16
5.295316159486772449e+03 6.680458195999530962e-17
5.298829040050508411e+03 4.314511871094528364e-17
5.302341920614244373e+03 1.417283585312273126e-16
5.305854801177980335e+03 1.796761757220488153e-16
5.309367681741716297e+03 1.738500448828173223e-16
5.312880562305452258e+03 1.398082142491406188e-16
5.316393442869188220e+03 8.734210014114769855e-17
5.319906323432924182e+03 8.973894530152625197e-17
5.323419203996660144e+03 1.024183866297677869e-16
5.326932084560396106e+03 1.539659199762430201e-16
5.330444965124132068e+03 1.714542254263983346e-16
5.333957845687868030e+03 1.288624706929163252e-16
5.337470726251603992e+03 1.316446298175118798e-16
5.340983606815339954e+03 1.562365770798153841e-16
5.344496487379075916e+03 1.487864326177911812e-16
5.348009367942811878e+03 1.113951028384259530e-16
5.351522248506547839e+03 1.056630257435641894e-16
5.355035129070283801e+03 1.506327262147891407e-16
5.358548009634019763e+03 1.628798167804614591e-16
5.362060890197755725e+03 1.350527859947977648e-16
5.365573770761491687e+03 1.646755928030895801e-16
5.369086651325227649e+03 1.996627254407918836e-16
5.372599531888963611e+03 1.679241097395976312e-16
5.376112412452699573e+03 1.568873366113231020e-16
5.379625293016435535e+03 1.812802708356912483e-16
5.383138173580171497e+03 1.610238881836884820e-16
5.386651054143907459e+03 1.409954235689461267e-16
5.390163934707643421e+03 1.528826971856027785e-16
5.393676815271379382e+03 1.553904176352879397e-16
5.397189695835115344e+03 1.495041209870217897e-16
5.400702576398851306e+03 1.610019579712884761e-16
5.404215456962587268e+03 1.657224725863366919e-16
5.407728337526323230e+03 1.078016052643689863e-16
5.411241218090059192e+03 9.502186332377172149e-17
5.414754098653795154e+03 1.344003191625057375e-16
5.418266979217531116e+03 1.130477567627476989e-16
5.421779859781267078e+03 1.025306317301687825e-16
5.425292740345003040e+03 1.377698559313527468e-16
5.428805620908739002e+03 1.288145736267270547e-16
5.432318501472474964e+03 1.363270941243826563e-16
5.435831382036210925e+03 1.957346630874592691e-16
5.439344262599946887e+03 1.978216066857060558e-16
5.442857143163682849e+03 1.745759124139448551e-16
5.446370023727418811e+03 1.798821503120194196e-16
5.449882904291154773e+03 1.624514960418366009e-16
5.453395784854890735e+03 1.018845705845403658e-16
5.456908665418626697e+03 8.712834343597419535e-17
5.460421545982362659e+03 1.142093168661191625e-16
5.463934426546098621e+03 1.026403489666178161e-16
5.467447307109834583e+03 1.061160560214472316e-16
5.470960187673570545e+03 1.687279307716521614e-16
5.474473068237306506e+03 1.769275802779882124e-16
5.477985948801042468e+03 1.283320030748085188e-16
5.481498829364778430e+03 1.306518145591012339e-16
5.485011709928514392e+03 1.593801810448721096e-16
5.488524590492250354e+03 1.725643150433342986e-16
5.492037471055986316e+03 1.611276629546169346e-16
5.495550351619722278e+03 1.709967482255422074e-16
5.499063232183458240e+03 1.920376025007106634e-16
5.502576112747194202e+03 1.987090060468529439e-16
5.506088993310930164e+03 1.688394347182243095e-16
5.509601873874666126e+03 1.376827968262427657e-16
5.513114754438402088e+03 1.593877514018381949e-16
5.516627635002138049e+03 1.870376067177379311e-16
5.520140515565874011e+03 2.028524265270249642e-16
5.523653396129609973e+03 1.611072679894338272e-16
5.527166276693345935e+03 1.276894756447569286e-16
5.530679157257081897e+03 1.631998231809561736e-16
5.534192037820817859e+03 1.810559791582362697e-16
5.537704918384553821e+03 1.725577770077726795e-16
5.541217798948289783e+03 1.722971290880347703e-16
5.544730679512025745e+03 1.927501557326985427e-16
5.548243560075761707e+03 2.188783428286355300e-16
5.551756440639497669e+03 2.063335598866727276e-16
5.555269321203233631e+03 1.953131715519716488e-16
5.558782201766969592e+03 1.824963322152626057e-16
5.562295082330705554e+03 1.725047712741202815e-16
5.565807962894441516e+03 2.150621417638996866e-16
5.569320843458177478e+03 2.158566983730936229e-16
5.572833724021913440e+03 1.804007594688656659e-16
5.576346604585649402e+03 1.482800524991209189e-16
5.579859485149385364e+03 1.335342676786076179e-16
5.583372365713121326e+03 1.157599562598559686e-16
5.586885246276857288e+03 1.156171385640150130e-16
5.590398126840593250e+03 1.788154446638506368e-16
5.593911007404329212e+03 2.101132723602276318e-16
5.597423887968065173e+03 1.740362862520948616e-16
5.600936768531801135e+03 1.241061557009568144e-16
5.604449649095537097e+03 1.495134648192211887e-16
5.607962529659273059e+03 2.108063835390980648e-16
5.611475410223009021e+03 1.830344760694549043e-16
5.614988290786744983e+03 1.485682422245343938e-16
5.618501171350480945e+03 1.868399436385622596e-16
5.622014051914216907e+03 1.844108384342941381e-16
5.625526932477952869e+03 1.840383556957390595e-16
5.629039813041688831e+03 2.095163655953195662e-16
5.632552693605424793e+03 1.622567578733069170e-16
5.636065574169160755e+03 1.015641936071312275e-16
5.639578454732896716e+03 1.076387565628144467e-16
5.643091335296632678e+03 1.296286119937078399e-16
5.646604215860368640e+03 1.255392957430416880e-16
5.650117096424104602e+03 1.370790873279770640e-16
5.653629976987840564e+03 1.539785460611130296e-16
5.657142857551576526e+03 1.526423118821499682e-16
5.660655738115312488e+03 1.536734950860932738e-16
5.664168618679048450e+03 1.363602210535541800e-16
5.667681499242784412e+03 1.013800896725565253e-16
5.671194379806520374e+03 1.236743806560939348e-16
5.674707260370256336e+03 1.433421680539835683e-16
5.678220140933992298e+03 1.150234478773285536e-16
5.681733021497728259e+03 1.293378282298933988e-16
5.685245902061464221e+03 1.621549683358485916e-16
5.688758782625200183e+03 1.160730275780950385e-16
5.692271663188936145e+03 8.620037252014280636e-17
5.695784543752672107e+03 1.388083183246865190e-16
5.699297424316408069e+03 1.284490392053174216e-16
5.702810304880144031e+03 8.498042670041489987e-17
5.706323185443879993e+03 1.119705426120770424e-16
5.709836066007615955e+03 1.459154806175217345e-16
5.713348946571351917e+03 1.474564585417039212e-16
5.716861827135087879e+03 1.466461656485367761e-16
5.720374707698823840e+03 1.551835695425904794e-16
5.723887588262559802e+03 1.704375344267869581e-16
5.727400468826295764e+03 1.639415593449549237e-16
5.730913349390031726e+03 1.480334467974617099e-16
5.734426229953767688e+03 9.716788085264459521e-17
5.737939110517503650e+03 8.501287203276167983e-17
5.741451991081239612e+03 1.620240355710487979e-16
5.744964871644975574e+03 1.582723810638716924e-16
5.748477752208711536e+03 1.185924476703641497e-16
5.751990632772447498e+03 1.483567619204066365e-16
5.755503513336183460e+03 1.847646070386708170e-16
5.759016393899919422e+03 2.135804693809151018e-16
5.762529274463655383e+03 1.921765423738399704e-16
5.766042155027391345e+03 1.432460959889192095e-16
5.769555035591127307e+03 1.361731194164395855e-16
5.773067916154863269e+03 1.204572568781934962e-16
5.776580796718599231e+03 1.201010133494240587e-16
5.780093677282335193e+03 1.368722921748388071e-16
5.783606557846071155e+03 1.252831344509462664e-16
5.787119438409807117e+03 1.128263105865999027e-16
5.790632318973543079e+03 1.105874966278883802e-16
5.794145199537279041e+03 1.287254234090285396e-16
5.797658080101015003e+03 1.447853533774272859e-16
5.801170960664750964e+03 1.341869727389160606e-16
5.804683841228486926e+03 1.173878741751399287e-16
5.808196721792222888e+03 1.082465556420286106e-16
5.811709602355958850e+03 9.255930031808705513e-17
5.815222482919694812e+03 8.206186218408690084e-17
5.818735363483430774e+03 1.092203258940158356e-16
5.822248244047166736e+03 9.404570417417544331e-17
5.825761124610902698e+03 6.422991282025255653e-17
5.829274005174638660e+03 1.117279735518070922e-16
5.832786885738374622e+03 1.279628158238138515e-16
5.836299766302110584e+03 1.064939187427063551e-16
5.839812646865846546e+03 1.029719689829127751e-16
5.843325527429582507e+03 1.154646991032888407e-16
5.846838407993318469e+03 1.380492709248282591e-16
5.850351288557054431e+03 1.201366284378781418e-16
5.853864169120790393e+03 1.007092395783311194e-16
5.857377049684526355e+03 9.917194095351356854e-17
5.860889930248262317e+03 1.170500536129732722e-16
5.864402810811998279e+03 1.163412855594684356e-16
5.867915691375734241e+03 1.234783322334739668e-16
5.871428571939470203e+03 1.379026812853940617e-16
5.874941452503206165e+03 1.216998012722563514e-16
5.878454333066942127e+03 1.369831343769209128e-16
5.881967213630678089e+03 1.000607498304242470e-16
5.885480094194414050e+03 6.561078166506897924e-17
5.888992974758150012e+03 1.047161686399869897e-16
5.892505855321885974e+03 1.442913743505004186e-16
5.896018735885621936e+03 1.760396779910288921e-16
5.899531616449357898e+03 1.386176300324358946e-16
5.903044497013093860e+03 9.671628656030494507e-17
5.906557377576829822e+03 1.086772917480421236e-16
5.910070258140565784e+03 9.220837721501755867e-17
5.913583138704301746e+03 8.779434294308759027e-17
5.917096019268037708e+03 1.033199737927811845e-16
5.920608899831773670e+03 9.144437996637378146e-17
5.924121780395509631e+03 5.930640808288382775e-17
5.927634660959245593e+03 7.394482485988774579e-17
5.931147541522981555e+03 1.127956453469313369e-16
5.934660422086717517e+03 1.033210127316305511e-16
5.938173302650453479e+03 6.858320556544153100e-17
5.941686183214189441e+03 6.939725054986721660e-17
5.945199063777925403e+03 1.186204659320725459e-16
5.948711944341661365e+03 1.130437995306972452e-16
5.952224824905397327e+03 5.731942760730284934e-17
5.955737705469133289e+03 6.395954387395592412e-17
5.959250586032869251e+03 9.389083611117081526e-17
5.962763466596605213e+03 6.451822827711913943e-17
5.966276347160341174e+03 5.658428903586982216e-17
5.969789227724077136e+03 1.170588283449112347e-16
5.973302108287813098e+03 1.044929489886058799e-16
5.976814988851549060e+03 6.633189125331310707e-17
5.980327869415285022e+03 8.045472966323517316e-17
5.983840749979020984e+03 6.872919963483469018e-17
5.987353630542756946e+03 4.822025227203988282e-17
5.990866511106492908e+03 8.721148501370312527e-17
5.994379391670228870e+03 1.203951190705785127e-16
5.997892272233964832e+03 7.570834745607119909e-17
6.001405152797700794e+03 5.203658899439618491e-17
6.004918033361436756e+03 8.917036120079200202e-17
6.008430913925172717e+03 9.898939873593536640e-17
6.011943794488908679e+03 7.731916589373246307e-17
6.015456675052644641e+03 1.872198908549650167e-17
6.018969555616380603e+03 -8.634969020123720360e-18
6.022482436180116565e+03 6.433383979241371893e-17
6.025995316743852527e+03 8.188957700610435624e-17
6.029508197307588489e+03 4.565524129312929888e-17
6.033021077871324451e+03 4.063170725864575757e-17
6.036533958435060413e+03 6.181378442543416694e-17
6.040046838998796375e+03 9.934746867949732102e-17
6.043559719562532337e+03 7.718734639131601257e-17
6.047072600126268298e+03 3.631683539854864613e-17
6.050585480690004260e+03 8.075245512675015931e-17
6.054098361253740222e+03 1.069498673137904844e-16
6.057611241817476184e+03 8.260135599703888592e-17
6.061124122381212146e+03 1.005574353923153878e-16
6.064637002944948108e+03 1.289534076207379549e-16
6.068149883508684070e+03 1.358404604612952599e-16
6.071662764072420032e+03 1.104336277990637162e-16
6.075175644636155994e+03 9.063007690159697932e-17
6.078688525199891956e+03 1.075264982275236502e-16
6.082201405763627918e+03 9.881256075586132993e-17
6.085714286327363880e+03 1.229216992382298830e-16
6.089227166891099841e+03 1.281707888821443839e-16
6.092740047454835803e+03 9.621910469004627247e-17
6.096252928018571765e+03 1.283773458072662256e-16
6.099765808582307727e+03 1.212324773133883929e-16
6.103278689146043689e+03 8.058079198858825458e-17
6.106791569709779651e+03 1.022118230872010448e-16
6.110304450273515613e+03 1.393928901723001938e-16
6.113817330837251575e+03 1.384920176933360420e-16
6.117330211400987537e+03 1.236716145641255575e-16
6.120843091964723499e+03 1.539574231769908754e-16
6.124355972528459461e+03 1.700307865585374829e-16
6.127868853092195423e+03 1.662652089472898848e-16
6.131381733655931384e+03 1.734975732976411266e-16
6.134894614219667346e+03 1.288982975396072220e-16
6.138407494783403308e+03 1.014295219859626942e-16
6.141920375347139270e+03 1.064197107155929979e-16
6.145433255910875232e+03 9.150079368414989795e-17
6.148946136474611194e+03 1.079000463747076971e-16
6.152459017038347156e+03 1.017430697602345947e-16
6.155971897602083118e+03 7.630642550872663980e-17
6.159484778165819080e+03 7.037880291705734051e-17
6.162997658729555042e+03 5.174110684470244258e-17
6.166510539293291004e+03 7.715439813315680038e-17
6.170023419857026965e+03 1.243742019240933979e-16
6.173536300420762927e+03 1.060165031803652496e-16
6.177049180984498889e+03 9.553899679040517312e-17
6.180562061548234851e+03 1.214503103646205574e-16
6.184074942111970813e+03 1.135884020111123578e-16
6.187587822675706775e+03 8.916522606354927282e-17
6.191100703239442737e+03 6.791598844846645803e-17
6.194613583803178699e+03 7.313680175032144623e-17
6.198126464366914661e+03 1.030926910302312142e-16
6.201639344930650623e+03 9.908904422124595432e-17
6.205152225494386585e+03 8.356345969366666304e-17
6.208665106058122547e+03 1.002788475794524285e-16
6.212177986621858508e+03 9.001663975932765399e-17
6.215690867185594470e+03 9.588401713262349117e-17
6.219203747749330432e+03 1.303694878898695349e-16
6.222716628313066394e+03 1.389113122371167216e-16
6.226229508876802356e+03 1.046253045040592647e-16
6.229742389440538318e+03 8.170313711347980423e-17
6.233255270004274280e+03 1.097563323135052971e-16
6.236768150568010242e+03 1.015852767865839791e-16
6.240281031131746204e+03 8.068647920109292982e-17
6.243793911695482166e+03 1.087009358786713393e-16
6.247306792259218128e+03 1.052804183143114618e-16
6.250819672822954089e+03 6.240291569258423409e-17
6.254332553386690051e+03 5.737382300438433644e-17
6.257845433950426013e+03 8.771653502594840227e-17
6.261358314514161975e+03 7.312810642772228881e-17
6.264871195077897937e+03 4.021854708628777131e-17
6.268384075641633899e+03 6.505076715548077865e-17
6.271896956205369861e+03 7.445099322032119448e-17
6.275409836769105823e+03 6.284810429826027359e-17
6.278922717332841785e+03 7.182181618693364708e-17
6.282435597896577747e+03 8.738457090251862121e-17
6.285948478460313709e+03 1.197311643539393489e-16
6.289461359024049671e+03 1.273611709683570821e-16
6.292974239587785632e+03 9.396594411079063017e-17
6.296487120151521594e+03 3.239526144994089765e-17
6.300000000715257556e+03 1.837686782724345214e-17
6.303512881278993518e+03 7.094532899242755853e-17
6.307025761842729480e+03 1.083046171035849327e-16
6.310538642406465442e+03 1.090682834799836887e-16
6.314051522970201404e+03 1.222637531615603044e-16
6.317564403533937366e+03 1.241376547386828337e-16
6.321077284097673328e+03 1.017961085811114948e-16
6.324590164661409290e+03 1.244283193884890672e-16
6.328103045225145252e+03 1.332367473558845449e-16
6.331615925788881214e+03 8.816989617607646568e-17
6.335128806352617175e+03 9.142476585968892407e-17
6.338641686916353137e+03 1.180306398332079342e-16
6.342154567480089099e+03 1.109744384835508856e-16
6.345667448043825061e+03 9.536434918459317706e-17
6.349180328607561023e+03 8.960490233762325894e-17
6.352693209171296985e+03 1.110861211011353452e-16
6.356206089735032947e+03 1.176643113184102502e-16
6.359718970298768909e+03 1.087300195490087037e-16
6.363231850862504871e+03 1.004230284689428714e-16
6.366744731426240833e+03 9.783726849154700733e-17
6.370257611989976795e+03 9.628697320494502328e-17
6.373770492553712756e+03 1.053557513070578911e-16
6.377283373117448718e+03 1.220166842387580657e-16
6.380796253681184680e+03 1.193544596855377997e-16
6.384309134244920642e+03 9.373209684289943904e-17
6.387822014808656604e+03 1.094203977231352615e-16
6.391334895372392566e+03 8.694155943621482128e-17
6.394847775936128528e+03 4.690100507413621047e-17
6.398360656499864490e+03 3.361307976113331775e-17
6.401873537063600452e+03 3.039304761619914268e-17
6.405386417627336414e+03 4.409333239072707033e-17
6.408899298191072376e+03 5.024472057298176445e-17
6.412412178754808338e+03 5.144517470875547139e-17
6.415925059318544299e+03 7.455094972554210235e-17
6.419437939882280261e+03 1.037800251797035768e-16
6.422950820446016223e+03 1.127425734388299346e-16
6.426463701009752185e+03 1.072995264848839998e-16
6.429976581573488147e+03 8.562899585766057739e-17
6.433489462137224109e+03 6.164889093340539619e-17
6.437002342700960071e+03 9.193614214925900662e-17
6.440515223264696033e+03 1.127567877104760459e-16
6.444028103828431995e+03 8.941998445732580450e-17
6.447540984392167957e+03 8.527614707812505748e-17
6.451053864955903919e+03 8.139148192844942510e-17
6.454566745519639881e+03 9.768973255749204931e-17
6.458079626083375842e+03 1.044723952047451622e-16
6.461592506647111804e+03 7.045762330326629341e-17
6.465105387210847766e+03 6.379721133310361754e-17
6.468618267774583728e+03 9.900804007821986143e-17
6.472131148338319690e+03 1.113988747820191948e-16
6.475644028902055652e+03 1.028983168211710536e-16
6.479156909465791614e+03 8.800353361127980075e-17
6.482669790029527576e+03 9.135968328909325185e-17
6.486182670593263538e+03 1.092614797838515738e-16
6.489695551156999500e+03 9.877657509049282301e-17
6.493208431720735462e+03 1.174305963994170675e-16
6.496721312284471423e+03 1.735420425273719773e-16
6.500234192848207385e+03 1.669976409837586385e-16
6.503747073411943347e+03 1.244986363580009750e-16
6.507259953975679309e+03 1.128632359291442699e-16
6.510772834539415271e+03 8.788267921506335320e-17
6.514285715103151233e+03 8.471406130828302412e-17
6.517798595666887195e+03 1.294805268117261467e-16
6.521311476230623157e+03 1.479940332956347832e-16
6.524824356794359119e+03 1.222944448710084719e-16
6.528337237358095081e+03 1.007015898120262290e-16
6.531850117921831043e+03 1.175095292821893276e-16
6.535362998485567005e+03 1.108491305469164526e-16
6.538875879049302966e+03 1.078329719531969971e-16
6.542388759613038928e+03 1.114918895875395576e-16
6.545901640176774890e+03 6.497572533030996798e-17
6.549414520740510852e+03 7.298390568589714460e-17
6.552927401304246814e+03 1.142829293231914815e-16
6.556440281867982776e+03 1.325393745424982388e-16
6.559953162431718738e+03 1.515845265497069573e-16
6.563466042995454700e+03 1.434160981484111077e-16
6.566978923559190662e+03 1.261134914370514977e-16
6.570491804122926624e+03 1.049073797103847476e-16
6.574004684686662586e+03 9.433010210366097508e-17
6.577517565250398548e+03 1.108169763821452913e-16
6.581030445814134509e+03 7.433037705212116220e-17
6.584543326377870471e+03 6.139495972024141754e-17
6.588056206941606433e+03 9.621435336460776788e-17
6.591569087505342395e+03 1.049284761247273000e-16
6.595081968069078357e+03 9.066997347690163695e-17
6.598594848632814319e+03 1.020182363540840347e-16
6.602107729196550281e+03 1.212598338306067466e-16
6.605620609760286243e+03 1.153097053088311045e-16
6.609133490324022205e+03 9.601833141176740159e-17
6.612646370887758167e+03 8.286464427729206442e-17
6.616159251451494129e+03 7.515090713254926353e-17
6.619672132015230090e+03 9.111851712714219152e-17
6.623185012578966052e+03 9.531097949147125572e-17
6.626697893142702014e+03 7.773844720262334173e-17
6.630210773706437976e+03 8.274905736721635454e-17
6.633723654270173938e+03 4.115611660594722563e-17
6.637236534833909900e+03 6.352934460815995804e-18
6.640749415397645862e+03 5.035668112325204185e-17
6.644262295961381824e+03 7.332879367921745417e-17
6.647775176525117786e+03 6.211365394109689053e-17
6.651288057088853748e+03 4.264435680299548154e-17
6.654800937652589710e+03 4.671360234327864673e-17
6.658313818216325672e+03 3.640963844583219541e-17
6.661826698780061633e+03 2.293755294997294682e-17
6.665339579343797595e+03 4.354767773657279030e-17
6.668852459907533557e+03 7.104781997904532887e-17
6.672365340471269519e+03 9.006812348065295444e-17
6.675878221035005481e+03 1.007640651093311341e-16
6.679391101598741443e+03 1.406878050253050063e-16
6.682903982162477405e+03 1.526807460021316321e-16
6.686416862726213367e+03 1.403054225891788931e-16
6.689929743289949329e+03 1.629809313385399412e-16
6.693442623853685291e+03 1.678978120135633453e-16
6.696955504417421253e+03 1.200228877949296503e-16
6.700468384981157214e+03 1.983520743038138623e-16
6.703981265544893176e+03 2.893762332841209048e-16
6.707494146108629138e+03 2.744458746904449714e-16
6.711007026672365100e+03 3.557854957032097719e-16
6.714519907236101062e+03 3.982420428024863136e-16
6.718032787799837024e+03 3.992872814593981202e-16
6.721545668363572986e+03 4.708552921646208967e-16
6.725058548927308948e+03 4.915063789351543661e-16
6.728571429491044910e+03 5.335710409474277854e-16
6.732084310054780872e+03 5.772809056410650730e-16
6.735597190618516834e+03 6.001532304366545383e-16
6.739110071182252796e+03 6.618264934196281968e-16
6.742622951745988757e+03 6.962033785235031795e-16
6.746135832309724719e+03 7.169368921877163330e-16
6.749648712873460681e+03 7.516376615147976788e-16
6.753161593437196643e+03 8.000372300000268069e-16
6.756674474000932605e+03 8.126912669572956133e-16
6.760187354564668567e+03 8.333223425744501998e-16
6.763700235128404529e+03 8.509794855137949379e-16
6.767213115692140491e+03 8.598600436306050396e-16
6.770725996255876453e+03 8.352368487934817322e-16
6.774238876819612415e+03 8.264451232570149252e-16
6.777751757383348377e+03 8.516304303337598677e-16
6.781264637947084339e+03 8.025303126615922298e-16
6.784777518510820300e+03 7.986689541528558915e-16
6.788290399074556262e+03 8.048502300250033516e-16
6.791803279638292224e+03 7.917349836279545788e-16
6.795316160202028186e+03 7.706363987634748218e-16
6.798829040765764148e+03 7.094414976374630293e-16
6.802341921329500110e+03 7.253286593544015001e-16
6.805854801893236072e+03 7.820092454484622955e-16
6.809367682456972034e+03 7.309327352125543579e-16
6.812880563020707996e+03 6.790503260668931569e-16
6.816393443584443958e+03 6.751325869276052043e-16
6.819906324148179920e+03 6.350610463797803570e-16
6.823419204711915881e+03 6.011852871433246998e-16
6.826932085275651843e+03 6.341640914281972564e-16
6.830444965839387805e+03 6.246930984075917039e-16
6.833957846403123767e+03 5.842467457806068288e-16
6.837470726966859729e+03 5.851989696319982726e-16
6.840983607530595691e+03 5.681291381624559850e-16
6.844496488094331653e+03 5.281162546462284980e-16
6.848009368658067615e+03 5.058921218135253861e-16
6.851522249221803577e+03 4.916859499199722778e-16
6.855035129785539539e+03 4.976697082967318757e-16
6.858548010349275501e+03 4.786338074774939503e-16
6.862060890913011463e+03 4.537335269875000798e-16
6.865573771476747424e+03 4.421010647041791631e-16
6.869086652040483386e+03 4.250448387013521477e-16
6.872599532604219348e+03 4.202835341559377170e-16
6.876112413167955310e+03 4.282512819231833016e-16
6.879625293731691272e+03 3.969349121461953180e-16
6.883138174295427234e+03 3.805598594516383703e-16
6.886651054859163196e+03 4.103456142231582315e-16
6.890163935422899158e+03 3.954388666728870117e-16
6.893676815986635120e+03 3.823026032708344915e-16
6.897189696550371082e+03 3.736532322090656104e-16
6.900702577114107044e+03 3.572801912177583916e-16
6.904215457677843006e+03 3.766878600915021498e-16
6.907728338241578967e+03 3.495099609459006692e-16
6.911241218805314929e+03 2.853268069913145102e-16
6.914754099369050891e+03 2.687516427629687340e-16
6.918266979932786853e+03 2.519893901323981642e-16
6.921779860496522815e+03 2.726414033452176930e-16
6.925292741060258777e+03 3.015601404858839728e-16
6.928805621623994739e+03 2.925073435132056294e-16
6.932318502187730701e+03 2.396430114234398808e-16
6.935831382751466663e+03 2.216972420073182399e-16
6.939344263315202625e+03 2.263706668844550369e-16
6.942857143878938587e+03 2.408997700891488472e-16
6.946370024442674548e+03 2.485922321485367842e-16
6.949882905006410510e+03 2.429266140528099811e-16
6.953395785570146472e+03 2.079991442983299024e-16
6.956908666133882434e+03 1.661601768618303516e-16
6.960421546697618396e+03 1.627766243446842438e-16
6.963934427261354358e+03 1.676438874178442671e-16
6.967447307825090320e+03 1.880712913158535970e-16
6.970960188388826282e+03 1.966969454550993577e-16
6.974473068952562244e+03 1.882599414350748907e-16
6.977985949516298206e+03 1.814090330785637028e-16
6.981498830080034168e+03 1.614181026112965537e-16
6.985011710643770130e+03 1.493383275224865613e-16
6.988524591207506091e+03 1.547567972860723205e-16
6.992037471771242053e+03 1.669378060469690027e-16
6.995550352334978015e+03 1.744277213528447551e-16
6.999063232898713977e+03 2.117361080778280662e-16
7.002576113462449939e+03 2.132932193326774872e-16
7.006088994026185901e+03 1.525733316365079461e-16
7.009601874589921863e+03 1.374655196403822368e-16
7.013114755153657825e+03 1.344562498068041230e-16
7.016627635717393787e+03 1.113506733133645048e-16
7.020140516281129749e+03 1.174706319410646340e-16
7.023653396844865711e+03 1.353036665658626479e-16
7.027166277408601673e+03 1.094587722861128216e-16
7.030679157972337634e+03 1.084449201703637270e-16
7.034192038536073596e+03 1.551524278468890830e-16
7.037704919099809558e+03 1.648957551949266939e-16
7.041217799663545520e+03 1.538541645667646559e-16
7.044730680227281482e+03 1.204554172285111783e-16
7.048243560791017444e+03 1.058792441382406504e-16
7.051756441354753406e+03 1.263053576344943976e-16
7.055269321918489368e+03 1.206989127310671879e-16
7.058782202482225330e+03 9.651047740645685136e-17
7.062295083045961292e+03 1.119378524342689468e-16
7.065807963609697254e+03 7.911840284004350589e-17
7.069320844173433215e+03 8.336474444075182410e-17
7.072833724737169177e+03 1.171010741131555430e-16
7.076346605300905139e+03 1.020664709099632268e-16
7.079859485864641101e+03 1.156002111399597279e-16
7.083372366428377063e+03 1.182629121492128244e-16
7.086885246992113025e+03 8.651474747502725985e-17
7.090398127555848987e+03 9.149929814160240207e-17
7.093911008119584949e+03 6.997674019979736567e-17
7.097423888683320911e+03 6.058627486618507556e-17
7.100936769247056873e+03 8.202496992876703581e-17
7.104449649810792835e+03 6.854031790504188162e-17
7.107962530374528797e+03 5.001273280710759252e-17
7.111475410938264758e+03 7.198784787948529079e-17
7.114988291502000720e+03 7.819959046795430403e-17
7.118501172065736682e+03 9.964765583251526497e-17
7.122014052629472644e+03 9.641950077396581917e-17
7.125526933193208606e+03 9.144109771370317104e-17
7.129039813756944568e+03 9.273936099382759819e-17
7.132552694320680530e+03 6.782037298710022846e-17
7.136065574884416492e+03 8.254704662674110433e-17
7.139578455448152454e+03 1.235758071968572156e-16
7.143091336011888416e+03 1.198261511580400382e-16
7.146604216575624378e+03 9.587552033337134647e-17
7.150117097139360339e+03 7.978163625518852348e-17
7.153629977703096301e+03 8.421142004598150153e-17
7.157142858266832263e+03 8.915535283575783988e-17
7.160655738830568225e+03 9.097720159129363228e-17
7.164168619394304187e+03 1.031499981030688880e-16
7.167681499958040149e+03 9.096934668419682873e-17
7.171194380521776111e+03 5.536860815938023908e-17
7.174707261085512073e+03 6.899285849200229243e-17
7.178220141649248035e+03 8.956288817995046556e-17
7.181733022212983997e+03 6.621042143472092006e-17
7.185245902776719959e+03 3.668369330893836411e-17
7.188758783340455921e+03 3.168820152440098299e-18
7.192271663904191882e+03 4.089091671129843709e-18
7.195784544467927844e+03 3.738093708214911199e-17
7.199297425031663806e+03 5.898014157951331194e-17
7.202810305595399768e+03 5.919845770422320743e-17
7.206323186159135730e+03 7.329243743693452350e-17
7.209836066722871692e+03 5.994232468547989415e-17
7.213348947286607654e+03 6.829246150629649241e-17
7.216861827850343616e+03 8.921330841819575521e-17
7.220374708414079578e+03 7.134161468028946303e-17
7.223887588977815540e+03 3.669533339451821032e-17
7.227400469541551502e+03 5.995265451696945636e-17
7.230913350105287464e+03 9.603671467370078008e-17
7.234426230669023425e+03 1.178737005099494734e-16
7.237939111232759387e+03 1.227235199983519784e-16
7.241451991796495349e+03 8.789467664266782231e-17
7.244964872360231311e+03 7.138146493347981769e-17
7.248477752923967273e+03 6.939296906301664213e-17
7.251990633487703235e+03 8.159288386399383627e-17
7.255503514051439197e+03 6.528855842053262262e-17
7.259016394615175159e+03 4.536726994339753804e-17
7.262529275178911121e+03 4.820169695653909331e-17
7.266042155742647083e+03 5.392703749249222499e-17
7.269555036306383045e+03 7.884317668918996210e-17
7.273067916870119006e+03 9.732035340059526970e-17
7.276580797433854968e+03 1.307150111579002852e-16
7.280093677997590930e+03 1.121532502657777552e-16
7.283606558561326892e+03 9.519991229626253559e-17
7.287119439125062854e+03 7.579148903380012901e-17
7.290632319688798816e+03 4.092802982384185378e-17
7.294145200252534778e+03 4.169995477147633921e-17
7.297658080816270740e+03 6.234406013763986107e-17
7.301170961380006702e+03 5.647052192314172894e-17
7.304683841943742664e+03 3.243010891478653160e-17
7.308196722507478626e+03 4.356483677119959031e-17
7.311709603071214588e+03 7.373837381388431093e-17
7.315222483634950549e+03 8.809166474246365054e-17
7.318735364198686511e+03 1.078649871516252495e-16
7.322248244762422473e+03 1.208389643349397661e-16
7.325761125326158435e+03 1.245881306828343122e-16
7.329274005889894397e+03 1.071594285588971186e-16
7.332786886453630359e+03 8.585075967116359390e-17
7.336299767017366321e+03 5.499363395282015079e-17
7.339812647581102283e+03 1.520268961238554161e-17
7.343325528144838245e+03 6.311115435049703681e-17
7.346838408708574207e+03 1.013183092069661648e-16
7.350351289272310169e+03 5.612556113792751471e-17
7.353864169836046131e+03 1.992907059233798347e-17
7.357377050399782092e+03 5.166804363555685875e-17
7.360889930963518054e+03 1.076528848076768524e-16
7.364402811527254016e+03 1.231335898239414666e-16
7.367915692090989978e+03 9.830173371421798258e-17
7.371428572654725940e+03 8.696860493352285507e-17
7.374941453218461902e+03 6.935706942443184073e-17
7.378454333782197864e+03 7.508272098029529235e-17
7.381967214345933826e+03 9.572372276480051526e-17
7.385480094909669788e+03 6.566379401616627767e-17
7.388992975473405750e+03 4.555725678648871744e-17
7.392505856037141712e+03 5.607387889325520154e-17
7.396018736600877673e+03 6.720445430299324405e-17
7.399531617164613635e+03 5.157494611197524059e-17
7.403044497728349597e+03 5.596299036905879286e-17
7.406557378292085559e+03 7.545513754440136668e-17
7.410070258855821521e+03 6.104525422703359913e-17
7.413583139419557483e+03 6.744959754932945933e-17
7.417096019983293445e+03 1.025028847837013038e-16
7.420608900547029407e+03 1.024772885068264629e-16
7.424121781110765369e+03 8.894801505213774818e-17
7.427634661674501331e+03 7.873922986469409843e-17
7.431147542238237293e+03 3.537237381002539998e-17
7.434660422801973255e+03 1.721273188344449843e-17
7.438173303365709216e+03 5.100085629708383768e-17
7.441686183929445178e+03 7.199061397145366812e-17
7.445199064493181140e+03 7.760442409105504998e-17
7.448711945056917102e+03 7.163764607790994057e-17
7.452224825620653064e+03 6.717892420056740740e-17
7.455737706184389026e+03 8.501552562816674995e-17
7.459250586748124988e+03 6.452692359971829686e-17
7.462763467311860950e+03 1.862792872368187178e-17
7.466276347875596912e+03 3.284681603761114524e-17
7.469789228439332874e+03 8.391505115867110235e-17
7.473302109003068836e+03 9.858642942872403343e-17
7.476814989566804798e+03 7.942825146261606921e-17
7.480327870130540759e+03 1.063417770670007018e-16
7.483840750694276721e+03 1.261573121571821069e-16
7.487353631258012683e+03 1.512379047858227366e-16
7.490866511821748645e+03 1.633801353196029328e-16
7.494379392385484607e+03 1.369904003314215786e-16
7.497892272949220569e+03 1.423651023144359320e-16
7.501405153512956531e+03 1.312481919284172655e-16
7.504918034076692493e+03 1.051201305639333863e-16
7.508430914640428455e+03 8.541864713661079266e-17
7.511943795204164417e+03 7.262909152522619869e-17
7.515456675767900379e+03 7.186321492223070101e-17
7.518969556331636340e+03 7.482026649809956731e-17
7.522482436895372302e+03 8.929076561075522073e-17
7.525995317459108264e+03 1.104143048599544774e-16
7.529508198022844226e+03 1.304353976410777601e-16
7.533021078586580188e+03 1.739573268995429998e-16
7.536533959150316150e+03 2.029329608314631270e-16
7.540046839714052112e+03 1.821225392226172432e-16
7.543559720277788074e+03 1.470697615315027314e-16
7.547072600841524036e+03 1.343331520967664316e-16
7.550585481405259998e+03 1.181646827971109272e-16
7.554098361968995960e+03 1.302875506871124822e-16
7.557611242532731922e+03 1.269597435258075480e-16
7.561124123096467883e+03 1.011371765051517530e-16
7.564637003660203845e+03 9.690806673096413943e-17
7.568149884223939807e+03 8.526315041634062431e-17
7.571662764787675769e+03 1.273899965583433300e-16
7.575175645351411731e+03 1.489513525795995537e-16
7.578688525915147693e+03 9.221577551841623295e-17
7.582201406478883655e+03 5.988280076860057828e-17
7.585714287042619617e+03 8.652513686352092588e-17
7.589227167606355579e+03 1.410356311641611043e-16
7.592740048170091541e+03 1.158745704055313161e-16
7.596252928733827503e+03 9.251264733153906437e-17
7.599765809297563464e+03 1.493962698700346758e-16
7.603278689861299426e+03 1.612899624082447391e-16
7.606791570425035388e+03 1.166925130650033515e-16
7.610304450988771350e+03 1.316665600299118857e-16
7.613817331552507312e+03 1.741579148893646588e-16
7.617330212116243274e+03 2.237038895291432791e-16
7.620843092679979236e+03 1.991561467987746086e-16
7.624355973243715198e+03 1.706289771077562308e-16
7.627868853807451160e+03 1.263782951121868734e-16
7.631381734371187122e+03 5.035714434439507155e-17
7.634894614934923084e+03 7.426090049811160830e-17
7.638407495498659046e+03 8.068186684199733414e-17
7.641920376062395007e+03 6.253915564819416796e-17
7.645433256626130969e+03 9.296570407920170826e-17
7.648946137189866931e+03 9.524091398486556406e-17
7.652459017753602893e+03 8.938654650824396091e-17
7.655971898317338855e+03 1.110349947218346677e-16
7.659484778881074817e+03 1.186914578809642969e-16
7.662997659444810779e+03 1.093191309638240696e-16
7.666510540008546741e+03 9.953249243891318225e-17
7.670023420572282703e+03 8.328281385543967181e-17
7.673536301136018665e+03 7.483911298117597549e-17
7.677049181699754627e+03 8.720732925830565886e-17
7.680562062263490589e+03 8.035372098427509785e-17
7.684074942827226550e+03 6.554272124426811612e-17
7.687587823390962512e+03 8.670873125483829547e-17
7.691100703954698474e+03 1.093427420072287833e-16
7.694613584518434436e+03 1.164181935041011659e-16
7.698126465082170398e+03 1.035186559584715213e-16
7.701639345645906360e+03 5.974908205949770604e-17
7.705152226209642322e+03 6.022787405037809973e-17
7.708665106773378284e+03 4.654546299452621790e-17
7.712177987337114246e+03 4.756351718778708182e-17
7.715690867900850208e+03 6.496869098638081703e-17
7.719203748464586170e+03 8.139103855964109667e-17
7.722716629028322131e+03 1.071611887992406315e-16
7.726229509592058093e+03 9.343492062731118810e-17
7.729742390155794055e+03 7.121078117716317575e-17
7.733255270719530017e+03 8.726280991635081553e-17
7.736768151283265979e+03 9.472338347153808698e-17
7.740281031847001941e+03 1.186675159653145621e-16
7.743793912410737903e+03 1.314320245477510504e-16
7.747306792974473865e+03 1.211715835854146892e-16
7.750819673538209827e+03 1.448868120426405901e-16
7.754332554101945789e+03 1.390562210455462112e-16
7.757845434665681751e+03 9.151582190151876135e-17
7.761358315229417713e+03 5.585359738740988005e-17
7.764871195793153674e+03 5.177065704490528694e-17
7.768384076356889636e+03 6.023549734690338843e-17
7.771896956920625598e+03 6.802148375506902097e-17
7.775409837484360651e+03 6.815432234400013679e-17
7.778922718048096613e+03 9.701628842486567715e-17
7.782435598611832575e+03 1.153048613391639940e-16
7.785948479175568536e+03 1.052640666079625135e-16
7.789461359739304498e+03 1.127746548117071913e-16
7.792974240303040460e+03 1.077651629953023501e-16
7.796487120866776422e+03 1.004752334917623181e-16
7.800000001430512384e+03 8.155939959279768971e-17
7.803512881994248346e+03 5.669028726828481734e-17
7.807025762557984308e+03 3.592338197710412320e-17
7.810538643121720270e+03 6.511770922809347007e-17
7.814051523685456232e+03 1.006615741227133637e-16
7.817564404249192194e+03 1.304228377306567549e-16
7.821077284812928156e+03 1.374633491184548977e-16
7.824590165376664118e+03 1.222051887741915500e-16
7.828103045940400079e+03 9.246747665264876863e-17
7.831615926504136041e+03 7.893656207162474871e-17
7.835128807067872003e+03 1.078425209261883093e-16
7.838641687631607965e+03 6.004142092286374687e-17
7.842154568195343927e+03 -3.250066659385669231e-18
7.845667448759079889e+03 1.201593659785559994e-17
7.849180329322815851e+03 1.572379023723679756e-17
7.852693209886551813e+03 -2.482521839889805224e-18
7.856206090450287775e+03 4.927126134090485936e-18
7.859718971014023737e+03 2.931858632260706270e-17
7.863231851577759699e+03 4.902635301386260914e-17
7.866744732141495660e+03 8.948410749841091520e-17
7.870257612705231622e+03 1.532481786674532082e-16
7.873770493268967584e+03 1.729892079455007370e-16
7.877283373832703546e+03 1.577537322023560436e-16
7.880796254396439508e+03 1.604870016440272640e-16
7.884309134960175470e+03 1.347341163181729360e-16
7.887822015523911432e+03 1.426348028987976216e-16
7.891334896087647394e+03 1.164112451869557204e-16
7.894847776651383356e+03 4.213591204151628691e-17
7.898360657215119318e+03 2.104497859770264545e-17
7.901873537778855280e+03 1.107082070946782435e-17
7.905386418342591242e+03 -1.968577692185143676e-17
7.908899298906327203e+03 -2.050462451691360523e-17
7.912412179470063165e+03 -1.552709165065536289e-17
7.915925060033799127e+03 -5.245165912678855611e-18
7.919437940597535089e+03 5.812179941892418661e-17
7.922950821161271051e+03 8.354553965287631425e-17
7.926463701725007013e+03 4.671364866539294970e-17
7.929976582288742975e+03 5.508449147130297535e-17
7.933489462852478937e+03 1.068874383385998823e-16
7.937002343416214899e+03 1.719577997484308170e-16
7.940515223979950861e+03 1.519252323178501988e-16
7.944028104543686823e+03 8.168779787620062088e-17
7.947540985107422784e+03 3.523171670994443294e-17
7.951053865671158746e+03 6.523262777623423710e-17
7.954566746234894708e+03 1.350540036046594429e-16
7.958079626798630670e+03 1.487370664788340165e-16
7.961592507362366632e+03 1.089212372368513621e-16
7.965105387926102594e+03 6.736199581373764349e-17
7.968618268489838556e+03 6.064966337088623918e-17
7.972131149053574518e+03 5.973194949465050773e-17
7.975644029617310480e+03 3.496890819444653520e-17
7.979156910181046442e+03 3.348970080968735835e-17
7.982669790744782404e+03 5.721414405893709997e-17
7.986182671308518366e+03 8.014185025089821555e-17
7.989695551872254327e+03 7.548723215216842416e-17
7.993208432435990289e+03 7.272329747082863791e-17
7.996721312999726251e+03 1.163386385815082659e-16
8.000234193563462213e+03 9.352556638755719909e-17
8.003747074127198175e+03 5.584454472278609972e-17
8.007259954690934137e+03 1.120167456123718043e-16
8.010772835254670099e+03 1.079078152550207951e-16
8.014285715818406061e+03 6.746334198238764044e-17
8.017798596382142023e+03 5.727948470988388874e-17
8.021311476945877985e+03 4.084229089898950736e-17
8.024824357509613947e+03 8.457358453357559364e-18
8.028337238073349909e+03 2.345369876295501013e-17
8.031850118637085870e+03 5.340625119627373919e-17
8.035362999200821832e+03 4.847506029665316768e-17
8.038875879764557794e+03 5.461716089499011641e-17
8.042388760328293756e+03 5.155028289483135951e-17
8.045901640892029718e+03 5.869200479365904049e-17
8.049414521455765680e+03 1.050401256550872575e-16
8.052927402019501642e+03 1.232799809400286512e-16
8.056440282583237604e+03 9.656330446909693792e-17
8.059953163146973566e+03 7.895839302235124822e-17
8.063466043710709528e+03 5.603514037080811814e-17
8.066978924274445490e+03 3.000894133567646896e-17
8.070491804838181451e+03 5.418795672747105162e-17
8.074004685401917413e+03 7.162980440570293787e-17
8.077517565965653375e+03 7.204881439935289914e-17
8.081030446529389337e+03 4.365087017235000561e-17
8.084543327093125299e+03 4.621729397574683013e-17
8.088056207656861261e+03 9.583893909796180137e-17
8.091569088220597223e+03 9.543257504151655079e-17
8.095081968784333185e+03 7.103408216343204819e-17
8.098594849348069147e+03 5.215852534285385182e-17
8.102107729911805109e+03 4.487548790817761160e-17
8.105620610475541071e+03 1.006014943404624122e-16
8.109133491039277033e+03 1.204206756427839511e-16
8.112646371603012994e+03 8.998557747296506270e-17
8.116159252166748956e+03 8.679620725897700326e-17
8.119672132730484918e+03 1.062546914921111191e-16
8.123185013294220880e+03 1.088134919989826549e-16
8.126697893857956842e+03 9.632814032967056237e-17
8.130210774421692804e+03 1.062898168896425708e-16
8.133723654985428766e+03 1.036519577685456669e-16
8.137236535549164728e+03 7.552123258406680381e-17
8.140749416112900690e+03 7.564119362522169409e-17
8.144262296676636652e+03 7.701311568453274325e-17
8.147775177240372614e+03 5.107500145847064087e-17
8.151288057804108576e+03 2.628253734387815715e-17
8.154800938367844537e+03 3.176469174282437402e-17
8.158313818931580499e+03 5.386129648612896057e-17
8.161826699495316461e+03 4.610814583955923302e-17
8.165339580059052423e+03 3.527545140329133662e-17
8.168852460622788385e+03 5.690554613345071683e-17
8.172365341186524347e+03 5.671372625812211993e-17
8.175878221750260309e+03 3.802803385790444511e-17
8.179391102313996271e+03 4.338800540857045427e-17
8.182903982877732233e+03 6.108335747477024180e-17
8.186416863441468195e+03 4.701882868058826373e-17
8.189929744005204157e+03 8.110353704849726595e-17
8.193442624568939209e+03 9.768873332331208525e-17
8.196955505132675171e+03 6.285816281450891841e-17
8.200468385696411133e+03 9.141290739842736386e-17
8.203981266260147095e+03 7.249554486969073748e-17
8.207494146823883057e+03 5.586086995935544627e-17
8.211007027387619019e+03 6.155494968559897394e-17
8.214519907951354980e+03 2.798588585922082790e-17
8.218032788515090942e+03 4.819145976927813704e-17
8.221545669078826904e+03 5.063236056908126470e-17
8.225058549642562866e+03 1.525543230260314776e-17
8.228571430206298828e+03 3.029023899222615197e-17
8.232084310770034790e+03 5.255392760182154969e-17
8.235597191333770752e+03 4.450282980733267179e-17
8.239110071897506714e+03 4.566569685607196915e-17
8.242622952461242676e+03 8.171126333581752517e-17
8.246135833024978638e+03 8.316725341514356364e-17
8.249648713588714600e+03 6.334682141573584461e-17
8.253161594152450562e+03 6.737337781896637315e-17
8.256674474716186523e+03 5.153722005859792210e-17
8.260187355279922485e+03 5.908261933124128143e-17
8.263700235843658447e+03 1.001256140253382052e-16
8.267213116407394409e+03 1.116246222973522667e-16
8.270725996971130371e+03 9.624662002594223638e-17
8.274238877534866333e+03 1.059079373793288899e-16
8.277751758098602295e+03 1.174675482117410364e-16
8.281264638662338257e+03 9.721395150404134864e-17
8.284777519226074219e+03 7.075921997204802773e-17
8.288290399789810181e+03 4.747898925535151303e-17
8.291803280353546143e+03 3.715597373403674037e-17
8.295316160917282104e+03 1.818887614378975065e-17
8.298829041481018066e+03 1.933808974933824774e-17
8.302341922044754028e+03 3.246563466773445903e-17
8.305854802608489990e+03 5.185137663780066159e-17
8.309367683172225952e+03 4.589667215287637617e-17
8.312880563735961914e+03 3.255077140510086685e-17
8.316393444299697876e+03 2.956036459821141226e-17
8.319906324863433838e+03 5.273003021833102652e-18
8.323419205427169800e+03 1.874485566634991756e-17
8.326932085990905762e+03 2.869282418921069726e-17
8.330444966554641724e+03 3.746054825302366558e-17
8.333957847118377686e+03 5.732216061204672454e-17
8.337470727682113647e+03 7.502246914447692982e-17
8.340983608245849609e+03 7.986884094408631387e-17
8.344496488809585571e+03 5.961086348786254533e-17
8.348009369373321533e+03 3.136169596583343936e-17
8.351522249937057495e+03 3.427841090631176982e-17
8.355035130500793457e+03 8.044746370873450737e-17
8.358548011064529419e+03 7.271323895457999309e-17
8.362060891628265381e+03 4.488859706652535198e-17
8.365573772192001343e+03 4.328711253489613638e-17
8.369086652755737305e+03 3.705469043111329745e-17
8.372599533319473267e+03 4.705056263760824808e-17
8.376112413883209229e+03 7.653774491266586888e-17
8.379625294446945190e+03 7.424633550188577459e-17
8.383138175010681152e+03 2.926533905221579920e-17
8.386651055574417114e+03 1.535390153708268528e-17
8.390163936138153076e+03 4.001946456518095882e-17
8.393676816701889038e+03 5.362487172344905420e-17
8.397189697265625000e+03 4.970147466877123884e-17
8.400702577829360962e+03 4.690663321102402127e-17
8.404215458393096924e+03 6.735600702610275957e-17
8.407728338956832886e+03 5.724889887955412798e-17
8.411241219520568848e+03 3.146869674115084880e-17
8.414754100084304810e+03 7.955415496929154045e-17
8.418266980648040771e+03 1.455509785175165675e-16
8.421779861211776733e+03 1.360838236149532611e-16
8.425292741775512695e+03 9.619788916169551242e-17
8.428805622339248657e+03 7.760855337667291469e-17
8.432318502902984619e+03 5.967032784773775738e-17
8.435831383466720581e+03 4.132992048753441759e-17
8.439344264030456543e+03 4.251126013371324917e-18
8.442857144594192505e+03 -1.137779736095360355e-17
8.446370025157928467e+03 -1.597622425349205522e-17
8.449882905721664429e+03 -3.619364835300479903e-17
8.453395786285400391e+03 -1.993409488737863056e-17
8.456908666849136353e+03 4.373491834003029365e-17
8.460421547412872314e+03 7.355534190538347739e-17
8.463934427976608276e+03 4.351579157832009619e-17
8.467447308540344238e+03 6.371142939485941836e-17
8.470960189104080200e+03 1.005117287003881577e-16
8.474473069667816162e+03 7.353384182690199909e-17
8.477985950231552124e+03 5.418078010847654155e-17
8.481498830795288086e+03 6.698128759117133761e-17
8.485011711359024048e+03 4.617143508258689027e-17
8.488524591922760010e+03 2.634762322319627957e-17
8.492037472486495972e+03 6.378175959926112699e-17
8.495550353050231934e+03 9.091717474860188416e-17
8.499063233613967896e+03 6.509226515245133894e-17
8.502576114177703857e+03 5.467008391058125912e-17
8.506088994741439819e+03 6.989831686028243822e-17
8.509601875305175781e+03 9.575367993786473571e-17
8.513114755868911743e+03 8.868949133221287512e-17
8.516627636432647705e+03 6.342269042151920831e-17
8.520140516996383667e+03 6.827778401350735149e-17
8.523653397560119629e+03 6.518427410634683732e-17
8.527166278123855591e+03 4.080565010657585844e-17
8.530679158687591553e+03 3.211338145823997730e-17
8.534192039251327515e+03 4.064606380535722792e-17
8.537704919815063477e+03 4.400930738410393378e-17
8.541217800378799438e+03 3.530267888033413208e-17
8.544730680942535400e+03 4.008717757012454966e-17
8.548243561506271362e+03 4.202561908736091641e-17
8.551756442070007324e+03 3.306944011895121690e-17
8.555269322633743286e+03 2.733937472733918232e-17
8.558782203197479248e+03 2.416712218894729523e-17
8.562295083761215210e+03 4.566654058029677324e-17
8.565807964324951172e+03 4.557572607520580144e-17
8.569320844888687134e+03 4.535878307031274397e-17
8.572833725452423096e+03 5.290221034437577689e-17
8.576346606016159058e+03 3.254485871808233781e-17
8.579859486579895020e+03 2.649458674826735090e-17
8.583372367143630981e+03 2.587909819807889406e-17
8.586885247707366943e+03 5.552917715116658260e-17
8.590398128271102905e+03 6.941608379805382393e-17
8.593911008834838867e+03 5.505946760341202115e-17
8.597423889398574829e+03 7.371517305206342361e-17
8.600936769962310791e+03 7.475949188413407126e-17
8.604449650526046753e+03 5.528402397866301668e-17
8.607962531089782715e+03 5.021510088960746564e-17
8.611475411653518677e+03 3.132778486944121543e-17
8.614988292217254639e+03 4.552263762349214812e-17
8.618501172780990601e+03 8.714723624116490651e-17
8.622014053344726562e+03 8.725436605665787423e-17
8.625526933908462524e+03 8.029389928237526289e-17
8.629039814472198486e+03 6.002762355024636237e-17
8.632552695035934448e+03 5.717426071852224319e-17
8.636065575599670410e+03 7.507528297222721553e-17
8.639578456163406372e+03 5.756391572659392262e-17
8.643091336727142334e+03 4.511442399119722896e-17
8.646604217290878296e+03 4.944895297137105056e-17
8.650117097854614258e+03 4.901210565499199579e-17
8.653629978418350220e+03 5.099600901869427694e-17
8.657142858982086182e+03 7.664318727970922842e-17
8.660655739545822144e+03 7.078510741649848728e-17
8.664168620109558105e+03 3.085465410267313466e-17
8.667681500673294067e+03 2.987584135767178638e-17
8.671194381237030029e+03 5.540056049208193743e-17
8.674707261800765991e+03 5.724353874918478437e-17
8.678220142364501953e+03 4.647236008071123153e-17
8.681733022928237915e+03 6.452654640535897268e-17
8.685245903491973877e+03 9.570790045404360094e-17
8.688758784055709839e+03 8.397438316964830592e-17
8.692271664619445801e+03 4.219380475822764821e-17
8.695784545183181763e+03 5.179875471595248818e-17
8.699297425746917725e+03 8.675147333145013552e-17
8.702810306310653687e+03 7.330399811317556461e-17
8.706323186874389648e+03 4.506153737155303859e-17
8.709836067438125610e+03 5.746904803650144098e-17
8.713348948001861572e+03 9.396411769599811309e-17
8.716861828565597534e+03 7.652297477564812202e-17
8.720374709129333496e+03 7.236393050806620014e-17
8.723887589693069458e+03 1.147036532350706526e-16
8.727400470256805420e+03 9.456517359885874469e-17
8.730913350820541382e+03 5.511683423325379873e-17
8.734426231384277344e+03 6.806538388453843525e-17
8.737939111948013306e+03 8.837639354419420351e-17
8.741451992511749268e+03 8.968140000067216294e-17
8.744964873075485229e+03 8.451209027247717645e-17
8.748477753639221191e+03 8.239358807950026664e-17
8.751990634202957153e+03 9.205927956396610054e-17
8.755503514766693115e+03 1.239467811579749975e-16
8.759016395330429077e+03 1.561073913204693024e-16
8.762529275894165039e+03 1.354226085205028729e-16
8.766042156457901001e+03 1.281620935595452265e-16
8.769555037021636963e+03 1.695570304432263121e-16
8.773067917585372925e+03 1.990779815396107977e-16
8.776580798149108887e+03 2.265708578275826704e-16
8.780093678712844849e+03 2.295682956696788258e-16
8.783606559276580811e+03 2.083308635762983678e-16
8.787119439840316772e+03 1.853167269364928114e-16
8.790632320404052734e+03 1.974243879381131915e-16
8.794145200967788696e+03 2.286738288773782846e-16
8.797658081531524658e+03 2.373030564368702744e-16
8.801170962095260620e+03 2.417702817309098527e-16
8.804683842658996582e+03 2.360587385675741055e-16
8.808196723222732544e+03 2.342356324975072325e-16
8.811709603786468506e+03 2.466444269467663172e-16
8.815222484350204468e+03 2.423004978861114430e-16
8.818735364913940430e+03 2.226717534131343124e-16
8.822248245477676392e+03 2.148587215076606461e-16
8.825761126041412354e+03 2.088101783453258950e-16
8.829274006605148315e+03 2.309455447721347164e-16
8.832786887168884277e+03 2.601651903673130864e-16
8.836299767732620239e+03 2.360057460688115083e-16
8.839812648296356201e+03 2.239898954977396139e-16
8.843325528860092163e+03 2.340384061696949890e-16
8.846838409423828125e+03 2.233441916941358201e-16
8.850351289987564087e+03 2.246249849197231273e-16
8.853864170551300049e+03 2.328914970893330647e-16
8.857377051115036011e+03 2.107462839045124120e-16
8.860889931678771973e+03 2.212498497924903591e-16
8.864402812242507935e+03 2.555454462032085306e-16
8.867915692806243896e+03 2.415425092774372510e-16
8.871428573369979858e+03 2.096926940321362700e-16
8.874941453933715820e+03 1.808976766413283215e-16
8.878454334497451782e+03 1.567696519712139577e-16
8.881967215061187744e+03 1.261263557499379224e-16
8.885480095624923706e+03 1.555011010186924353e-16
8.888992976188659668e+03 1.990467339647909945e-16
8.892505856752395630e+03 1.690158557992696192e-16
8.896018737316131592e+03 1.477776693171705129e-16
8.899531617879867554e+03 1.722101626271533951e-16
8.903044498443603516e+03 2.001592058618911112e-16
8.906557379007339478e+03 2.657852010327861657e-16
8.910070259571075439e+03 3.589120531302030046e-16
8.913583140134811401e+03 3.626659178639768518e-16
8.917096020698547363e+03 3.021226762419792350e-16
8.920608901262283325e+03 2.709025770534026229e-16
8.924121781826019287e+03 2.564512155913989963e-16
8.927634662389755249e+03 2.434457658401380621e-16
8.931147542953491211e+03 2.743304664513815730e-16
8.934660423517227173e+03 3.260767679903308486e-16
8.938173304080963135e+03 3.119380940347620673e-16
8.941686184644699097e+03 2.537948408594707054e-16
8.945199065208435059e+03 1.918916084313175043e-16
8.948711945772171021e+03 1.557785440135876212e-16
8.952224826335906982e+03 1.390739822676589498e-16
8.955737706899642944e+03 1.289517929641822514e-16
8.959250587463378906e+03 1.617322194858298906e-16
8.962763468027114868e+03 2.122100627164862498e-16
8.966276348590850830e+03 2.400748658776415655e-16
8.969789229154586792e+03 2.097089464768117119e-16
8.973302109718322754e+03 2.039953783753364349e-16
8.976814990282058716e+03 2.429827829251247819e-16
8.980327870845794678e+03 2.130956356628406208e-16
8.983840751409530640e+03 1.705008633744840179e-16
8.987353631973266602e+03 1.861707611404517606e-16
8.990866512537002563e+03 1.982114535996798476e-16
8.994379393100738525e+03 2.459466570866859856e-16
8.997892273664474487e+03 2.506748214680390918e-16
9.001405154228210449e+03 2.764689599454026644e-16
9.004918034791946411e+03 2.954441390902342972e-16
9.008430915355682373e+03 2.196840696848213824e-16
9.011943795919418335e+03 1.712340497996714199e-16
9.015456676483154297e+03 1.781348801605114082e-16
9.018969557046890259e+03 2.072081875791617969e-16
9.022482437610626221e+03 2.126344129881708534e-16
9.025995318174362183e+03 1.814290574668323865e-16
9.029508198738098145e+03 1.573748570120271553e-16
9.033021079301834106e+03 1.441109828025148544e-16
9.036533959865570068e+03 1.459607174708610344e-16
9.040046840429306030e+03 1.531456347412762345e-16
9.043559720993041992e+03 1.611959814557689143e-16
9.047072601556777954e+03 1.623149649186510484e-16
9.050585482120513916e+03 1.555769237023614960e-16
9.054098362684249878e+03 1.569172474622730195e-16
9.057611243247985840e+03 1.666728170833764152e-16
9.061124123811721802e+03 1.744682730551945548e-16
9.064637004375457764e+03 1.566278533618876674e-16
9.068149884939193726e+03 1.330293301629256481e-16
9.071662765502929688e+03 1.636589282732578052e-16
9.075175646066665649e+03 1.993555701182937929e-16
9.078688526630401611e+03 1.955940423833252544e-16
9.082201407194137573e+03 1.937209481344805769e-16
9.085714287757873535e+03 1.860671584230907190e-16
9.089227168321609497e+03 1.781502988071293966e-16
9.092740048885345459e+03 1.548366301413510383e-16
9.096252929449081421e+03 1.300840774913142382e-16
9.099765810012817383e+03 1.340222380655649000e-16
9.103278690576553345e+03 1.151111025524795728e-16
9.106791571140289307e+03 1.224565987408484670e-16
9.110304451704025269e+03 1.519204545226320925e-16
9.113817332267761230e+03 1.563183951685642292e-16
9.117330212831497192e+03 1.540941660584132416e-16
9.120843093395233154e+03 1.349677650627171144e-16
9.124355973958969116e+03 1.385326885096940493e-16
9.127868854522705078e+03 1.472612306822516058e-16
9.131381735086441040e+03 1.433648658899920234e-16
9.134894615650177002e+03 1.441149003298959055e-16
9.138407496213912964e+03 1.110353123591898881e-16
9.141920376777648926e+03 6.671117672522582174e-17
9.145433257341384888e+03 5.054564226238365549e-17
9.148946137905120850e+03 8.200011480572104243e-17
9.152459018468856812e+03 1.013717516919819908e-16
9.155971899032592773e+03 6.492655109725491559e-17
9.159484779596328735e+03 6.133660709110947675e-17
9.162997660160064697e+03 8.794389719783717767e-17
9.166510540723800659e+03 9.654630425314774810e-17
9.170023421287536621e+03 6.132511258931743988e-17
9.173536301851272583e+03 7.473824326855880908e-17
9.177049182415008545e+03 1.422329122351050578e-16
9.180562062978744507e+03 1.326849583303075716e-16
9.184074943542480469e+03 1.108005849711269405e-16
9.187587824106216431e+03 1.444565457752150072e-16
9.191100704669952393e+03 1.602997411882350594e-16
9.194613585233688354e+03 1.391547018605543244e-16
9.198126465797424316e+03 8.431401029427277823e-17
9.201639346361160278e+03 6.044974374299952303e-17
9.205152226924896240e+03 7.713555165008039219e-17
9.208665107488632202e+03 8.589528845789854848e-17
9.212177988052368164e+03 9.521372952121462136e-17
9.215690868616104126e+03 9.649094932655569948e-17
9.219203749179840088e+03 8.360413712746957073e-17
9.222716629743576050e+03 7.373791721018618166e-17
9.226229510307312012e+03 7.644593448211738323e-17
9.229742390871047974e+03 8.094800062355769505e-17
9.233255271434783936e+03 1.208153135868656500e-16
9.236768151998519897e+03 1.359936675456298815e-16
9.240281032562255859e+03 8.406973393321851853e-17
9.243793913125991821e+03 1.023817259850194367e-16
9.247306793689727783e+03 1.333992188630797604e-16
9.250819674253463745e+03 1.089875969743128161e-16
9.254332554817199707e+03 8.614522273434267090e-17
9.257845435380935669e+03 7.737679060392535718e-17
9.261358315944671631e+03 4.793150006380987192e-17
9.264871196508407593e+03 8.838518151102196688e-17
9.268384077072143555e+03 1.432856947792033480e-16
9.271896957635879517e+03 1.034832724805889530e-16
9.275409838199615479e+03 9.917481292460035265e-17
9.278922718763351440e+03 1.207030949562442560e-16
9.282435599327087402e+03 8.770816395814936563e-17
9.285948479890823364e+03 7.658286926944186165e-17
9.289461360454559326e+03 8.886962479984732285e-17
9.292974241018295288e+03 6.562635251291967743e-17
9.296487121582031250e+03 3.968187230486336695e-17
9.300000002145767212e+03 2.110113423512764540e-17
