3401.423  3.301119E-18
3403.811  -4.205238E-17
3406.201  2.678362E-16
3408.592  5.524380E-17
3410.985  8.526312E-17
3413.379  1.152916E-16
3415.775  1.453477E-16
3418.172  -7.099778E-17
3420.571  -1.757909E-16
3422.972  3.930450E-17
3425.374  1.318888E-16
3427.777  1.306948E-16
3430.183  8.199992E-17
3432.589  1.551717E-16
3434.997  6.141911E-17
3437.407  -7.749498E-17
3439.818  1.207552E-18
3442.231  -4.386152E-17
3444.645  -9.313350E-18
3447.061  5.544582E-17
3449.478  1.246498E-16
3451.897  7.169006E-17
3454.317  -1.570832E-17
3456.739  1.431468E-16
3459.162  5.332121E-17
3461.587  4.264372E-17
3464.013  6.412986E-17
3466.441  -2.531040E-17
3468.871  2.010395E-16
3471.301  6.715973E-18
3473.734  2.594994E-17
3476.168  4.269479E-17
3478.603  4.701497E-17
3481.04  -4.760528E-17
3483.478  -6.584642E-17
3485.918  1.063796E-16
3488.359  1.549949E-16
3490.802  2.511156E-17
3493.246  -1.284259E-17
3495.692  -4.190012E-17
3498.139  8.200487E-17
3500.587  -4.838693E-17
3503.038  5.558809E-17
3505.489  4.969600E-17
3507.942  -4.790825E-17
3510.397  -1.471696E-16
3512.853  1.193074E-16
3515.31  6.202417E-17
3517.769  8.373353E-17
3520.229  1.932558E-16
3522.691  5.310654E-17
3525.154  2.825004E-17
3527.619  1.322404E-16
3530.085  7.693515E-17
3532.553  6.078272E-17
3535.022  -4.675918E-17
3537.493  1.216542E-16
3539.964  7.487115E-17
3542.438  8.064788E-18
3544.913  9.686982E-17
3547.389  1.329558E-16
3549.867  1.842937E-17
3552.346  2.182938E-16
3554.826  1.427780E-16
3557.308  6.938172E-17
3559.792  4.544907E-17
3562.277  -3.092197E-17
3564.763  3.261691E-17
3567.25  1.397401E-16
3569.74  1.632592E-17
3572.23  6.790865E-17
3574.722  1.079475E-17
3577.215  6.419092E-17
3579.71  3.596442E-18
3582.206  1.501558E-17
3584.704  1.384589E-16
3587.203  1.541951E-17
3589.703  6.689568E-17
3592.205  6.522539E-17
3594.708  3.678285E-17
3597.213  4.207534E-17
3599.718  2.610008E-17
3602.226  6.329463E-17
3604.735  9.248025E-17
3607.245  -8.121469E-18
3609.756  5.867765E-17
3612.269  1.423170E-16
3614.783  1.211459E-16
3617.299  1.163435E-16
3619.816  -3.237328E-17
3622.334  5.639283E-17
3624.854  1.477737E-17
3627.375  4.696402E-17
3629.898  6.580447E-17
3632.422  1.049955E-16
3634.947  1.956012E-17
3637.474  6.582285E-17
3640.002  -1.222596E-17
3642.531  5.792634E-17
3645.062  1.201702E-16
3647.594  2.924028E-17
3650.127  -1.537878E-17
3652.662  7.060431E-17
3655.198  1.164237E-16
3657.736  7.274799E-17
3660.274  3.992858E-17
3662.815  1.828168E-17
3665.356  4.711101E-17
3667.899  1.347682E-17
3670.443  1.076033E-16
3672.989  1.800617E-17
3675.536  -3.901958E-17
3678.084  7.944560E-17
3680.633  4.785488E-17
3683.184  5.727582E-17
3685.736  1.763082E-17
3688.29  3.201148E-17
3690.845  8.987920E-17
3693.401  3.723552E-17
3695.958  5.854747E-17
3698.517  3.140631E-17
3701.077  3.333070E-17
3703.639  3.131814E-17
3706.202  1.929484E-17
3708.766  -2.547903E-17
3711.331  1.159622E-16
3713.898  5.816340E-17
3716.466  2.641319E-17
3719.035  4.711322E-17
3721.606  5.020171E-17
3724.177  7.538592E-17
3726.751  7.870490E-17
3729.325  7.844558E-17
3731.901  1.134672E-16
3734.478  3.297461E-17
3737.056  4.012011E-17
3739.636  5.120772E-17
3742.217  4.523391E-18
3744.799  8.677700E-17
3747.383  6.921740E-17
3749.968  8.907362E-17
3752.554  2.722732E-17
3755.141  2.982179E-17
3757.73  3.988045E-17
3760.32  3.976379E-17
3762.911  6.730950E-17
3765.503  5.199363E-17
3768.097  5.604929E-17
3770.692  8.610147E-17
3773.288  4.704462E-17
3775.886  5.583676E-17
3778.484  9.233892E-17
3781.084  -1.420179E-17
3783.686  3.144718E-17
3786.288  5.401982E-17
3788.892  8.027673E-17
3791.497  4.891279E-17
3794.103  8.304995E-17
3796.711  2.972489E-17
3799.32  6.659550E-17
3801.93  4.260982E-17
3804.541  6.451108E-17
3807.154  4.119123E-17
3809.767  2.599781E-17
3812.382  2.776438E-17
3814.999  5.061539E-17
3817.616  5.746585E-17
3820.235  2.960810E-17
3822.855  6.347095E-17
3825.476  6.269486E-17
3828.098  3.874170E-17
3830.722  4.957753E-17
3833.347  8.297962E-17
3835.973  7.816427E-17
3838.6  5.302582E-17
3841.229  5.849447E-17
3843.858  3.665413E-17
3846.489  7.086982E-17
3849.121  6.390532E-17
3851.755  7.606925E-17
3854.389  8.817718E-17
3857.025  7.576410E-17
3859.662  8.991034E-17
3862.3  1.092376E-16
3864.94  6.360972E-17
3867.58  8.830077E-17
3870.222  7.299099E-17
3872.865  7.613613E-17
3875.509  1.184363E-16
3878.154  9.287736E-17
3880.801  8.299366E-17
3883.449  9.111341E-17
3886.098  8.443162E-17
3888.748  7.886820E-17
3891.399  7.699140E-17
3894.052  8.864726E-17
3896.705  7.333726E-17
3899.36  8.252062E-17
3902.016  1.061744E-16
3904.673  8.360574E-17
3907.332  6.727606E-17
3909.991  8.603778E-17
3912.652  9.779465E-17
3915.314  7.021018E-17
3917.977  1.108412E-16
3920.641  5.254417E-17
3923.306  1.119208E-16
3925.973  1.031384E-16
3928.64  9.470550E-17
3931.309  8.360696E-17
3933.979  7.229598E-17
3936.65  7.246591E-17
3939.323  9.313912E-17
3941.996  7.484598E-17
3944.671  8.423475E-17
3947.346  9.762322E-17
3950.023  7.295927E-17
3952.701  7.501539E-17
3955.38  6.538895E-17
3958.061  1.988063E-17
3960.742  4.259878E-17
3963.425  3.732543E-17
3966.109  4.864473E-17
3968.793  6.030303E-17
3971.479  4.063025E-17
3974.166  4.446417E-17
3976.855  2.301486E-17
3979.544  2.372967E-17
3982.235  1.979820E-17
3984.926  5.221708E-17
3987.619  3.186645E-17
3990.313  4.364826E-17
3993.008  6.166126E-17
3995.704  4.825029E-17
3998.401  6.053278E-17
4001.099  4.795499E-17
4003.799  5.918295E-17
4006.499  1.922975E-17
4009.201  3.506926E-17
4011.904  2.163238E-17
4014.608  4.694395E-17
4017.312  4.948854E-17
4020.018  5.528970E-17
4022.726  6.350633E-17
4025.434  6.975952E-17
4028.143  8.414135E-17
4030.854  6.138136E-17
4033.565  9.672289E-17
4036.278  5.167139E-17
4038.992  1.075911E-16
4041.706  7.504750E-17
4044.422  6.954538E-17
4047.139  8.804777E-17
4049.857  1.198103E-16
4052.576  1.313320E-16
4055.296  1.244238E-16
4058.018  1.581366E-16
4060.74  1.696118E-16
4063.464  1.672101E-16
4066.188  2.296592E-16
4068.914  1.884091E-16
4071.64  2.132360E-16
4074.368  2.378259E-16
4077.097  2.355093E-16
4079.827  2.106195E-16
4082.557  2.537902E-16
4085.289  2.404507E-16
4088.022  2.703677E-16
4090.756  2.404066E-16
4093.492  2.494169E-16
4096.228  2.662420E-16
4098.965  2.897831E-16
4101.703  2.761138E-16
4104.443  2.719552E-16
4107.183  2.843790E-16
4109.924  2.602866E-16
4112.667  2.710182E-16
4115.41  2.999159E-16
4118.155  2.702312E-16
4120.9  2.464560E-16
4123.647  2.564864E-16
4126.395  2.610845E-16
4129.143  2.688933E-16
4131.893  2.405101E-16
4134.644  2.700230E-16
4137.396  2.284336E-16
4140.149  2.224079E-16
4142.902  2.230636E-16
4145.657  2.258464E-16
4148.413  2.168813E-16
4151.17  1.987126E-16
4153.928  2.154797E-16
4156.687  1.651018E-16
4159.447  1.812622E-16
4162.208  1.701064E-16
4164.97  1.535738E-16
4167.733  1.814798E-16
4170.497  1.565033E-16
4173.262  1.459866E-16
4176.028  1.284820E-16
4178.795  1.529397E-16
4181.563  1.484978E-16
4184.332  1.530114E-16
4187.102  1.819175E-16
4189.873  1.689359E-16
4192.645  2.092413E-16
4195.418  2.190286E-16
4198.192  1.956960E-16
4200.967  2.484760E-16
4203.743  2.644219E-16
4206.52  2.667704E-16
4209.298  2.904031E-16
4212.077  3.059225E-16
4214.857  3.281001E-16
4217.638  3.197559E-16
4220.42  3.264872E-16
4223.203  3.134234E-16
4225.986  3.262979E-16
4228.771  3.569155E-16
4231.557  3.262325E-16
4234.344  3.340221E-16
4237.132  3.235390E-16
4239.92  3.061689E-16
4242.71  3.215835E-16
4245.501  3.243760E-16
4248.292  3.006069E-16
4251.085  3.196357E-16
4253.878  2.834403E-16
4256.673  2.787555E-16
4259.468  2.861181E-16
4262.265  3.013310E-16
4265.062  3.186026E-16
4267.861  2.895584E-16
4270.66  2.948583E-16
4273.46  3.164831E-16
4276.261  3.129807E-16
4279.063  3.054704E-16
4281.866  2.801714E-16
4284.671  3.008240E-16
4287.476  3.127900E-16
4290.281  2.900801E-16
4293.088  2.972983E-16
4295.896  3.074569E-16
4298.705  2.910859E-16
4301.514  3.324289E-16
4304.325  2.950725E-16
4307.137  2.731547E-16
4309.949  2.753035E-16
4312.762  2.826527E-16
4315.577  2.611986E-16
4318.392  2.972202E-16
4321.208  2.835365E-16
4324.025  2.670507E-16
4326.843  2.446117E-16
4329.662  2.720167E-16
4332.482  2.736278E-16
4335.303  2.675848E-16
4338.125  2.626223E-16
4340.947  2.637123E-16
4343.771  2.869503E-16
4346.595  2.513868E-16
4349.421  2.775859E-16
4352.247  2.677553E-16
4355.074  2.655037E-16
4357.902  2.687362E-16
4360.731  2.283328E-16
4363.561  2.413123E-16
4366.392  2.395117E-16
4369.223  2.168822E-16
4372.056  2.043483E-16
4374.889  1.976482E-16
4377.724  1.735818E-16
4380.559  1.642938E-16
4383.395  1.528210E-16
4386.232  1.408841E-16
4389.07  1.486988E-16
4391.909  1.060651E-16
4394.749  1.213816E-16
4397.589  1.115343E-16
4400.431  9.846587E-17
4403.273  9.765972E-17
4406.116  1.149653E-16
4408.96  9.890687E-17
4411.805  1.107377E-16
4414.651  1.136093E-16
4417.498  1.187524E-16
4420.346  1.309383E-16
4423.194  1.492384E-16
4426.044  1.445874E-16
4428.894  1.783042E-16
4431.745  1.576960E-16
4434.597  2.087115E-16
4437.45  2.032796E-16
4440.303  2.184282E-16
4443.158  2.429824E-16
4446.013  2.618285E-16
4448.87  2.485433E-16
4451.727  2.854233E-16
4454.585  2.835394E-16
4457.443  2.715395E-16
4460.303  3.024728E-16
4463.164  2.763697E-16
4466.025  2.899427E-16
4468.887  2.886305E-16
4471.75  2.864434E-16
4474.614  2.839586E-16
4477.479  2.962966E-16
4480.345  2.729974E-16
4483.211  2.645813E-16
4486.078  2.692735E-16
4488.947  2.678437E-16
4491.815  2.605488E-16
4494.685  2.827420E-16
4497.556  2.697203E-16
4500.427  2.786712E-16
4503.3  3.055812E-16
4506.173  2.875307E-16
4509.047  2.871118E-16
4511.922  2.797498E-16
4514.797  2.722899E-16
4517.674  2.914459E-16
4520.551  2.938179E-16
4523.429  2.711019E-16
4526.308  3.063150E-16
4529.188  2.707145E-16
4532.068  3.039411E-16
4534.949  2.963660E-16
4537.832  3.049989E-16
4540.715  2.906247E-16
4543.598  3.014979E-16
4546.483  2.648112E-16
4549.368  2.993192E-16
4552.255  2.689722E-16
4555.142  3.068351E-16
4558.03  2.956103E-16
4560.918  2.921152E-16
4563.808  2.882056E-16
4566.698  3.005475E-16
4569.589  3.041931E-16
4572.481  3.053114E-16
4575.373  2.981018E-16
4578.267  3.005978E-16
4581.161  3.145659E-16
4584.056  2.911783E-16
4586.952  2.822292E-16
4589.848  2.858456E-16
4592.746  3.079396E-16
4595.644  2.555315E-16
4598.543  2.554572E-16
4601.443  2.530037E-16
4604.343  2.904796E-16
4607.244  2.901711E-16
4610.146  2.732647E-16
4613.049  2.580323E-16
4615.953  2.688362E-16
4618.857  2.618892E-16
4621.763  2.520600E-16
4624.668  2.532809E-16
4627.575  2.417724E-16
4630.483  2.577282E-16
4633.391  2.505488E-16
4636.3  2.375082E-16
4639.21  2.376831E-16
4642.12  2.396899E-16
4645.032  2.343662E-16
4647.944  2.201385E-16
4650.857  2.106264E-16
4653.77  2.561701E-16
4656.685  2.248654E-16
4659.6  2.290768E-16
4662.516  2.530861E-16
4665.432  2.663741E-16
4668.35  2.851322E-16
4671.268  2.664726E-16
4674.187  2.797662E-16
4677.106  3.090903E-16
4680.027  2.939312E-16
4682.948  3.216224E-16
4685.87  3.084164E-16
4688.792  3.023766E-16
4691.716  3.427013E-16
4694.64  3.484698E-16
4697.565  3.644215E-16
4700.49  3.661286E-16
4703.417  3.752880E-16
4706.344  3.577833E-16
4709.271  3.927371E-16
4712.2  3.988763E-16
4715.129  3.951862E-16
4718.059  4.031027E-16
4720.99  3.849177E-16
4723.921  4.003140E-16
4726.854  3.813112E-16
4729.787  3.887090E-16
4732.72  3.846248E-16
4735.655  3.893923E-16
4738.59  3.973336E-16
4741.525  4.092751E-16
4744.462  3.964280E-16
4747.399  3.939304E-16
4750.337  3.764268E-16
4753.276  3.777578E-16
4756.215  4.047774E-16
4759.155  3.878178E-16
4762.096  4.229986E-16
4765.038  3.812175E-16
4767.98  3.878557E-16
4770.923  3.963564E-16
4773.866  3.969339E-16
4776.811  3.847412E-16
4779.756  4.080536E-16
4782.701  3.866419E-16
4785.648  4.011495E-16
4788.595  3.904069E-16
4791.543  4.031361E-16
4794.491  4.242416E-16
4797.441  4.125379E-16
4800.391  4.183217E-16
4803.341  3.906439E-16
4806.293  3.676859E-16
4809.245  3.831863E-16
4812.197  4.004037E-16
4815.151  3.588123E-16
4818.105  3.797575E-16
4821.06  3.813846E-16
4824.015  3.884824E-16
4826.971  3.696941E-16
4829.928  3.409964E-16
4832.885  3.604513E-16
4835.844  3.586311E-16
4838.803  3.461145E-16
4841.762  3.433032E-16
4844.722  3.400569E-16
4847.683  3.539990E-16
4850.645  3.571964E-16
4853.607  3.321540E-16
4856.57  3.370903E-16
4859.533  3.329814E-16
4862.498  3.295771E-16
4865.463  3.164059E-16
4868.428  3.020486E-16
4871.394  2.954635E-16
4874.361  2.833672E-16
4877.329  2.753997E-16
4880.297  2.623113E-16
4883.266  2.389604E-16
4886.236  2.280233E-16
4889.206  2.578823E-16
4892.177  2.242701E-16
4895.148  1.893681E-16
4898.12  2.115218E-16
4901.093  1.811341E-16
4904.067  1.706727E-16
4907.041  1.697872E-16
4910.016  1.488732E-16
4912.991  1.537279E-16
4915.967  1.344843E-16
4918.944  1.452740E-16
4921.921  1.189194E-16
4924.899  1.351100E-16
4927.878  1.328938E-16
4930.857  1.249290E-16
4933.837  1.345163E-16
4936.818  1.310056E-16
4939.799  1.305997E-16
4942.781  1.448290E-16
4945.763  1.510982E-16
4948.747  1.862392E-16
4951.73  1.958270E-16
4954.715  1.968160E-16
4957.7  2.284415E-16
4960.685  2.673434E-16
4963.672  2.894088E-16
4966.659  3.251081E-16
4969.646  3.200359E-16
4972.634  3.647206E-16
4975.623  3.940200E-16
4978.613  4.336328E-16
4981.603  4.311997E-16
4984.593  4.558731E-16
4987.585  4.829960E-16
4990.576  5.012047E-16
4993.569  4.899293E-16
4996.562  4.787693E-16
4999.556  4.930766E-16
5002.55  4.775525E-16
5005.545  4.827029E-16
5008.541  4.798397E-16
5011.537  4.837386E-16
5014.534  4.864260E-16
5017.531  4.637886E-16
5020.529  4.533265E-16
5023.528  4.593838E-16
5026.527  4.150653E-16
5029.527  4.386657E-16
5032.527  4.278443E-16
5035.528  4.497154E-16
5038.53  4.482502E-16
5041.532  4.544226E-16
5044.535  4.735830E-16
5047.538  4.706236E-16
5050.542  4.934249E-16
5053.547  4.810531E-16
5056.552  4.987005E-16
5059.558  5.161032E-16
5062.564  4.992286E-16
5065.571  5.005070E-16
5068.579  4.971426E-16
5071.587  4.870791E-16
5074.596  4.863812E-16
5077.605  4.829333E-16
5080.615  4.663067E-16
5083.626  4.514544E-16
5086.637  4.582752E-16
5089.648  4.117213E-16
5092.661  4.138274E-16
5095.674  4.302100E-16
5098.687  4.194602E-16
5101.701  4.048760E-16
5104.715  3.840073E-16
5107.731  3.821603E-16
5110.746  3.642750E-16
5113.763  3.861044E-16
5116.779  3.438137E-16
5119.797  3.429498E-16
5122.815  3.512287E-16
5125.833  3.656606E-16
5128.853  3.560825E-16
5131.872  3.616757E-16
5134.892  3.575426E-16
5137.913  3.870283E-16
5140.935  3.922526E-16
5143.957  3.911821E-16
5146.979  4.021256E-16
5150.002  3.994613E-16
5153.026  4.192225E-16
5156.05  4.290303E-16
5159.075  4.354673E-16
5162.1  4.152688E-16
5165.126  4.374840E-16
5168.152  4.519226E-16
5171.179  4.562430E-16
5174.207  4.563990E-16
5177.235  4.579495E-16
5180.263  4.765317E-16
5183.293  4.475085E-16
5186.322  4.446471E-16
5189.352  4.539854E-16
5192.383  4.461070E-16
5195.415  4.477381E-16
5198.446  4.307311E-16
5201.479  4.370434E-16
5204.512  4.090950E-16
5207.545  4.177462E-16
5210.579  4.063172E-16
5213.614  4.067890E-16
5216.649  3.842482E-16
5219.685  3.937611E-16
5222.721  3.582550E-16
5225.758  3.744618E-16
5228.795  3.863470E-16
5231.833  3.716357E-16
5234.871  3.438354E-16
5237.91  3.440876E-16
5240.949  3.196197E-16
5243.989  3.218302E-16
5247.03  3.388572E-16
5250.07  3.077136E-16
5253.112  3.057850E-16
5256.154  2.898772E-16
5259.196  2.728171E-16
5262.239  2.703522E-16
5265.283  2.731947E-16
5268.327  2.623658E-16
5271.372  2.574297E-16
5274.417  2.431809E-16
5277.462  2.637082E-16
5280.509  2.744691E-16
5283.555  2.738492E-16
5286.602  2.689917E-16
5289.65  2.605334E-16
5292.698  2.773771E-16
5295.747  2.890283E-16
5298.796  3.094761E-16
5301.846  3.081431E-16
5304.896  2.925550E-16
5307.947  3.191022E-16
5310.998  3.094505E-16
5314.05  3.228579E-16
5317.102  3.377276E-16
5320.155  3.105647E-16
5323.208  3.489491E-16
5326.262  3.358488E-16
5329.316  3.440600E-16
5332.371  3.346978E-16
5335.426  3.562209E-16
5338.482  3.593894E-16
5341.538  3.585974E-16
5344.595  3.714579E-16
5347.652  3.575801E-16
5350.71  3.590320E-16
5353.768  3.732107E-16
5356.827  3.575181E-16
5359.886  3.634791E-16
5362.946  3.602258E-16
5366.006  3.637824E-16
5369.067  3.590067E-16
5372.128  3.669315E-16
5375.19  3.613132E-16
5378.252  3.540950E-16
5381.314  3.514018E-16
5384.377  3.621494E-16
5387.441  3.532686E-16
5390.505  3.562751E-16
5393.57  3.712233E-16
5396.635  3.458505E-16
5399.7  3.619989E-16
5402.766  3.394938E-16
5405.832  3.505514E-16
5408.899  3.615506E-16
5411.967  3.439327E-16
5415.035  3.539295E-16
5418.103  3.689592E-16
5421.172  3.372316E-16
5424.241  3.518683E-16
5427.311  3.500819E-16
5430.381  3.616336E-16
5433.452  3.329191E-16
5436.523  3.464565E-16
5439.594  3.424703E-16
5442.667  3.471993E-16
5445.739  3.391519E-16
5448.812  3.594515E-16
5451.886  3.524331E-16
5454.96  3.647716E-16
5458.034  3.574876E-16
5461.109  3.554783E-16
5464.184  3.854438E-16
5467.26  3.728012E-16
5470.336  3.550884E-16
5473.413  3.472139E-16
5476.49  3.475778E-16
5479.568  3.782865E-16
5482.646  3.725226E-16
5485.724  3.824890E-16
5488.803  3.678749E-16
5491.882  3.627871E-16
5494.962  3.685563E-16
5498.043  3.573366E-16
5501.123  3.650352E-16
5504.205  3.634942E-16
5507.286  3.685847E-16
5510.368  3.708002E-16
5513.451  3.755927E-16
5516.534  3.698829E-16
5519.617  3.862780E-16
5522.701  3.530800E-16
5525.785  3.652138E-16
5528.87  3.713278E-16
5531.955  3.785508E-16
5535.041  3.619758E-16
5538.127  3.615576E-16
5541.214  3.688308E-16
5544.3  3.783130E-16
5547.388  3.678560E-16
5550.476  3.578401E-16
5553.564  3.596037E-16
5556.653  3.741652E-16
5559.742  3.946880E-16
5562.831  3.628877E-16
5565.921  3.885598E-16
5569.012  3.765482E-16
5572.102  3.935559E-16
5575.194  4.003632E-16
5578.285  3.492382E-16
5581.377  3.791889E-16
5584.47  3.800404E-16
5587.563  3.797085E-16
5590.656  3.851187E-16
5593.75  3.815495E-16
5596.844  3.700955E-16
5599.939  3.832869E-16
5603.034  3.771513E-16
5606.129  3.551114E-16
5609.225  3.612463E-16
5612.322  3.333321E-16
5615.418  3.650089E-16
5618.515  3.427220E-16
5621.613  3.495603E-16
5624.711  3.525519E-16
5627.809  3.436684E-16
5630.908  3.418033E-16
5634.007  3.321031E-16
5637.107  3.428604E-16
5640.207  3.459307E-16
5643.307  3.424258E-16
5646.408  3.323845E-16
5649.51  3.329162E-16
5652.611  3.275481E-16
5655.713  3.265668E-16
5658.816  3.438676E-16
5661.919  3.268127E-16
5665.022  3.316631E-16
5668.126  3.485946E-16
5671.23  3.452256E-16
5674.334  3.489883E-16
5677.439  3.379490E-16
5680.544  3.516478E-16
5683.65  3.667165E-16
5686.756  3.487453E-16
5689.863  3.569644E-16
5692.969  3.520337E-16
5696.077  3.644759E-16
5699.184  3.527669E-16
5702.293  3.644083E-16
5705.401  3.598397E-16
5708.51  3.600111E-16
5711.619  3.579739E-16
5714.729  3.680819E-16
5717.839  3.518758E-16
5720.949  3.534390E-16
5724.06  3.413665E-16
5727.171  3.554022E-16
5730.283  3.327403E-16
5733.395  3.195854E-16
5736.507  3.284943E-16
5739.62  3.239850E-16
5742.733  3.290451E-16
5745.846  3.122769E-16
5748.96  3.051192E-16
5752.075  3.026514E-16
5755.189  3.001849E-16
5758.304  2.977172E-16
5761.42  2.952490E-16
5764.535  2.965827E-16
5767.652  2.940465E-16
5770.768  3.037151E-16
5773.885  2.688550E-16
5777.002  2.712078E-16
5780.12  2.792836E-16
5783.238  2.864389E-16
5786.357  2.814495E-16
5789.475  2.845384E-16
5792.595  2.781542E-16
5795.714  2.890926E-16
5798.834  2.988625E-16
5801.954  2.917456E-16
5805.075  2.947186E-16
5808.196  2.973004E-16
5811.317  2.895960E-16
5814.439  2.909307E-16
5817.561  3.115710E-16
5820.684  3.030413E-16
5823.807  3.118576E-16
5826.93  3.091261E-16
5830.053  3.202537E-16
5833.177  3.131967E-16
5836.302  2.993976E-16
5839.426  3.042855E-16
5842.551  3.051729E-16
5845.677  3.250737E-16
5848.803  3.070439E-16
5851.929  3.025376E-16
5855.055  3.069443E-16
5858.182  3.012365E-16
5861.309  2.940567E-16
5864.437  3.060950E-16
5867.565  3.104957E-16
5870.693  3.164904E-16
5873.822  2.949581E-16
5876.951  3.009743E-16
5880.08  2.981711E-16
5883.21  3.057578E-16
5886.34  3.060813E-16
5889.47  2.851955E-16
5892.601  3.058619E-16
5895.732  2.784675E-16
5898.863  2.932173E-16
5901.995  3.006755E-16
5905.127  2.874762E-16
5908.26  2.974369E-16
5911.392  2.939725E-16
5914.525  2.781280E-16
5917.659  2.828295E-16
5920.793  2.635779E-16
5923.927  2.713621E-16
5927.062  2.666303E-16
5930.196  2.697521E-16
5933.332  2.606853E-16
5936.467  2.682974E-16
5939.603  2.427138E-16
5942.739  2.633232E-16
5945.876  2.546100E-16
5949.013  2.526567E-16
5952.15  2.622233E-16
5955.288  2.334925E-16
5958.426  2.269465E-16
5961.564  2.378768E-16
5964.702  2.089292E-16
5967.841  2.194321E-16
5970.981  2.081929E-16
5974.12  2.009277E-16
5977.26  2.051082E-16
5980.4  2.016850E-16
5983.541  1.847403E-16
5986.682  1.980113E-16
5989.823  1.884979E-16
5992.965  2.008251E-16
5996.107  2.013061E-16
5999.249  1.928457E-16
6002.392  2.052853E-16
6005.534  2.121213E-16
6008.678  2.039044E-16
6011.821  2.110098E-16
6014.965  2.174864E-16
6018.109  2.289964E-16
6021.254  2.214277E-16
6024.399  2.288675E-16
6027.544  2.396883E-16
6030.689  2.626375E-16
6033.835  2.691233E-16
6036.981  2.605005E-16
6040.128  2.654435E-16
6043.274  2.567069E-16
6046.422  2.896308E-16
6049.569  2.857787E-16
6052.717  2.901346E-16
6055.865  2.811862E-16
6059.013  3.035044E-16
6062.162  3.019319E-16
6065.311  3.075962E-16
6068.46  3.057290E-16
6071.61  2.833179E-16
6074.76  2.904090E-16
6077.91  3.144880E-16
6081.06  3.159604E-16
6084.211  3.127411E-16
6087.362  3.077871E-16
6090.514  3.038458E-16
6093.666  3.052396E-16
6096.818  3.098209E-16
6099.97  3.061383E-16
6103.123  3.127244E-16
6106.276  3.099968E-16
6109.429  3.048640E-16
6112.583  3.076206E-16
6115.737  2.991439E-16
6118.891  2.940210E-16
6122.046  3.040435E-16
6125.201  3.001362E-16
6128.356  2.972082E-16
6131.511  2.864388E-16
6134.667  3.038283E-16
6137.823  3.016197E-16
6140.98  2.879776E-16
6144.136  2.822110E-16
6147.293  2.879901E-16
6150.451  2.913613E-16
6153.608  2.949448E-16
6156.766  3.138539E-16
6159.924  3.133692E-16
6163.083  3.034476E-16
6166.242  2.993019E-16
6169.401  2.940984E-16
6172.56  2.990541E-16
6175.72  3.014560E-16
6178.88  3.023638E-16
6182.04  2.941060E-16
6185.201  2.932315E-16
6188.361  2.996190E-16
6191.523  2.860602E-16
6194.684  2.869839E-16
6197.846  2.695248E-16
6201.008  2.732074E-16
6204.17  2.822152E-16
6207.333  2.754417E-16
6210.496  2.917533E-16
6213.659  2.837890E-16
6216.822  2.738767E-16
6219.986  2.715210E-16
6223.15  2.815866E-16
6226.314  2.570776E-16
6229.479  2.643434E-16
6232.644  2.801004E-16
6235.809  2.483615E-16
6238.975  2.458407E-16
6242.14  2.663956E-16
6245.306  2.440978E-16
6248.473  2.689819E-16
6251.639  2.648547E-16
6254.806  2.458896E-16
6257.973  2.496190E-16
6261.141  2.609448E-16
6264.309  2.550704E-16
6267.477  2.521728E-16
6270.645  2.505805E-16
6273.814  2.520124E-16
6276.983  2.590334E-16
6280.152  2.521451E-16
6283.321  2.443703E-16
6286.491  2.451842E-16
6289.661  2.333091E-16
6292.831  2.539709E-16
6296.002  2.488050E-16
6299.172  1.999351E-16
6302.344  1.230805E-16
6305.515  1.446316E-16
6308.687  2.142720E-16
6311.858  2.535833E-16
6315.031  2.597112E-16
6318.203  2.681749E-16
6321.376  2.648050E-16
6324.549  2.722692E-16
6327.722  2.713740E-16
6330.896  2.781324E-16
6334.07  2.616260E-16
6337.244  2.744361E-16
6340.418  2.522706E-16
6343.593  2.668969E-16
6346.768  2.489142E-16
6349.943  2.562050E-16
6353.118  2.548283E-16
6356.294  2.630205E-16
6359.47  2.506367E-16
6362.646  2.501713E-16
6365.823  2.593391E-16
6369.  2.778194E-16
6372.177  2.569253E-16
6375.354  2.447045E-16
6378.532  2.440823E-16
6381.709  2.458957E-16
6384.887  2.435311E-16
6388.066  2.502545E-16
6391.245  2.613621E-16
6394.423  2.520141E-16
6397.603  2.480155E-16
6400.782  2.563485E-16
6403.962  2.624509E-16
6407.142  2.723154E-16
6410.322  2.499912E-16
6413.502  2.606070E-16
6416.683  2.693282E-16
6419.864  2.669581E-16
6423.045  2.767025E-16
6426.227  2.852253E-16
6429.409  2.717323E-16
6432.591  2.616629E-16
6435.773  2.738274E-16
6438.956  2.834069E-16
6442.138  2.733054E-16
6445.321  2.681502E-16
6448.505  2.613606E-16
6451.688  2.680416E-16
6454.872  2.440285E-16
6458.056  2.592399E-16
6461.241  2.739807E-16
6464.425  2.554450E-16
6467.61  2.767429E-16
6470.795  2.683356E-16
6473.98  2.640015E-16
6477.166  2.767336E-16
6480.352  2.460495E-16
6483.538  2.464388E-16
6486.724  2.350813E-16
6489.911  2.366707E-16
6493.098  2.324205E-16
6496.285  2.480457E-16
6499.472  2.305901E-16
6502.66  2.267299E-16
6505.848  2.249768E-16
6509.036  2.216715E-16
6512.224  2.142822E-16
6515.413  2.352257E-16
6518.602  2.137390E-16
6521.791  1.979194E-16
6524.98  1.970875E-16
6528.17  2.049504E-16
6531.36  2.057074E-16
6534.55  2.027881E-16
6537.74  1.880320E-16
6540.931  1.897273E-16
6544.122  1.938298E-16
6547.313  1.818406E-16
6550.504  1.867796E-16
6553.696  1.830949E-16
6556.887  1.671289E-16
6560.079  1.725941E-16
6563.272  1.480995E-16
6566.464  1.584056E-16
6569.657  1.536419E-16
6572.85  1.396950E-16
6576.043  1.382083E-16
6579.237  1.279359E-16
6582.431  1.269126E-16
6585.625  1.231323E-16
6588.819  1.259874E-16
6592.013  1.250950E-16
6595.208  1.063111E-16
6598.403  1.040199E-16
6601.598  1.080826E-16
6604.794  1.177198E-16
6607.989  1.094674E-16
6611.185  1.014914E-16
6614.381  8.480887E-17
6617.578  9.428674E-17
6620.774  8.753757E-17
6623.971  1.122494E-16
6627.168  9.806753E-17
6630.366  9.242037E-17
6633.563  1.130246E-16
6636.761  1.167368E-16
6639.959  1.206781E-16
6643.157  1.210210E-16
6646.356  2.278150E-16
6649.555  1.651191E-16
6652.753  1.492475E-16
6655.953  1.716792E-16
6659.152  1.640031E-16
6662.352  2.077393E-16
6665.552  2.161203E-16
6668.752  2.248781E-16
6671.952  2.465163E-16
6675.153  2.651749E-16
6678.354  2.827819E-16
6681.555  3.194543E-16
6684.756  3.363142E-16
6687.958  3.661743E-16
6691.159  4.013497E-16
6694.361  4.226477E-16
6697.564  4.396093E-16
6700.766  4.907262E-16
6703.969  5.175171E-16
6707.172  5.376105E-16
6710.375  5.759772E-16
6713.578  6.021960E-16
6716.782  6.331232E-16
6719.986  6.528699E-16
6723.19  6.863072E-16
6726.394  6.886628E-16
6729.599  7.206512E-16
6732.803  7.359017E-16
6736.008  7.349047E-16
6739.214  7.538792E-16
6742.419  7.853922E-16
6745.625  7.591997E-16
6748.831  7.848823E-16
6752.037  7.804935E-16
6755.243  8.140621E-16
6758.45  7.954880E-16
6761.656  7.551480E-16
6764.863  7.817371E-16
6768.071  7.633933E-16
6771.278  7.614682E-16
6774.486  7.708828E-16
6777.694  7.522910E-16
6780.902  7.508868E-16
6784.11  7.476001E-16
6787.319  7.447509E-16
6790.528  7.480303E-16
6793.737  7.456297E-16
6796.946  7.142318E-16
6800.155  7.120302E-16
6803.365  7.110801E-16
6806.575  6.786431E-16
6809.785  6.713131E-16
6812.996  6.580676E-16
6816.206  6.689757E-16
6819.417  6.381952E-16
6822.628  6.458431E-16
6825.839  6.342697E-16
6829.051  6.113247E-16
6832.263  6.115825E-16
6835.474  6.018527E-16
6838.687  5.933995E-16
6841.899  5.733096E-16
6845.112  5.746882E-16
6848.324  5.594435E-16
6851.537  5.464437E-16
6854.751  5.150677E-16
6857.964  5.166431E-16
6861.178  4.986146E-16
6864.392  4.432619E-16
6867.606  4.188769E-16
6870.82  3.879384E-16
6874.035  3.717476E-16
6877.249  3.822940E-16
6880.464  4.128328E-16
6883.68  4.119619E-16
6886.895  4.043842E-16
6890.111  3.753321E-16
6893.327  3.769959E-16
6896.543  3.388495E-16
6899.759  3.669609E-16
6902.975  3.656586E-16
6906.192  3.826774E-16
6909.409  3.663573E-16
6912.626  3.618954E-16
6915.844  3.502119E-16
6919.061  3.536062E-16
6922.279  3.430785E-16
6925.497  3.499461E-16
6928.715  3.474334E-16
6931.934  3.358126E-16
6935.153  3.122815E-16
6938.371  3.473123E-16
6941.591  3.158177E-16
6944.81  3.345512E-16
6948.029  3.287929E-16
6951.249  3.293879E-16
6954.469  3.067155E-16
6957.689  3.095002E-16
6960.91  2.939724E-16
6964.13  3.015005E-16
6967.351  3.123645E-16
6970.572  3.006088E-16
6973.793  2.905670E-16
6977.015  2.894028E-16
6980.237  2.957537E-16
6983.458  2.913362E-16
6986.681  2.774465E-16
6989.903  2.943400E-16
6993.125  2.807249E-16
6996.348  2.685208E-16
6999.571  2.468199E-16
7002.794  2.645014E-16
7006.018  2.743453E-16
7009.241  2.475270E-16
7012.465  2.667711E-16
7015.689  2.711090E-16
7018.913  2.688172E-16
7022.138  2.541840E-16
7025.362  2.524189E-16
7028.587  2.468051E-16
7031.812  2.561760E-16
7035.038  2.455197E-16
7038.263  2.453678E-16
7041.489  2.517935E-16
7044.715  2.339907E-16
7047.941  2.491531E-16
7051.167  2.393133E-16
7054.394  2.345315E-16
7057.621  2.445912E-16
7060.848  2.369586E-16
7064.075  2.357517E-16
7067.302  2.263770E-16
7070.53  2.385669E-16
7073.758  2.334146E-16
7076.986  2.294737E-16
7080.214  2.429272E-16
7083.442  2.413097E-16
7086.671  2.160793E-16
7089.9  2.296049E-16
7093.129  2.222585E-16
7096.358  2.285781E-16
7099.588  2.264667E-16
7102.817  2.216353E-16
7106.047  2.222142E-16
7109.277  2.202942E-16
7112.508  2.121138E-16
7115.738  1.986609E-16
7118.969  2.070553E-16
7122.2  2.186355E-16
7125.431  2.142921E-16
7128.663  2.113550E-16
7131.894  2.015753E-16
7135.126  2.153975E-16
7138.358  2.122385E-16
7141.59  2.095697E-16
7144.823  2.100186E-16
7148.055  2.193328E-16
7151.288  2.067470E-16
7154.521  2.080865E-16
7157.755  1.802371E-16
7160.988  2.061887E-16
7164.222  1.973225E-16
7167.456  1.875609E-16
7170.69  1.979929E-16
7173.924  1.914570E-16
7177.159  1.902199E-16
7180.393  1.823756E-16
7183.628  1.814763E-16
7186.863  1.761336E-16
7190.099  1.631124E-16
7193.334  1.834204E-16
7196.57  1.814275E-16
7199.806  1.734604E-16
7203.042  1.801134E-16
7206.279  1.973931E-16
7209.515  1.943389E-16
7212.752  1.871890E-16
7215.989  1.998013E-16
7219.226  1.935596E-16
7222.464  2.117374E-16
7225.702  2.034143E-16
7228.939  2.064302E-16
7232.178  1.915527E-16
7235.416  1.878675E-16
7238.654  2.006677E-16
7241.893  1.853319E-16
7245.132  1.924659E-16
7248.371  1.855084E-16
7251.61  1.920344E-16
7254.85  1.848911E-16
7258.09  1.829795E-16
7261.33  1.846083E-16
7264.57  2.068158E-16
7267.81  2.000145E-16
7271.051  1.798435E-16
7274.292  1.862627E-16
7277.533  1.906894E-16
7280.774  1.849812E-16
7284.015  2.023168E-16
7287.257  1.949908E-16
7290.499  2.024114E-16
7293.741  1.921832E-16
7296.983  2.040347E-16
7300.225  2.100245E-16
7303.468  1.862109E-16
7306.711  2.008277E-16
7309.954  1.858393E-16
7313.197  1.745878E-16
7316.441  1.978214E-16
7319.685  1.986575E-16
7322.928  1.855718E-16
7326.173  2.008347E-16
7329.417  2.104245E-16
7332.662  1.964888E-16
7335.906  1.729142E-16
7339.151  2.013551E-16
7342.396  2.043166E-16
7345.642  1.947814E-16
7348.887  2.062891E-16
7352.133  1.866552E-16
7355.379  1.953670E-16
7358.626  1.883439E-16
7361.872  2.014830E-16
7365.119  2.002177E-16
7368.365  1.934697E-16
7371.613  2.007929E-16
7374.86  1.862011E-16
7378.107  2.005018E-16
7381.355  2.067045E-16
7384.603  1.836889E-16
7387.851  1.925395E-16
7391.099  1.912652E-16
7394.348  2.014076E-16
7397.597  1.902267E-16
7400.846  2.057723E-16
7404.095  1.886312E-16
7407.344  1.977407E-16
7410.594  1.951115E-16
7413.844  2.092678E-16
7417.094  1.937669E-16
7420.344  1.990562E-16
7423.594  1.983419E-16
7426.845  1.751058E-16
7430.096  2.094351E-16
7433.347  1.950008E-16
7436.598  2.140414E-16
7439.85  1.985373E-16
7443.102  2.082185E-16
7446.353  2.034829E-16
7449.606  2.290083E-16
7452.858  2.182615E-16
7456.111  2.109023E-16
7459.363  2.324691E-16
7462.616  2.085585E-16
7465.87  2.113255E-16
7469.123  2.101835E-16
7472.377  2.133666E-16
7475.63  2.221198E-16
7478.885  2.284561E-16
7482.139  2.207331E-16
7485.393  2.257752E-16
7488.648  2.306045E-16
7491.903  2.185630E-16
7495.158  2.252250E-16
7498.413  2.230244E-16
7501.669  2.200942E-16
7504.925  2.125297E-16
7508.181  2.358991E-16
7511.437  2.334348E-16
7514.693  2.266186E-16
7517.95  2.280656E-16
7521.207  2.192219E-16
7524.464  2.346906E-16
7527.721  2.446994E-16
7530.979  2.370917E-16
7534.236  2.401782E-16
7537.494  2.415075E-16
7540.752  2.317407E-16
7544.011  2.347787E-16
7547.269  2.356525E-16
7550.528  2.369564E-16
7553.787  2.100997E-16
7557.046  2.353469E-16
7560.306  2.170093E-16
7563.566  2.158907E-16
7566.825  2.242614E-16
7570.085  2.196571E-16
7573.346  2.091182E-16
7576.606  2.254144E-16
7579.867  2.132410E-16
7583.128  2.244477E-16
7586.389  2.030530E-16
7589.651  1.976663E-16
7592.912  1.407360E-16
7596.174  1.111487E-16
7599.436  6.655546E-17
7602.698  5.282592E-17
7605.961  6.159105E-17
7609.224  8.026527E-17
7612.487  1.323423E-16
7615.75  1.201097E-16
7619.013  1.320050E-16
7622.277  1.165659E-16
7625.541  1.025739E-16
7628.805  1.030132E-16
7632.069  1.096196E-16
7635.333  1.211901E-16
7638.598  1.292087E-16
7641.863  1.323475E-16
7645.128  1.371155E-16
7648.394  1.743224E-16
7651.659  1.641979E-16
7654.925  1.596491E-16
7658.191  1.766237E-16
7661.457  1.885237E-16
7664.724  1.913193E-16
7667.99  1.933723E-16
7671.257  1.933239E-16
7674.525  2.001957E-16
7677.792  1.823163E-16
7681.06  1.867332E-16
7684.327  1.888148E-16
7687.595  1.932308E-16
7690.864  1.790508E-16
7694.132  2.031823E-16
7697.401  1.747669E-16
7700.67  1.891409E-16
7703.939  2.032645E-16
7707.208  1.922587E-16
7710.478  2.169998E-16
7713.748  1.918397E-16
7717.018  1.972950E-16
7720.288  1.770633E-16
7723.559  1.855914E-16
7726.83  2.038929E-16
7730.101  1.771778E-16
7733.372  1.943483E-16
7736.643  2.039754E-16
7739.915  1.940402E-16
7743.187  1.747060E-16
7746.459  1.689478E-16
7749.731  2.086620E-16
7753.004  2.067443E-16
7756.277  1.792928E-16
7759.55  1.707666E-16
7762.823  1.825617E-16
7766.097  1.798775E-16
7769.37  1.885786E-16
7772.644  1.758400E-16
7775.919  1.823254E-16
7779.193  1.710389E-16
7782.468  1.834047E-16
7785.743  1.723383E-16
7789.018  1.769330E-16
7792.293  1.721587E-16
7795.569  1.851221E-16
7798.845  1.717419E-16
7802.121  1.819992E-16
7805.397  1.908272E-16
7808.674  1.977351E-16
7811.95  1.536029E-16
7815.227  1.684614E-16
7818.505  1.580648E-16
7821.782  1.804131E-16
7825.06  1.746891E-16
7828.338  1.801518E-16
7831.616  1.794640E-16
7834.894  1.715045E-16
7838.173  1.669334E-16
7841.452  1.775734E-16
7844.731  1.845144E-16
7848.01  1.919276E-16
7851.29  1.655344E-16
7854.57  1.651653E-16
7857.85  1.650587E-16
7861.13  1.916987E-16
7864.411  1.723977E-16
7867.692  1.549568E-16
7870.973  1.941559E-16
7874.254  1.822004E-16
7877.536  1.445706E-16
7880.817  1.725559E-16
7884.099  1.584487E-16
7887.382  1.621087E-16
7890.664  1.737229E-16
7893.947  1.697324E-16
7897.23  1.743839E-16
7900.513  1.603105E-16
7903.797  1.575231E-16
7907.08  1.706845E-16
7910.364  1.609007E-16
7913.648  1.470524E-16
7916.933  1.646713E-16
7920.217  1.417327E-16
7923.502  1.573945E-16
7926.788  1.525448E-16
7930.073  1.372694E-16
7933.359  1.453510E-16
7936.645  1.613285E-16
7939.931  1.401605E-16
7943.217  1.439892E-16
7946.504  1.547032E-16
7949.791  1.333221E-16
7953.078  1.370767E-16
7956.365  1.486455E-16
7959.653  1.648233E-16
7962.941  1.612717E-16
7966.229  1.539302E-16
7969.517  1.744272E-16
7972.806  1.691107E-16
7976.095  1.725060E-16
7979.384  1.780735E-16
7982.674  1.795440E-16
7985.963  1.865932E-16
7989.253  1.927761E-16
7992.543  1.949071E-16
7995.834  1.709945E-16
7999.124  2.114852E-16
8002.415  1.702513E-16
8005.706  1.935755E-16
8008.998  1.851085E-16
8012.29  1.883014E-16
8015.581  1.924920E-16
8018.874  1.788143E-16
8022.166  2.094820E-16
8025.459  1.994748E-16
8028.752  2.042177E-16
8032.045  1.977992E-16
8035.339  2.035559E-16
8038.632  2.015513E-16
8041.926  1.995461E-16
8045.221  1.975401E-16
8048.515  1.955349E-16
8051.81  1.935291E-16
8055.105  1.915234E-16
8058.4  1.895176E-16
8061.696  1.875112E-16
8064.992  1.905546E-16
8068.288  1.725185E-16
8071.584  1.730620E-16
8074.881  1.917625E-16
8078.177  2.101564E-16
8081.475  1.811135E-16
8084.772  1.869951E-16
8088.07  1.859563E-16
8091.368  1.960614E-16
8094.666  1.769269E-16
8097.964  1.736687E-16
8101.263  1.845714E-16
8104.562  1.662919E-16
8107.861  1.768125E-16
8111.161  1.818211E-16
8114.461  1.657750E-16
8117.761  1.676765E-16
8121.061  1.664732E-16
8124.361  1.699777E-16
8127.662  2.138774E-16
8130.964  1.720069E-16
8134.265  1.588110E-16
8137.567  1.651825E-16
8140.869  1.794541E-16
8144.171  1.856186E-16
8147.473  1.705629E-16
8150.776  1.526714E-16
8154.079  1.601478E-16
8157.382  1.580500E-16
8160.686  1.760746E-16
8163.99  1.473260E-16
8167.294  1.556319E-16
8170.598  1.530145E-16
8173.903  1.528600E-16
8177.208  1.601115E-16
8180.513  1.427317E-16
8183.819  1.528610E-16
8187.125  1.664630E-16
8190.431  1.745712E-16
8193.737  1.605886E-16
8197.044  1.738592E-16
8200.351  1.587757E-16
8203.658  1.729164E-16
8206.965  1.635071E-16
8210.273  1.593830E-16
8213.581  1.532923E-16
8216.889  1.613125E-16
8220.198  1.516984E-16
8223.507  1.424237E-16
8226.816  1.304853E-16
8230.125  1.333152E-16
8233.435  1.544256E-16
8236.745  1.427213E-16
8240.056  1.478375E-16
8243.366  1.627282E-16
8246.677  1.842903E-16
8249.988  1.364712E-16
8253.3  1.609355E-16
8256.611  1.609355E-16
8259.923  1.514335E-16
8263.236  1.601063E-16
8266.548  1.585754E-16
8269.861  1.416628E-16
8273.174  1.579583E-16
8276.488  1.424468E-16
8279.802  1.682222E-16
8283.116  1.396983E-16
8286.43  1.778111E-16
8289.745  1.654747E-16
8293.06  1.683579E-16
8296.375  1.425452E-16
8299.691  1.637003E-16
8303.006  1.451267E-16
8306.322  1.452999E-16
8309.639  1.648785E-16
8312.956  1.574140E-16
8316.273  1.812284E-16
8319.59  1.491848E-16
8322.908  1.569956E-16
8326.225  1.915637E-16
8329.544  1.586655E-16
8332.862  1.633596E-16
8336.181  1.772475E-16
8339.5  1.689156E-16
8342.82  1.626686E-16
8346.139  1.585972E-16
8349.459  1.392818E-16
8352.78  1.545465E-16
8356.1  1.420151E-16
8359.421  1.683756E-16
8362.742  1.624392E-16
8366.064  1.816060E-16
8369.386  1.783971E-16
8372.708  1.865236E-16
8376.03  1.671475E-16
8379.353  1.657598E-16
8382.676  1.614141E-16
8386.  1.690331E-16
8389.323  1.584338E-16
8392.647  1.413557E-16
8395.972  1.484629E-16
8399.296  1.578266E-16
8402.621  1.580930E-16
8405.947  1.551546E-16
8409.272  1.420901E-16
8412.598  1.393957E-16
8415.924  1.730029E-16
8419.251  1.631393E-16
8422.578  1.819129E-16
8425.905  1.317401E-16
8429.232  1.567787E-16
8432.56  1.620740E-16
8435.888  1.636975E-16
8439.216  1.491577E-16
8442.545  1.435831E-16
8445.874  1.532521E-16
8449.204  1.356196E-16
8452.533  1.397366E-16
8455.863  1.592881E-16
8459.194  1.483695E-16
8462.524  1.670149E-16
8465.855  1.666841E-16
8469.187  1.465078E-16
8472.518  1.699775E-16
8475.85  1.622509E-16
8479.182  1.754073E-16
8482.515  1.544776E-16
8485.848  1.669579E-16
8489.181  1.600613E-16
8492.515  1.548233E-16
8495.849  1.614652E-16
8499.183  1.335491E-16
8502.518  1.394582E-16
8505.852  1.146970E-16
8509.188  1.288058E-16
8512.523  1.462572E-16
8515.859  1.452681E-16
8519.195  1.690776E-16
8522.532  1.478043E-16
8525.869  1.377349E-16
8529.206  1.672146E-16
8532.544  1.243311E-16
8535.882  1.386812E-16
8539.22  1.430195E-16
8542.558  1.244148E-16
8545.897  1.545492E-16
8549.237  1.311221E-16
8552.576  1.483220E-16
8555.916  1.584877E-16
8559.256  1.356169E-16
8562.597  1.427315E-16
8565.938  1.347735E-16
8569.279  1.136979E-16
8572.621  9.636847E-17
8575.963  1.218824E-16
8579.305  9.678218E-17
8582.648  1.152086E-16
8585.991  1.165076E-16
8589.334  1.032977E-16
8592.678  1.091923E-16
8596.022  9.375898E-17
8599.367  1.249108E-16
8602.711  1.010504E-16
8606.056  1.016934E-16
8609.402  9.746235E-17
8612.748  1.213726E-16
8616.094  4.841464E-17
8619.44  9.177644E-17
8622.787  8.001424E-17
8626.135  1.209743E-16
8629.482  6.359768E-17
8632.83  7.389011E-17
8636.178  9.105661E-17
8639.527  7.521025E-17
8642.876  5.704841E-17
8646.225  7.755164E-17
8649.575  4.876254E-17
8652.925  5.365288E-17
8656.276  6.687590E-17
8659.627  4.913607E-17
8662.978  7.028349E-17
8666.329  4.042408E-17
8669.681  7.985768E-17
8673.033  3.987456E-17
8676.386  8.859607E-17
8679.739  1.018252E-16
8683.092  7.894431E-17
8686.446  5.951939E-17
8689.8  6.472705E-17
8693.155  8.170099E-17
8696.51  7.398686E-17
8699.865  8.521661E-17
8703.22  9.769380E-17
8706.576  7.147225E-17
8709.933  9.076071E-17
8713.289  6.886440E-17
8716.646  9.195298E-17
8720.004  1.014038E-16
8723.362  1.453268E-16
8726.72  1.151677E-16
8730.078  1.274241E-16
8733.437  1.306506E-16
8736.797  1.208944E-16
8740.156  1.228231E-16
8743.516  1.626784E-16
8746.877  1.328994E-16
8750.238  1.453433E-16
8753.599  1.558146E-16
8756.96  1.573968E-16
8760.322  1.627178E-16
8763.685  1.510254E-16
8767.048  1.289278E-16
8770.411  1.246084E-16
8773.774  1.072898E-16
8777.138  1.415527E-16
8780.502  1.564617E-16
8783.867  1.421835E-16
8787.232  1.059612E-16
8790.598  1.084697E-16
8793.963  1.548124E-16
8797.33  1.497048E-16
8800.696  1.398422E-16
8804.063  1.107624E-16
8807.431  1.543151E-16
8810.799  1.299007E-16
8814.167  1.323014E-16
8817.535  1.358760E-16
8820.904  1.661649E-16
8824.274  1.291194E-16
8827.644  1.495447E-16
8831.014  1.745162E-16
8834.384  1.622668E-16
8837.755  1.924071E-16
8841.127  1.666303E-16
8844.499  1.790174E-16
8847.871  2.015429E-16
8851.243  1.933339E-16
8854.616  2.039985E-16
8857.99  1.894518E-16
8861.364  2.076066E-16
8864.738  2.275899E-16
8868.112  2.070937E-16
8871.487  2.321027E-16
8874.863  2.486400E-16
8878.239  2.488990E-16
8881.615  2.264731E-16
8884.992  2.545912E-16
8888.369  2.705857E-16
8891.746  2.580543E-16
8895.124  3.146914E-16
8898.503  2.786838E-16
8901.881  3.211143E-16
8905.26  2.750082E-16
8908.64  2.909127E-16
8912.02  3.196440E-16
8915.401  2.636406E-16
8918.781  2.991273E-16
8922.163  3.067319E-16
8925.544  3.133052E-16
8928.926  3.007253E-16
8932.309  3.212269E-16
8935.692  2.888574E-16
8939.075  3.242290E-16
8942.459  2.989873E-16
8945.843  3.278222E-16
8949.228  3.230338E-16
8952.613  2.934952E-16
8955.999  3.027948E-16
8959.385  2.796978E-16
8962.771  2.503543E-16
8966.158  2.861242E-16
8969.545  2.777189E-16
8972.933  2.656834E-16
8976.321  2.650231E-16
8979.709  2.587193E-16
8983.098  2.794215E-16
8986.488  2.650260E-16
8989.878  2.772123E-16
8993.268  2.854427E-16
8996.659  2.201440E-16
9000.05  2.390816E-16
9003.441  2.437501E-16
9006.833  2.187217E-16
9010.226  2.177165E-16
9013.619  2.195794E-16
9017.012  2.200831E-16
9020.406  2.062390E-16
9023.8  2.247805E-16
9027.195  2.002777E-16
9030.59  2.287400E-16
9033.986  2.515904E-16
9037.382  2.169232E-16
9040.778  2.077910E-16
9044.175  2.046092E-16
9047.573  2.148306E-16
9050.971  1.985483E-16
9054.369  1.599484E-16
9057.768  1.823573E-16
9061.167  2.043504E-16
9064.567  1.751425E-16
9067.967  1.659810E-16
9071.367  1.572795E-16
9074.769  1.400739E-16
9078.17  1.493317E-16
9081.572  1.318394E-16
9084.974  1.492010E-16
9088.377  1.250580E-16
9091.781  1.317353E-16
9095.185  9.681123E-17
9098.589  1.083596E-16
9101.994  1.080785E-16
9105.399  6.601859E-17
9108.805  7.141019E-17
9112.211  6.284031E-17
9115.618  5.386323E-17
9119.025  3.192460E-17
9122.432  1.572044E-17
