  3790.04395  2.5526439E-16
  3794.59814  1.07319498E-16
  3799.1521  2.92892691E-16
  3808.26025  1.039994E-16
  3817.36841  4.73342922E-16
  3826.47656  2.18968092E-17
  3831.03052  2.38934812E-16
  3835.58472  2.79126605E-16
  3840.13867  6.56965318E-16
  3844.69287  8.74200788E-16
  3849.24683  4.54644511E-16
  3853.80103  6.52151577E-16
  3858.35498  4.27347312E-16
  3862.90918  6.34677076E-16
  3867.46313  6.97615488E-16
  3872.01733  2.92587388E-16
  3876.57129  3.36413111E-16
  3881.12549  2.79797111E-16
  3885.67944  1.12285705E-16
  3890.23364  3.50109899E-16
  3894.7876  3.97235291E-16
  3899.3418  2.39849687E-16
  3903.89575  8.95913432E-17
  3908.44995  1.09298299E-16
  3913.00391  1.02833201E-16
  3917.55811  2.68734093E-16
  3922.11206  2.53024703E-16
  3926.66626  4.07807798E-16
  3931.22021  1.814825E-16
  3935.77441  2.14069604E-16
  3940.32837  3.02191604E-16
  3944.88257  1.59364299E-16
  3949.43652  1.87033994E-16
  3953.99072  2.52402213E-16
  3958.54468  1.08846202E-16
  3963.09888  1.49604905E-16
  3967.65283  2.62007487E-16
  3972.20703  1.84361499E-16
  3976.76099  2.03839802E-16
  3990.42334  1.18688295E-16
  3994.97729  6.9061259E-16
  3999.53149  5.41736703E-16
  4004.08545  4.76400605E-16
  4008.63965  4.63198697E-16
  4013.1936  2.81425003E-16
  4017.7478  2.67411504E-16
  4022.30176  2.77661291E-16
  4026.85596  6.97607468E-17
  4031.40991  5.78406718E-16
  4035.96411  2.15627404E-16
  4040.51807  2.39644811E-16
  4045.07227  6.9362411E-16
  4049.62622  4.96153308E-16
  4054.18042  5.04014091E-16
  4058.73438  4.86412693E-16
  4063.28857  5.43812093E-16
  4067.84253  7.65052122E-16
  4072.39648  1.10338196E-15
  4076.95068  8.15041678E-16
  4081.50464  9.19317574E-16
  4086.05884  6.0429538E-16
  4090.61279  5.28016411E-16
  4095.16699  7.00624891E-16
  4099.72119  8.20354586E-16
  4104.2749  6.73539583E-16
  4108.8291  4.65555989E-16
  4113.3833  7.0912169E-16
  4117.9375  7.42032784E-16
  4122.49121  9.10570053E-16
  4127.04541  7.23996118E-16
  4131.59961  8.29984609E-16
  4136.15381  8.05861376E-16
  4140.70752  8.78069293E-16
  4145.26172  7.11751515E-16
  4149.81592  6.44249289E-16
  4154.37012  3.38493689E-16
  4158.92383  5.07032705E-16
  4163.47803  3.92944487E-16
  4168.03223  3.47284488E-16
  4172.58643  5.46917686E-16
  4177.14014  5.07415775E-16
  4181.69434  4.99637313E-16
  4186.24854  4.55347919E-16
  4190.80273  5.72810795E-16
  4195.35645  7.02951214E-16
  4199.91064  5.12430104E-16
  4204.46484  6.57411705E-16
  4209.01904  8.66511793E-16
  4213.57275  6.53514612E-16
  4218.12695  8.12981905E-16
  4222.68115  8.07175706E-16
  4227.23535  7.34382595E-16
  4231.78906  6.88998781E-16
  4236.34326  8.32990094E-16
  4240.89746  7.83945986E-16
  4245.45166  6.68101896E-16
  4250.00537  8.86206103E-16
  4254.55957  7.51253691E-16
  4259.11377  6.94096278E-16
  4263.66797  5.77535174E-16
  4268.22168  7.95193896E-16
  4272.77588  6.94239215E-16
  4277.33008  8.19659595E-16
  4281.88428  8.85996198E-16
  4286.43799  9.39363138E-16
  4290.99219  7.68903211E-16
  4295.54639  7.15258285E-16
  4300.10059  5.52433406E-16
  4304.6543  6.16328489E-16
  4309.2085  6.33437284E-16
  4313.7627  7.27968385E-16
  4318.31689  5.01212688E-16
  4322.87061  5.95395711E-16
  4327.4248  6.43531217E-16
  4331.979  7.19462903E-16
  4336.53271  5.60330506E-16
  4341.08691  6.41615387E-16
  4345.64111  7.8338218E-16
  4350.19531  5.78566013E-16
  4354.74902  4.79491693E-16
  4359.30322  5.24558081E-16
  4363.85742  4.93664778E-16
  4368.41162  6.64524982E-16
  4372.96533  4.16620699E-16
  4377.51953  4.96434999E-16
  4382.07373  4.07384096E-16
  4386.62793  4.46084608E-16
  4391.18164  3.01887307E-16
  4395.73584  2.4653111E-16
  4400.29004  2.79204188E-16
  4404.84424  4.72528712E-16
  4409.39795  3.31425093E-16
  4413.95215  2.83925206E-16
  4418.50635  4.03678194E-16
  4423.06055  3.16795299E-16
  4427.61426  2.52307107E-16
  4432.16846  5.14678977E-16
  4436.72266  4.94656389E-16
  4441.27686  3.90434887E-16
  4445.83057  6.00483997E-16
  4450.38477  6.25911185E-16
  4454.93896  5.59960776E-16
  4459.49316  6.70064418E-16
  4464.04688  5.14053814E-16
  4468.60107  5.58253687E-16
  4473.15527  5.97679418E-16
  4477.70947  5.36140886E-16
  4482.26318  5.64750218E-16
  4486.81738  6.80553386E-16
  4491.37158  5.93927485E-16
  4495.92578  5.60506477E-16
  4500.47949  6.77421217E-16
  4505.03369  5.45142411E-16
  4509.58789  5.43095291E-16
  4514.14209  5.44168217E-16
  4518.6958  6.05392712E-16
  4523.25  7.24290779E-16
  4527.8042  7.32395985E-16
  4532.3584  4.48241789E-16
  4536.91211  5.59334607E-16
  4541.46631  5.32577207E-16
  4546.02051  4.4429038E-16
  4550.57471  5.16851616E-16
  4555.12842  4.46927776E-16
  4559.68262  5.62671917E-16
  4564.23682  6.05124626E-16
  4568.79102  4.56699995E-16
  4573.34473  5.45160622E-16
  4577.89893  6.42661314E-16
  4582.45312  5.66633278E-16
  4587.00732  4.06533595E-16
  4591.56104  6.12823414E-16
  4596.11523  6.64613179E-16
  4600.66943  4.38106404E-16
  4605.22314  3.92211089E-16
  4609.77734  5.08241421E-16
  4614.33154  3.9480031E-16
  4618.88574  4.424736E-16
  4623.43945  4.65614911E-16
  4627.99365  4.42069195E-16
  4632.54785  4.29345013E-16
  4637.10205  3.41981797E-16
  4641.65576  4.05023097E-16
  4646.20996  4.35437589E-16
  4650.76416  3.23346807E-16
  4655.31836  5.20222808E-16
  4659.87207  4.72238179E-16
  4664.42627  4.09961591E-16
  4668.98047  4.5007318E-16
  4673.53467  5.14856219E-16
  4678.08838  5.37857822E-16
  4682.64258  6.83248592E-16
  4687.19678  6.54403679E-16
  4691.75098  6.80462912E-16
  4696.30469  7.50952094E-16
  4700.85889  7.75128426E-16
  4705.41309  7.34948518E-16
  4709.96729  7.68531892E-16
  4714.521  6.86021778E-16
  4719.0752  7.49453216E-16
  4723.62939  6.78438609E-16
  4728.18359  7.31159105E-16
  4732.7373  7.51608121E-16
  4737.2915  6.16903095E-16
  4741.8457  6.32964005E-16
  4746.3999  8.39686207E-16
  4750.95361  9.05319825E-16
  4755.50781  7.47187774E-16
  4760.06201  7.69909486E-16
  4764.61621  7.90885992E-16
  4769.16992  7.76818522E-16
  4773.72412  8.45467524E-16
  4778.27832  7.72466625E-16
  4782.83252  8.29659878E-16
  4787.38623  8.20245213E-16
  4791.94043  7.4641978E-16
  4796.49463  7.73224826E-16
  4801.04883  6.79272725E-16
  4805.60254  7.51689913E-16
  4810.15674  7.15792498E-16
  4814.71094  6.65645606E-16
  4819.26514  8.13574405E-16
  4823.81885  8.30577003E-16
  4828.37305  7.07528209E-16
  4832.92725  6.69834608E-16
  4837.48145  5.81022991E-16
  4842.03516  5.74410417E-16
  4846.58936  5.64740001E-16
  4851.14355  6.33984203E-16
  4855.69727  5.44907995E-16
  4860.25146  6.20184818E-16
  4864.80566  5.85323695E-16
  4869.35986  5.22217305E-16
  4873.91357  5.05663423E-16
  4878.46777  5.20369874E-16
  4883.02197  4.37797105E-16
  4887.57617  5.07585076E-16
  4892.12988  5.04269577E-16
  4896.68408  3.575541E-16
  4901.23828  3.65942797E-16
  4905.79248  4.86542713E-16
  4910.34619  3.01522712E-16
  4914.90039  2.43147107E-16
  4919.45459  3.23925093E-16
  4924.00879  2.19389395E-16
  4928.5625  2.2332921E-16
  4933.1167  3.55502296E-16
  4937.6709  3.1890629E-16
  4942.2251  2.35876203E-16
  4946.77881  4.06406408E-16
  4951.33301  4.66522083E-16
  4955.88721  4.6141601E-16
  4960.44141  6.34406819E-16
  4964.99512  6.498747E-16
  4969.54932  6.90524023E-16
  4974.10352  8.34472719E-16
  4978.65771  8.72053612E-16
  4983.21143  9.52708037E-16
  4987.76562  1.014339E-15
  4992.31982  8.90774787E-16
  4996.87402  1.04450004E-15
  5001.42773  8.91672219E-16
  5005.98193  8.9839279E-16
  5010.53613  9.69555522E-16
  5015.09033  8.17037605E-16
  5019.64404  7.08290803E-16
  5024.19824  6.26964205E-16
  5028.75244  6.35620088E-16
  5033.30664  7.00076807E-16
  5037.86035  6.69875477E-16
  5042.41455  6.82468422E-16
  5046.96875  7.52867024E-16
  5051.52295  8.02788975E-16
  5056.07666  7.77740305E-16
  5060.63086  7.03005212E-16
  5065.18506  7.8649582E-16
  5069.73926  7.57469007E-16
  5074.29297  7.36453378E-16
  5078.84717  6.87945601E-16
  5083.40137  7.42751015E-16
  5087.95557  7.40037492E-16
  5092.50928  6.74317318E-16
  5097.06348  6.75740174E-16
  5101.61768  6.24580496E-16
  5106.17188  5.96690083E-16
  5110.72559  5.41256277E-16
  5115.27979  5.29836896E-16
  5119.83398  5.74354777E-16
  5124.3877  6.40848875E-16
  5128.94189  6.18527387E-16
  5133.49609  6.19578925E-16
  5138.05029  6.65752597E-16
  5142.604  6.71715603E-16
  5147.1582  6.57814998E-16
  5151.7124  7.70704426E-16
  5156.2666  8.13293402E-16
  5160.82031  7.4601601E-16
  5165.37451  7.44702526E-16
  5169.92871  8.13122195E-16
  5174.48291  7.80512697E-16
  5179.03662  7.193809E-16
  5183.59082  8.13832485E-16
  5188.14502  7.67315712E-16
  5192.69922  8.12254516E-16
  5197.25293  8.26640788E-16
  5201.80713  7.13919496E-16
  5206.36133  6.6346942E-16
  5210.91553  7.03390982E-16
  5215.46924  7.06993096E-16
  5220.02344  6.22415374E-16
  5224.57764  6.27142718E-16
  5229.13184  6.81439594E-16
  5233.68555  6.10598311E-16
  5238.23975  6.06831715E-16
  5242.79395  5.56383915E-16
  5247.34814  5.57320998E-16
  5251.90186  5.22962324E-16
  5256.45605  4.58079812E-16
  5261.01025  4.32790187E-16
  5265.56445  4.44165496E-16
  5270.11816  4.79510381E-16
  5274.67236  4.77637114E-16
  5279.22656  4.55383706E-16
  5283.78076  4.88041326E-16
  5288.33447  4.50349789E-16
  5292.88867  5.09881488E-16
  5297.44287  4.45767076E-16
  5301.99707  5.79788282E-16
  5306.55078  5.21639788E-16
  5311.10498  5.39001422E-16
  5315.65918  5.80285014E-16
  5320.21338  5.81584786E-16
  5324.76709  5.69468615E-16
  5329.32129  6.570019E-16
  5333.87549  6.2758831E-16
  5338.42969  6.01939305E-16
  5342.9834  6.99031304E-16
  5347.5376  6.62866015E-16
  5352.0918  6.24263917E-16
  5356.646  6.35266875E-16
  5361.19971  6.19978195E-16
  5365.75391  6.59615208E-16
  5370.30811  6.75860718E-16
  5374.86182  6.85401326E-16
  5379.41602  7.05921282E-16
  5383.97021  6.97274716E-16
  5388.52441  6.66030689E-16
  5393.07812  6.19381196E-16
  5397.63232  6.52559E-16
  5402.18652  6.23058378E-16
  5406.74072  6.63163006E-16
  5411.29443  6.97463605E-16
  5415.84863  6.27010792E-16
  5420.40283  6.35805218E-16
  5424.95703  6.36224976E-16
  5429.51074  6.50984578E-16
  5434.06494  6.50179314E-16
  5438.61914  6.91816807E-16
  5443.17334  6.98324508E-16
  5447.72705  6.66063299E-16
  5452.28125  6.86198278E-16
  5456.83545  6.84859913E-16
  5461.38965  6.21423816E-16
  5465.94336  6.27240021E-16
  5470.49756  6.66742408E-16
  5475.05176  6.45450805E-16
  5479.60596  7.06547821E-16
  5484.15967  6.64508676E-16
  5488.71387  5.97322076E-16
  5493.26807  6.44474494E-16
  5497.82227  6.07460795E-16
  5502.37598  5.7253318E-16
  5506.93018  5.79246393E-16
  5511.48438  6.53139376E-16
  5516.03857  6.62701796E-16
  5520.59229  6.58173505E-16
  5525.14648  6.02856113E-16
  5529.70068  6.74479419E-16
  5534.25488  6.30737684E-16
  5538.80859  6.04902915E-16
  5543.36279  6.12076225E-16
  5547.91699  6.19098816E-16
  5552.47119  5.91069014E-16
  5557.0249  6.25334726E-16
  5561.5791  6.64150911E-16
  5566.1333  5.95094908E-16
  5570.6875  6.06495284E-16
  5575.24121  6.54216326E-16
  5579.79541  6.06054403E-16
  5584.34961  6.55557603E-16
  5588.90381  6.58573516E-16
  5593.45752  6.50631577E-16
  5598.01172  6.07166981E-16
  5602.56592  5.94366513E-16
  5607.12012  6.38718005E-16
  5611.67383  6.22296525E-16
  5616.22803  5.71731675E-16
  5620.78223  5.78117192E-16
  5625.33643  5.9241262E-16
  5629.89014  6.06383687E-16
  5634.44434  6.03866411E-16
  5638.99854  6.16129595E-16
  5643.55225  5.57526191E-16
  5648.10645  5.65837279E-16
  5652.66064  5.90169412E-16
  5657.21484  6.07635125E-16
  5661.76855  6.31070621E-16
  5666.32275  5.89957389E-16
  5670.87695  6.27710494E-16
  5675.43115  5.86619391E-16
  5679.98486  5.86706318E-16
  5684.53906  6.29821512E-16
  5689.09326  6.58379705E-16
  5693.64746  6.47788193E-16
  5698.20117  6.15782577E-16
  5702.75537  6.08758397E-16
  5707.30957  6.09579013E-16
  5711.86377  5.91998421E-16
  5716.41748  6.36531284E-16
  5720.97168  6.23894399E-16
  5725.52588  6.059652E-16
  5730.08008  6.04850875E-16
  5734.63379  6.06877401E-16
  5739.18799  6.09735979E-16
  5743.74219  5.42577225E-16
  5748.29639  5.55701894E-16
  5752.8501  5.55943087E-16
  5757.4043  4.95635612E-16
  5761.9585  5.01630276E-16
  5766.5127  5.19048608E-16
  5771.06641  4.59044582E-16
  5775.62061  4.43954611E-16
  5780.1748  5.08398281E-16
  5784.729  5.04672977E-16
  5789.28271  5.00537921E-16
  5793.83691  5.20581314E-16
  5798.39111  5.06056711E-16
  5802.94531  4.95872622E-16
  5807.49902  5.17809187E-16
  5812.05322  5.36978813E-16
  5816.60742  5.39233403E-16
  5821.16162  5.89547796E-16
  5825.71533  5.88731997E-16
  5830.26953  4.91299279E-16
  5834.82373  5.24794986E-16
  5839.37793  5.83327609E-16
  5843.93164  5.41316681E-16
  5848.48584  5.42854522E-16
  5853.04004  4.99027396E-16
  5857.59424  4.71859609E-16
  5862.14795  5.44515183E-16
  5866.70215  4.89916922E-16
  5871.25635  5.13632097E-16
  5875.81055  5.55364087E-16
  5880.36426  5.16832188E-16
  5884.91846  4.79825318E-16
  5889.47266  4.88147576E-16
  5894.02637  5.18737006E-16
  5898.58057  5.26468776E-16
  5903.13477  5.2714259E-16
  5907.68896  4.83097195E-16
  5912.24268  4.46244485E-16
  5916.79688  4.30690604E-16
  5921.35107  4.40501602E-16
  5925.90527  4.67478119E-16
  5930.45898  4.8806319E-16
  5935.01318  4.77338588E-16
  5939.56738  4.11757803E-16
  5944.12158  4.01147895E-16
  5948.67529  4.53912992E-16
  5953.22949  4.42967288E-16
  5957.78369  4.04253012E-16
  5962.33789  4.10516212E-16
  5966.8916  3.90944192E-16
  5971.4458  3.97529291E-16
  5976.  4.16517308E-16
  5980.5542  3.62013597E-16
  5985.10791  3.52111596E-16
  5989.66211  3.53437812E-16
  5994.21631  3.61497409E-16
  5998.77051  3.91355294E-16
  6003.32422  3.74415509E-16
  6007.87842  3.89457411E-16
  6012.43262  4.14496102E-16
  6016.98682  4.40060509E-16
  6021.54053  4.60160019E-16
  6026.09473  4.51451514E-16
  6030.64893  4.82085308E-16
  6035.20312  4.92349124E-16
  6039.75684  5.30306682E-16
  6044.31104  5.29493213E-16
  6048.86523  4.78923705E-16
  6053.41943  5.12731701E-16
  6057.97314  5.27612111E-16
  6062.52734  5.19545075E-16
  6067.08154  5.16652405E-16
  6071.63574  5.02801775E-16
  6076.18945  4.70036105E-16
  6080.74365  4.91297374E-16
  6085.29785  5.76492583E-16
  6089.85205  5.1655272E-16
  6094.40576  5.18369817E-16
  6098.95996  5.34975104E-16
  6103.51416  5.2014271E-16
  6108.06836  5.47525326E-16
  6112.62207  5.96698924E-16
  6117.17627  5.20311005E-16
  6121.73047  5.31038677E-16
  6126.28467  5.06864304E-16
  6130.83838  5.12691626E-16
  6135.39258  5.4274282E-16
  6139.94678  5.38802105E-16
  6144.50098  5.45866095E-16
  6149.05469  5.23877014E-16
  6153.60889  5.09210479E-16
  6158.16309  4.87713895E-16
  6162.7168  4.88240696E-16
  6167.271  4.97091026E-16
  6171.8252  4.84475794E-16
  6176.37939  4.71608304E-16
  6180.93311  4.72824114E-16
  6185.4873  5.19238079E-16
  6190.0415  5.071731E-16
  6194.5957  4.7671639E-16
  6199.14941  4.4290024E-16
  6203.70361  4.19262939E-16
  6208.25781  4.61684361E-16
  6212.81201  4.80248888E-16
  6217.36572  4.39909764E-16
  6221.91992  4.12440433E-16
  6226.47412  4.34823119E-16
  6231.02832  4.65494103E-16
  6235.58203  4.67061696E-16
  6240.13623  4.59563019E-16
  6244.69043  4.34706414E-16
  6249.24463  4.26866621E-16
  6253.79834  4.41083169E-16
  6258.35254  4.61649632E-16
  6262.90674  4.2050903E-16
  6267.46094  4.14456371E-16
  6272.01465  4.34482692E-16
  6276.56885  4.05906526E-16
  6281.12305  4.43717257E-16
  6285.67725  4.60562042E-16
  6290.23096  4.26594988E-16
  6294.78516  4.31795135E-16
  6299.33936  4.88220579E-16
  6303.89355  4.8150472E-16
  6308.44727  4.56245033E-16
  6313.00146  4.20924473E-16
  6317.55566  4.42483924E-16
  6322.10986  4.10709309E-16
  6326.66357  4.35755491E-16
  6331.21777  4.62119312E-16
  6335.77197  4.51486772E-16
  6340.32617  4.54306121E-16
  6344.87988  4.3933124E-16
  6349.43408  4.36116698E-16
  6353.98828  4.43692454E-16
  6358.54248  4.65849539E-16
  6363.09619  4.20680184E-16
  6367.65039  4.01505925E-16
  6372.20459  4.36978104E-16
  6376.75879  4.75544625E-16
  6381.3125  4.41099369E-16
  6385.8667  4.13278863E-16
  6390.4209  4.43395913E-16
  6394.9751  4.69610789E-16
  6399.52881  4.63714857E-16
  6404.08301  4.38584899E-16
  6408.63721  4.47571892E-16
  6413.19141  4.50400823E-16
  6417.74512  4.51690695E-16
  6422.29932  4.58588085E-16
  6426.85352  4.57966415E-16
  6431.40723  4.77529594E-16
  6435.96143  4.60964118E-16
  6440.51562  4.27942406E-16
  6445.06982  4.39130097E-16
  6449.62354  4.95353603E-16
  6454.17773  4.99671988E-16
  6458.73193  4.68660418E-16
  6463.28613  4.38517004E-16
  6467.83984  4.08481692E-16
  6472.39404  4.47054408E-16
  6476.94824  4.66478779E-16
  6481.50244  4.46004722E-16
  6486.05615  4.03373713E-16
  6490.61035  4.09578096E-16
  6495.16455  3.96195108E-16
  6499.71875  3.54283892E-16
  6504.27246  3.60723089E-16
  6508.82666  3.28323999E-16
  6513.38086  3.12936296E-16
  6517.93506  3.30537693E-16
  6522.48877  3.38769795E-16
  6527.04297  3.23339105E-16
  6531.59717  2.85679596E-16
  6536.15137  2.66973403E-16
  6540.70508  2.68967689E-16
  6545.25928  2.83372093E-16
  6549.81348  2.73589392E-16
  6554.36768  2.57984398E-16
  6558.92139  2.57130404E-16
  6563.47559  2.31286105E-16
  6568.02979  2.48566292E-16
  6572.58398  2.29189513E-16
  6577.1377  1.99223804E-16
  6581.69189  1.92660595E-16
  6586.24609  1.85875994E-16
  6590.80029  1.76030797E-16
  6595.354  1.65171597E-16
  6599.9082  1.62605405E-16
  6604.4624  1.75664098E-16
  6609.0166  1.75501799E-16
  6613.57031  1.75886299E-16
  6618.12451  1.53570501E-16
  6622.67871  1.91560405E-16
  6627.23291  2.3534109E-16
  6631.78662  2.38265709E-16
  6636.34082  2.63395589E-16
  6640.89502  3.06036789E-16
  6645.44922  2.73528406E-16
  6650.00293  2.59227498E-16
  6654.55713  3.00145807E-16
  6659.11133  3.3179289E-16
  6663.66553  3.63918309E-16
  6668.21924  3.92712691E-16
  6672.77344  4.36956107E-16
  6677.32764  4.8662821E-16
  6681.88135  5.39051979E-16
  6686.43555  5.91933199E-16
  6690.98975  6.42542888E-16
  6695.54395  7.52349593E-16
  6700.09766  8.10205913E-16
  6704.65186  8.71489224E-16
  6709.20605  9.63289384E-16
  6713.76025  9.8559282E-16
  6718.31396  1.0539487E-15
  6722.86816  1.07253662E-15
  6727.42236  1.13837364E-15
  6731.97656  1.18139994E-15
  6736.53027  1.16397298E-15
  6741.08447  1.20998349E-15
  6745.63867  1.26797624E-15
  6750.19287  1.26322481E-15
  6754.74658  1.21065297E-15
  6759.30078  1.20631754E-15
  6763.85498  1.21635117E-15
  6768.40918  1.21330778E-15
  6772.96289  1.185581E-15
  6777.51709  1.18404322E-15
  6782.07129  1.19191893E-15
  6786.62549  1.16208251E-15
  6791.1792  1.14230355E-15
  6795.7334  1.11019274E-15
  6800.2876  1.07390479E-15
  6804.8418  1.07058146E-15
  6809.39551  1.04752268E-15
  6813.94971  1.01065282E-15
  6818.50391  1.0016298E-15
  6823.05811  9.87177831E-16
  6827.61182  9.22138935E-16
  6832.16602  9.37808304E-16
  6836.72021  9.38530611E-16
  6841.27441  9.36818546E-16
  6845.82812  8.61632725E-16
  6850.38232  8.18265326E-16
  6854.93652  8.34797186E-16
  6859.49072  8.1100403E-16
  6864.04443  8.28335013E-16
  6868.59863  8.33072627E-16
  6873.15283  8.01394177E-16
  6877.70703  7.39425776E-16
  6882.26074  7.41848396E-16
  6886.81494  7.74381449E-16
  6891.36914  7.44115162E-16
  6895.92334  7.07187543E-16
  6900.47705  6.97213942E-16
  6905.03125  6.69313418E-16
  6909.58545  6.34078806E-16
  6914.13965  6.15724025E-16
  6918.69336  6.18663177E-16
  6923.24756  6.04226982E-16
  6927.80176  5.84593447E-16
  6932.35596  6.08097288E-16
  6936.90967  5.60025627E-16
  6941.46387  5.61578185E-16
  6946.01807  5.4469216E-16
  6950.57178  5.45138493E-16
  6955.12598  5.34333053E-16
  6959.68018  5.22707155E-16
  6964.23438  4.85232459E-16
  6968.78809  4.87834121E-16
  6973.34229  4.94417472E-16
  6977.89648  4.83552528E-16
  6982.45068  4.68561898E-16
  6987.00439  4.71863632E-16
  6991.55859  4.55801505E-16
  6996.11279  4.61964464E-16
  7000.66699  4.61377046E-16
  7005.2207  4.60272039E-16
  7009.7749  4.523148E-16
  7014.3291  4.38218848E-16
  7018.8833  4.31376833E-16
  7023.43701  4.34563583E-16
  7027.99121  4.37608084E-16
  7032.54541  4.34358681E-16
  7037.09961  4.2859793E-16
  7041.65332  4.24347413E-16
  7046.20752  4.20508607E-16
  7050.76172  4.12716459E-16
  7055.31592  4.01632663E-16
  7059.86963  3.90190227E-16
  7064.42383  3.79337114E-16
  7068.97803  3.7441535E-16
  7073.53223  3.72216161E-16
  7078.08594  3.68970516E-16
  7082.64014  3.71768134E-16
  7087.19434  3.81006696E-16
  7091.74854  3.84130659E-16
  7096.30225  3.76616709E-16
  7100.85645  3.6864552E-16
  7105.41064  3.63932073E-16
  7109.96484  3.59608552E-16
  7114.51855  3.58638753E-16
  7119.07275  3.59045514E-16
  7123.62695  3.56381119E-16
  7128.18115  3.55386914E-16
  7132.73486  3.5280026E-16
  7137.28906  3.409175E-16
  7141.84326  3.30141864E-16
  7146.39746  3.29356268E-16
  7150.95117  3.30571654E-16
  7155.50537  3.26252607E-16
  7160.05957  3.18652418E-16
  7164.61377  3.15078972E-16
  7169.16748  3.16893581E-16
  7173.72168  3.14404945E-16
  7178.27588  3.11262612E-16
  7182.83008  3.14559105E-16
  7187.38379  3.20524493E-16
  7191.93799  3.23383627E-16
  7196.49219  3.25616856E-16
  7201.0459  3.3238764E-16
  7205.6001  3.34932392E-16
  7210.1543  3.25160967E-16
  7214.7085  3.11113825E-16
  7219.26221  3.05486641E-16
  7223.81641  3.11274444E-16
  7228.37061  3.21018499E-16
  7232.9248  3.29825709E-16
  7237.47852  3.39181188E-16
  7242.03271  3.47228478E-16
  7246.58691  3.45433721E-16
  7251.14111  3.3866786E-16
  7255.69482  3.42539489E-16
  7260.24902  3.52703434E-16
  7264.80322  3.50526665E-16
  7269.35742  3.35757587E-16
  7273.91113  3.31137234E-16
  7278.46533  3.39390564E-16
  7283.01953  3.42510689E-16
  7287.57373  3.39026419E-16
  7292.12744  3.33287586E-16
  7296.68164  3.26726628E-16
  7301.23584  3.24817389E-16
  7305.79004  3.24674399E-16
  7310.34375  3.20800944E-16
  7314.89795  3.14381016E-16
  7319.45215  3.06343733E-16
  7324.00635  3.00359842E-16
  7328.56006  3.00215767E-16
  7333.11426  3.0497191E-16
  7337.66846  3.07603615E-16
  7342.22266  3.06878237E-16
  7346.77637  3.17150576E-16
  7351.33057  3.30055599E-16
  7355.88477  3.22928691E-16
  7360.43896  3.04770819E-16
  7364.99268  2.99611912E-16
  7369.54688  3.09027186E-16
  7374.10107  3.16918515E-16
  7378.65527  3.18834027E-16
  7383.20898  3.20592018E-16
  7387.76318  3.26579111E-16
  7392.31738  3.36417346E-16
  7396.87158  3.43954139E-16
  7401.42529  3.42726736E-16
  7405.97949  3.34331104E-16
  7410.53369  3.28179607E-16
  7415.08789  3.28829996E-16
  7419.6416  3.33077575E-16
  7424.1958  3.35571849E-16
  7428.75  3.32547703E-16
  7433.3042  3.29607175E-16
  7437.85791  3.3270451E-16
  7442.41211  3.38549381E-16
  7446.96631  3.40761963E-16
  7451.52051  3.36620819E-16
  7456.07422  3.3932034E-16
  7460.62842  3.54500203E-16
  7465.18262  3.6844435E-16
  7469.73633  3.68963661E-16
  7474.29053  3.57083203E-16
  7478.84473  3.49196241E-16
  7483.39893  3.59769171E-16
  7487.95264  3.82329602E-16
  7492.50684  3.9486119E-16
  7497.06104  3.88531445E-16
  7501.61523  3.7866997E-16
  7506.16895  3.78898854E-16
  7510.72314  3.83015011E-16
  7515.27734  3.80163104E-16
  7519.83154  3.7979745E-16
  7524.38525  3.86256632E-16
  7528.93945  3.899993E-16
  7533.49365  3.92309345E-16
  7538.04785  3.91567291E-16
  7542.60156  3.89987469E-16
  7547.15576  3.94734823E-16
  7551.70996  4.06708693E-16
  7556.26416  4.17444756E-16
  7560.81787  4.21124082E-16
  7565.37207  4.16687429E-16
  7569.92627  4.04879102E-16
  7574.48047  3.94350271E-16
  7579.03418  3.8851686E-16
  7583.58838  3.79062041E-16
  7588.14258  3.67007491E-16
  7592.69678  3.63092822E-16
  7597.25049  3.64544452E-16
  7601.80469  3.65802322E-16
  7606.35889  3.66389581E-16
  7610.91309  3.57402005E-16
  7615.4668  3.42482843E-16
  7620.021  3.36724899E-16
  7624.5752  3.48426526E-16
  7629.12939  3.55615613E-16
  7633.68311  3.48865581E-16
  7638.2373  3.48316624E-16
  7642.7915  3.5111043E-16
  7647.3457  3.43725388E-16
  7651.89941  3.39200273E-16
  7656.45361  3.45163067E-16
  7661.00781  3.49159263E-16
  7665.56201  3.44269765E-16
  7670.11572  3.30513447E-16
  7674.66992  3.15128999E-16
  7679.22412  3.11029254E-16
  7683.77832  3.14942467E-16
  7688.33203  3.15561648E-16
  7692.88623  3.12555025E-16
  7697.44043  3.06642841E-16
  7701.99463  2.99641373E-16
  7706.54834  2.92050184E-16
  7711.10254  2.77979617E-16
  7715.65674  2.59899248E-16
  7720.21045  2.55502248E-16
  7724.76465  2.78325947E-16
  7729.31885  3.05873338E-16
  7733.87305  3.15231093E-16
  7738.42676  3.069307E-16
  7742.98096  2.84639916E-16
  7747.53516  2.6078498E-16
  7752.08936  2.5844709E-16
  7756.64307  2.85786428E-16
  7761.19727  3.15978759E-16
  7765.75146  3.15980294E-16
  7770.30566  2.91208286E-16
  7774.85938  2.7272481E-16
  7779.41357  2.79956195E-16
  7783.96777  2.99583351E-16
  7788.52197  3.02909914E-16
  7793.07568  2.90896843E-16
  7797.62988  2.8075635E-16
  7802.18408  2.68944263E-16
  7806.73828  2.57220745E-16
  7811.29199  2.61333752E-16
  7815.84619  2.71807261E-16
  7820.40039  2.72383244E-16
  7824.95459  2.70326489E-16
  7829.5083  2.70628244E-16
  7834.0625  2.67310099E-16
  7838.6167  2.66651054E-16
  7843.1709  2.72455453E-16
  7847.72461  2.74505961E-16
  7852.27881  2.77342066E-16
  7856.83301  2.87726504E-16
  7861.38721  2.90080276E-16
  7865.94092  2.74292482E-16
  7870.49512  2.59378588E-16
  7875.04932  2.62681884E-16
  7879.60352  2.71687909E-16
  7884.15723  2.71263016E-16
  7888.71143  2.64086847E-16
  7893.26562  2.55616571E-16
  7897.81982  2.43266645E-16
  7902.37354  2.23301046E-16
  7906.92773  2.0418702E-16
  7911.48193  1.974532E-16
  7916.03613  1.99039415E-16
  7920.58984  1.98849071E-16
  7925.14404  1.96752903E-16
  7929.69824  2.01195551E-16
  7934.25244  2.13017166E-16
  7938.80615  2.23217587E-16
  7943.36035  2.28153115E-16
  7947.91455  2.29477637E-16
  7952.46875  2.31295052E-16
  7957.02246  2.27039426E-16
  7961.57666  2.15591127E-16
  7966.13086  2.13883747E-16
  7970.68506  2.26649844E-16
  7975.23877  2.4109202E-16
  7979.79297  2.51983567E-16
  7984.34717  2.64110326E-16
  7988.90088  2.69723057E-16
  7993.45508  2.62471185E-16
  7998.00928  2.56646166E-16
  8002.56348  2.62765926E-16
  8007.11719  2.6958335E-16
  8011.67139  2.65817574E-16
  8016.22559  2.57996363E-16
  8020.77979  2.5799443E-16
  8025.3335  2.66985156E-16
  8029.8877  2.71257854E-16
  8034.44189  2.64609493E-16
  8038.99609  2.56832195E-16
  8043.5498  2.562965E-16
  8048.104  2.65132986E-16
  8052.6582  2.77103282E-16
  8057.2124  2.80567435E-16
  8061.76611  2.73166114E-16
  8066.32031  2.67752594E-16
  8070.87451  2.702515E-16
  8075.42871  2.71819384E-16
  8079.98242  2.63267501E-16
  8084.53662  2.46563376E-16
  8089.09082  2.33666029E-16
  8093.64502  2.35509941E-16
  8098.19873  2.53522811E-16
  8102.75293  2.69405208E-16
  8107.30713  2.67006093E-16
  8111.86133  2.57870763E-16
  8116.41504  2.50456102E-16
  8120.96924  2.42539335E-16
  8125.52344  2.3616025E-16
  8130.07764  2.33077977E-16
  8134.63135  2.37542608E-16
  8139.18555  2.45850916E-16
  8143.73975  2.48426558E-16
  8148.29395  2.49638238E-16
  8152.84766  2.52525694E-16
  8157.40186  2.49852035E-16
  8161.95605  2.4266811E-16
  8166.51025  2.379076E-16
  8171.06396  2.36091588E-16
  8175.61816  2.35222638E-16
  8180.17236  2.32255508E-16
  8184.72656  2.2439753E-16
  8189.28027  2.18988814E-16
  8193.83496  2.25085638E-16
  8198.38867  2.37738034E-16
  8202.94238  2.42480995E-16
  8207.49707  2.36802831E-16
  8212.05078  2.36099476E-16
  8216.60449  2.40406479E-16
  8221.15918  2.38036455E-16
  8225.71289  2.31348627E-16
  8230.26758  2.28863511E-16
  8234.82129  2.32389683E-16
  8239.375  2.35848913E-16
  8243.92969  2.37039338E-16
  8248.4834  2.43949274E-16
  8253.03711  2.53760536E-16
  8257.5918  2.52090002E-16
  8262.14551  2.4057136E-16
  8266.69922  2.33507105E-16
  8271.25391  2.30830534E-16
  8275.80762  2.18418973E-16
  8280.3623  1.99207154E-16
  8284.91602  1.96050381E-16
  8289.46973  2.1728424E-16
  8294.02441  2.41689734E-16
  8298.57812  2.53766042E-16
  8303.13184  2.56896199E-16
  8307.68652  2.53963639E-16
  8312.24023  2.46822807E-16
  8316.79492  2.42083869E-16
  8321.34863  2.39604551E-16
  8325.90234  2.32466154E-16
  8330.45703  2.21038462E-16
  8335.01074  2.17075817E-16
  8339.56445  2.18094573E-16
  8344.11914  2.09237811E-16
  8348.67285  2.05391514E-16
  8353.22754  2.24063296E-16
  8357.78125  2.44660146E-16
  8362.33496  2.47768387E-16
  8366.88965  2.4988401E-16
  8371.44336  2.54883119E-16
  8375.99707  2.46905234E-16
  8380.55176  2.23133519E-16
  8385.10547  1.96429932E-16
  8389.66016  1.86558689E-16
  8394.21387  1.93701572E-16
  8398.76758  2.01776827E-16
  8403.32227  2.05844795E-16
  8407.87598  2.09306262E-16
  8412.42969  2.13989401E-16
  8416.98438  2.18440334E-16
  8421.53809  2.20055308E-16
  8426.09277  2.14402197E-16
  8430.64648  2.06055614E-16
  8435.2002  2.10138472E-16
  8439.75488  2.15429635E-16
  8444.30859  2.04020432E-16
  8448.8623  1.85891836E-16
  8453.41699  1.78492474E-16
  8457.9707  1.83155337E-16
  8462.52539  1.91256148E-16
  8467.0791  2.05392414E-16
  8471.63281  2.18710299E-16
  8476.1875  2.21174305E-16
  8480.74121  2.23711513E-16
  8485.29492  2.37926843E-16
  8489.84961  2.65572516E-16
  8494.40332  2.85079076E-16
  8498.95703  2.56936327E-16
  8503.51172  2.01208547E-16
  8508.06543  1.83625758E-16
  8512.62012  2.00115372E-16
  8517.17383  1.99633331E-16
  8521.72754  1.79278123E-16
  8526.28223  1.69629664E-16
  8530.83594  1.77254323E-16
  8535.38965  1.87770198E-16
  8539.94434  1.96735883E-16
  8544.49805  2.01005339E-16
  8549.05273  1.91214988E-16
  8553.60645  1.71977202E-16
  8558.16016  1.53258595E-16
  8562.71484  1.42616989E-16
  8567.26855  1.47348727E-16
  8571.82227  1.60394437E-16
  8576.37695  1.70219198E-16
  8580.93066  1.75978387E-16
  8585.48535  1.75566848E-16
  8590.03906  1.64600048E-16
  8594.59277  1.44114106E-16
  8599.14746  1.24294104E-16
  8603.70117  1.19762571E-16
  8608.25488  1.25810201E-16
  8612.80957  1.24503719E-16
  8617.36328  1.19605459E-16
  8621.91797  1.2045641E-16
  8626.47168  1.13599546E-16
  8631.02539  9.68860836E-17
  8635.58008  8.12652277E-17
  8640.13379  7.55671643E-17
  8644.6875  7.62762367E-17
  8649.24219  7.28819772E-17
  8653.7959  6.54431353E-17
  8658.35059  6.21649524E-17
  8662.9043  7.08009628E-17
  8667.45801  8.75317958E-17
  8672.0127  9.53472696E-17
  8676.56641  9.04531E-17
  8681.12012  8.8002402E-17
  8685.6748  9.34747643E-17
  8690.22852  1.00871638E-16
  8694.7832  1.04209166E-16
  8699.33691  1.01624234E-16
  8703.89062  1.05803289E-16
  8708.44531  1.300093E-16
  8712.99902  1.61433071E-16
  8717.55273  1.84932743E-16
  8722.10742  2.02738739E-16
  8726.66113  2.16025456E-16
  8731.21582  2.09109009E-16
  8735.76953  1.78911623E-16
  8740.32324  1.51545431E-16
  8744.87793  1.35330639E-16
  8749.43164  1.18435455E-16
  8753.98535  1.04610786E-16
  8758.54004  1.05342636E-16
  8763.09375  1.29168567E-16
  8767.64746  1.67059488E-16
  8772.20215  1.93940806E-16
  8776.75586  2.02312072E-16
