   3495.3599      1.00883397E-16
   3498.2148      5.94273075E-16
   3503.9248      4.37633593E-18
   3509.6348      5.50826320E-16
   3515.3447      1.26625496E-16
   3523.9097      1.97123599E-16
   3526.7646      4.74949691E-16
   3529.6196      4.17908110E-16
   3532.4746      5.09815790E-16
   3535.3296      6.80759374E-16
   3538.1846      3.53555708E-16
   3543.8945      6.80265024E-16
   3546.7495      1.11555205E-16
   3549.6045      4.59329490E-17
   3552.4595      1.13871099E-16
   3555.3145      1.71178503E-16
   3561.0244      1.72728401E-16
   3575.2993      1.36179896E-16
   3578.1543      2.90027099E-16
   3581.0093      5.56327071E-17
   3583.8643      6.04035201E-18
   3592.4292      2.76911799E-16
   3600.9941      4.71745802E-17
   3603.8491      1.15276697E-16
   3609.5591      4.03803688E-16
   3612.4141      3.49648689E-16
   3615.2690      6.83301082E-17
   3618.1240      1.62901297E-16
   3620.9790      3.67439690E-16
   3626.6890      5.13394981E-16
   3629.5439      9.78860126E-17
   3632.3989      3.09421691E-16
   3640.9639      1.71443997E-18
   3643.8188      3.35472507E-16
   3646.6738      1.47480599E-16
   3649.5288      2.36015990E-16
   3655.2388      4.33244912E-16
   3658.0938      8.11410183E-17
   3660.9487      4.97465295E-17
   3663.8037      4.73446525E-16
   3672.3687      1.67054604E-16
   3692.3535      2.18961604E-16
   3695.2085      4.70714208E-16
   3698.0635      3.84396707E-16
   3700.9185      2.36689990E-16
   3703.7734      3.15562495E-16
   3706.6284      4.61879919E-16
   3709.4834      1.26490805E-16
   3712.3384      2.00596500E-16
   3715.1934      3.16318710E-16
   3718.0483      6.43606603E-16
   3720.9033      3.23804099E-16
   3723.7583      8.71343785E-17
   3726.6133      2.00543296E-16
   3729.4683      9.79727077E-17
   3732.3232      9.85337479E-17
   3735.1782      4.26242993E-16
   3738.0332      2.91134912E-16
   3740.8882      9.19271788E-18
   3743.7432      1.57535899E-16
   3746.5981      1.62770497E-16
   3755.1631      3.34074612E-16
   3758.0181      2.58515991E-16
   3760.8730      2.16605303E-16
   3763.7280      1.77680897E-16
   3766.5830      6.40512815E-17
   3769.4380      4.21909811E-16
   3772.2930      2.59911610E-16
   3783.7129      1.11737304E-16
   3786.5679      3.14677504E-16
   3792.2778      1.08179797E-18
   3795.1328      1.50132603E-17
   3797.9878      7.15401182E-17
   3800.8428      1.61992100E-16
   3809.4077      7.20249519E-17
   3812.2627      1.40813695E-16
   3815.1177      1.61953295E-16
   3820.8276      1.90217593E-17
   3832.2476      4.12562716E-17
   3835.1025      7.83470735E-18
   3840.8125      2.73101713E-16
   3843.6675      3.54955410E-17
   3849.3774      1.43944395E-16
   3852.2324      1.90164694E-16
   3855.0874      2.01710706E-16
   3860.7974      1.19379606E-16
   3863.6523      6.79098210E-17
   3866.5073      9.09372124E-17
   3869.3623      2.40711596E-16
   3872.2173      1.49739504E-16
   3877.9272      1.77023904E-16
   3880.7822      8.08210317E-17
   3886.4922      2.85326913E-16
   3889.3472      7.21041495E-17
   3892.2021      6.79917383E-17
   3895.0571      2.17371207E-16
   3897.9121      7.82428570E-18
   3903.6221      9.82029022E-17
   3915.0420      3.44396284E-17
   3923.6069      1.79962499E-16
   3926.4619      8.69276694E-17
   3929.3169      2.02307401E-16
   3932.1719      1.31863694E-16
   3937.8818      6.50764031E-17
   3940.7368      2.13151606E-16
   3943.5918      1.95389802E-16
   3946.4468      1.84241299E-16
   3949.3018      6.09360399E-17
   3952.1567      2.95999200E-18
   3955.0117      2.00555399E-17
   3960.7217      1.10762601E-16
   3966.4316      1.14114807E-16
   3972.1416      4.05190585E-17
   3974.9966      9.60840625E-17
   3980.7065      9.50736316E-17
   3989.2715      1.50126095E-16
   3992.1265      1.87613602E-16
   3994.9814      2.45405297E-16
   3997.8364      2.06636500E-17
   4000.6914      1.78018598E-17
   4003.5464      2.08840897E-16
   4009.2563      1.98219500E-16
   4012.1113      2.36308190E-16
   4014.9663      2.25603811E-16
   4017.8213      9.22857815E-17
   4020.6763      2.16859797E-16
   4023.5313      9.60835529E-17
   4026.3862      2.06406206E-16
   4032.0962      4.49625205E-17
   4043.5161      1.65062105E-16
   4046.3711      5.70106907E-17
   4049.2261      1.93005099E-16
   4054.9360      1.43572905E-16
   4057.7910      3.03172388E-16
   4060.6460      1.20360404E-16
   4063.5010      4.54533391E-16
   4066.3560      2.81548696E-16
   4069.2109      2.71351690E-16
   4072.0659      1.22140894E-16
   4074.9209      2.30531002E-16
   4077.7759      3.57284188E-16
   4080.6309      2.67366400E-16
   4083.4858      2.93897298E-16
   4086.3408      4.85628500E-16
   4089.1958      3.33133611E-16
   4092.0508      1.61655894E-16
   4094.9058      4.00350890E-16
   4097.7607      1.53681502E-16
   4100.6157      1.37714296E-16
   4103.4707      1.18315905E-16
   4106.3257      2.46568009E-16
   4109.1807      2.01961401E-16
   4112.0356      3.98047808E-16
   4114.8906      1.60056206E-16
   4117.7456      3.41107103E-16
   4120.6006      2.94011012E-16
   4123.4556      2.66903496E-16
   4126.3105      3.06545088E-16
   4129.1655      1.73885395E-16
   4132.0205      2.24197604E-16
   4134.8755      5.50745005E-16
   4137.7305      4.80535291E-16
   4140.5854      2.80967208E-16
   4143.4404      4.70543425E-16
   4146.2954      1.43100697E-16
   4149.1504      1.55419706E-16
   4152.0054      6.14037212E-17
   4154.8604      2.29084693E-16
   4157.7153      1.69465802E-16
   4160.5703      1.51751604E-16
   4163.4253      1.49434505E-16
   4166.2803      5.73525678E-17
   4169.1353      7.72685424E-17
   4171.9902      2.00545996E-16
   4177.7002      1.87386505E-16
   4180.5552      2.46249604E-16
   4183.4102      1.93697403E-16
   4186.2651      3.28501506E-16
   4189.1201      2.85931589E-16
   4191.9751      2.27767398E-16
   4194.8301      2.82069992E-16
   4197.6851      1.49278506E-16
   4203.3950      3.45120107E-16
   4206.2500      2.92334893E-16
   4209.1050      1.73384905E-16
   4211.9600      3.52910798E-16
   4214.8149      3.21706607E-16
   4217.6699      5.14431696E-16
   4220.5249      3.04452308E-16
   4223.3799      5.29133912E-16
   4226.2349      4.88620802E-16
   4229.0898      1.35185505E-16
   4231.9448      3.40496207E-16
   4234.7998      2.38873800E-16
   4237.6548      1.86986295E-16
   4240.5098      4.42997305E-16
   4243.3647      3.72888388E-16
   4246.2197      3.32868596E-16
   4249.0747      3.43952604E-16
   4251.9297      3.01549897E-16
   4254.7847      2.26855196E-16
   4257.6396      3.64844407E-16
   4260.4946      3.57564503E-16
   4263.3496      2.99266508E-16
   4266.2046      3.66757193E-16
   4269.0596      3.56329608E-16
   4271.9146      2.73255396E-16
   4274.7695      3.92764704E-16
   4277.6245      2.66571989E-16
   4280.4795      3.17611494E-16
   4283.3345      3.67326902E-16
   4286.1895      5.03170976E-16
   4289.0444      2.09417594E-16
   4291.8994      2.22945795E-16
   4294.7544      3.03701996E-16
   4297.6094      3.07011909E-16
   4300.4644      2.81196992E-16
   4303.3193      3.50655891E-16
   4306.1743      3.40023510E-16
   4309.0293      2.28517207E-16
   4311.8843      3.58973304E-16
   4314.7393      2.30751812E-16
   4317.5942      4.47759615E-16
   4320.4492      2.52213113E-16
   4323.3042      4.85034518E-16
   4326.1592      1.78046206E-16
   4329.0142      2.32350508E-16
   4331.8691      3.05202806E-16
   4334.7241      2.67521989E-16
   4337.5791      2.93183011E-16
   4340.4341      2.35732790E-16
   4343.2891      2.06838696E-16
   4346.1440      1.29532302E-16
   4348.9990      2.70424612E-16
   4351.8540      1.04538603E-16
   4354.7090      2.86947605E-16
   4357.5640      2.91003701E-16
   4360.4189      1.28037805E-16
   4363.2739      1.45356505E-16
   4366.1289      3.70603702E-16
   4368.9839      3.67186109E-16
   4371.8389      1.97087706E-16
   4374.6938      1.40539296E-16
   4377.5488      1.72607894E-17
   4380.4038      8.85366217E-17
   4383.2588      2.15136403E-16
   4386.1138      1.12837004E-16
   4388.9688      1.05038703E-16
   4391.8237      1.35872304E-16
   4394.6787      1.11137499E-16
   4400.3887      1.90073598E-16
   4403.2437      7.78290202E-17
   4406.0986      1.81176602E-16
   4408.9536      2.31401407E-16
   4411.8086      5.75731404E-17
   4414.6636      3.95616102E-17
   4417.5186      1.52684796E-16
   4420.3735      1.68657197E-17
   4423.2285      1.81414102E-16
   4426.0835      1.58649695E-16
   4428.9385      2.04829494E-16
   4431.7935      5.84985967E-17
   4434.6484      1.57061402E-16
   4437.5034      3.21079088E-16
   4440.3584      1.90833903E-16
   4443.2134      9.61077926E-17
   4446.0684      1.41349695E-16
   4448.9233      3.04545799E-16
   4451.7783      4.06148301E-16
   4454.6333      1.34490105E-16
   4457.4883      3.56935793E-16
   4460.3433      2.64635989E-16
   4463.1982      2.89139488E-16
   4466.0532      2.41594099E-16
   4468.9082      2.42957795E-16
   4471.7632      1.62661798E-16
   4474.6182      1.07949300E-16
   4477.4731      4.68485082E-16
   4480.3281      3.29320189E-16
   4483.1831      2.50536702E-16
   4486.0381      3.63170008E-16
   4488.8931      1.20405297E-16
   4491.7480      2.52831209E-16
   4494.6030      1.81616503E-16
   4497.4580      3.25902306E-16
   4500.3130      3.55903207E-16
   4503.1680      1.58702700E-16
   4506.0229      3.27478396E-16
   4508.8779      2.69380512E-16
   4511.7329      9.38161516E-17
   4514.5879      4.61250891E-16
   4517.4429      2.41042601E-16
   4520.2979      4.71526725E-16
   4523.1528      1.24322506E-16
   4526.0078      2.65545597E-16
   4528.8628      2.37891903E-16
   4531.7178      1.86950005E-16
   4534.5728      2.31450906E-16
   4537.4277      1.64117398E-16
   4540.2827      2.79218191E-16
   4543.1377      4.38381505E-16
   4545.9927      4.13534190E-16
   4548.8477      3.08565791E-16
   4551.7026      2.71061793E-16
   4554.5576      2.78265808E-16
   4557.4126      1.54772494E-16
   4560.2676      2.20139297E-16
   4563.1226      1.70281204E-16
   4565.9775      2.22530908E-16
   4568.8325      2.65393792E-16
   4571.6875      3.46566204E-16
   4574.5425      3.01388696E-16
   4577.3975      1.61506697E-16
   4580.2524      3.03834503E-16
   4583.1074      3.48250396E-16
   4585.9624      1.68719897E-16
   4588.8174      2.55023594E-16
   4591.6724      3.02326494E-16
   4594.5273      1.21594002E-16
   4597.3823      2.58799588E-16
   4600.2373      1.53510706E-16
   4603.0923      2.06071099E-16
   4605.9473      3.12433688E-16
   4608.8022      3.71654896E-16
   4611.6572      2.78293390E-16
   4614.5122      2.04345203E-16
   4617.3672      3.43352693E-16
   4620.2222      2.34415998E-16
   4623.0771      2.37747405E-16
   4625.9321      2.07949699E-16
   4628.7871      1.50364204E-16
   4631.6421      1.40036304E-16
   4634.4971      2.32255905E-16
   4637.3521      1.35390196E-16
   4640.2070      1.60766999E-16
   4643.0620      2.03937304E-16
   4645.9170      2.00597903E-16
   4648.7720      3.45017510E-16
   4651.6270      2.34100504E-16
   4654.4819      3.29588097E-17
   4657.3369      1.39749001E-16
   4660.1919      2.23737691E-16
   4663.0469      8.17135133E-17
   4665.9019      1.48367403E-16
   4668.7568      1.34511201E-16
   4671.6118      2.71258304E-16
   4674.4668      2.13760702E-16
   4677.3218      2.60315909E-16
   4680.1768      2.27659189E-16
   4683.0317      2.60229512E-16
   4685.8867      3.06686304E-16
   4688.7417      3.02988688E-16
   4691.5967      3.32917512E-16
   4694.4517      2.75037792E-16
   4697.3066      2.63371395E-16
   4700.1616      3.41642295E-16
   4703.0166      3.53343394E-16
   4705.8716      3.34226310E-16
   4708.7266      3.46575204E-16
   4711.5815      2.40314497E-16
   4714.4365      3.44899905E-16
   4717.2915      4.07308392E-16
   4720.1465      3.14037492E-16
   4723.0015      3.86056494E-16
   4725.8564      2.88007904E-16
   4728.7114      3.17555908E-16
   4731.5664      3.27711303E-16
   4734.4214      3.63206404E-16
   4737.2764      2.26207507E-16
   4740.1313      3.55200487E-16
   4742.9863      3.81684904E-16
   4745.8413      3.74199992E-16
   4748.6963      2.97290406E-16
   4751.5513      3.88651195E-16
   4754.4063      3.05282797E-16
   4757.2612      3.44656409E-16
   4760.1162      3.83550098E-16
   4762.9712      3.03278797E-16
   4765.8262      3.50074005E-16
   4768.6812      2.50801188E-16
   4771.5361      3.92745408E-16
   4774.3911      2.87428905E-16
   4777.2461      3.82239711E-16
   4780.1011      3.62120799E-16
   4782.9561      2.93705604E-16
   4785.8110      4.22568088E-16
   4788.6660      4.11088806E-16
   4791.5210      3.06036604E-16
   4794.3760      3.30059808E-16
   4797.2310      3.86627209E-16
   4800.0859      4.34541587E-16
   4802.9409      3.97464493E-16
   4805.7959      3.32007904E-16
   4808.6509      3.52240001E-16
   4811.5059      3.76202590E-16
   4814.3608      2.87933789E-16
   4817.2158      3.11708204E-16
   4820.0708      3.64942107E-16
   4822.9258      3.05508505E-16
   4825.7808      3.81851505E-16
   4828.6357      3.64536511E-16
   4831.4907      2.78523597E-16
   4834.3457      3.47618589E-16
   4837.2007      3.14946490E-16
   4840.0557      3.84428497E-16
   4842.9106      3.34422292E-16
   4845.7656      3.81062203E-16
   4848.6206      3.26553595E-16
   4851.4756      2.28383588E-16
   4854.3306      2.30800702E-16
   4857.1855      2.26505689E-16
   4860.0405      3.79562902E-16
   4862.8955      2.66983991E-16
   4865.7505      2.86402698E-16
   4868.6055      1.77400503E-16
   4871.4604      2.35571192E-16
   4874.3154      2.35389291E-16
   4877.1704      2.27133605E-16
   4880.0254      2.09636300E-16
   4882.8804      2.27136411E-16
   4885.7354      2.65112313E-16
   4888.5903      2.63006007E-16
   4891.4453      7.48452407E-17
   4894.3003      1.35259700E-16
   4897.1553      2.19628602E-16
   4900.0103      7.23853776E-17
   4902.8652      9.11156981E-17
   4905.7202      5.24167612E-17
   4908.5752      1.94711500E-16
   4911.4302      1.84925702E-16
   4914.2852      8.82669873E-17
   4917.1401      6.50341574E-17
   4919.9951      2.21700193E-16
   4922.8501      1.74621096E-16
   4925.7051      1.65099493E-17
   4928.5601      8.44118029E-17
   4931.4150      2.12394398E-16
   4934.2700      1.06899198E-16
   4937.1250      1.07436799E-16
   4939.9800      2.05796197E-16
   4942.8350      7.30040690E-17
   4945.6899      1.26544300E-16
   4948.5449      2.75232107E-17
   4951.3999      9.79543377E-17
   4954.2549      2.35707590E-16
   4957.1099      1.12429198E-16
   4959.9648      2.51833113E-16
   4962.8198      3.01222492E-16
   4965.6748      1.71655396E-16
   4968.5298      1.85282396E-16
   4971.3848      2.87403202E-16
   4974.2397      4.52023209E-16
   4977.0947      4.35319401E-16
   4979.9497      3.84348108E-16
   4982.8047      3.45668190E-16
   4985.6597      3.42360209E-16
   4988.5146      2.69246707E-16
   4991.3696      3.76337188E-16
   4994.2246      4.31237497E-16
   4997.0796      4.42478312E-16
   4999.9346      3.58025713E-16
   5002.7896      3.95365413E-16
   5005.6445      3.60794901E-16
   5008.4995      3.47981490E-16
   5011.3545      4.24856003E-16
   5014.2095      3.66515603E-16
   5017.0645      4.18051708E-16
   5019.9194      3.26746109E-16
   5022.7744      2.90378511E-16
   5025.6294      2.98237495E-16
   5028.4844      5.02170683E-16
   5031.3394      3.34312205E-16
   5034.1943      3.43742699E-16
   5037.0493      4.46781716E-16
   5039.9043      4.00431994E-16
   5042.7593      3.85294297E-16
   5045.6143      3.87922296E-16
   5048.4692      4.32468288E-16
   5051.3242      2.81493612E-16
   5054.1792      4.96439816E-16
   5057.0342      4.64638123E-16
   5059.8892      4.10448396E-16
   5062.7441      4.00612888E-16
   5065.5991      4.30627712E-16
   5068.4541      4.47463313E-16
   5071.3091      3.32200499E-16
   5074.1641      4.34162593E-16
   5077.0190      3.89140912E-16
   5079.8740      4.00582104E-16
   5082.7290      3.93159792E-16
   5085.5840      3.20744590E-16
   5088.4390      3.50871805E-16
   5091.2939      3.91312493E-16
   5094.1489      3.01342612E-16
   5097.0039      4.15014407E-16
   5099.8589      3.87162111E-16
   5102.7139      3.66031497E-16
   5105.5688      3.94613195E-16
   5108.4238      2.71529090E-16
   5111.2788      4.32886908E-16
   5114.1338      3.35419806E-16
   5116.9888      3.18642889E-16
   5119.8438      2.66267798E-16
   5122.6987      2.87936304E-16
   5125.5537      2.85265794E-16
   5128.4087      3.34752794E-16
   5131.2637      3.05268689E-16
   5134.1187      3.07509091E-16
   5136.9736      2.85846091E-16
   5139.8286      3.97275287E-16
   5142.6836      3.33006106E-16
   5145.5386      4.12504489E-16
   5148.3936      3.46678092E-16
   5151.2485      4.39704597E-16
   5154.1035      4.04883311E-16
   5156.9585      4.54193413E-16
   5159.8135      3.97305595E-16
   5162.6685      3.82656292E-16
   5165.5234      3.07442890E-16
   5168.3784      3.10253690E-16
   5171.2334      4.01029311E-16
   5174.0884      3.94022998E-16
   5176.9434      3.61591907E-16
   5179.7983      3.39410893E-16
   5182.6533      4.09198811E-16
   5185.5083      3.59459501E-16
   5188.3633      4.25032795E-16
   5191.2183      4.47348593E-16
   5194.0732      2.45533993E-16
   5196.9282      4.21302991E-16
   5199.7832      2.84593012E-16
   5202.6382      3.37689907E-16
   5205.4932      3.45112113E-16
   5208.3481      3.66723391E-16
   5211.2031      3.39769003E-16
   5214.0581      3.05929692E-16
   5216.9131      2.90236607E-16
   5219.7681      3.36468909E-16
   5222.6230      3.99212610E-16
   5225.4780      3.16384091E-16
   5228.3330      2.57607813E-16
   5231.1880      3.47712398E-16
   5234.0430      2.63623388E-16
   5236.8979      2.80902595E-16
   5239.7529      3.31936912E-16
   5242.6079      2.53037593E-16
   5245.4629      2.49257391E-16
   5248.3179      2.35759604E-16
   5251.1729      2.71529408E-16
   5254.0278      2.54042889E-16
   5256.8828      2.27066901E-16
   5259.7378      2.87162989E-16
   5262.5928      2.01864799E-16
   5265.4478      2.64961594E-16
   5268.3027      2.01150406E-16
   5271.1577      1.57114500E-16
   5274.0127      2.87459901E-16
   5276.8677      1.85241195E-16
   5279.7227      2.24466404E-16
   5282.5776      2.66798305E-16
   5285.4326      2.42771104E-16
   5288.2876      2.43406988E-16
   5291.1426      2.62819209E-16
   5293.9976      3.22518409E-16
   5296.8525      2.70062109E-16
   5299.7075      3.40723106E-16
   5302.5625      2.25564689E-16
   5305.4175      1.92900901E-16
   5308.2725      3.04252699E-16
   5311.1274      2.66688006E-16
   5313.9824      2.41029790E-16
   5316.8374      2.42350711E-16
   5319.6924      2.51470212E-16
   5322.5474      2.68601612E-16
   5325.4023      3.04535688E-16
   5328.2573      3.17674492E-16
   5331.1123      3.53702906E-16
   5333.9673      2.61023499E-16
   5336.8223      2.96203504E-16
   5339.6772      3.57922798E-16
   5342.5322      3.86241809E-16
   5345.3872      2.88464191E-16
   5348.2422      3.73003690E-16
   5351.0972      3.93143990E-16
   5353.9521      2.87575706E-16
   5356.8071      2.72710304E-16
   5359.6621      2.28927092E-16
   5362.5171      2.93992801E-16
   5365.3721      3.02206691E-16
   5368.2271      3.94253603E-16
   5371.0820      3.98472489E-16
   5373.9370      3.59014994E-16
   5376.7920      2.86008113E-16
   5379.6470      3.14135403E-16
   5382.5020      3.35939302E-16
   5385.3569      3.33745195E-16
   5388.2119      2.62107807E-16
   5391.0669      2.66437787E-16
   5393.9219      2.84457513E-16
   5396.7769      2.54935688E-16
   5399.6318      2.46553794E-16
   5402.4868      2.81954292E-16
   5405.3418      2.90758300E-16
   5408.1968      3.49115508E-16
   5411.0518      3.52287488E-16
   5413.9067      2.74057192E-16
   5416.7617      3.14282787E-16
   5419.6167      3.34372397E-16
   5422.4717      3.96105587E-16
   5425.3267      3.32110792E-16
   5428.1816      2.88885298E-16
   5431.0366      2.53902202E-16
   5433.8916      3.19179696E-16
   5436.7466      2.83875390E-16
   5439.6016      2.93904101E-16
   5442.4565      3.00799611E-16
   5445.3115      2.73130591E-16
   5448.1665      2.64499696E-16
   5451.0215      3.69826311E-16
   5453.8765      2.40158007E-16
   5456.7314      3.25718288E-16
   5459.5864      2.86679492E-16
   5462.4414      3.16320193E-16
   5465.2964      3.39046113E-16
   5468.1514      2.98395493E-16
   5471.0063      2.53177910E-16
   5473.8613      3.07193704E-16
   5476.7163      3.27140403E-16
   5479.5713      3.33276707E-16
   5482.4263      3.05702793E-16
   5485.2813      3.42623610E-16
   5488.1362      2.52279499E-16
   5490.9912      3.13706302E-16
   5493.8462      3.65418696E-16
   5496.7012      4.12981793E-16
   5499.5562      3.54412191E-16
   5502.4111      2.85895695E-16
   5505.2661      3.49548501E-16
   5508.1211      2.68018006E-16
   5510.9761      3.54141087E-16
   5513.8311      2.75159288E-16
   5516.6860      2.92433890E-16
   5519.5410      3.65903304E-16
   5522.3960      2.87336790E-16
   5525.2510      2.81399592E-16
   5528.1060      3.14814406E-16
   5530.9609      3.36738795E-16
   5533.8159      3.87550211E-16
   5536.6709      4.15515189E-16
   5539.5259      3.09778107E-16
   5542.3809      3.23522011E-16
   5545.2358      3.40993706E-16
   5548.0908      2.83067188E-16
   5550.9458      3.41877612E-16
   5553.8008      4.00773507E-16
   5556.6558      3.28190406E-16
   5559.5107      3.67563198E-16
   5562.3657      3.37154900E-16
   5565.2207      3.09674107E-16
   5568.0757      3.16318895E-16
   5570.9307      2.32832205E-16
   5573.7856      3.47916295E-16
   5576.6406      2.47670396E-16
   5579.4956      3.59184110E-16
   5582.3506      2.19077303E-16
   5585.2056      3.41369313E-16
   5588.0605      3.30734708E-16
   5590.9155      3.35968392E-16
   5593.7705      2.90428804E-16
   5596.6255      4.21997691E-16
   5599.4805      3.11271188E-16
   5602.3354      3.23448689E-16
   5605.1904      2.59848903E-16
   5608.0454      3.21309190E-16
   5610.9004      4.00138788E-16
   5613.7554      3.40989207E-16
   5616.6104      2.73464508E-16
   5619.4653      3.89371808E-16
   5622.3203      2.90025511E-16
   5625.1753      3.45888895E-16
   5628.0303      3.38333599E-16
   5630.8853      2.99604606E-16
   5633.7402      3.06937106E-16
   5636.5952      2.84903211E-16
   5639.4502      3.31610805E-16
   5642.3052      3.29814698E-16
   5645.1602      2.86913511E-16
   5648.0151      3.29721392E-16
   5650.8701      2.77151113E-16
   5653.7251      2.65925306E-16
   5656.5801      3.04644108E-16
   5659.4351      3.08070303E-16
   5662.2900      2.65630088E-16
   5665.1450      2.69261795E-16
   5668.0000      2.33959897E-16
   5670.8550      3.07425208E-16
   5673.7100      3.54281192E-16
   5676.5649      3.59540287E-16
   5679.4199      3.70339904E-16
   5682.2749      3.38896003E-16
   5685.1299      2.90553503E-16
   5687.9849      3.11474793E-16
   5690.8398      3.86458094E-16
   5693.6948      3.81010190E-16
   5696.5498      3.46263098E-16
   5699.4048      3.30907212E-16
   5702.2598      2.85128204E-16
   5705.1147      3.17571710E-16
   5707.9697      2.58926590E-16
   5710.8247      2.71682112E-16
   5713.6797      3.77665813E-16
   5716.5347      2.68656193E-16
   5719.3896      2.41878093E-16
   5722.2446      2.46776008E-16
   5725.0996      1.99052901E-16
   5727.9546      2.88081411E-16
   5730.8096      3.33605197E-16
   5733.6646      3.16595611E-16
   5736.5195      3.10269810E-16
   5739.3745      3.11436889E-16
   5742.2295      2.70011393E-16
   5745.0845      2.08096196E-16
   5747.9395      2.61874503E-16
   5750.7944      2.70749291E-16
   5753.6494      2.92446992E-16
   5756.5044      2.60941390E-16
   5759.3594      2.91063893E-16
   5762.2144      3.27652488E-16
   5765.0693      3.23128908E-16
   5767.9243      3.19126889E-16
   5770.7793      3.82838008E-16
   5773.6343      2.31542094E-16
   5776.4893      2.74145602E-16
   5779.3442      2.65799309E-16
   5782.1992      2.27078310E-16
   5785.0542      2.22302791E-16
   5787.9092      3.19085490E-16
   5790.7642      2.20025199E-16
   5793.6191      2.86129609E-16
   5796.4741      2.49306096E-16
   5799.3291      3.50651205E-16
   5802.1841      2.74095388E-16
   5805.0391      2.83459496E-16
   5807.8940      2.22188706E-16
   5810.7490      2.02210203E-16
   5813.6040      2.20506102E-16
   5816.4590      2.52954796E-16
   5819.3140      2.16367896E-16
   5822.1689      2.62306490E-16
   5825.0239      2.93043409E-16
   5827.8789      2.56533801E-16
   5830.7339      2.70132306E-16
   5833.5889      3.12295304E-16
   5836.4438      2.82052892E-16
   5839.2988      2.96578104E-16
   5842.1538      2.56343589E-16
   5845.0088      2.81790391E-16
   5847.8638      2.63328911E-16
   5850.7188      3.30367890E-16
   5853.5737      2.82793596E-16
   5856.4287      2.71715888E-16
   5859.2837      1.67113407E-16
   5862.1387      2.92457289E-16
   5864.9937      3.68041189E-16
   5867.8486      2.92748589E-16
   5870.7036      2.62908201E-16
   5873.5586      2.88029213E-16
   5876.4136      2.48763809E-16
   5879.2686      2.45482907E-16
   5882.1235      2.52557405E-16
   5884.9785      2.70723509E-16
   5887.8335      2.54337604E-16
   5890.6885      2.38126293E-16
   5893.5435      2.74348413E-16
   5896.3984      2.35338787E-16
   5899.2534      2.40793309E-16
   5902.1084      2.38526701E-16
   5904.9634      1.99427806E-16
   5907.8184      2.80906089E-16
   5910.6733      2.41795693E-16
   5913.5283      3.09329788E-16
   5916.3833      3.10409597E-16
   5919.2383      2.37124306E-16
   5922.0933      2.71712711E-16
   5924.9482      2.37981212E-16
   5927.8032      2.67504201E-16
   5930.6582      2.91455911E-16
   5933.5132      2.40828196E-16
   5936.3682      2.45448496E-16
   5939.2231      2.70008904E-16
   5942.0781      1.83078906E-16
   5944.9331      3.14426306E-16
   5947.7881      2.30501011E-16
   5950.6431      2.19393299E-16
   5953.4980      2.38486600E-16
   5956.3530      2.53160413E-16
   5959.2080      2.09827597E-16
   5962.0630      1.98715306E-16
   5964.9180      1.81033797E-16
   5967.7729      1.95977801E-16
   5970.6279      1.78112500E-16
   5973.4829      2.41416990E-16
   5976.3379      2.19683606E-16
   5979.1929      1.84861606E-16
   5982.0479      2.05098295E-16
   5984.9028      2.02608905E-16
   5987.7578      2.37886900E-16
   5990.6128      2.78268799E-16
   5993.4678      1.83868698E-16
   5996.3228      2.41104302E-16
   5999.1777      1.88514197E-16
   6002.0327      1.98137497E-16
   6004.8877      2.69793387E-16
   6007.7427      1.52416895E-16
   6010.5977      2.40227305E-16
   6013.4526      1.41794904E-16
   6016.3076      2.75580608E-16
   6019.1626      2.52663205E-16
   6022.0176      1.65252502E-16
   6024.8726      1.52481098E-16
   6027.7275      1.76320099E-16
   6030.5825      1.55492803E-16
   6033.4375      2.04599101E-16
   6036.2925      2.32861401E-16
   6039.1475      2.38696108E-16
   6042.0024      2.13177202E-16
   6044.8574      3.23417508E-16
   6047.7124      2.50465604E-16
   6050.5674      2.55730893E-16
   6053.4224      3.00006391E-16
   6056.2773      2.10452297E-16
   6059.1323      2.87268709E-16
   6061.9873      2.56197794E-16
   6064.8423      2.30796308E-16
   6067.6973      2.24705294E-16
   6070.5522      2.35682100E-16
   6073.4072      2.92848407E-16
   6076.2622      2.53768212E-16
   6079.1172      2.57977410E-16
   6081.9722      2.87466306E-16
   6084.8271      2.52424500E-16
   6087.6821      3.21449692E-16
   6090.5371      2.45138588E-16
   6093.3921      2.77415096E-16
   6096.2471      2.42506300E-16
   6099.1021      3.02205103E-16
   6101.9570      2.04298801E-16
   6104.8120      2.37742111E-16
   6107.6670      3.37337012E-16
   6110.5220      2.87684391E-16
   6113.3770      2.65998600E-16
   6116.2319      2.89586192E-16
   6119.0869      2.62582596E-16
   6121.9419      3.10928590E-16
   6124.7969      2.61225887E-16
   6127.6519      3.23487812E-16
   6130.5068      3.38535511E-16
   6133.3618      2.26890189E-16
   6136.2168      2.30931807E-16
   6139.0718      2.55116398E-16
   6141.9268      2.26443300E-16
   6144.7817      2.07227405E-16
   6147.6367      2.82880391E-16
   6150.4917      2.77024402E-16
   6153.3467      1.93454000E-16
   6156.2017      2.29088107E-16
   6159.0566      3.00939107E-16
   6161.9116      2.55373604E-16
   6164.7666      2.87881908E-16
   6167.6216      2.84131908E-16
   6170.4766      2.84828593E-16
   6173.3315      2.61829610E-16
   6176.1865      1.98685104E-16
   6179.0415      2.00901193E-16
   6181.8965      2.18823603E-16
   6184.7515      2.30163813E-16
   6187.6064      2.75570311E-16
   6190.4614      2.27230405E-16
   6193.3164      2.12756095E-16
   6196.1714      2.18108906E-16
   6199.0264      2.72587802E-16
   6201.8813      3.12220288E-16
   6204.7363      2.82116287E-16
   6207.5913      2.33966594E-16
   6210.4463      2.80641788E-16
   6213.3013      2.07802805E-16
   6216.1563      2.08029704E-16
   6219.0112      2.26474296E-16
   6221.8662      1.66968405E-16
   6224.7212      2.84666307E-16
   6227.5762      2.58080192E-16
   6230.4312      2.23668711E-16
   6233.2861      1.51516804E-16
   6236.1411      3.47528804E-16
   6238.9961      2.31468693E-16
   6241.8511      2.64759100E-16
   6244.7061      1.93149002E-16
   6247.5610      2.02581297E-16
   6250.4160      2.28240995E-16
   6253.2710      1.99345895E-16
   6256.1260      1.54774995E-16
   6258.9810      2.07261405E-16
   6261.8359      2.14407504E-16
   6264.6909      1.90936804E-16
   6267.5459      2.28101102E-16
   6270.4009      2.17819896E-16
   6273.2559      2.75201296E-16
   6276.1108      2.03593104E-16
   6278.9658      2.13708305E-16
   6281.8208      2.42645902E-16
   6284.6758      1.96273998E-16
   6287.5308      2.31840700E-16
   6290.3857      1.72865806E-16
   6293.2407      2.60450508E-16
   6296.0957      2.12932899E-16
   6298.9507      1.87882694E-16
   6301.8057      1.86038399E-16
   6304.6606      3.13488191E-16
   6307.5156      2.18703801E-16
   6310.3706      2.25910093E-16
   6313.2256      2.03495298E-16
   6316.0806      2.21189896E-16
   6318.9355      2.68190510E-16
   6321.7905      2.45196292E-16
   6324.6455      1.60857407E-16
   6327.5005      2.52634803E-16
   6330.3555      2.37803388E-16
   6333.2104      2.16729103E-16
   6336.0654      2.81881606E-16
   6338.9204      2.62769102E-16
   6341.7754      2.63270096E-16
   6344.6304      2.28223207E-16
   6347.4854      2.50668310E-16
   6350.3403      2.97525087E-16
   6353.1953      2.62532806E-16
   6356.0503      2.25484406E-16
   6358.9053      2.52145403E-16
   6361.7603      2.58567792E-16
   6364.6152      2.26065788E-16
   6367.4702      2.08666395E-16
   6370.3252      2.40823008E-16
   6373.1802      3.09207604E-16
   6376.0352      2.32061696E-16
   6378.8901      2.33080094E-16
   6381.7451      2.38353007E-16
   6384.6001      2.74061189E-16
   6387.4551      2.57848608E-16
   6390.3101      2.53928010E-16
   6393.1650      2.74490106E-16
   6396.0200      1.78452901E-16
   6398.8750      2.02740102E-16
   6401.7300      2.22336196E-16
   6404.5850      2.22317297E-16
   6407.4399      2.59459797E-16
   6410.2949      2.35134493E-16
   6413.1499      2.16549796E-16
   6416.0049      2.55747411E-16
   6418.8599      2.05045805E-16
   6421.7148      2.68869804E-16
   6424.5698      2.47368005E-16
   6427.4248      2.63454987E-16
   6430.2798      2.54381491E-16
   6433.1348      2.40582794E-16
   6435.9897      2.14559004E-16
   6438.8447      1.98812304E-16
   6441.6997      2.49171894E-16
   6444.5547      2.79458007E-16
   6447.4097      2.14516494E-16
   6450.2646      2.12904603E-16
   6453.1196      1.38843695E-16
   6455.9746      2.01222497E-16
   6458.8296      2.29373002E-16
   6461.6846      2.61539713E-16
   6464.5396      2.00764001E-16
   6467.3945      2.10696494E-16
   6470.2495      2.26737406E-16
   6473.1045      3.03861291E-16
   6475.9595      1.43859202E-16
   6478.8145      2.71118412E-16
   6481.6694      2.45333988E-16
   6484.5244      1.70344996E-16
   6487.3794      1.74574298E-16
   6490.2344      2.20405106E-16
   6493.0894      2.48407605E-16
   6495.9443      1.33741804E-16
   6498.7993      2.12978600E-16
   6501.6543      2.29609800E-16
   6504.5093      1.35841506E-16
   6507.3643      1.56249203E-16
   6510.2192      1.48587896E-16
   6513.0742      1.37042797E-16
   6515.9292      2.05050795E-16
   6518.7842      2.30295897E-16
   6521.6392      1.84497805E-16
   6524.4941      2.03100594E-16
   6527.3491      1.87465795E-16
   6530.2041      1.82757602E-16
   6533.0591      1.52655295E-16
   6535.9141      1.29231499E-16
   6538.7690      1.57240695E-16
   6541.6240      1.77274202E-16
   6544.4790      1.97195993E-16
   6547.3340      1.64981306E-16
   6550.1890      1.82789300E-16
   6553.0439      1.88844804E-16
   6555.8989      1.59688805E-16
   6558.7539      1.47690001E-16
   6561.6089      1.15276896E-16
   6564.4639      1.36645896E-16
   6567.3188      1.77521999E-16
   6570.1738      1.34183399E-16
   6573.0288      1.00818699E-16
   6575.8838      1.30912899E-16
   6578.7388      1.27362997E-16
   6581.5938      1.29209503E-16
   6584.4487      8.45960723E-17
   6587.3037      1.22438096E-16
   6590.1587      1.20697404E-16
   6593.0137      7.54695305E-17
   6595.8687      5.45896687E-17
   6598.7236      5.18842389E-17
   6601.5786      9.99003231E-17
   6604.4336      4.59716015E-17
   6607.2886      1.23687298E-16
   6610.1436      1.05862198E-16
   6612.9985      1.03325102E-16
   6615.8535      1.00425000E-16
   6618.7085      1.04446799E-16
   6621.5635      1.00344599E-16
   6624.4185      9.25657523E-17
   6627.2734      1.61036197E-16
   6630.1284      1.42459097E-16
   6632.9834      9.12775674E-17
   6635.8384      7.95604283E-17
   6638.6934      1.34843701E-16
   6641.5483      1.27476103E-16
   6644.4033      1.40764594E-16
   6647.2583      1.00026200E-16
   6650.1133      1.35537104E-16
   6652.9683      1.87094305E-16
   6655.8232      1.61151195E-16
   6658.6782      2.11989503E-16
   6661.5332      1.85742705E-16
   6664.3882      1.49589605E-16
   6667.2432      1.81592495E-16
   6670.0981      2.19057305E-16
   6672.9531      2.48913205E-16
   6675.8081      2.33892611E-16
   6678.6631      2.53100300E-16
   6681.5181      2.87908510E-16
   6684.3730      3.52740492E-16
   6687.2280      3.10959109E-16
   6690.0830      3.61857001E-16
   6692.9380      4.10207813E-16
   6695.7930      3.70136007E-16
   6698.6479      3.89212407E-16
   6701.5029      4.54209612E-16
   6704.3579      4.28519791E-16
   6707.2129      4.47597514E-16
   6710.0679      5.00765614E-16
   6712.9229      5.32142520E-16
   6715.7778      5.23452915E-16
   6718.6328      4.82832709E-16
   6721.4878      5.81973309E-16
   6724.3428      5.89682315E-16
   6727.1978      5.97369192E-16
   6730.0527      6.14792977E-16
   6732.9077      6.53328318E-16
   6735.7627      5.98247195E-16
   6738.6177      7.20835097E-16
   6741.4727      6.59009209E-16
   6744.3276      6.59121176E-16
   6747.1826      6.64365581E-16
   6750.0376      6.31962018E-16
   6752.8926      6.21263409E-16
   6755.7476      6.59202491E-16
   6758.6025      6.43717088E-16
   6761.4575      6.38185380E-16
   6764.3125      5.89878509E-16
   6767.1675      5.61704023E-16
   6770.0225      6.38627002E-16
   6772.8774      6.29572008E-16
   6775.7324      6.21138207E-16
   6778.5874      6.75637577E-16
   6781.4424      6.22486101E-16
   6784.2974      5.99105504E-16
   6787.1523      6.08318310E-16
   6790.0073      5.85098226E-16
   6792.8623      5.83224695E-16
   6795.7173      6.21599205E-16
   6798.5723      5.81396692E-16
   6801.4272      5.39862008E-16
   6804.2822      5.81578010E-16
   6807.1372      5.50524194E-16
   6809.9922      5.15651318E-16
   6812.8472      5.25006691E-16
   6815.7021      5.14706294E-16
   6818.5571      5.41564491E-16
   6821.4121      4.84539692E-16
   6824.2671      5.37758984E-16
   6827.1221      5.11988694E-16
   6829.9771      5.24903617E-16
   6832.8320      4.91222676E-16
   6835.6870      4.64683122E-16
   6838.5420      4.78595479E-16
   6841.3970      4.85765878E-16
   6844.2520      4.77694289E-16
   6847.1069      4.80899779E-16
   6849.9619      4.26203394E-16
   6852.8169      4.73671094E-16
   6855.6719      4.61385517E-16
   6858.5269      4.12188705E-16
   6861.3818      4.70755183E-16
   6864.2368      4.03070607E-16
   6867.0918      3.21554988E-16
   6869.9468      3.61575098E-16
   6872.8018      3.50839406E-16
   6875.6567      3.66063896E-16
   6878.5117      3.93140205E-16
   6881.3667      3.59511408E-16
   6884.2217      3.10706190E-16
   6887.0767      3.31049010E-16
   6889.9316      3.84138388E-16
   6892.7866      3.43876001E-16
   6895.6416      3.17873704E-16
   6898.4966      3.27165205E-16
   6901.3516      3.24977002E-16
   6904.2065      3.14344700E-16
   6907.0615      3.20533387E-16
   6909.9165      3.08776702E-16
   6912.7715      3.52547606E-16
   6915.6265      2.89183295E-16
   6918.4814      2.24676495E-16
   6921.3364      2.64443713E-16
   6924.1914      2.93830012E-16
   6927.0464      3.05777597E-16
   6929.9014      3.12680095E-16
   6932.7563      3.09156200E-16
   6935.6113      3.25659710E-16
   6938.4663      3.24082005E-16
   6941.3213      2.42499312E-16
   6944.1763      2.99087201E-16
   6947.0313      2.88432612E-16
   6949.8862      2.36677893E-16
   6952.7412      2.87686006E-16
   6955.5962      2.66944313E-16
   6958.4512      2.70769302E-16
   6961.3062      2.81948204E-16
   6964.1611      2.55785289E-16
   6967.0161      2.36840709E-16
   6969.8711      2.31696095E-16
   6972.7261      2.62724792E-16
   6975.5811      2.05130998E-16
   6978.4360      1.84801096E-16
   6981.2910      3.17693895E-16
   6984.1460      1.91054806E-16
   6987.0010      1.69657602E-16
   6989.8560      2.23364812E-16
   6992.7109      2.27593809E-16
   6995.5659      2.29800594E-16
   6998.4209      2.16815579E-16
   7001.2759      2.24848787E-16
   7004.1309      2.26937173E-16
   7006.9858      2.11713251E-16
   7009.8408      2.00469180E-16
   7012.6958      2.03949347E-16
   7015.5508      2.18130797E-16
   7018.4058      2.29019233E-16
   7021.2607      2.31715286E-16
   7024.1157      2.30109047E-16
   7026.9707      2.21525136E-16
   7029.8257      2.11667525E-16
   7032.6807      2.06610791E-16
   7035.5356      2.06814780E-16
   7038.3906      2.07282237E-16
   7041.2456      2.03274818E-16
   7044.1006      1.96458942E-16
   7046.9556      1.92153765E-16
   7049.8105      1.97318853E-16
   7052.6655      2.02529297E-16
   7055.5205      2.01814070E-16
   7058.3755      1.94272036E-16
   7061.2305      1.89172262E-16
   7064.0854      1.85716368E-16
   7066.9404      1.75805844E-16
   7069.7954      1.68981088E-16
   7072.6504      1.63414903E-16
   7075.5054      1.61206080E-16
   7078.3604      1.70571233E-16
   7081.2153      1.89603799E-16
   7084.0703      2.04735963E-16
   7086.9253      2.10635521E-16
   7089.7803      2.15418319E-16
   7092.6353      2.11546823E-16
   7095.4902      1.91162432E-16
   7098.3452      1.73971541E-16
   7101.2002      1.74357259E-16
   7104.0552      1.80553080E-16
   7106.9102      1.80333182E-16
   7109.7651      1.75741946E-16
   7112.6201      1.74192140E-16
   7115.4751      1.72834214E-16
   7118.3301      1.71710175E-16
   7121.1851      1.76008695E-16
   7124.0400      1.69471904E-16
   7126.8950      1.51547284E-16
   7129.7500      1.49751190E-16
   7132.6050      1.65378921E-16
   7135.4600      1.78562658E-16
   7138.3149      1.83181238E-16
   7141.1699      1.85730211E-16
   7144.0249      1.84726596E-16
   7146.8799      1.76474431E-16
   7149.7349      1.68033205E-16
   7152.5898      1.59430990E-16
   7155.4448      1.53567841E-16
   7158.2998      1.55572040E-16
   7161.1548      1.61000926E-16
   7164.0098      1.61846437E-16
   7166.8647      1.65167494E-16
   7169.7197      1.73053781E-16
   7172.5747      1.79991246E-16
   7175.4297      1.84592236E-16
   7178.2847      1.81559951E-16
   7181.1396      1.67847149E-16
   7183.9946      1.57028950E-16
   7186.8496      1.64458144E-16
   7189.7046      1.77501750E-16
   7192.5596      1.78879621E-16
   7195.4146      1.75308464E-16
   7198.2695      1.79968137E-16
   7201.1245      1.93050045E-16
   7203.9795      2.08262704E-16
   7206.8345      2.05554872E-16
   7209.6895      1.95101268E-16
   7212.5444      1.90241588E-16
   7215.3994      1.67763782E-16
   7218.2544      1.47740982E-16
   7221.1094      1.59304319E-16
   7223.9644      1.86717614E-16
   7226.8193      2.09259198E-16
   7229.6743      2.10655466E-16
   7232.5293      1.91333758E-16
   7235.3843      1.77192278E-16
   7238.2393      1.79049477E-16
   7241.0942      1.85544764E-16
   7243.9492      1.91106316E-16
   7246.8042      1.92064866E-16
   7249.6592      1.90316498E-16
   7252.5142      1.89948091E-16
   7255.3691      1.83320958E-16
   7258.2241      1.72373164E-16
   7261.0791      1.70284645E-16
   7263.9341      1.74542111E-16
   7266.7891      1.73039395E-16
   7269.6440      1.77683200E-16
   7272.4990      1.97779454E-16
   7275.3540      2.11105704E-16
   7278.2090      2.11775813E-16
   7281.0640      2.05143809E-16
   7283.9189      1.85486623E-16
   7286.7739      1.64660452E-16
   7289.6289      1.54823197E-16
   7292.4839      1.52296233E-16
   7295.3389      1.58253098E-16
   7298.1938      1.62905929E-16
   7301.0488      1.56245868E-16
   7303.9038      1.54611955E-16
   7306.7588      1.64846349E-16
   7309.6138      1.69911342E-16
   7312.4688      1.66983400E-16
   7315.3237      1.66219879E-16
   7318.1787      1.62200986E-16
   7321.0337      1.57244917E-16
   7323.8887      1.55812531E-16
   7326.7437      1.45841762E-16
   7329.5986      1.32702270E-16
   7332.4536      1.31547525E-16
   7335.3086      1.44902416E-16
   7338.1636      1.55865074E-16
   7341.0186      1.52641293E-16
   7343.8735      1.50029612E-16
   7346.7285      1.57381752E-16
   7349.5835      1.64923178E-16
   7352.4385      1.70144302E-16
   7355.2935      1.70638983E-16
   7358.1484      1.58274777E-16
   7361.0034      1.49259606E-16
   7363.8584      1.54384434E-16
   7366.7134      1.59062755E-16
   7369.5684      1.57105540E-16
   7372.4233      1.48249414E-16
   7375.2783      1.45425247E-16
   7378.1333      1.55086849E-16
   7380.9883      1.66361387E-16
   7383.8433      1.71955365E-16
   7386.6982      1.69389781E-16
   7389.5532      1.57695274E-16
   7392.4082      1.49050350E-16
   7395.2632      1.49800980E-16
   7398.1182      1.55351679E-16
   7400.9731      1.55750513E-16
   7403.8281      1.54503084E-16
   7406.6831      1.57836305E-16
   7409.5381      1.65373416E-16
   7412.3931      1.80136988E-16
   7415.2480      1.99366714E-16
   7418.1030      2.06205909E-16
   7420.9580      1.95593817E-16
   7423.8130      1.86265907E-16
   7426.6680      1.90231662E-16
   7429.5229      1.92700618E-16
   7432.3779      1.77544207E-16
   7435.2329      1.67632188E-16
   7438.0879      1.81468008E-16
   7440.9429      1.96586341E-16
   7443.7979      1.97303302E-16
   7446.6528      1.93940872E-16
   7449.5078      1.92894218E-16
   7452.3628      1.80655068E-16
   7455.2178      1.65684687E-16
   7458.0728      1.70312081E-16
   7460.9277      1.86837495E-16
   7463.7827      1.95069372E-16
   7466.6377      1.94990412E-16
   7469.4927      1.95613167E-16
   7472.3477      1.92392324E-16
   7475.2026      1.81654262E-16
   7478.0576      1.72776986E-16
   7480.9126      1.73395321E-16
   7483.7676      1.77509214E-16
   7486.6226      1.76405543E-16
   7489.4775      1.82198375E-16
   7492.3325      2.03682373E-16
   7495.1875      2.17459219E-16
   7498.0425      2.06593242E-16
   7500.8975      1.78024885E-16
   7503.7524      1.64897833E-16
   7506.6074      1.71436319E-16
   7509.4624      1.68682945E-16
   7512.3174      1.55692716E-16
   7515.1724      1.55251187E-16
   7518.0273      1.76126684E-16
   7520.8823      1.95894236E-16
   7523.7373      1.95053252E-16
   7526.5923      1.89126218E-16
   7529.4473      1.89999138E-16
   7532.3022      2.01855310E-16
   7535.1572      2.29601065E-16
   7538.0122      2.45166831E-16
   7540.8672      2.29049382E-16
   7543.7222      2.06056170E-16
   7546.5771      1.85623366E-16
   7549.4321      1.62341170E-16
   7552.2871      1.48980694E-16
   7555.1421      1.54052172E-16
   7557.9971      1.70904197E-16
   7560.8521      1.90085959E-16
   7563.7070      1.98192700E-16
   7566.5620      1.92767467E-16
   7569.4170      1.89405951E-16
   7572.2720      1.93487471E-16
   7575.1270      1.98846662E-16
   7577.9819      2.04682785E-16
   7580.8369      2.13782950E-16
   7583.6919      2.24458728E-16
   7586.5469      2.25058692E-16
   7589.4019      2.03349039E-16
   7592.2568      1.79358102E-16
   7595.1118      1.77205447E-16
   7597.9668      1.81178058E-16
   7600.8218      1.71999040E-16
   7603.6768      1.48279047E-16
   7606.5317      1.27266052E-16
   7609.3867      1.20256947E-16
   7612.2417      1.25386208E-16
   7615.0967      1.46308041E-16
   7617.9517      1.72123554E-16
   7620.8066      1.81070207E-16
   7623.6616      1.78630222E-16
   7626.5166      1.71778560E-16
   7629.3716      1.57463253E-16
   7632.2266      1.49813963E-16
   7635.0815      1.58365316E-16
   7637.9365      1.66792315E-16
   7640.7915      1.57801391E-16
   7643.6465      1.43674589E-16
   7646.5015      1.38984356E-16
   7649.3564      1.49414508E-16
   7652.2114      1.72025920E-16
   7655.0664      1.84917377E-16
   7657.9214      1.85343819E-16
   7660.7764      1.90275271E-16
   7663.6313      1.97567431E-16
   7666.4863      1.93013411E-16
   7669.3413      1.71537129E-16
   7672.1963      1.50265365E-16
   7675.0513      1.59527829E-16
   7677.9063      1.88845519E-16
   7680.7612      1.91855557E-16
   7683.6162      1.71994540E-16
   7686.4712      1.55885508E-16
   7689.3262      1.50344616E-16
   7692.1812      1.56745048E-16
   7695.0361      1.65399237E-16
   7697.8911      1.60543541E-16
   7700.7461      1.38722344E-16
   7703.6011      1.27218949E-16
   7706.4561      1.47258954E-16
   7709.3110      1.81427337E-16
   7712.1660      2.02891562E-16
   7715.0210      1.99251848E-16
   7717.8760      1.80981374E-16
   7720.7310      1.69365350E-16
   7723.5859      1.73463626E-16
   7726.4409      1.81940970E-16
   7729.2959      1.74588075E-16
   7732.1509      1.60692473E-16
   7735.0059      1.64256378E-16
   7737.8608      1.85223540E-16
   7740.7158      1.95642138E-16
   7743.5708      1.75952182E-16
   7746.4258      1.52855552E-16
   7749.2808      1.54409434E-16
   7752.1357      1.62603896E-16
   7754.9907      1.57585014E-16
   7757.8457      1.48449883E-16
   7760.7007      1.47328927E-16
   7763.5557      1.51974148E-16
   7766.4106      1.52471397E-16
   7769.2656      1.51347225E-16
   7772.1206      1.49522954E-16
   7774.9756      1.46151657E-16
   7777.8306      1.46377352E-16
   7780.6855      1.51057222E-16
   7783.5405      1.59272290E-16
   7786.3955      1.70498574E-16
   7789.2505      1.68876612E-16
   7792.1055      1.47647928E-16
   7794.9604      1.29130557E-16
   7797.8154      1.32036608E-16
   7800.6704      1.49376272E-16
   7803.5254      1.63935802E-16
   7806.3804      1.68025092E-16
   7809.2354      1.63105683E-16
   7812.0903      1.59424465E-16
   7814.9453      1.76644499E-16
   7817.8003      1.98331679E-16
   7820.6553      1.98992405E-16
   7823.5103      1.84521178E-16
   7826.3652      1.65093630E-16
   7829.2202      1.48725857E-16
   7832.0752      1.46343470E-16
   7834.9302      1.52013377E-16
   7837.7852      1.53837118E-16
   7840.6401      1.52106802E-16
   7843.4951      1.49586746E-16
   7846.3501      1.52567138E-16
   7849.2051      1.69210025E-16
   7852.0601      1.84437599E-16
   7854.9150      1.75651750E-16
   7857.7700      1.57567954E-16
   7860.6250      1.54045369E-16
   7863.4800      1.60575596E-16
   7866.3350      1.64979664E-16
   7869.1899      1.69562708E-16
   7872.0449      1.67797161E-16
   7874.8999      1.56259460E-16
   7877.7549      1.47067260E-16
   7880.6099      1.45506112E-16
   7883.4648      1.55665611E-16
   7886.3198      1.60980332E-16
   7889.1748      1.43842235E-16
   7892.0298      1.23847149E-16
   7894.8848      1.21149561E-16
   7897.7397      1.30461047E-16
   7900.5947      1.42580778E-16
   7903.4497      1.45982132E-16
   7906.3047      1.36490783E-16
   7909.1597      1.22019292E-16
   7912.0146      1.10656642E-16
   7914.8696      1.09608863E-16
   7917.7246      1.11414267E-16
   7920.5796      1.10216986E-16
   7923.4346      1.23335170E-16
   7926.2896      1.41115345E-16
   7929.1445      1.36123793E-16
   7931.9995      1.25189008E-16
   7934.8545      1.30741044E-16
   7937.7095      1.39000065E-16
   7940.5645      1.47291486E-16
   7943.4194      1.61769012E-16
   7946.2744      1.69589165E-16
   7949.1294      1.57751085E-16
   7951.9844      1.37635522E-16
   7954.8394      1.40374575E-16
   7957.6943      1.62694211E-16
   7960.5493      1.66827771E-16
   7963.4043      1.50390462E-16
   7966.2593      1.44596465E-16
   7969.1143      1.53863522E-16
   7971.9692      1.64307663E-16
   7974.8242      1.71328706E-16
   7977.6792      1.69038276E-16
   7980.5342      1.58836121E-16
   7983.3892      1.49421482E-16
   7986.2441      1.49005073E-16
   7989.0991      1.60583365E-16
   7991.9541      1.70842244E-16
   7994.8091      1.71610940E-16
   7997.6641      1.77887189E-16
   8000.5190      1.93615479E-16
   8003.3740      1.92982825E-16
   8006.2290      1.67622698E-16
   8009.0840      1.44458187E-16
   8011.9390      1.47398424E-16
   8014.7939      1.68305830E-16
   8017.6489      1.79343318E-16
   8020.5039      1.68680166E-16
   8023.3589      1.61463366E-16
   8026.2139      1.69379921E-16
   8029.0688      1.67263583E-16
   8031.9238      1.55058632E-16
   8034.7788      1.50940371E-16
   8037.6338      1.53379495E-16
   8040.4888      1.55327300E-16
   8043.3438      1.53409168E-16
   8046.1987      1.55233333E-16
   8049.0537      1.63580115E-16
   8051.9087      1.68951084E-16
   8054.7637      1.67003398E-16
   8057.6187      1.65813185E-16
   8060.4736      1.64819681E-16
   8063.3286      1.56555048E-16
   8066.1836      1.44369923E-16
   8069.0386      1.32644340E-16
   8071.8936      1.26913713E-16
   8074.7485      1.27179496E-16
   8077.6035      1.30194854E-16
   8080.4585      1.36167084E-16
   8083.3135      1.40044920E-16
   8086.1685      1.43432602E-16
   8089.0234      1.46629675E-16
   8091.8784      1.50282094E-16
   8094.7334      1.60712709E-16
   8097.5884      1.68500370E-16
   8100.4434      1.64059350E-16
   8103.2983      1.54757009E-16
   8106.1533      1.50865938E-16
   8109.0083      1.52043314E-16
   8111.8633      1.55635276E-16
   8114.7183      1.51803021E-16
   8117.5732      1.43989487E-16
   8120.4282      1.52560944E-16
   8123.2832      1.70406737E-16
   8126.1382      1.66189347E-16
   8128.9932      1.45680945E-16
   8131.8481      1.37947984E-16
   8134.7031      1.39125466E-16
   8137.5581      1.43977377E-16
   8140.4131      1.47939638E-16
   8143.2681      1.32808916E-16
   8146.1230      1.14446142E-16
   8148.9780      1.10389145E-16
   8151.8330      1.13793794E-16
   8154.6880      1.26382689E-16
   8157.5430      1.44927946E-16
   8160.3979      1.53935824E-16
   8163.2529      1.50380072E-16
   8166.1079      1.36757003E-16
   8168.9629      1.19481885E-16
   8171.8179      1.12160741E-16
   8174.6729      1.18356827E-16
   8177.5278      1.26196276E-16
   8180.3828      1.23580400E-16
   8183.2378      1.19024554E-16
   8186.0928      1.19509136E-16
   8188.9478      1.21324354E-16
   8191.8027      1.24638807E-16
   8194.6572      1.26633927E-16
   8197.5127      1.28500298E-16
   8200.3672      1.36003686E-16
   8203.2227      1.46840692E-16
   8206.0771      1.47412850E-16
   8208.9326      1.28927878E-16
   8211.7871      1.11026816E-16
   8214.6426      1.08483037E-16
   8217.4971      1.09454193E-16
   8220.3525      1.04362188E-16
   8223.2070      1.05439138E-16
   8226.0625      1.23992349E-16
   8228.9170      1.46063010E-16
   8231.7725      1.48029079E-16
   8234.6270      1.34140876E-16
   8237.4824      1.34456369E-16
   8240.3369      1.45976970E-16
   8243.1924      1.45708235E-16
   8246.0469      1.44906109E-16
   8248.9023      1.55781654E-16
   8251.7568      1.60525608E-16
   8254.6123      1.44840305E-16
   8257.4668      1.23737802E-16
   8260.3223      1.14552617E-16
   8263.1768      1.17939412E-16
   8266.0322      1.29695501E-16
   8268.8867      1.36323825E-16
   8271.7422      1.40382714E-16
   8274.5967      1.39352696E-16
   8277.4521      1.35460434E-16
   8280.3066      1.37388823E-16
   8283.1621      1.36200211E-16
   8286.0166      1.28555395E-16
   8288.8721      1.24459461E-16
   8291.7266      1.13175010E-16
   8294.5820      9.46435903E-17
   8297.4365      1.08338432E-16
   8300.2920      1.35681470E-16
   8303.1465      1.26056105E-16
   8306.0020      9.59700373E-17
   8308.8564      8.84590388E-17
   8311.7119      1.02667017E-16
   8314.5664      1.19212780E-16
   8317.4219      1.32630192E-16
   8320.2764      1.34678755E-16
   8323.1318      1.25385956E-16
   8325.9863      1.25847113E-16
   8328.8418      1.36634276E-16
   8331.6963      1.38094415E-16
   8334.5518      1.32329694E-16
   8337.4063      1.19363327E-16
   8340.2617      9.47459357E-17
   8343.1162      7.96441522E-17
   8345.9717      8.21232985E-17
   8348.8262      8.09355466E-17
   8351.6816      7.59213432E-17
   8354.5361      8.43087560E-17
   8357.3916      1.01977698E-16
   8360.2461      1.09847858E-16
   8363.1016      1.07758943E-16
   8365.9561      1.03682385E-16
   8368.8115      1.02570932E-16
   8371.6660      1.02990101E-16
   8374.5215      1.04155274E-16
   8377.3760      1.09281676E-16
   8380.2314      1.22201245E-16
   8383.0859      1.43928235E-16
   8385.9414      1.61341433E-16
   8388.7959      1.65175885E-16
   8391.6514      1.57234091E-16
   8394.5059      1.44654143E-16
   8397.3613      1.24170041E-16
   8400.2158      1.02641871E-16
   8403.0713      1.03530561E-16
   8405.9258      1.20128224E-16
   8408.7813      1.27006172E-16
   8411.6357      1.24271632E-16
   8414.4912      1.23815028E-16
   8417.3457      1.23445192E-16
   8420.2012      1.12096724E-16
   8423.0557      1.05117364E-16
   8425.9111      1.17492615E-16
   8428.7656      1.26997595E-16
   8431.6211      1.26940474E-16
   8434.4756      1.33345088E-16
   8437.3311      1.37933386E-16
   8440.1855      1.30792793E-16
   8443.0410      1.29963190E-16
   8445.8955      1.37894542E-16
   8448.7510      1.34825781E-16
   8451.6055      1.29523871E-16
   8454.4609      1.33317943E-16
   8457.3154      1.32943356E-16
   8460.1709      1.24851479E-16
   8463.0254      1.11217186E-16
   8465.8809      9.74255708E-17
   8468.7354      9.97739034E-17
   8471.5908      1.14075750E-16
   8474.4453      1.22110070E-16
   8477.3008      1.09337256E-16
   8480.1553      8.88369346E-17
   8483.0107      8.86697316E-17
   8485.8652      1.10183422E-16
   8488.7207      1.28153213E-16
   8491.5752      1.24105573E-16
   8494.4307      1.09702089E-16
   8497.2852      1.03392084E-16
   8500.1406      1.01583206E-16
   8502.9951      9.07602487E-17
   8505.8506      7.74999015E-17
   8508.7051      8.25735760E-17
   8511.5605      1.01630884E-16
   8514.4150      1.18279429E-16
   8517.2705      1.29428977E-16
   8520.1250      1.30723190E-16
   8522.9805      1.22792381E-16
   8525.8350      1.13052879E-16
   8528.6904      1.10139707E-16
   8531.5449      1.17145080E-16
   8534.4004      1.20885194E-16
   8537.2549      1.08025268E-16
   8540.1104      9.21141977E-17
   8542.9648      9.57169068E-17
   8545.8203      1.13388542E-16
   8548.6748      1.15214110E-16
   8551.5303      9.91250100E-17
   8554.3848      9.27821891E-17
   8557.2402      9.70915552E-17
   8560.0947      1.05109609E-16
   8562.9502      1.14936905E-16
   8565.8047      1.14318941E-16
   8568.6602      1.01529115E-16
   8571.5146      9.01197329E-17
   8574.3701      9.20616155E-17
   8577.2246      8.89123139E-17
   8580.0801      6.63034495E-17
   8582.9346      5.99390292E-17
   8585.7900      8.30424815E-17
   8588.6445      9.68250972E-17
   8591.5000      8.84828285E-17
   8594.3545      8.09915103E-17
   8597.2100      7.82237441E-17
   8600.0645      7.00121766E-17
   8602.9199      6.29352031E-17
   8605.7744      6.42834413E-17
   8608.6299      7.07512393E-17
   8611.4844      8.28475977E-17
   8614.3398      9.21324288E-17
   8617.1943      9.07964659E-17
   8620.0498      8.82064311E-17
   8622.9043      8.05629844E-17
   8625.7598      7.00442646E-17
   8628.6143      7.21257951E-17
   8631.4697      7.63825592E-17
   8634.3242      7.98869992E-17
   8637.1797      8.72388415E-17
   8640.0342      8.62703123E-17
   8642.8896      7.76752374E-17
   8645.7441      7.78447962E-17
   8648.5996      8.53325873E-17
   8651.4541      8.45386924E-17
   8654.3096      8.08220706E-17
   8657.1641      8.33129894E-17
   8660.0195      7.81234634E-17
   8662.8740      6.59886312E-17
   8665.7295      5.82731205E-17
   8668.5840      5.03425926E-17
   8671.4395      4.22540202E-17
   8674.2939      3.84346097E-17
   8677.1494      4.30712184E-17
   8680.0039      5.13915072E-17
   8682.8594      4.80591440E-17
   8685.7139      3.58577138E-17
   8688.5693      3.29927936E-17
   8691.4238      4.44707021E-17
   8694.2793      6.37969466E-17
   8697.1338      8.71942069E-17
   8699.9893      1.03106217E-16
   8702.8438      9.63866584E-17
   8705.6992      7.82384746E-17
   8708.5537      7.36358564E-17
   8711.4092      8.73762065E-17
   8714.2637      1.02839355E-16
   8717.1191      1.03771992E-16
   8719.9736      1.00515620E-16
   8722.8291      1.15621665E-16
   8725.6836      1.33638201E-16
   8728.5391      1.36696771E-16
   8731.3936      1.41193100E-16
   8734.2490      1.50784120E-16
   8737.1035      1.51446500E-16
   8739.9590      1.43292590E-16
   8742.8135      1.39645134E-16
   8745.6689      1.50544939E-16
   8748.5234      1.59702411E-16
   8751.3789      1.44463891E-16
   8754.2334      1.15937966E-16
   8757.0889      1.08965177E-16
   8759.9434      1.32263877E-16
   8762.7988      1.60547551E-16
   8765.6533      1.76312396E-16
   8768.5088      1.70647903E-16
   8771.3633      1.39774055E-16
   8774.2188      1.16206713E-16
   8777.0732      1.19892511E-16
   8779.9287      1.25807064E-16
   8782.7832      1.20669690E-16
   8785.6387      1.19658121E-16
   8788.4932      1.25883363E-16
   8791.3486      1.29876819E-16
   8794.2031      1.26992420E-16
   8797.0586      1.23400061E-16
   8799.9131      1.24571164E-16
   8802.7686      1.23876477E-16
   8805.6230      1.22889830E-16
   8808.4785      1.29917053E-16
   8811.3330      1.43024597E-16
   8814.1885      1.56683334E-16
   8817.0430      1.64602099E-16
   8819.8984      1.58742273E-16
   8822.7529      1.53736083E-16
   8825.6084      1.66850125E-16
   8828.4629      1.84468556E-16
   8831.3184      1.96919715E-16
   8834.1729      1.97263491E-16
   8837.0283      1.83618505E-16
   8839.8828      1.85495583E-16
   8842.7383      1.83055440E-16
   8845.5928      1.53460877E-16
   8848.4482      1.37675399E-16
   8851.3027      1.56599226E-16
   8854.1582      1.87183164E-16
   8857.0127      2.10941856E-16
   8859.8682      2.17429109E-16
   8862.7227      2.05894334E-16
   8865.5781      1.87271414E-16
   8868.4326      1.77767215E-16
   8871.2881      1.85411740E-16
   8874.1426      2.03799687E-16
   8876.9980      2.26303831E-16
   8879.8525      2.38210917E-16
   8882.7080      2.18146970E-16
   8885.5625      1.78066429E-16
   8888.4180      1.57317246E-16
   8891.2725      1.73396128E-16
   8894.1279      2.03372611E-16
   8896.9824      2.19818894E-16
   8899.8379      2.22242943E-16
   8902.6924      2.10613247E-16
   8905.5479      1.91295191E-16
   8908.4023      1.95087239E-16
   8911.2578      2.19162972E-16
   8914.1123      2.35021653E-16
   8916.9678      2.34083908E-16
   8919.8223      2.23383949E-16
   8922.6777      2.13063673E-16
   8925.5322      2.03651893E-16
   8928.3877      1.86124982E-16
   8931.2422      1.75043250E-16
   8934.0977      1.85446574E-16
   8936.9521      2.01723649E-16
   8939.8076      2.18621626E-16
   8942.6621      2.37961228E-16
   8945.5176      2.43061266E-16
   8948.3721      2.32174828E-16
   8951.2275      2.13297150E-16
   8954.0820      1.96705164E-16
   8956.9375      1.97481444E-16
   8959.7920      2.08852861E-16
   8962.6475      2.04867240E-16
   8965.5020      1.99970265E-16
   8968.3574      2.17259875E-16
   8971.2119      2.17333302E-16
   8974.0674      1.90591333E-16
   8976.9219      1.76142817E-16
   8979.7773      1.82407725E-16
   8982.6318      1.91948585E-16
   8985.4873      1.92140199E-16
   8988.3418      1.76644976E-16
   8991.1973      1.52219219E-16
   8994.0518      1.34044552E-16
   8996.9072      1.28536654E-16
   8999.7617      1.37946012E-16
   9002.6172      1.59051638E-16
   9005.4717      1.71778639E-16
   9008.3271      1.62688612E-16
   9011.1816      1.45019783E-16
   9014.0371      1.32566308E-16
   9016.8916      1.25241842E-16
   9019.7471      1.34502770E-16
   9022.6016      1.54148667E-16
   9025.4570      1.58140866E-16
   9028.3115      1.41509149E-16
   9031.1670      1.16706211E-16
   9034.0215      1.00971509E-16
   9036.8770      9.50387312E-17
   9039.7314      9.76713890E-17
   9042.5869      1.13310496E-16
   9045.4414      1.23218703E-16
   9048.2969      1.15471581E-16
   9051.1514      1.06804793E-16
   9054.0068      9.91729005E-17
   9056.8613      9.97779864E-17
   9059.7168      1.15919000E-16
   9062.5713      1.19867245E-16
   9065.4268      1.03819273E-16
   9068.2813      9.57698265E-17
   9071.1367      1.01054472E-16
   9073.9912      1.06545932E-16
   9076.8467      9.72209858E-17
   9079.7012      8.11599839E-17
   9082.5566      7.80161880E-17
   9085.4111      8.09790166E-17
   9088.2666      8.36377868E-17
   9091.1211      8.23717902E-17
   9093.9766      6.53407701E-17
   9096.8311      4.60709260E-17
   9099.6865      3.83055132E-17
   9102.5410      4.07651910E-17
   9105.3965      5.12621329E-17
   9108.2510      5.69620922E-17
   9111.1064      4.92309479E-17
   9113.9609      3.97286676E-17
   9116.8164      3.89532188E-17
   9119.6709      4.43216276E-17
   9122.5264      4.87663205E-17
   9125.3809      5.08087386E-17
   9128.2363      5.19956005E-17
   9131.0908      5.29558348E-17
   9133.9463      5.38771883E-17
   9136.8008      5.48014137E-17
   9139.6563      5.57159612E-17
   9142.5107      5.65310318E-17
   9145.3662      5.70985571E-17
