   3795.38965       5.12887979E-16
   3831.81519       3.81479784E-17
   3840.92163       1.39757604E-16
   3845.47485       4.13647296E-16
   3850.02808       3.63303391E-18
   3868.24072       2.71638596E-16
   3881.90039       6.80879990E-18
   3886.45361       1.26353294E-16
   3891.00684       4.51412021E-16
   3895.56006       5.53506087E-17
   3900.11328       3.35364087E-16
   3909.21948       3.47006211E-16
   3913.77271       5.41383279E-16
   3918.32593       6.14170090E-16
   3922.87915       2.40038999E-16
   3927.43237       2.20957200E-16
   3941.09204       7.32366193E-17
   3945.64526       1.62100996E-16
   3950.19824       3.45803689E-16
   3968.41113       2.40427602E-16
   3977.51758       9.64003631E-17
   3991.17700       8.11712070E-17
   3995.73022       1.82583696E-16
   4000.28345       2.74437907E-16
   4004.83667       2.87711390E-16
   4009.38989       1.67472393E-17
   4018.49634       5.71574590E-17
   4023.04956       1.97610695E-16
   4036.70898       3.53722600E-16
   4041.26221       4.98186610E-16
   4054.92188       2.32883106E-16
   4059.47510       2.18674301E-16
   4064.02832       1.72187597E-16
   4068.58130       4.35848797E-16
   4073.13452       6.34985713E-16
   4082.24097       1.71359794E-16
   4095.90063       1.46055704E-16
   4100.45361       4.92114019E-16
   4105.00684       2.05009197E-16
   4109.56006       3.39594990E-16
   4114.11328       3.22540908E-16
   4118.66650       4.01414499E-16
   4123.21973       3.36186212E-16
   4127.77295       2.55205812E-16
   4132.32617       1.66847306E-16
   4136.87939       2.65316712E-16
   4141.43262       1.29773600E-16
   4145.98584       4.71089814E-16
   4150.53906       2.43482109E-16
   4155.09229       4.03938789E-16
   4159.64551       3.07921887E-16
   4164.19873       1.02783802E-16
   4168.75146       3.04444896E-16
   4173.30469       6.86530686E-16
   4177.85791       6.34574982E-17
   4191.51758       2.66369495E-16
   4196.07080       3.88119311E-16
   4200.62402       2.54219496E-16
   4205.17725       3.79567904E-16
   4209.73047       1.33866596E-16
   4214.28369       3.56537105E-16
   4218.83691       4.64233083E-16
   4223.39014       7.39662204E-16
   4227.94336       7.33262499E-16
   4232.49658       4.51915318E-16
   4237.04980       5.14054978E-16
   4241.60303       4.49514721E-16
   4246.15625       6.19843676E-16
   4250.70898       5.21044482E-16
   4255.26221       2.93355912E-16
   4259.81543       5.44447209E-16
   4264.36865       4.39688609E-16
   4268.92188       4.74990719E-16
   4273.47510       5.27452181E-16
   4278.02832       3.16790111E-16
   4282.58154       1.09286699E-16
   4291.68799       1.89825999E-16
   4296.24121       5.32025418E-16
   4300.79443       3.83165200E-16
   4305.34766       3.50997695E-16
   4309.90088       5.93815412E-16
   4314.45410       1.96543805E-16
   4319.00732       3.35787895E-16
   4323.56055       1.21009205E-16
   4328.11377       2.70784389E-16
   4332.66650       1.94782505E-16
   4337.21973       4.60178389E-16
   4341.77295       4.61929418E-16
   4346.32617       3.83669688E-16
   4350.87939       3.93783288E-16
   4355.43262       9.79611272E-17
   4359.98584       2.47667696E-16
   4364.53906       5.00640094E-16
   4369.09229       2.59923495E-16
   4378.19873       4.50122606E-17
   4382.75195       4.53259804E-17
   4387.30518       3.64339390E-16
   4391.85840       1.60938603E-16
   4396.41162       2.20907397E-16
   4400.96484       1.46457198E-16
   4405.51807       1.55230103E-16
   4410.07080       2.48399797E-16
   4414.62402       1.20351603E-16
   4423.73047       1.44134303E-16
   4428.28369       3.77064102E-16
   4432.83691       2.72970105E-16
   4437.39014       2.73603500E-16
   4441.94336       3.57154195E-16
   4446.49658       4.20428403E-16
   4451.04980       6.13139622E-16
   4455.60303       4.52047614E-16
   4460.15625       4.72773610E-16
   4464.70947       5.51939321E-16
   4469.26270       2.54610110E-16
   4473.81592       1.93096195E-16
   4478.36914       6.04334102E-18
   4482.92236       3.87695689E-16
   4487.47559       3.71557699E-16
   4492.02832       4.40037798E-16
   4496.58154       4.76190117E-16
   4501.13477       2.25853500E-16
   4505.68799       2.44749694E-16
   4510.24121       2.34021995E-16
   4514.79443       3.36763703E-16
   4519.34766       2.14435999E-16
   4523.90088       3.27174708E-16
   4528.45410       1.88558296E-16
   4533.00732       3.21094494E-16
   4537.56055       3.68974910E-16
   4542.11377       5.49504578E-16
   4546.66699       3.50772411E-16
   4551.22021       2.34497101E-16
   4555.77344       1.61397297E-16
   4564.87988       1.73297594E-16
   4569.43262       2.07894906E-16
   4573.98584       1.51881597E-16
   4578.53906       4.86700314E-16
   4583.09229       4.71789887E-16
   4587.64551       2.65893489E-16
   4592.19873       3.48383407E-16
   4596.75195       3.21092111E-16
   4601.30518       2.81379501E-16
   4605.85840       2.74091497E-16
   4610.41162       1.92575799E-16
   4614.96484       1.62188294E-16
   4619.51807       1.21178995E-16
   4624.07129       7.06982733E-17
   4628.62451       1.93094197E-16
   4633.17773       2.03911602E-16
   4637.73096       3.58388004E-16
   4642.28418       2.13078298E-16
   4646.83740       2.75823203E-16
   4651.39014       2.87696699E-16
   4655.94336       2.83967107E-16
   4660.49658       3.14703789E-16
   4665.04980       2.56245598E-16
   4669.60303       3.94109290E-16
   4674.15625       5.40223691E-16
   4678.70947       3.58004696E-16
   4683.26270       2.74675209E-16
   4687.81592       2.72044192E-16
   4692.36914       3.10922104E-16
   4696.92236       3.48660890E-16
   4701.47559       4.17378608E-16
   4706.02881       4.83261996E-16
   4710.58203       8.91328218E-16
   4715.13525       6.36096015E-16
   4719.68848       5.87555521E-16
   4724.24170       4.86366107E-16
   4728.79443       3.13623690E-16
   4733.34766       3.52840600E-16
   4737.90088       2.20908204E-16
   4742.45410       3.51155111E-16
   4747.00732       5.52087922E-16
   4751.56055       4.24410993E-16
   4756.11377       5.65618691E-16
   4760.66699       5.47632423E-16
   4765.22021       5.68119821E-16
   4769.77344       5.16560025E-16
   4774.32666       2.92197912E-16
   4778.87988       5.31059482E-16
   4783.43311       5.41534474E-16
   4787.98633       5.41674393E-16
   4792.53955       4.58663576E-16
   4797.09277       4.93200604E-16
   4801.64600       5.21299492E-16
   4806.19922       3.61421891E-16
   4810.75195       3.35216095E-16
   4815.30518       5.42096216E-16
   4819.85840       3.32884901E-16
   4824.41162       2.28924789E-16
   4828.96484       3.76993613E-16
   4833.51807       5.12625981E-16
   4838.07129       4.56512483E-16
   4842.62451       5.02595417E-16
   4847.17773       2.28198008E-16
   4851.73096       2.05867904E-16
   4856.28418       4.78840589E-16
   4860.83740       3.84548088E-16
   4865.39062       5.51122622E-16
   4869.94385       3.70315393E-16
   4874.49707       2.65868713E-16
   4879.05029       1.53747902E-16
   4883.60352       2.68847887E-16
   4888.15674       2.47508401E-16
   4892.70947       7.37094026E-17
   4897.26270       1.34689700E-16
   4901.81592       2.17330999E-16
   4906.36914       2.50257711E-16
   4910.92236       2.29204204E-16
   4915.47559       1.73469105E-16
   4920.02881       1.36956003E-16
   4924.58203       6.99687132E-17
   4929.13525       9.30269882E-17
   4933.68848       1.02075497E-16
   4938.24170       3.32070505E-16
   4942.79492       2.80718895E-16
   4947.34814       8.31401020E-17
   4951.90137       6.73603878E-17
   4956.45459       2.59473694E-16
   4961.00781       3.33557207E-16
   4965.56104       2.85310502E-16
   4970.11377       3.10917393E-16
   4974.66699       3.14298404E-16
   4979.22021       5.54084803E-16
   4983.77344       4.41195613E-16
   4988.32666       7.42603314E-16
   4992.87988       6.11284884E-16
   4997.43311       3.51589003E-16
   5001.98633       4.61847785E-16
   5006.53955       4.61056709E-16
   5011.09277       5.20311375E-16
   5015.64600       6.07714323E-16
   5020.19922       5.73146803E-16
   5024.75244       6.13006585E-16
   5029.30566       5.50065525E-16
   5033.85889       6.13326710E-16
   5038.41211       4.13013794E-16
   5042.96533       6.58383622E-16
   5047.51855       7.08781183E-16
   5052.07129       6.55863487E-16
   5056.62451       6.78790393E-16
   5061.17773       6.53736693E-16
   5065.73096       4.99738692E-16
   5070.28418       6.11409081E-16
   5074.83740       5.51807607E-16
   5079.39062       4.96380577E-16
   5083.94385       5.20331704E-16
   5088.49707       4.53342621E-16
   5093.05029       4.58373097E-16
   5097.60352       4.77403280E-16
   5102.15674       3.89118095E-16
   5106.70996       3.45596510E-16
   5111.26318       3.37192593E-16
   5115.81641       4.73356686E-16
   5120.36963       4.93707818E-16
   5124.92285       4.08530793E-16
   5129.47559       3.87183789E-16
   5134.02881       4.82631274E-16
   5138.58203       4.56083990E-16
   5143.13525       4.87085290E-16
   5147.68848       4.71483420E-16
   5152.24170       5.02989499E-16
   5156.79492       4.48266618E-16
   5161.34814       4.52605914E-16
   5165.90137       4.58272882E-16
   5170.45459       4.24206091E-16
   5175.00781       5.54728706E-16
   5179.56104       5.43754018E-16
   5184.11426       3.94298893E-16
   5188.66748       5.78357220E-16
   5193.22070       5.82821825E-16
   5197.77393       5.13247121E-16
   5202.32715       6.47068003E-16
   5206.88037       6.23039584E-16
   5211.43311       4.76423316E-16
   5215.98633       5.44476590E-16
   5220.53955       5.40025008E-16
   5225.09277       4.69897192E-16
   5229.64600       4.11867812E-16
   5234.19922       4.26221288E-16
   5238.75244       4.10627888E-16
   5243.30566       4.72012022E-16
   5247.85889       4.15423789E-16
   5252.41211       2.81801112E-16
   5256.96533       3.25361396E-16
   5261.51855       2.00857307E-16
   5266.07178       3.25045797E-16
   5270.62500       3.47085011E-16
   5275.17822       3.53046800E-16
   5279.73145       2.93859499E-16
   5284.28467       2.35730196E-16
   5288.83789       2.07404302E-16
   5293.39062       2.77698905E-16
   5297.94385       3.24189711E-16
   5302.49707       2.42932305E-16
   5307.05029       2.88429992E-16
   5311.60352       4.54267899E-16
   5316.15674       3.59899905E-16
   5320.70996       3.65962094E-16
   5325.26318       4.20752102E-16
   5329.81641       3.24845103E-16
   5334.36963       3.56910408E-16
   5338.92285       3.57208511E-16
   5343.47607       4.12479211E-16
   5348.02930       3.91524595E-16
   5352.58252       4.14067901E-16
   5357.13574       5.18019675E-16
   5361.68896       5.82547915E-16
   5366.24219       4.86771624E-16
   5370.79492       4.64179720E-16
   5375.34814       4.70870009E-16
   5379.90137       4.25606898E-16
   5384.45459       4.72235374E-16
   5389.00781       3.79832311E-16
   5393.56104       5.26132874E-16
   5398.11426       4.97288808E-16
   5402.66748       3.76166405E-16
   5407.22070       4.54001084E-16
   5411.77393       3.74372496E-16
   5416.32715       3.62694611E-16
   5420.88037       4.70771806E-16
   5425.43359       3.77694691E-16
   5429.98682       4.88449490E-16
   5434.54004       4.14247604E-16
   5439.09326       3.29540603E-16
   5443.64648       4.05670098E-16
   5448.19971       3.46748713E-16
   5452.75244       4.50117914E-16
   5457.30566       4.95987289E-16
   5461.85889       4.01690393E-16
   5466.41211       3.77071990E-16
   5470.96533       4.12880599E-16
   5475.51855       4.73850189E-16
   5480.07178       3.87112692E-16
   5484.62500       3.99293793E-16
   5489.17822       4.76464080E-16
   5493.73145       4.30937912E-16
   5498.28467       3.93045496E-16
   5502.83789       4.24804387E-16
   5507.39111       4.41448188E-16
   5511.94434       4.11125202E-16
   5516.49756       4.57251678E-16
   5521.05078       4.92960576E-16
   5525.60400       4.48232419E-16
   5530.15674       3.96389105E-16
   5534.70996       4.56128724E-16
   5539.26318       4.90933891E-16
   5543.81641       3.72699394E-16
   5548.36963       5.12153707E-16
   5552.92285       5.21834923E-16
   5557.47607       3.27772687E-16
   5562.02930       1.82072405E-16
   5566.58252       4.86360813E-16
   5571.13574       7.60374912E-16
   5575.68896       2.74413396E-16
   5580.24219       2.92454589E-16
   5589.34863       3.18514193E-16
   5593.90186       5.68199495E-16
   5598.45508       4.54699303E-16
   5603.00830       4.47655695E-16
   5607.56152       4.14426910E-16
   5612.11426       5.34479696E-16
   5616.66748       5.39514406E-16
   5621.22070       4.89967108E-16
   5625.77393       3.70521513E-16
   5630.32715       4.00464895E-16
   5634.88037       2.92522590E-16
   5639.43359       3.58112904E-16
   5643.98682       3.59980691E-16
   5648.54004       4.01855988E-16
   5653.09326       4.67336188E-16
   5657.64648       3.61750699E-16
   5662.19971       3.97550705E-16
   5666.75293       3.46587009E-16
   5671.30615       4.63073918E-16
   5675.85938       4.83071995E-16
   5680.41260       5.76437314E-16
   5684.96582       3.83254007E-16
   5689.51904       4.03671312E-16
   5694.07178       4.58296811E-16
   5698.62500       4.97475685E-16
   5703.17822       4.03529911E-16
   5707.73145       3.71490307E-16
   5712.28467       4.69474681E-16
   5716.83789       5.66246819E-16
   5721.39111       4.68033984E-16
   5725.94434       2.79823396E-16
   5730.49756       3.76551805E-16
   5735.05078       4.01220105E-16
   5739.60400       4.31078890E-16
   5744.15723       3.38060405E-16
   5748.71045       4.34633410E-16
   5753.26367       3.16362703E-16
   5757.81689       3.77655807E-16
   5762.37012       2.86595001E-16
   5766.92334       2.73757899E-16
   5771.47607       2.30480100E-16
   5776.02930       1.22374198E-16
   5780.58252       3.81962705E-16
   5785.13574       4.10255405E-16
   5789.68896       4.06392803E-16
   5794.24219       3.37506392E-16
   5798.79541       3.38248393E-16
   5803.34863       4.48420778E-16
   5807.90186       5.08272179E-16
   5812.45508       3.96406893E-16
   5817.00830       3.04501304E-16
   5821.56152       4.03575492E-16
   5826.11475       3.59890694E-16
   5830.66797       3.65370388E-16
   5835.22119       3.65686993E-16
   5839.77441       3.36700202E-16
   5844.32764       3.36564492E-16
   5848.88086       4.10957198E-16
   5853.43359       4.30928409E-16
   5857.98682       3.38751795E-16
   5862.54004       4.21768092E-16
   5867.09326       3.67015511E-16
   5871.64648       4.01386997E-16
   5876.19971       3.13508387E-16
   5880.75293       4.77365323E-16
   5885.30615       3.45863590E-16
   5889.85938       3.67251595E-16
   5894.41260       2.57380808E-16
   5898.96582       2.90095311E-16
   5903.51904       4.25566902E-16
   5908.07227       3.25833193E-16
   5912.62549       3.42854294E-16
   5917.17871       3.53341091E-16
   5921.73193       3.79825005E-16
   5926.28516       2.94325288E-16
   5930.83789       3.42445600E-16
   5935.39111       2.78658593E-16
   5939.94434       3.54296809E-16
   5944.49756       2.33286400E-16
   5949.05078       2.91501704E-16
   5953.60400       2.13897194E-16
   5958.15723       1.59047099E-16
   5962.71045       1.73841098E-16
   5967.26367       2.10060505E-16
   5971.81689       2.42342188E-16
   5976.37012       1.66853394E-16
   5980.92334       2.87468900E-16
   5985.47656       2.30946895E-16
   5990.02979       1.46547394E-16
   5994.58301       2.31469991E-16
   5999.13623       1.99369506E-16
   6003.68945       2.14094195E-16
   6008.24268       4.10292807E-16
   6012.79541       3.79845996E-16
   6017.34863       2.08024198E-16
   6021.90186       2.50996588E-16
   6026.45508       2.92197700E-16
   6031.00830       2.63605309E-16
   6035.56152       2.54889102E-16
   6040.11475       3.05814390E-16
   6044.66797       3.33109312E-16
   6049.22119       2.69142601E-16
   6053.77441       2.75939008E-16
   6058.32764       3.22404907E-16
   6062.88086       2.78817094E-16
   6067.43408       2.70438588E-16
   6071.98730       3.20387301E-16
   6076.54053       4.16384403E-16
   6081.09375       3.83468809E-16
   6085.64697       2.26266111E-16
   6090.19971       3.29152609E-16
   6094.75293       3.88158513E-16
   6099.30615       3.82363113E-16
   6103.85938       3.59809087E-16
   6108.41260       3.92196610E-16
   6112.96582       4.41900900E-16
   6117.51904       3.62045307E-16
   6122.07227       3.78610413E-16
   6126.62549       4.17945088E-16
   6131.17871       4.15602804E-16
   6135.73193       3.60667211E-16
   6140.28516       3.47558794E-16
   6144.83838       2.28048904E-16
   6149.39160       2.20219302E-16
   6153.94482       2.51821704E-16
   6158.49805       2.74728598E-16
   6163.05127       3.14960996E-16
   6167.60449       3.41083095E-16
   6172.15723       3.77064207E-16
   6176.71045       3.90450610E-16
   6181.26367       3.29304599E-16
   6185.81689       2.32963495E-16
   6190.37012       2.68600209E-16
   6194.92334       3.64809097E-16
   6199.47656       3.72061843E-16
   6204.02979       3.79557846E-16
   6208.58301       3.45322521E-16
   6213.13623       3.61910100E-16
   6217.68945       2.57346450E-16
   6222.24268       2.49653035E-16
   6226.79590       3.28762683E-16
   6231.34912       3.69346731E-16
   6235.90234       3.06680137E-16
   6240.45557       2.63412741E-16
   6245.00879       2.31743529E-16
   6249.56201       2.35448901E-16
   6254.11475       3.88943580E-16
   6258.66797       3.37336668E-16
   6263.22119       2.34301172E-16
   6267.77441       2.81652537E-16
   6272.32764       3.23108659E-16
   6276.88086       2.94784062E-16
   6281.43408       2.46764732E-16
   6285.98730       3.22204477E-16
   6290.54053       3.20979403E-16
   6295.09375       3.07835358E-16
   6299.64697       2.84364022E-16
   6304.20020       1.21453196E-16
   6308.75342       2.33569838E-16
   6313.30664       2.85386788E-16
   6317.85986       3.24507084E-16
   6322.41309       3.08291591E-16
   6326.96631       3.11001858E-16
   6331.51904       3.44104911E-16
   6336.07227       3.06973369E-16
   6340.62549       3.33693315E-16
   6345.17871       2.83052418E-16
   6349.73193       2.74971220E-16
   6354.28516       2.40429640E-16
   6358.83838       2.42937573E-16
   6363.39160       2.92154634E-16
   6367.94482       3.37483099E-16
   6372.49805       2.51186218E-16
   6377.05127       2.81041958E-16
   6381.60449       3.07461366E-16
   6386.15771       2.57313072E-16
   6390.71094       2.98232995E-16
   6395.26416       3.36196959E-16
   6399.81738       3.69524397E-16
   6404.37061       2.82358909E-16
   6408.92383       2.00140796E-16
   6413.47656       2.30173792E-16
   6418.02979       3.16489996E-16
   6422.58301       3.15906390E-16
   6427.13623       3.25345487E-16
   6431.68945       2.91820797E-16
   6436.24268       2.70186411E-16
   6440.79590       3.11426195E-16
   6445.34912       2.65547105E-16
   6449.90234       2.86534702E-16
   6454.45557       4.52232479E-16
   6459.00879       4.56684325E-16
   6463.56201       2.91650490E-16
   6468.11523       3.32459691E-16
   6472.66846       3.31572688E-16
   6477.22168       2.86202004E-16
   6481.77490       2.70488193E-16
   6486.32812       2.62519889E-16
   6490.88086       2.71737910E-16
   6495.43408       3.49436693E-16
   6499.98730       3.46983712E-16
   6504.54053       2.42801306E-16
   6509.09375       3.01220295E-16
   6513.64697       2.24028091E-16
   6518.20020       2.03545498E-16
   6522.75342       2.39903103E-16
   6527.30664       1.54074605E-16
   6531.85986       1.81864697E-16
   6536.41309       2.82508887E-16
   6540.96631       2.82355495E-16
   6545.51953       1.79166394E-16
   6550.07275       2.05961395E-16
   6554.62598       2.01267906E-16
   6559.17920       1.30255099E-16
   6563.73242       2.00310494E-16
   6568.28564       1.47303199E-16
   6572.83838       7.77535681E-17
   6577.39160       1.06709197E-16
   6581.94482       1.32887796E-16
   6586.49805       1.56143695E-16
   6591.05127       1.20637595E-16
   6595.60449       1.34360495E-16
   6600.15771       1.57846204E-16
   6604.71094       1.69515195E-16
   6609.26416       1.18523494E-16
   6613.81738       1.19913104E-16
   6618.37061       1.64720896E-16
   6622.92383       1.16264497E-16
   6627.47705       1.28856502E-16
   6632.03027       9.92347604E-17
   6636.58350       9.73232717E-17
   6641.13672       1.64020505E-16
   6645.68994       2.39512489E-16
   6650.24316       1.92096207E-16
   6654.79590       1.87303496E-16
   6659.34912       2.24678613E-16
   6663.90234       3.07381692E-16
   6668.45557       3.10349590E-16
   6673.00879       3.46316991E-16
   6677.56201       2.29014495E-16
   6682.11523       2.42846596E-16
   6686.66846       3.84164699E-16
   6691.22168       4.94226308E-16
   6695.77490       5.84439975E-16
   6700.32812       6.26031040E-16
   6704.88135       6.24537774E-16
   6709.43457       6.55154362E-16
   6713.98779       6.92910167E-16
   6718.54102       7.27072488E-16
   6723.09424       7.96705585E-16
   6727.64746       8.32452228E-16
   6732.20020       8.36814501E-16
   6736.75342       8.64159848E-16
   6741.30664       8.08705183E-16
   6745.85986       8.18506413E-16
   6750.41309       8.03443679E-16
   6754.96631       8.55875495E-16
   6759.51953       9.10589959E-16
   6764.07275       7.89603161E-16
   6768.62598       8.16463634E-16
   6773.17920       9.14153956E-16
   6777.73242       8.28414316E-16
   6782.28564       8.10052548E-16
   6786.83887       7.34592659E-16
   6791.39209       7.91199341E-16
   6795.94531       7.88053778E-16
   6800.49854       7.66243157E-16
   6805.05176       7.69087281E-16
   6809.60498       8.02434333E-16
   6814.15771       7.14181018E-16
   6818.71094       6.52162747E-16
   6823.26416       7.29449686E-16
   6827.81738       6.68909701E-16
   6832.37061       6.58705918E-16
   6836.92383       7.02637070E-16
   6841.47705       6.25217200E-16
   6846.03027       6.27887471E-16
   6850.58350       6.33182486E-16
   6855.13672       6.37873672E-16
   6859.68994       6.30432647E-16
   6864.24316       6.52402352E-16
   6868.79639       5.84189677E-16
   6873.34961       5.07946706E-16
   6877.90283       4.99407185E-16
   6882.45605       5.72861564E-16
   6887.00928       4.55285768E-16
   6891.56201       4.05705356E-16
   6896.11523       4.55968476E-16
   6900.66846       5.16193578E-16
   6905.22168       5.39879848E-16
   6909.77490       4.72300277E-16
   6914.32812       4.51450403E-16
   6918.88135       4.73543139E-16
   6923.43457       4.54489663E-16
   6927.98779       3.61404077E-16
   6932.54102       2.82819616E-16
   6937.09424       3.36206806E-16
   6941.64746       3.85028805E-16
   6946.20068       3.36555942E-16
   6950.75391       3.27882907E-16
   6955.30713       3.18343357E-16
   6959.86035       3.14656726E-16
   6964.41357       3.28820969E-16
   6968.96680       3.83784673E-16
   6973.51953       3.78950285E-16
   6978.07275       3.78935991E-16
   6982.62598       3.74187366E-16
   6987.17920       3.23467271E-16
   6991.73242       2.91138432E-16
   6996.28564       3.07374995E-16
   7000.83887       2.97777503E-16
   7005.39209       2.89079401E-16
   7009.94531       2.94540461E-16
   7014.49854       3.04987527E-16
   7019.05176       3.01590713E-16
   7023.60498       2.84666571E-16
   7028.15820       2.63075013E-16
   7032.71143       2.47009922E-16
   7037.26465       2.52186855E-16
   7041.81787       2.62913971E-16
   7046.37109       2.57286972E-16
   7050.92432       2.52776337E-16
   7055.47705       2.61667933E-16
   7060.03027       2.75942608E-16
   7064.58350       2.86897338E-16
   7069.13672       2.92129567E-16
   7073.68994       2.91272634E-16
   7078.24316       2.81603515E-16
   7082.79639       2.60892845E-16
   7087.34961       2.49382858E-16
   7091.90283       2.47010213E-16
   7096.45605       2.27604344E-16
   7101.00928       2.12677572E-16
   7105.56250       2.08131705E-16
   7110.11572       1.98173178E-16
   7114.66895       1.94626612E-16
   7119.22217       2.02945812E-16
   7123.77539       2.09756036E-16
   7128.32861       2.04853012E-16
   7132.88135       2.06292691E-16
   7137.43457       2.29074211E-16
   7141.98779       2.44297299E-16
   7146.54102       2.31799275E-16
   7151.09424       2.07936543E-16
   7155.64746       1.91890603E-16
   7160.20068       2.01815235E-16
   7164.75391       2.37329738E-16
   7169.30713       2.57690901E-16
   7173.86035       2.48379680E-16
   7178.41357       2.32866721E-16
   7182.96680       2.16966404E-16
   7187.52002       1.93544752E-16
   7192.07324       1.74931653E-16
   7196.62646       1.83889582E-16
   7201.17969       2.16351127E-16
   7205.73291       2.47034353E-16
   7210.28613       2.56316114E-16
   7214.83887       2.42639920E-16
   7219.39209       2.17878566E-16
   7223.94531       2.07286168E-16
   7228.49854       2.29932043E-16
   7233.05176       2.60061164E-16
   7237.60498       2.58507282E-16
   7242.15820       2.30718037E-16
   7246.71143       2.01864468E-16
   7251.26465       1.86424143E-16
   7255.81787       1.88183867E-16
   7260.37109       1.89417941E-16
   7264.92432       1.86921550E-16
   7269.47754       2.02115627E-16
   7274.03076       2.30975641E-16
   7278.58398       2.41876108E-16
   7283.13721       2.21217305E-16
   7287.69043       1.88452986E-16
   7292.24316       1.72840911E-16
   7296.79639       1.80289997E-16
   7301.34961       1.91126460E-16
   7305.90283       2.01118418E-16
   7310.45605       2.15280306E-16
   7315.00928       2.01485726E-16
   7319.56250       1.50013955E-16
   7324.11572       1.14004533E-16
   7328.66895       1.41560911E-16
   7333.22217       2.03856372E-16
   7337.77539       2.24732982E-16
   7342.32861       1.95865146E-16
   7346.88184       1.60401041E-16
   7351.43506       1.50758590E-16
   7355.98828       1.73641489E-16
   7360.54150       2.05906563E-16
   7365.09473       2.19006549E-16
   7369.64795       2.13918277E-16
   7374.20068       2.06317228E-16
   7378.75391       2.01062950E-16
   7383.30713       1.99420818E-16
   7387.86035       2.12047684E-16
   7392.41357       2.33896052E-16
   7396.96680       2.38034999E-16
   7401.52002       2.31554720E-16
   7406.07324       2.29025718E-16
   7410.62646       2.20582533E-16
   7415.17969       2.18150861E-16
   7419.73291       2.23291623E-16
   7424.28613       2.07795631E-16
   7428.83936       1.83968833E-16
   7433.39258       1.84768088E-16
   7437.94580       1.94988414E-16
   7442.49902       1.83451640E-16
   7447.05225       1.68500754E-16
   7451.60498       1.88288595E-16
   7456.15820       2.23946962E-16
   7460.71143       2.33703352E-16
   7465.26465       2.30927519E-16
   7469.81787       2.28482082E-16
   7474.37109       2.14751347E-16
   7478.92432       2.06107561E-16
   7483.47754       2.04054327E-16
   7488.03076       1.93003591E-16
   7492.58398       1.94893599E-16
   7497.13721       2.18636436E-16
   7501.69043       2.32242140E-16
   7506.24365       2.26139533E-16
   7510.79688       2.14847988E-16
   7515.35010       2.12889410E-16
   7519.90332       2.36279205E-16
   7524.45654       2.68347846E-16
   7529.00977       2.63121415E-16
   7533.56250       2.17103412E-16
   7538.11572       1.84708173E-16
   7542.66895       1.86432984E-16
   7547.22217       2.01505102E-16
   7551.77539       2.18270425E-16
   7556.32861       2.36447315E-16
   7560.88184       2.43766077E-16
   7565.43506       2.35433628E-16
   7569.98828       2.28851335E-16
   7574.54150       2.28805860E-16
   7579.09473       2.31934032E-16
   7583.64795       2.34041159E-16
   7588.20117       2.32100924E-16
   7592.75439       2.23640097E-16
   7597.30762       2.11046279E-16
   7601.86084       2.07425835E-16
   7606.41406       1.95545881E-16
   7610.96729       1.79885922E-16
   7615.52002       1.86630356E-16
   7620.07324       2.06478694E-16
   7624.62646       2.16547599E-16
   7629.17969       1.96353752E-16
   7633.73291       1.82769540E-16
   7638.28613       1.91867852E-16
   7642.83936       2.04343694E-16
   7647.39258       2.21711403E-16
   7651.94580       2.32871407E-16
   7656.49902       2.43380571E-16
   7661.05225       2.51590438E-16
   7665.60547       2.33640142E-16
   7670.15869       2.06017339E-16
   7674.71191       1.97559040E-16
   7679.26514       1.99291976E-16
   7683.81836       1.96090298E-16
   7688.37158       1.96340106E-16
   7692.92432       2.03084778E-16
   7697.47754       2.10997694E-16
   7702.03076       2.22693670E-16
   7706.58398       2.32196268E-16
   7711.13721       2.29975798E-16
   7715.69043       2.07083991E-16
   7720.24365       1.78372724E-16
   7724.79688       1.76968886E-16
   7729.35010       1.97924137E-16
   7733.90332       2.28133078E-16
   7738.45654       2.51794943E-16
   7743.00977       2.43751598E-16
   7747.56299       2.22091218E-16
   7752.11621       2.03733844E-16
   7756.66943       1.86082762E-16
   7761.22266       1.77988701E-16
   7765.77588       1.54824573E-16
   7770.32910       1.12089061E-16
   7774.88184       1.11024513E-16
   7779.43506       1.72297447E-16
   7783.98828       2.33392438E-16
   7788.54150       2.38724034E-16
   7793.09473       2.16292709E-16
   7797.64795       1.95186064E-16
   7802.20117       1.79453922E-16
   7806.75439       1.77499711E-16
   7811.30762       1.78605579E-16
   7815.86084       1.76397020E-16
   7820.41406       1.72879147E-16
   7824.96729       1.74419476E-16
   7829.52051       1.71439839E-16
   7834.07373       1.58602221E-16
   7838.62695       1.52006058E-16
   7843.18018       1.81257599E-16
   7847.73340       2.72534651E-16
   7852.28613       3.54033249E-16
   7856.83936       3.17084057E-16
   7861.39258       1.97703260E-16
   7870.49902       1.29962383E-16
   7875.05225       1.54439200E-16
   7879.60547       2.04581671E-16
   7884.15869       2.18868695E-16
   7888.71191       1.92064191E-16
   7893.26514       1.57365354E-16
   7897.81836       1.52612970E-16
   7902.37158       1.79045255E-16
   7906.92480       2.15721253E-16
   7911.47803       2.49967231E-16
   7916.03125       2.62341800E-16
   7920.58447       2.17474915E-16
   7925.13770       1.47845432E-16
   7934.24365       1.30156737E-16
   7938.79688       1.35246320E-16
   7943.35010       1.17994125E-16
   7947.90332       1.10465881E-16
   7952.45654       1.30562453E-16
   7957.00977       1.43201666E-16
   7961.56299       1.36455962E-16
   7966.11621       1.32317531E-16
   7970.66943       1.39335358E-16
   7975.22266       1.56861026E-16
   7979.77588       1.84329431E-16
   7984.32910       2.07935087E-16
   7988.88232       1.98391144E-16
   7993.43555       1.73289799E-16
   7997.98877       1.60454100E-16
   8002.54199       1.56209988E-16
   8007.09521       1.72211076E-16
   8011.64844       1.98235541E-16
   8016.20117       2.15446430E-16
   8020.75439       2.33357048E-16
   8025.30762       2.29708215E-16
   8029.86084       1.88121438E-16
   8034.41406       1.56915752E-16
   8038.96729       1.55608979E-16
   8043.52051       1.63823160E-16
   8048.07373       1.77871982E-16
   8052.62695       1.91499154E-16
   8057.18018       1.97707244E-16
   8061.73340       1.95568314E-16
   8066.28662       1.91986728E-16
   8070.83984       1.78701969E-16
   8075.39307       1.59428541E-16
   8079.94629       1.58719853E-16
   8084.49951       1.76455492E-16
   8089.05273       1.97504088E-16
   8093.60547       1.95583931E-16
   8098.15869       1.55523600E-16
   8102.71191       1.14180650E-16
   8107.26514       1.07879373E-16
   8111.81836       1.20412324E-16
   8116.37158       1.26013515E-16
   8120.92480       1.29338821E-16
   8125.47803       1.34549344E-16
   8130.03125       1.45905846E-16
   8134.58447       1.46791696E-16
   8139.13770       1.33825819E-16
   8143.69092       1.27178662E-16
   8148.24414       1.38238173E-16
   8152.79736       1.60257323E-16
   8157.35059       1.70878984E-16
   8161.90381       1.77051591E-16
   8166.45703       1.92298105E-16
   8171.01025       1.96045604E-16
   8175.56299       1.87168142E-16
   8180.11621       1.83439689E-16
   8184.66943       1.86568774E-16
   8189.22266       1.99658027E-16
   8193.77637       2.17538006E-16
   8198.32910       2.05181688E-16
   8202.88281       1.65465927E-16
   8207.43555       1.43376949E-16
   8211.98926       1.50016774E-16
   8216.54199       1.67863375E-16
   8221.09473       1.78350212E-16
   8225.64844       1.80561537E-16
   8230.20117       1.78982906E-16
   8234.75488       1.72989142E-16
   8239.30762       1.66683709E-16
   8243.86133       1.60079063E-16
   8248.41406       1.52603348E-16
   8252.96777       1.48593918E-16
   8257.52051       1.46759337E-16
   8262.07422       1.39535959E-16
   8266.62695       1.17265121E-16
   8271.18066       8.56165617E-17
   8275.73340       6.89469070E-17
   8280.28711       8.40296057E-17
   8284.83984       1.36001622E-16
   8289.39355       1.81719828E-16
   8293.94629       1.90021849E-16
   8298.49902       2.10828631E-16
   8303.05273       2.13794980E-16
   8307.60547       1.58932895E-16
   8312.15918       1.16361164E-16
   8316.71191       1.18997515E-16
   8321.26562       1.37761624E-16
   8325.81836       1.54962150E-16
   8330.37207       1.62734709E-16
   8334.92480       1.69277907E-16
   8339.47852       2.02974664E-16
   8344.03125       2.33929801E-16
   8348.58496       1.84651660E-16
   8353.13770       1.01812427E-16
   8357.69141       7.99780420E-17
   8362.24414       1.21563866E-16
   8366.79785       1.69379154E-16
   8371.35059       1.90728950E-16
   8375.90332       2.06180565E-16
   8380.45703       1.98293497E-16
   8385.00977       1.43593565E-16
   8398.66992       1.10034119E-16
   8412.32910       1.61049564E-16
   8416.88281       2.41219869E-16
   8421.43555       2.67582340E-16
   8425.98926       2.39074202E-16
   8430.54199       1.90421953E-16
   8439.64844       1.46430133E-16
   8444.20215       1.32322997E-16
   8448.75488       1.29107515E-16
   8453.30762       1.14721150E-16
   8457.86133       1.08032872E-16
   8462.41406       9.75968766E-17
   8466.96777       1.04007553E-16
   8471.52051       1.39719183E-16
   8476.07422       1.52402509E-16
   8480.62695       1.41853455E-16
   8489.73340       1.65486958E-16
   8494.28711       2.02995085E-16
   8498.83984       1.84529052E-16
   8503.39355       1.36826685E-16
   8507.94629       1.15926186E-16
   8512.50000       1.24180933E-16
   8517.05273       1.47519721E-16
   8521.60645       1.60600464E-16
   8526.15918       1.47353518E-16
   8530.71289       1.23367662E-16
   8535.26562       9.86604654E-17
   8539.81836       9.06452706E-17
   8544.37207       1.05809099E-16
   8548.92480       1.16262909E-16
   8553.47852       1.22159568E-16
   8558.03125       1.54594339E-16
   8562.58496       1.96594507E-16
   8567.13770       2.05844637E-16
   8571.69141       1.90535641E-16
   8576.24414       1.74078320E-16
   8580.79785       1.56518176E-16
   8585.35059       1.35423773E-16
   8589.90430       1.04291732E-16
   8594.45703       6.81634015E-17
   8599.01074       6.34095283E-17
   8603.56348       1.32955837E-16
   8608.11719       2.60778019E-16
   8612.66992       3.47287135E-16
   8617.22266       3.40480749E-16
   8621.77637       3.10740072E-16
   8626.32910       2.93537097E-16
   8630.88281       2.35664233E-16
   8649.09570       1.67848922E-16
   8653.64844       1.85260280E-16
   8658.20215       2.62670476E-16
   8662.75488       2.80707116E-16
   8667.30859       2.13191602E-16
   8671.86133       1.41663838E-16
   8676.41504       9.44346114E-17
   8680.96777       6.27670207E-17
   8690.07422       6.34581004E-17
   8694.62695       9.50046116E-17
   8699.18066       1.38279876E-16
   8703.73340       1.55294253E-16
   8708.28711       1.35440065E-16
   8712.83984       1.15761042E-16
   8717.39355       1.09151101E-16
   8721.94629       1.07250114E-16
   8726.50000       1.16005225E-16
   8731.05273       1.33323515E-16
   8735.60645       1.40674133E-16
   8740.15918       1.38637681E-16
   8744.71289       1.59973898E-16
   8749.26562       2.44809701E-16
   8753.81934       3.88725072E-16
   8758.37207       5.38904331E-16
   8762.92578       6.65390226E-16
   8767.47852       7.06110435E-16
   8772.03223       5.91351446E-16
   8776.58496       4.22653956E-16
