3176.00	2.56227e-16
3178.00	2.04788e-16
3180.00	2.05572e-16
3182.00	2.06356e-16
3184.00	2.06356e-16
3186.00	1.93641e-16
3188.00	2.53741e-16
3190.00	1.99891e-16
3192.00	1.73935e-16
3194.00	2.08663e-16
3196.00	1.99908e-16
3198.00	2.22286e-16
3200.00	2.99619e-16
3202.00	1.96841e-16
3204.00	1.44978e-16
3206.00	1.92164e-16
3208.00	2.94778e-16
3210.00	2.1494e-16
3212.00	1.4473e-16
3214.00	2.19936e-16
3216.00	2.50244e-16
3218.00	1.97171e-16
3220.00	1.50598e-16
3222.00	2.03879e-16
3224.00	1.91727e-16
3226.00	2.1982e-16
3228.00	2.64533e-16
3230.00	2.59023e-16
3232.00	1.11878e-16
3234.00	2.10548e-16
3236.00	1.91976e-16
3238.00	2.00169e-16
3240.00	2.211e-16
3242.00	1.1779e-16
3244.00	2.47575e-16
3246.00	1.12773e-16
3248.00	2.07063e-16
3250.00	1.67889e-16
3252.00	2.80704e-16
3254.00	1.60464e-16
3256.00	1.98251e-16
3258.00	1.75436e-16
3260.00	2.06887e-16
3262.00	1.93983e-16
3264.00	1.8834e-16
3266.00	1.99209e-16
3268.00	1.1272e-16
3270.00	1.28956e-16
3272.00	1.53832e-16
3274.00	1.55953e-16
3276.00	1.63873e-16
3278.00	2.52004e-16
3280.00	2.49168e-16
3282.00	2.02979e-16
3284.00	2.17027e-16
3286.00	1.62836e-16
3288.00	1.56045e-16
3290.00	2.11444e-16
3292.00	2.06196e-16
3294.00	1.87224e-16
3296.00	2.10838e-16
3298.00	1.63807e-16
3300.00	1.89749e-16
3302.00	2.51209e-16
3304.00	1.49886e-16
3306.00	1.85789e-16
3308.00	1.69564e-16
3310.00	1.86836e-16
3312.00	2.31217e-16
3314.00	1.63033e-16
3316.00	2.06636e-16
3318.00	2.1075e-16
3320.00	2.02718e-16
3322.00	1.60272e-16
3324.00	2.04342e-16
3326.00	2.01879e-16
3328.00	2.0241e-16
3330.00	2.111e-16
3332.00	1.80821e-16
3334.00	1.89654e-16
3336.00	2.31149e-16
3338.00	2.06908e-16
3340.00	2.57806e-16
3342.00	2.36301e-16
3344.00	2.1349e-16
3346.00	1.9477e-16
3348.00	2.13876e-16
3350.00	2.33542e-16
3352.00	2.21324e-16
3354.00	1.99524e-16
3356.00	2.02694e-16
3358.00	2.21758e-16
3360.00	2.32022e-16
3362.00	2.28105e-16
3364.00	2.40398e-16
3366.00	2.2009e-16
3368.00	1.62444e-16
3370.00	2.40092e-16
3372.00	2.07049e-16
3374.00	2.00287e-16
3376.00	2.2855e-16
3378.00	2.28232e-16
3380.00	2.17653e-16
3382.00	2.39453e-16
3384.00	2.41945e-16
3386.00	2.0862e-16
3388.00	2.11995e-16
3390.00	2.23288e-16
3392.00	2.1324e-16
3394.00	2.17809e-16
3396.00	2.41895e-16
3398.00	2.02693e-16
3400.00	2.42862e-16
3402.00	2.52255e-16
3404.00	1.9486e-16
3406.00	2.42737e-16
3408.00	2.19598e-16
3410.00	2.27767e-16
3412.00	2.21194e-16
3414.00	2.50057e-16
3416.00	2.09658e-16
3418.00	1.91354e-16
3420.00	2.50159e-16
3422.00	1.91105e-16
3424.00	2.25441e-16
3426.00	2.1049e-16
3428.00	2.20037e-16
3430.00	2.05077e-16
3432.00	2.51477e-16
3434.00	2.25416e-16
3436.00	2.31889e-16
3438.00	2.20225e-16
3440.00	1.89335e-16
3442.00	2.0512e-16
3444.00	2.21035e-16
3446.00	2.2275e-16
3448.00	1.97414e-16
3450.00	2.08079e-16
3452.00	1.91465e-16
3454.00	1.97858e-16
3456.00	1.79621e-16
3458.00	2.05671e-16
3460.00	2.17817e-16
3462.00	1.8404e-16
3464.00	1.88887e-16
3466.00	2.12786e-16
3468.00	2.13555e-16
3470.00	2.07583e-16
3472.00	2.14158e-16
3474.00	2.18694e-16
3476.00	1.75704e-16
3478.00	1.8975e-16
3480.00	2.11276e-16
3482.00	2.33786e-16
3484.00	2.07582e-16
3486.00	2.08713e-16
3488.00	1.97509e-16
3490.00	2.24017e-16
3492.00	1.74065e-16
3494.00	1.96669e-16
3496.00	2.31601e-16
3498.00	2.14937e-16
3500.00	2.192e-16
3502.00	1.89604e-16
3504.00	2.17135e-16
3506.00	1.68683e-16
3508.00	2.33739e-16
3510.00	2.2253e-16
3512.00	1.8959e-16
3514.00	1.7626e-16
3516.00	1.67845e-16
3518.00	1.91555e-16
3520.00	1.95442e-16
3522.00	2.34436e-16
3524.00	2.1176e-16
3526.00	2.17047e-16
3528.00	1.86686e-16
3530.00	2.09263e-16
3532.00	1.85783e-16
3534.00	2.18384e-16
3536.00	2.19437e-16
3538.00	1.97188e-16
3540.00	1.89892e-16
3542.00	2.09103e-16
3544.00	2.02833e-16
3546.00	2.26264e-16
3548.00	1.73894e-16
3550.00	2.10748e-16
3552.00	1.88171e-16
3554.00	1.98757e-16
3556.00	2.11673e-16
3558.00	1.79453e-16
3560.00	1.99128e-16
3562.00	2.10074e-16
3564.00	2.06145e-16
3566.00	1.86175e-16
3568.00	2.04705e-16
3570.00	1.919e-16
3572.00	2.18123e-16
3574.00	2.29545e-16
3576.00	2.20402e-16
3578.00	2.46403e-16
3580.00	2.00861e-16
3582.00	2.0806e-16
3584.00	2.04925e-16
3586.00	2.09873e-16
3588.00	2.01067e-16
3590.00	2.18233e-16
3592.00	1.89057e-16
3594.00	2.14413e-16
3596.00	2.1069e-16
3598.00	1.97584e-16
3600.00	2.33774e-16
3602.00	2.05341e-16
3604.00	1.96823e-16
3606.00	2.13928e-16
3608.00	2.01705e-16
3610.00	2.17278e-16
3612.00	2.28613e-16
3614.00	2.10713e-16
3616.00	2.11269e-16
3618.00	1.98195e-16
3620.00	1.94636e-16
3622.00	1.94333e-16
3624.00	2.15008e-16
3626.00	1.95707e-16
3628.00	2.08568e-16
3630.00	2.2272e-16
3632.00	2.3683e-16
3634.00	2.22177e-16
3636.00	2.03812e-16
3638.00	1.98646e-16
3640.00	1.97624e-16
3642.00	1.99082e-16
3644.00	2.2905e-16
3646.00	2.09756e-16
3648.00	1.95218e-16
3650.00	2.10522e-16
3652.00	1.88109e-16
3654.00	2.22911e-16
3656.00	2.22749e-16
3658.00	2.12958e-16
3660.00	1.8882e-16
3662.00	2.02453e-16
3664.00	2.05341e-16
3666.00	2.10826e-16
3668.00	2.06072e-16
3670.00	1.9864e-16
3672.00	1.97863e-16
3674.00	2.08207e-16
3676.00	1.89004e-16
3678.00	2.1e-16
3680.00	2.18462e-16
3682.00	1.99503e-16
3684.00	2.02815e-16
3686.00	2.12794e-16
3688.00	1.91688e-16
3690.00	2.03745e-16
3692.00	2.0485e-16
3694.00	1.93898e-16
3696.00	1.94812e-16
3698.00	2.03984e-16
3700.00	2.0209e-16
3702.00	2.05605e-16
3704.00	1.97066e-16
3706.00	2.21827e-16
3708.00	1.95033e-16
3710.00	2.11042e-16
3712.00	1.839e-16
3714.00	2.02335e-16
3716.00	2.12604e-16
3718.00	1.93897e-16
3720.00	2.42215e-16
3722.00	2.14385e-16
3724.00	2.03212e-16
3726.00	2.01854e-16
3728.00	2.0343e-16
3730.00	2.25473e-16
3732.00	1.90611e-16
3734.00	2.0654e-16
3736.00	1.81564e-16
3738.00	1.90936e-16
3740.00	1.94327e-16
3742.00	1.85111e-16
3744.00	1.76922e-16
3746.00	2.10971e-16
3748.00	1.96022e-16
3750.00	1.83658e-16
3752.00	1.75916e-16
3754.00	2.02944e-16
3756.00	1.9689e-16
3758.00	1.92103e-16
3760.00	2.19196e-16
3762.00	1.93731e-16
3764.00	2.19403e-16
3766.00	2.06872e-16
3768.00	2.14649e-16
3770.00	1.95204e-16
3772.00	2.00952e-16
3774.00	2.13245e-16
3776.00	2.05242e-16
3778.00	1.99191e-16
3780.00	1.98099e-16
3782.00	1.84377e-16
3784.00	1.86968e-16
3786.00	1.87489e-16
3788.00	2.06723e-16
3790.00	2.23283e-16
3792.00	2.01056e-16
3794.00	1.99033e-16
3796.00	2.1424e-16
3798.00	2.129e-16
3800.00	2.0751e-16
3802.00	2.11168e-16
3804.00	1.86724e-16
3806.00	2.00333e-16
3808.00	1.93302e-16
3810.00	2.02761e-16
3812.00	2.042e-16
3814.00	2.11254e-16
3816.00	1.84427e-16
3818.00	1.90426e-16
3820.00	2.14789e-16
3822.00	1.90437e-16
3824.00	2.07551e-16
3826.00	1.76126e-16
3828.00	2.1375e-16
3830.00	1.9935e-16
3832.00	2.07765e-16
3834.00	2.0253e-16
3836.00	1.82315e-16
3838.00	1.76021e-16
3840.00	2.01503e-16
3842.00	2.08062e-16
3844.00	1.921e-16
3846.00	2.1223e-16
3848.00	1.75121e-16
3850.00	2.0324e-16
3852.00	1.92006e-16
3854.00	1.99771e-16
3856.00	1.95207e-16
3858.00	1.90532e-16
3860.00	1.87453e-16
3862.00	1.96661e-16
3864.00	1.93595e-16
3866.00	1.76525e-16
3868.00	1.85639e-16
3870.00	1.95426e-16
3872.00	1.97994e-16
3874.00	2.13299e-16
3876.00	1.91578e-16
3878.00	1.85962e-16
3880.00	2.20417e-16
3882.00	2.02267e-16
3884.00	2.00991e-16
3886.00	1.8694e-16
3888.00	1.90533e-16
3890.00	1.95214e-16
3892.00	1.75214e-16
3894.00	2.05891e-16
3896.00	1.78452e-16
3898.00	1.81565e-16
3900.00	2.01964e-16
3902.00	1.78694e-16
3904.00	1.98043e-16
3906.00	1.80736e-16
3908.00	2.18685e-16
3910.00	2.09637e-16
3912.00	2.0152e-16
3914.00	2.12353e-16
3916.00	2.03254e-16
3918.00	2.10877e-16
3920.00	2.23569e-16
3922.00	2.27915e-16
3924.00	2.36835e-16
3926.00	2.42855e-16
3928.00	2.02879e-16
3930.00	2.08261e-16
3932.00	1.98554e-16
3934.00	1.94471e-16
3936.00	1.98799e-16
3938.00	1.91925e-16
3940.00	1.82062e-16
3942.00	1.9152e-16
3944.00	1.87212e-16
3946.00	1.80601e-16
3948.00	1.80345e-16
3950.00	1.72242e-16
3952.00	1.7211e-16
3954.00	2.03672e-16
3956.00	1.94456e-16
3958.00	1.75266e-16
3960.00	1.86839e-16
3962.00	1.68121e-16
3964.00	1.8634e-16
3966.00	1.8544e-16
3968.00	1.81335e-16
3970.00	1.92585e-16
3972.00	1.85582e-16
3974.00	2.06102e-16
3976.00	1.92908e-16
3978.00	1.86781e-16
3980.00	1.96656e-16
3982.00	1.9034e-16
3984.00	1.68449e-16
3986.00	1.98137e-16
3988.00	1.72011e-16
3990.00	1.81903e-16
3992.00	1.62714e-16
3994.00	1.84759e-16
3996.00	1.58723e-16
3998.00	1.69116e-16
4000.00	1.8835e-16
4002.00	1.67755e-16
4004.00	1.75531e-16
4006.00	1.73459e-16
4008.00	1.88907e-16
4010.00	1.94341e-16
4012.00	1.761e-16
4014.00	1.75153e-16
4016.00	1.82309e-16
4018.00	1.76292e-16
4020.00	1.73963e-16
4022.00	1.78748e-16
4024.00	1.85551e-16
4026.00	1.79865e-16
4028.00	1.74434e-16
4030.00	1.71914e-16
4032.00	1.74895e-16
4034.00	1.47291e-16
4036.00	1.61282e-16
4038.00	1.73331e-16
4040.00	1.79052e-16
4042.00	1.59563e-16
4044.00	1.71327e-16
4046.00	1.88209e-16
4048.00	1.68102e-16
4050.00	1.9843e-16
4052.00	1.83902e-16
4054.00	1.80176e-16
4056.00	1.89624e-16
4058.00	1.79348e-16
4060.00	1.8138e-16
4062.00	1.93195e-16
4064.00	1.82039e-16
4066.00	1.68279e-16
4068.00	1.80668e-16
4070.00	1.66516e-16
4072.00	1.87395e-16
4074.00	1.80066e-16
4076.00	1.72341e-16
4078.00	1.8362e-16
4080.00	1.5422e-16
4082.00	1.61257e-16
4084.00	1.59536e-16
4086.00	1.7685e-16
4088.00	1.7569e-16
4090.00	1.81186e-16
4092.00	1.77123e-16
4094.00	1.84414e-16
4096.00	1.69916e-16
4098.00	1.9021e-16
4100.00	1.80661e-16
4102.00	1.79214e-16
4104.00	2.03873e-16
4106.00	2.01895e-16
4108.00	1.93491e-16
4110.00	2.0131e-16
4112.00	2.06224e-16
4114.00	2.13709e-16
4116.00	2.18265e-16
4118.00	2.21455e-16
4120.00	1.95628e-16
4122.00	2.15821e-16
4124.00	2.12709e-16
4126.00	2.13416e-16
4128.00	2.14998e-16
4130.00	2.19174e-16
4132.00	2.14634e-16
4134.00	2.03657e-16
4136.00	1.87629e-16
4138.00	2.071e-16
4140.00	2.36548e-16
4142.00	2.01326e-16
4144.00	2.08612e-16
4146.00	2.14085e-16
4148.00	1.97872e-16
4150.00	1.9906e-16
4152.00	2.1637e-16
4154.00	2.05683e-16
4156.00	1.946e-16
4158.00	2.01373e-16
4160.00	1.93456e-16
4162.00	1.87233e-16
4164.00	1.71346e-16
4166.00	1.80238e-16
4168.00	1.74089e-16
4170.00	1.90499e-16
4172.00	1.94618e-16
4174.00	1.89239e-16
4176.00	1.76832e-16
4178.00	1.73502e-16
4180.00	1.73313e-16
4182.00	1.73394e-16
4184.00	1.91199e-16
4186.00	1.77187e-16
4188.00	1.93305e-16
4190.00	1.58713e-16
4192.00	1.69242e-16
4194.00	1.52175e-16
4196.00	1.77228e-16
4198.00	1.77264e-16
4200.00	1.58012e-16
4202.00	1.79053e-16
4204.00	1.86151e-16
4206.00	1.54163e-16
4208.00	1.69201e-16
4210.00	1.63802e-16
4212.00	1.64203e-16
4214.00	1.60023e-16
4216.00	1.62349e-16
4218.00	1.67727e-16
4220.00	1.58584e-16
4222.00	1.62864e-16
4224.00	1.5967e-16
4226.00	1.7055e-16
4228.00	1.65918e-16
4230.00	1.78565e-16
4232.00	1.7379e-16
4234.00	2.00712e-16
4236.00	1.759e-16
4238.00	1.90932e-16
4240.00	1.73204e-16
4242.00	1.91555e-16
4244.00	1.89548e-16
4246.00	1.82508e-16
4248.00	2.10343e-16
4250.00	1.86311e-16
4252.00	2.01881e-16
4254.00	1.94666e-16
4256.00	1.96695e-16
4258.00	1.91775e-16
4260.00	1.91256e-16
4262.00	1.95803e-16
4264.00	1.8809e-16
4266.00	1.975e-16
4268.00	1.9157e-16
4270.00	1.97559e-16
4272.00	1.90898e-16
4274.00	2.05535e-16
4276.00	2.10042e-16
4278.00	2.00328e-16
4280.00	1.89841e-16
4282.00	1.89756e-16
4284.00	1.96936e-16
4286.00	2.12575e-16
4288.00	2.03069e-16
4290.00	2.02646e-16
4292.00	1.96537e-16
4294.00	1.96801e-16
4296.00	2.0926e-16
4298.00	1.89842e-16
4300.00	1.91566e-16
4302.00	1.97101e-16
4304.00	1.88017e-16
4306.00	1.90365e-16
4308.00	1.9525e-16
4310.00	1.82576e-16
4312.00	1.94405e-16
4314.00	1.86489e-16
4316.00	1.91352e-16
4318.00	1.795e-16
4320.00	1.93281e-16
4322.00	1.93805e-16
4324.00	1.94168e-16
4326.00	1.88045e-16
4328.00	1.85248e-16
4330.00	1.95662e-16
4332.00	1.78867e-16
4334.00	1.81607e-16
4336.00	1.79508e-16
4338.00	1.75607e-16
4340.00	1.94065e-16
4342.00	1.95345e-16
4344.00	1.72929e-16
4346.00	1.74138e-16
4348.00	1.74971e-16
4350.00	1.58593e-16
4352.00	1.77161e-16
4354.00	1.79418e-16
4356.00	1.86302e-16
4358.00	1.78907e-16
4360.00	1.91482e-16
4362.00	1.84807e-16
4364.00	1.74389e-16
4366.00	1.74969e-16
4368.00	1.77457e-16
4370.00	1.65598e-16
4372.00	1.65178e-16
4374.00	1.67051e-16
4376.00	1.73498e-16
4378.00	1.5404e-16
4380.00	1.61185e-16
4382.00	1.71014e-16
4384.00	1.74748e-16
4386.00	1.63348e-16
4388.00	1.57658e-16
4390.00	1.65662e-16
4392.00	1.61851e-16
4394.00	1.67199e-16
4396.00	1.52621e-16
4398.00	1.68341e-16
4400.00	1.57837e-16
4402.00	1.57947e-16
4404.00	1.47134e-16
4406.00	1.57533e-16
4408.00	1.40397e-16
4410.00	1.3807e-16
4412.00	1.46979e-16
4414.00	1.41834e-16
4416.00	1.5257e-16
4418.00	1.52612e-16
4420.00	1.45719e-16
4422.00	1.43183e-16
4424.00	1.55676e-16
4426.00	1.41708e-16
4428.00	1.6018e-16
4430.00	1.43451e-16
4432.00	1.18798e-16
4434.00	1.41577e-16
4436.00	1.3252e-16
4438.00	1.18408e-16
4440.00	1.36088e-16
4442.00	1.32551e-16
4444.00	1.27873e-16
4446.00	1.43444e-16
4448.00	1.3111e-16
4450.00	1.30353e-16
4452.00	1.29057e-16
4454.00	1.17493e-16
4456.00	1.42741e-16
4458.00	1.37783e-16
4460.00	1.2897e-16
4462.00	1.41489e-16
4464.00	1.38449e-16
4466.00	1.39282e-16
4468.00	1.44248e-16
4470.00	1.45598e-16
4472.00	1.35081e-16
4474.00	1.4532e-16
4476.00	1.42015e-16
4478.00	1.61383e-16
4480.00	1.64209e-16
4482.00	1.46262e-16
4484.00	1.73062e-16
4486.00	1.68165e-16
4488.00	1.58505e-16
4490.00	1.66843e-16
4492.00	1.67879e-16
4494.00	1.81374e-16
4496.00	1.76256e-16
4498.00	1.73952e-16
4500.00	1.86712e-16
4502.00	1.71505e-16
4504.00	1.9018e-16
4506.00	1.81568e-16
4508.00	1.94841e-16
4510.00	1.85368e-16
4512.00	1.89584e-16
4514.00	1.82638e-16
4516.00	1.79444e-16
4518.00	1.81078e-16
4520.00	1.92186e-16
4522.00	1.80546e-16
4524.00	1.85321e-16
4526.00	1.91208e-16
4528.00	1.82355e-16
4530.00	1.95815e-16
4532.00	1.85162e-16
4534.00	1.97089e-16
4536.00	1.8154e-16
4538.00	1.75443e-16
4540.00	2.01143e-16
4542.00	1.95937e-16
4544.00	1.61759e-16
4546.00	1.94078e-16
4548.00	1.93627e-16
4550.00	1.96068e-16
4552.00	1.78854e-16
4554.00	1.75901e-16
4556.00	1.91685e-16
4558.00	1.92917e-16
4560.00	1.78626e-16
4562.00	1.7328e-16
4564.00	1.81636e-16
4566.00	1.73739e-16
4568.00	1.75788e-16
4570.00	1.89475e-16
4572.00	1.67052e-16
4574.00	1.74837e-16
4576.00	1.65904e-16
4578.00	1.83724e-16
4580.00	1.8291e-16
4582.00	1.89887e-16
4584.00	1.78143e-16
4586.00	1.71367e-16
4588.00	1.66694e-16
4590.00	1.75772e-16
4592.00	1.87476e-16
4594.00	1.67081e-16
4596.00	1.6295e-16
4598.00	1.7007e-16
4600.00	1.59291e-16
4602.00	1.79206e-16
4604.00	1.619e-16
4606.00	1.70729e-16
4608.00	1.71147e-16
4610.00	1.58796e-16
4612.00	1.72258e-16
4614.00	1.74668e-16
4616.00	1.63582e-16
4618.00	1.75357e-16
4620.00	1.73523e-16
4622.00	1.53493e-16
4624.00	1.62664e-16
4626.00	1.65658e-16
4628.00	1.67336e-16
4630.00	1.68455e-16
4632.00	1.77429e-16
4634.00	1.57376e-16
4636.00	1.60023e-16
4638.00	1.55281e-16
4640.00	1.57593e-16
4642.00	1.44817e-16
4644.00	1.57424e-16
4646.00	1.58867e-16
4648.00	1.39545e-16
4650.00	1.58044e-16
4652.00	1.58901e-16
4654.00	1.54298e-16
4656.00	1.49084e-16
4658.00	1.54082e-16
4660.00	1.54443e-16
4662.00	1.50978e-16
4664.00	1.55327e-16
4666.00	1.41483e-16
4668.00	1.5735e-16
4670.00	1.57323e-16
4672.00	1.61224e-16
4674.00	1.60508e-16
4676.00	1.53954e-16
4678.00	1.52905e-16
4680.00	1.52139e-16
4682.00	1.34698e-16
4684.00	1.52877e-16
4686.00	1.41196e-16
4688.00	1.52551e-16
4690.00	1.4175e-16
4692.00	1.49793e-16
4694.00	1.71705e-16
4696.00	1.5704e-16
4698.00	1.5405e-16
4700.00	1.55989e-16
4702.00	1.40592e-16
4704.00	1.50126e-16
4706.00	1.59475e-16
4708.00	1.32518e-16
4710.00	1.49122e-16
4712.00	1.38262e-16
4714.00	1.46014e-16
4716.00	1.48839e-16
4718.00	1.43165e-16
4720.00	1.52715e-16
4722.00	1.59638e-16
4724.00	1.501e-16
4726.00	1.3764e-16
4728.00	1.47079e-16
4730.00	1.51601e-16
4732.00	1.42436e-16
4734.00	1.53486e-16
4736.00	1.4258e-16
4738.00	1.50398e-16
4740.00	1.51699e-16
4742.00	1.40886e-16
4744.00	1.39665e-16
4746.00	1.53951e-16
4748.00	1.40964e-16
4750.00	1.43828e-16
4752.00	1.43146e-16
4754.00	1.51606e-16
4756.00	1.44444e-16
4758.00	1.44789e-16
4760.00	1.5009e-16
4762.00	1.47261e-16
4764.00	1.44349e-16
4766.00	1.32506e-16
4768.00	1.52716e-16
4770.00	1.5379e-16
4772.00	1.35352e-16
4774.00	1.48358e-16
4776.00	1.42832e-16
4778.00	1.5078e-16
4780.00	1.39161e-16
4782.00	1.49304e-16
4784.00	1.58064e-16
4786.00	1.37283e-16
4788.00	1.30418e-16
4790.00	1.39582e-16
4792.00	1.51726e-16
4794.00	1.42693e-16
4796.00	1.37763e-16
4798.00	1.50812e-16
4800.00	1.48539e-16
4802.00	1.72929e-16
4804.00	1.2931e-16
4806.00	1.3548e-16
4808.00	1.33254e-16
4810.00	1.33669e-16
4812.00	1.30365e-16
4814.00	1.36445e-16
4816.00	1.37577e-16
4818.00	1.33609e-16
4820.00	1.36229e-16
4822.00	1.43327e-16
4824.00	1.45346e-16
4826.00	1.47758e-16
4828.00	1.17502e-16
4830.00	1.42255e-16
4832.00	1.46669e-16
4834.00	1.25141e-16
4836.00	1.32803e-16
4838.00	1.2722e-16
4840.00	1.33948e-16
4842.00	1.43364e-16
4844.00	1.25569e-16
4846.00	1.48918e-16
4848.00	1.21634e-16
4850.00	1.32115e-16
4852.00	1.31314e-16
4854.00	1.42932e-16
4856.00	1.20832e-16
4858.00	1.27204e-16
4860.00	1.25918e-16
4862.00	1.2535e-16
4864.00	1.37807e-16
4866.00	1.39105e-16
4868.00	1.27193e-16
4870.00	1.42114e-16
4872.00	1.06735e-16
4874.00	1.3779e-16
4876.00	1.25645e-16
4878.00	1.3747e-16
4880.00	1.43868e-16
4882.00	1.3468e-16
4884.00	1.24744e-16
4886.00	1.26395e-16
4888.00	1.23679e-16
4890.00	1.35094e-16
4892.00	1.21634e-16
4894.00	1.28092e-16
4896.00	1.33603e-16
4898.00	1.16201e-16
4900.00	1.20658e-16
4902.00	1.37662e-16
4904.00	1.36117e-16
4906.00	1.24775e-16
4908.00	1.13772e-16
4910.00	1.20541e-16
4912.00	1.16675e-16
4914.00	1.24031e-16
4916.00	1.11707e-16
4918.00	9.99761e-17
4920.00	1.24619e-16
4922.00	1.07283e-16
4924.00	1.1224e-16
4926.00	1.06116e-16
4928.00	1.18287e-16
4930.00	1.09778e-16
4932.00	1.12057e-16
4934.00	1.15412e-16
4936.00	1.0046e-16
4938.00	9.57718e-17
4940.00	9.5579e-17
4942.00	9.93553e-17
4944.00	8.62685e-17
4946.00	9.29044e-17
4948.00	1.03025e-16
4950.00	8.97644e-17
4952.00	9.36834e-17
4954.00	8.97392e-17
4956.00	9.95315e-17
4958.00	9.73956e-17
4960.00	8.91468e-17
4962.00	8.43317e-17
4964.00	9.94826e-17
4966.00	9.01145e-17
4968.00	8.41671e-17
4970.00	9.52723e-17
4972.00	8.66371e-17
4974.00	9.30656e-17
4976.00	9.41548e-17
4978.00	9.73478e-17
4980.00	8.2328e-17
4982.00	1.00524e-16
4984.00	9.28747e-17
4986.00	9.77196e-17
4988.00	1.03109e-16
4990.00	9.43206e-17
4992.00	1.11671e-16
4994.00	1.02566e-16
4996.00	1.02634e-16
4998.00	1.10106e-16
5000.00	1.13474e-16
5002.00	1.13308e-16
5004.00	1.32263e-16
5006.00	1.26153e-16
5008.00	1.33883e-16
5010.00	1.30036e-16
5012.00	1.29392e-16
5014.00	1.42228e-16
5016.00	1.27383e-16
5018.00	1.44737e-16
5020.00	1.43811e-16
5022.00	1.45253e-16
5024.00	1.51402e-16
5026.00	1.37863e-16
5028.00	1.58477e-16
5030.00	1.4662e-16
5032.00	1.5204e-16
5034.00	1.63263e-16
5036.00	1.61526e-16
5038.00	1.50083e-16
5040.00	1.54864e-16
5042.00	1.73181e-16
5044.00	1.71177e-16
5046.00	1.54874e-16
5048.00	1.56002e-16
5050.00	1.47922e-16
5052.00	1.65568e-16
5054.00	1.67395e-16
5056.00	1.70262e-16
5058.00	1.65922e-16
5060.00	1.66235e-16
5062.00	1.79366e-16
5064.00	1.60337e-16
5066.00	1.78264e-16
5068.00	1.79633e-16
5070.00	1.67744e-16
5072.00	1.67464e-16
5074.00	1.77769e-16
5076.00	1.66302e-16
5078.00	1.693e-16
5080.00	1.75073e-16
5082.00	1.78757e-16
5084.00	1.67701e-16
5086.00	1.81362e-16
5088.00	1.79181e-16
5090.00	1.62737e-16
5092.00	1.74488e-16
5094.00	1.60963e-16
5096.00	1.81721e-16
5098.00	1.77505e-16
5100.00	1.60326e-16
5102.00	1.67391e-16
5104.00	1.6588e-16
5106.00	1.6613e-16
5108.00	1.65668e-16
5110.00	1.67074e-16
5112.00	1.73605e-16
5114.00	1.60935e-16
5116.00	1.66261e-16
5118.00	1.72563e-16
5120.00	1.59493e-16
5122.00	1.66651e-16
5124.00	1.64175e-16
5126.00	1.55245e-16
5128.00	1.57191e-16
5130.00	1.60401e-16
5132.00	1.52523e-16
5134.00	1.51966e-16
5136.00	1.53546e-16
5138.00	1.64115e-16
5140.00	1.40225e-16
5142.00	1.5658e-16
5144.00	1.55203e-16
5146.00	1.49527e-16
5148.00	1.46983e-16
5150.00	1.39569e-16
5152.00	1.38861e-16
5154.00	1.44623e-16
5156.00	1.43534e-16
5158.00	1.5397e-16
5160.00	1.49407e-16
5162.00	1.38612e-16
5164.00	1.5495e-16
5166.00	1.51506e-16
5168.00	1.49782e-16
5170.00	1.39555e-16
5172.00	1.44131e-16
5174.00	1.50824e-16
5176.00	1.44829e-16
5178.00	1.42415e-16
5180.00	1.29486e-16
5182.00	1.40286e-16
5184.00	1.26506e-16
5186.00	1.38354e-16
5188.00	1.51271e-16
5190.00	1.40261e-16
5192.00	1.36298e-16
5194.00	1.34676e-16
5196.00	1.35688e-16
5198.00	1.49277e-16
5200.00	1.20507e-16
5202.00	1.29576e-16
5204.00	1.19682e-16
5206.00	1.50882e-16
5208.00	1.37475e-16
5210.00	1.29933e-16
5212.00	1.28869e-16
5214.00	1.50256e-16
5216.00	1.31967e-16
5218.00	1.39841e-16
5220.00	1.50497e-16
5222.00	1.28957e-16
5224.00	1.21231e-16
5226.00	1.45598e-16
5228.00	1.24117e-16
5230.00	1.30894e-16
5232.00	1.21526e-16
5234.00	1.30836e-16
5236.00	1.24512e-16
5238.00	1.3703e-16
5240.00	1.34236e-16
5242.00	1.225e-16
5244.00	1.24514e-16
5246.00	1.41422e-16
5248.00	1.25436e-16
5250.00	1.23874e-16
5252.00	1.30659e-16
5254.00	1.28811e-16
5256.00	1.19612e-16
5258.00	1.22088e-16
5260.00	1.20844e-16
5262.00	1.09892e-16
5264.00	1.21125e-16
5266.00	1.16097e-16
5268.00	1.35306e-16
5270.00	1.38764e-16
5272.00	1.33722e-16
5274.00	1.18456e-16
5276.00	1.10222e-16
5278.00	1.15267e-16
5280.00	1.14384e-16
5282.00	1.07467e-16
5284.00	1.22505e-16
5286.00	1.20869e-16
5288.00	1.26466e-16
5290.00	1.08004e-16
5292.00	1.1762e-16
5294.00	1.14135e-16
5296.00	1.01757e-16
5298.00	1.19953e-16
5300.00	1.18526e-16
5302.00	1.10489e-16
5304.00	1.13832e-16
5306.00	1.12889e-16
5308.00	1.07315e-16
5310.00	1.05678e-16
5312.00	1.11666e-16
5314.00	1.11164e-16
5316.00	1.13846e-16
5318.00	1.09858e-16
5320.00	1.19054e-16
5322.00	9.73788e-17
5324.00	1.13592e-16
5326.00	1.01855e-16
5328.00	1.24286e-16
5330.00	1.05148e-16
5332.00	1.21019e-16
5334.00	1.19854e-16
5336.00	1.1152e-16
5338.00	1.0367e-16
5340.00	1.03179e-16
5342.00	1.11676e-16
5344.00	1.13317e-16
5346.00	1.21807e-16
5348.00	1.20502e-16
5350.00	8.85693e-17
5352.00	1.10798e-16
5354.00	1.00677e-16
5356.00	1.17739e-16
5358.00	1.04011e-16
5360.00	1.07149e-16
5362.00	1.00857e-16
5364.00	1.04166e-16
5366.00	1.12616e-16
5368.00	1.06455e-16
5370.00	1.15038e-16
5372.00	1.01499e-16
5374.00	1.25026e-16
5376.00	1.23698e-16
5378.00	1.02477e-16
5380.00	1.09849e-16
5382.00	1.12946e-16
5384.00	1.21359e-16
5386.00	1.08378e-16
5388.00	1.12517e-16
5390.00	1.07118e-16
5392.00	9.97439e-17
5394.00	1.08363e-16
5396.00	1.05292e-16
5398.00	1.09804e-16
5400.00	1.10343e-16
5402.00	1.00059e-16
5404.00	1.02528e-16
5406.00	1.07615e-16
5408.00	1.05271e-16
5410.00	1.0856e-16
5412.00	1.07799e-16
5414.00	1.05681e-16
5416.00	1.00608e-16
5418.00	1.00718e-16
5420.00	1.05177e-16
5422.00	1.05109e-16
5424.00	1.14859e-16
5426.00	1.14219e-16
5428.00	1.06486e-16
5430.00	9.38186e-17
5432.00	9.46334e-17
5434.00	1.11689e-16
5436.00	1.09985e-16
5438.00	1.02598e-16
5440.00	1.19375e-16
5442.00	1.12233e-16
5444.00	1.10691e-16
5446.00	9.76086e-17
5448.00	1.09678e-16
5450.00	1.11361e-16
5452.00	1.01237e-16
5454.00	1.12498e-16
5456.00	9.6144e-17
5458.00	1.02861e-16
5460.00	1.1828e-16
5462.00	1.04915e-16
5464.00	1.11933e-16
5466.00	1.06177e-16
5468.00	1.02475e-16
5470.00	8.47254e-17
5472.00	9.85562e-17
5474.00	8.90313e-17
5476.00	1.16943e-16
5478.00	1.02357e-16
5480.00	1.18419e-16
5482.00	1.10588e-16
5484.00	8.91836e-17
5486.00	9.70029e-17
5488.00	1.0407e-16
5490.00	1.17766e-16
5492.00	1.0629e-16
5494.00	1.08167e-16
5496.00	1.21857e-16
5498.00	1.14195e-16
5500.00	1.12562e-16
5502.00	1.15919e-16
5504.00	1.06398e-16
5506.00	1.13162e-16
5508.00	1.118e-16
5510.00	1.09751e-16
5512.00	1.04238e-16
5514.00	1.08652e-16
5516.00	1.02831e-16
5518.00	1.09577e-16
5520.00	9.87834e-17
5522.00	1.04165e-16
5524.00	1.13298e-16
5526.00	1.03155e-16
5528.00	1.07689e-16
5530.00	1.07358e-16
5532.00	1.09908e-16
5534.00	1.03835e-16
5536.00	9.82486e-17
5538.00	1.187e-16
5540.00	8.73234e-17
5542.00	1.12947e-16
5544.00	1.03529e-16
5546.00	9.71093e-17
5548.00	1.04528e-16
5550.00	1.05841e-16
5552.00	9.97945e-17
5554.00	9.50174e-17
5556.00	1.19328e-16
5558.00	9.87551e-17
5560.00	1.10183e-16
5562.00	1.21858e-16
5564.00	9.42117e-17
5566.00	1.02818e-16
5568.00	1.20741e-16
5570.00	9.98263e-17
5572.00	9.33053e-17
5574.00	8.67844e-17
5576.00	8.02635e-17
5578.00	7.37425e-17
5580.00	7.37425e-17
5582.00	1.09185e-16
5584.00	1.15242e-16
5586.00	9.10846e-17
5588.00	1.25404e-16
5590.00	1.06923e-16
5592.00	1.16495e-16
5594.00	1.02309e-16
5596.00	1.08103e-16
5598.00	9.50783e-17
5600.00	1.06774e-16
5602.00	1.15423e-16
5604.00	1.1641e-16
5606.00	9.49188e-17
5608.00	1.13589e-16
5610.00	1.09515e-16
5612.00	1.14309e-16
5614.00	1.22414e-16
5616.00	1.20841e-16
5618.00	1.19804e-16
5620.00	1.00733e-16
5622.00	1.17118e-16
5624.00	1.11979e-16
5626.00	1.10411e-16
5628.00	1.18567e-16
5630.00	1.14671e-16
5632.00	1.05465e-16
5634.00	1.08807e-16
5636.00	1.11442e-16
5638.00	1.02712e-16
5640.00	1.0439e-16
5642.00	1.16217e-16
5644.00	1.21632e-16
5646.00	1.13543e-16
5648.00	1.10541e-16
5650.00	1.02534e-16
5652.00	9.5042e-17
5654.00	9.10912e-17
5656.00	1.15497e-16
5658.00	1.11982e-16
5660.00	9.5842e-17
5662.00	9.63929e-17
5664.00	9.69437e-17
5666.00	9.74945e-17
5668.00	9.80454e-17
5670.00	9.80454e-17
5672.00	9.80454e-17
5674.00	9.27582e-17
5676.00	9.99786e-17
5678.00	9.24727e-17
5680.00	9.21198e-17
5682.00	9.66589e-17
5684.00	1.06425e-16
5686.00	1.2072e-16
5688.00	1.03459e-16
5690.00	8.91266e-17
5692.00	1.03426e-16
5694.00	1.12075e-16
5696.00	1.10168e-16
5698.00	1.03227e-16
5700.00	1.16232e-16
5702.00	1.02605e-16
5704.00	9.38761e-17
5706.00	9.4034e-17
5708.00	9.80241e-17
5710.00	9.06206e-17
5712.00	8.88475e-17
5714.00	8.70743e-17
5716.00	8.53011e-17
5718.00	8.53011e-17
5720.00	1.02777e-16
5722.00	9.55728e-17
5724.00	1.07423e-16
5726.00	1.04863e-16
5728.00	8.72936e-17
5730.00	1.01076e-16
5732.00	1.00205e-16
5734.00	1.00054e-16
5736.00	8.88159e-17
5738.00	8.7013e-17
5740.00	9.95488e-17
5742.00	9.26143e-17
5744.00	9.14566e-17
5746.00	8.6129e-17
5748.00	9.7233e-17
5750.00	1.0036e-16
5752.00	9.06386e-17
5754.00	9.34116e-17
5756.00	1.01636e-16
5758.00	9.73621e-17
5760.00	1.00021e-16
5762.00	9.5487e-17
5764.00	9.40511e-17
5766.00	9.46169e-17
5768.00	9.03009e-17
5770.00	1.03385e-16
5772.00	9.922e-17
5774.00	9.30396e-17
5776.00	9.76189e-17
5778.00	1.02562e-16
5780.00	9.83288e-17
5782.00	9.24798e-17
5784.00	9.56524e-17
5786.00	9.28385e-17
5788.00	8.11575e-17
5790.00	8.38945e-17
5792.00	8.42903e-17
5794.00	9.50299e-17
5796.00	8.71121e-17
5798.00	8.42062e-17
5800.00	9.45402e-17
5802.00	9.66535e-17
5804.00	9.96218e-17
5806.00	9.01169e-17
5808.00	8.60685e-17
5810.00	9.38565e-17
5812.00	8.50415e-17
5814.00	8.42197e-17
5816.00	9.82038e-17
5818.00	9.46679e-17
5820.00	7.89648e-17
5822.00	7.62954e-17
5824.00	8.52167e-17
5826.00	8.84456e-17
5828.00	9.83734e-17
5830.00	9.73994e-17
5832.00	8.11179e-17
5834.00	8.76034e-17
5836.00	9.87401e-17
5838.00	1.01992e-16
5840.00	8.87474e-17
5842.00	7.71941e-17
5844.00	8.56048e-17
5846.00	9.52484e-17
5848.00	8.8541e-17
5850.00	9.3723e-17
5852.00	1.00247e-16
5854.00	1.05141e-16
5856.00	9.62067e-17
5858.00	9.1235e-17
5860.00	8.98286e-17
5862.00	9.41717e-17
5864.00	9.92249e-17
5866.00	9.95717e-17
5868.00	8.99936e-17
5870.00	1.04938e-16
5872.00	9.45366e-17
5874.00	8.9041e-17
5876.00	8.97143e-17
5878.00	9.14982e-17
5880.00	1.03821e-16
5882.00	9.0509e-17
5884.00	8.42567e-17
5886.00	8.07439e-17
5888.00	8.54772e-17
5890.00	8.63938e-17
5892.00	8.92624e-17
5894.00	9.21349e-17
5896.00	9.56608e-17
5898.00	1.05863e-16
5900.00	1.04033e-16
5902.00	9.82082e-17
5904.00	9.86972e-17
5906.00	8.77988e-17
5908.00	9.05014e-17
5910.00	9.33506e-17
5912.00	1.01977e-16
5914.00	9.72951e-17
5916.00	8.84641e-17
5918.00	9.71537e-17
5920.00	1.03515e-16
5922.00	1.04622e-16
5924.00	9.7489e-17
5926.00	9.21007e-17
5928.00	8.16078e-17
5930.00	7.83268e-17
5932.00	9.25763e-17
5934.00	9.34672e-17
5936.00	8.87143e-17
5938.00	8.7417e-17
5940.00	1.01712e-16
5942.00	9.65199e-17
5944.00	7.47172e-17
5946.00	8.96012e-17
5948.00	8.87821e-17
5950.00	7.93261e-17
5952.00	8.07781e-17
5954.00	9.74804e-17
5956.00	9.46233e-17
5958.00	8.22577e-17
5960.00	9.00071e-17
5962.00	9.50769e-17
5964.00	9.31381e-17
5966.00	9.3148e-17
5968.00	8.20025e-17
5970.00	8.57395e-17
5972.00	9.64026e-17
5974.00	9.77142e-17
5976.00	9.49608e-17
5978.00	9.86915e-17
5980.00	1.00329e-16
5982.00	9.206e-17
5984.00	9.5048e-17
5986.00	9.42116e-17
5988.00	8.60071e-17
5990.00	1.00334e-16
5992.00	8.6966e-17
5994.00	8.03523e-17
5996.00	9.20354e-17
5998.00	8.62757e-17
6000.00	8.8215e-17
6002.00	8.91602e-17
6004.00	9.34193e-17
6006.00	8.37813e-17
6008.00	8.30976e-17
6010.00	8.14782e-17
6012.00	8.9568e-17
6014.00	1.00148e-16
6016.00	9.11061e-17
6018.00	7.85701e-17
6020.00	8.48984e-17
6022.00	9.4038e-17
6024.00	9.41835e-17
6026.00	8.60069e-17
6028.00	8.60798e-17
6030.00	8.98469e-17
6032.00	8.45948e-17
6034.00	8.90857e-17
6036.00	8.86147e-17
6038.00	7.82417e-17
6040.00	8.61405e-17
6042.00	9.29779e-17
6044.00	8.83157e-17
6046.00	8.68752e-17
6048.00	9.55159e-17
6050.00	7.98444e-17
6052.00	8.46836e-17
6054.00	9.22219e-17
6056.00	8.67709e-17
6058.00	8.47806e-17
6060.00	8.77414e-17
6062.00	8.59528e-17
6064.00	9.37995e-17
6066.00	9.14079e-17
6068.00	8.34112e-17
6070.00	7.63212e-17
6072.00	9.55071e-17
6074.00	9.28306e-17
6076.00	9.12034e-17
6078.00	9.06574e-17
6080.00	9.17172e-17
6082.00	8.99814e-17
6084.00	8.90924e-17
6086.00	8.54937e-17
6088.00	8.74919e-17
6090.00	8.9529e-17
6092.00	8.82645e-17
6094.00	8.44709e-17
6096.00	8.39188e-17
6098.00	8.62767e-17
6100.00	8.58553e-17
6102.00	8.84936e-17
6104.00	9.50651e-17
6106.00	8.77713e-17
6108.00	8.70595e-17
6110.00	8.56367e-17
6112.00	9.00735e-17
6114.00	9.30258e-17
6116.00	8.23542e-17
6118.00	8.29965e-17
6120.00	8.37061e-17
6122.00	8.35672e-17
6124.00	1.01278e-16
6126.00	8.29066e-17
6128.00	7.17737e-17
6130.00	8.37954e-17
6132.00	9.04229e-17
6134.00	9.0148e-17
6136.00	8.97355e-17
6138.00	9.62496e-17
6140.00	8.36601e-17
6142.00	7.56614e-17
6144.00	7.44426e-17
6146.00	7.56984e-17
6148.00	8.40696e-17
6150.00	7.91891e-17
6152.00	8.30424e-17
6154.00	8.63874e-17
6156.00	8.76317e-17
6158.00	8.71255e-17
6160.00	8.70962e-17
6162.00	8.57538e-17
6164.00	8.35522e-17
6166.00	8.38285e-17
6168.00	8.8972e-17
6170.00	8.63816e-17
6172.00	8.54141e-17
6174.00	8.63235e-17
6176.00	8.59929e-17
6178.00	9.19955e-17
6180.00	8.55179e-17
6182.00	8.72499e-17
6184.00	7.9045e-17
6186.00	7.4913e-17
6188.00	8.81291e-17
6190.00	8.39863e-17
6192.00	8.12063e-17
6194.00	8.78155e-17
6196.00	8.63555e-17
6198.00	7.93709e-17
6200.00	8.18658e-17
6202.00	8.36178e-17
6204.00	8.59518e-17
6206.00	8.62834e-17
6208.00	8.93695e-17
6210.00	8.69835e-17
6212.00	7.66192e-17
6214.00	7.37912e-17
6216.00	8.22856e-17
6218.00	8.24603e-17
6220.00	8.41285e-17
6222.00	8.30185e-17
6224.00	8.23924e-17
6226.00	8.91184e-17
6228.00	7.56953e-17
6230.00	7.50285e-17
6232.00	7.96099e-17
6234.00	8.64123e-17
6236.00	7.68363e-17
6238.00	8.0239e-17
6240.00	8.71311e-17
6242.00	9.38509e-17
6244.00	8.68067e-17
6246.00	8.42927e-17
6248.00	8.33328e-17
6250.00	8.88002e-17
6252.00	9.07279e-17
6254.00	8.16312e-17
6256.00	8.11598e-17
6258.00	7.88725e-17
6260.00	7.25893e-17
6262.00	7.64536e-17
6264.00	8.24677e-17
6266.00	8.05501e-17
6268.00	8.64243e-17
6270.00	9.38349e-17
6272.00	9.79097e-17
6274.00	9.8884e-17
6276.00	8.98422e-17
6278.00	8.52191e-17
6280.00	7.98592e-17
6282.00	8.20812e-17
6284.00	8.73926e-17
6286.00	7.78073e-17
6288.00	6.20748e-17
6290.00	7.89332e-17
6292.00	8.87669e-17
6294.00	8.15668e-17
6296.00	7.69555e-17
6298.00	7.9595e-17
6300.00	7.33866e-17
6302.00	7.03021e-17
6304.00	8.52666e-17
6306.00	9.0796e-17
6308.00	7.85746e-17
6310.00	8.02115e-17
6312.00	8.21295e-17
6314.00	7.62595e-17
6316.00	7.58644e-17
6318.00	7.83663e-17
6320.00	7.76928e-17
6322.00	8.32781e-17
6324.00	8.17075e-17
6326.00	7.79354e-17
6328.00	7.47695e-17
6330.00	7.57583e-17
6332.00	8.37804e-17
6334.00	8.63118e-17
6336.00	8.83173e-17
6338.00	8.19639e-17
6340.00	8.33481e-17
6342.00	7.87043e-17
6344.00	8.19702e-17
6346.00	8.2685e-17
6348.00	8.40621e-17
6350.00	7.79351e-17
6352.00	8.17764e-17
6354.00	8.34182e-17
6356.00	7.87279e-17
6358.00	8.16803e-17
6360.00	7.50364e-17
6362.00	8.19804e-17
6364.00	8.27528e-17
6366.00	7.60282e-17
6368.00	7.66651e-17
6370.00	8.08194e-17
6372.00	7.82856e-17
6374.00	7.70325e-17
6376.00	8.30202e-17
6378.00	8.10252e-17
6380.00	8.08634e-17
6382.00	8.28454e-17
6384.00	7.78172e-17
6386.00	8.28287e-17
6388.00	8.31427e-17
6390.00	7.01335e-17
6392.00	7.2858e-17
6394.00	8.70201e-17
6396.00	7.78036e-17
6398.00	6.92982e-17
6400.00	7.44036e-17
6402.00	8.13409e-17
6404.00	8.11638e-17
6406.00	7.48978e-17
6408.00	7.15533e-17
6410.00	7.89722e-17
6412.00	7.80031e-17
6414.00	8.22765e-17
6416.00	7.99267e-17
6418.00	7.46069e-17
6420.00	7.67165e-17
6422.00	7.64432e-17
6424.00	7.1217e-17
6426.00	7.3919e-17
6428.00	7.03173e-17
6430.00	7.22102e-17
6432.00	8.11556e-17
6434.00	8.39688e-17
6436.00	7.61906e-17
6438.00	7.2015e-17
6440.00	7.41317e-17
6442.00	7.54045e-17
6444.00	7.45006e-17
6446.00	7.66926e-17
6448.00	7.51728e-17
6450.00	6.95013e-17
6452.00	7.13187e-17
6454.00	7.66596e-17
6456.00	8.20949e-17
6458.00	7.97405e-17
6460.00	7.60639e-17
6462.00	7.56839e-17
6464.00	7.65234e-17
6466.00	7.81162e-17
6468.00	8.15214e-17
6470.00	8.2434e-17
6472.00	7.0427e-17
6474.00	7.19087e-17
6476.00	7.96696e-17
6478.00	7.14327e-17
6480.00	7.06877e-17
6482.00	7.26827e-17
6484.00	7.55772e-17
6486.00	7.76908e-17
6488.00	7.49395e-17
6490.00	7.02547e-17
6492.00	8.11071e-17
6494.00	7.20545e-17
6496.00	6.86137e-17
6498.00	7.26715e-17
6500.00	7.14049e-17
6502.00	6.641e-17
6504.00	7.00397e-17
6506.00	7.81218e-17
6508.00	7.36791e-17
6510.00	7.01154e-17
6512.00	7.02192e-17
6514.00	7.21561e-17
6516.00	7.30537e-17
6518.00	7.15463e-17
6520.00	6.63025e-17
6522.00	6.29337e-17
6524.00	6.66384e-17
6526.00	7.49263e-17
6528.00	7.74508e-17
6530.00	7.35107e-17
6532.00	6.67251e-17
6534.00	7.43403e-17
6536.00	7.44879e-17
6538.00	6.61034e-17
6540.00	7.0105e-17
6542.00	7.08707e-17
6544.00	6.81827e-17
6546.00	6.83183e-17
6548.00	7.31733e-17
6550.00	6.0205e-17
6552.00	6.83357e-17
6554.00	6.77816e-17
6556.00	6.01494e-17
6558.00	6.65724e-17
6560.00	6.54481e-17
6562.00	6.95382e-17
6564.00	6.99558e-17
6566.00	6.85216e-17
6568.00	7.03858e-17
6570.00	7.58236e-17
6572.00	7.5017e-17
6574.00	7.24245e-17
6576.00	6.16052e-17
6578.00	6.64381e-17
6580.00	7.15163e-17
6582.00	6.88995e-17
6584.00	7.34588e-17
6586.00	7.12432e-17
6588.00	6.69976e-17
6590.00	6.52487e-17
6592.00	6.43779e-17
6594.00	6.88291e-17
6596.00	6.71918e-17
6598.00	6.73092e-17
6600.00	6.93768e-17
6602.00	6.84272e-17
6604.00	6.87208e-17
6606.00	6.55067e-17
6608.00	6.82352e-17
6610.00	6.54167e-17
6612.00	6.38108e-17
6614.00	6.41648e-17
6616.00	6.73451e-17
6618.00	6.53969e-17
6620.00	6.20341e-17
6622.00	7.02314e-17
6624.00	7.06978e-17
6626.00	6.26205e-17
6628.00	6.1983e-17
6630.00	6.60694e-17
6632.00	6.78906e-17
6634.00	6.81091e-17
6636.00	6.69889e-17
6638.00	7.07966e-17
6640.00	7.12764e-17
6642.00	6.48173e-17
6644.00	7.03827e-17
6646.00	6.9848e-17
6648.00	5.98783e-17
6650.00	6.51867e-17
6652.00	6.31129e-17
6654.00	6.24806e-17
6656.00	6.61895e-17
6658.00	6.56483e-17
6660.00	6.55764e-17
6662.00	6.08991e-17
6664.00	5.85852e-17
6666.00	5.59786e-17
6668.00	5.83845e-17
6670.00	6.58246e-17
6672.00	5.98974e-17
6674.00	6.34102e-17
6676.00	6.02588e-17
6678.00	5.17636e-17
6680.00	5.23926e-17
6682.00	5.18439e-17
6684.00	5.20577e-17
6686.00	5.53718e-17
6688.00	5.89945e-17
6690.00	5.87681e-17
6692.00	5.90683e-17
6694.00	5.508e-17
6696.00	4.89722e-17
6698.00	4.33649e-17
6700.00	5.05107e-17
6702.00	6.17154e-17
6704.00	5.59056e-17
6706.00	5.18598e-17
6708.00	4.79735e-17
6710.00	4.7271e-17
6712.00	4.87517e-17
6714.00	5.51802e-17
6716.00	5.42856e-17
6718.00	5.57127e-17
6720.00	5.82897e-17
6722.00	5.69579e-17
6724.00	5.73998e-17
6726.00	5.81304e-17
6728.00	5.29399e-17
6730.00	5.71998e-17
6732.00	6.04718e-17
6734.00	6.15644e-17
6736.00	6.20997e-17
6738.00	6.42566e-17
6740.00	7.37572e-17
6742.00	7.62563e-17
6744.00	7.38379e-17
6746.00	7.0659e-17
6748.00	7.76409e-17
6750.00	8.91247e-17
6752.00	9.41788e-17
6754.00	9.12213e-17
6756.00	9.08066e-17
6758.00	9.4608e-17
6760.00	9.67367e-17
6762.00	9.83875e-17
6764.00	1.00567e-16
6766.00	9.79624e-17
6768.00	1.02553e-16
6770.00	1.0349e-16
6772.00	1.04521e-16
6774.00	1.10921e-16
6776.00	1.15044e-16
6778.00	1.27498e-16
6780.00	1.24584e-16
6782.00	1.1097e-16
6784.00	1.1241e-16
6786.00	1.19978e-16
6788.00	1.23707e-16
6790.00	1.20495e-16
6792.00	1.20522e-16
6794.00	1.23766e-16
6796.00	1.27586e-16
6798.00	1.28354e-16
6800.00	1.2518e-16
6802.00	1.22666e-16
6804.00	1.29705e-16
6806.00	1.22019e-16
6808.00	1.21364e-16
6810.00	1.33297e-16
6812.00	1.27389e-16
6814.00	1.26488e-16
6816.00	1.29894e-16
6818.00	1.37683e-16
6820.00	1.38303e-16
6822.00	1.35322e-16
6824.00	1.37402e-16
6826.00	1.36595e-16
6828.00	1.32952e-16
6830.00	1.35998e-16
6832.00	1.3131e-16
6834.00	1.27378e-16
6836.00	1.4349e-16
6838.00	1.47176e-16
6840.00	1.35358e-16
6842.00	1.31577e-16
6844.00	1.39903e-16
6846.00	1.42672e-16
6848.00	1.38879e-16
6850.00	1.42263e-16
6852.00	1.43011e-16
6854.00	1.42045e-16
6856.00	1.40137e-16
6858.00	1.416e-16
6860.00	1.33471e-16
6862.00	1.25842e-16
6864.00	1.37368e-16
6866.00	1.41545e-16
6868.00	1.35331e-16
6870.00	1.3223e-16
6872.00	1.38296e-16
6874.00	1.36224e-16
6876.00	1.29557e-16
6878.00	1.32019e-16
6880.00	1.29405e-16
6882.00	1.32442e-16
6884.00	1.38855e-16
6886.00	1.38714e-16
6888.00	1.33239e-16
6890.00	1.2793e-16
6892.00	1.36443e-16
6894.00	1.37135e-16
6896.00	1.29297e-16
6898.00	1.26928e-16
6900.00	1.29257e-16
6902.00	1.32115e-16
6904.00	1.27791e-16
6906.00	1.26318e-16
6908.00	1.2938e-16
6910.00	1.35633e-16
6912.00	1.4033e-16
6914.00	1.42206e-16
6916.00	1.43052e-16
6918.00	1.27078e-16
6920.00	1.18422e-16
6922.00	1.26757e-16
6924.00	1.23774e-16
6926.00	1.2079e-16
6928.00	1.25319e-16
6930.00	1.29721e-16
6932.00	1.25131e-16
6934.00	1.18128e-16
6936.00	1.18383e-16
6938.00	1.17414e-16
6940.00	1.16226e-16
6942.00	1.12861e-16
6944.00	1.15669e-16
6946.00	1.16299e-16
6948.00	1.09206e-16
6950.00	1.08162e-16
6952.00	1.17675e-16
6954.00	1.14671e-16
6956.00	1.06409e-16
6958.00	1.06902e-16
6960.00	1.03142e-16
6962.00	1.06557e-16
6964.00	1.10302e-16
6966.00	1.06189e-16
6968.00	1.01825e-16
6970.00	1.12161e-16
6972.00	1.10702e-16
6974.00	1.05694e-16
6976.00	1.0007e-16
6978.00	9.41316e-17
6980.00	1.02943e-16
6982.00	1.1175e-16
6984.00	1.01038e-16
6986.00	9.79922e-17
6988.00	9.88603e-17
6990.00	1.02469e-16
6992.00	1.01066e-16
6994.00	1.02331e-16
6996.00	1.01568e-16
6998.00	1.00244e-16
7000.00	9.89466e-17
7002.00	9.79542e-17
7004.00	9.83763e-17
7006.00	9.90886e-17
7008.00	9.89918e-17
7010.00	9.44985e-17
7012.00	9.46613e-17
7014.00	1.02316e-16
7016.00	9.5201e-17
7018.00	8.51364e-17
7020.00	8.89162e-17
7022.00	8.61171e-17
7024.00	8.88069e-17
7026.00	9.24993e-17
7028.00	8.81698e-17
7030.00	8.89609e-17
7032.00	9.18631e-17
7034.00	9.01024e-17
7036.00	8.81291e-17
7038.00	8.31639e-17
7040.00	7.78741e-17
7042.00	8.34159e-17
7044.00	8.3682e-17
7046.00	7.47313e-17
7048.00	8.32317e-17
7050.00	9.02345e-17
7052.00	8.73555e-17
7054.00	8.63523e-17
7056.00	8.22821e-17
7058.00	7.49239e-17
7060.00	8.36459e-17
7062.00	9.03946e-17
7064.00	8.45688e-17
7066.00	8.46719e-17
7068.00	8.63948e-17
7070.00	7.72393e-17
7072.00	8.13503e-17
7074.00	8.41344e-17
7076.00	8.11355e-17
7078.00	8.15051e-17
7080.00	7.44431e-17
7082.00	7.82673e-17
7084.00	8.35418e-17
7086.00	7.73403e-17
7088.00	7.31078e-17
7090.00	8.05462e-17
7092.00	8.12388e-17
7094.00	7.72206e-17
7096.00	7.17858e-17
7098.00	7.48513e-17
7100.00	7.39691e-17
7102.00	7.43565e-17
7104.00	7.08697e-17
7106.00	6.78356e-17
7108.00	7.33125e-17
7110.00	7.31141e-17
7112.00	6.64177e-17
7114.00	6.88202e-17
7116.00	7.02198e-17
7118.00	6.88855e-17
7120.00	6.96511e-17
7122.00	6.89363e-17
7124.00	6.58034e-17
7126.00	6.1811e-17
7128.00	7.18377e-17
7130.00	6.7724e-17
7132.00	7.40374e-17
7134.00	6.98724e-17
7136.00	6.46563e-17
7138.00	7.34718e-17
7140.00	8.06404e-17
7142.00	7.03159e-17
7144.00	6.3718e-17
7146.00	6.57232e-17
7148.00	6.76371e-17
7150.00	7.51625e-17
7152.00	7.04478e-17
7154.00	6.3532e-17
7156.00	6.08966e-17
7158.00	6.16934e-17
7160.00	6.34587e-17
7162.00	6.52777e-17
7164.00	6.49786e-17
7166.00	6.21514e-17
7168.00	6.21757e-17
7170.00	5.639e-17
7172.00	5.65585e-17
7174.00	6.41629e-17
7176.00	6.47739e-17
7178.00	5.58123e-17
7180.00	6.63627e-17
7182.00	6.66104e-17
7184.00	6.15874e-17
7186.00	6.54315e-17
7188.00	5.88942e-17
7190.00	5.87763e-17
7192.00	6.40032e-17
7194.00	6.3723e-17
7196.00	6.01141e-17
7198.00	6.2038e-17
7200.00	6.05667e-17
7202.00	6.3976e-17
7204.00	6.35396e-17
7206.00	6.07402e-17
7208.00	5.605e-17
7210.00	6.09241e-17
7212.00	6.84731e-17
7214.00	6.32834e-17
7216.00	5.83718e-17
7218.00	5.90523e-17
7220.00	6.20664e-17
7222.00	6.4313e-17
7224.00	6.47806e-17
7226.00	5.93891e-17
7228.00	5.83994e-17
7230.00	5.21443e-17
7232.00	5.7451e-17
7234.00	6.25281e-17
7236.00	6.33494e-17
7238.00	6.13319e-17
7240.00	7.63186e-17
7242.00	6.20039e-17
7244.00	4.83652e-17
7246.00	4.73052e-17
7248.00	5.10318e-17
7250.00	5.97893e-17
7252.00	5.41425e-17
7254.00	5.64391e-17
7256.00	6.31011e-17
7258.00	5.66632e-17
7260.00	5.97645e-17
7262.00	6.13685e-17
7264.00	6.09127e-17
7266.00	6.21113e-17
7268.00	5.44012e-17
7270.00	5.36837e-17
7272.00	5.73321e-17
7274.00	5.40288e-17
7276.00	5.45368e-17
7278.00	6.86379e-17
7280.00	6.60369e-17
7282.00	6.40789e-17
7284.00	5.80775e-17
7286.00	6.81627e-17
7288.00	5.80439e-17
7290.00	5.08485e-17
7292.00	5.37942e-17
7294.00	5.27846e-17
7296.00	5.74885e-17
7298.00	6.07565e-17
7300.00	5.14103e-17
7302.00	5.87929e-17
7304.00	6.21647e-17
7306.00	5.81433e-17
7308.00	5.7377e-17
7310.00	5.175e-17
7312.00	6.25815e-17
7314.00	5.11115e-17
7316.00	4.25873e-17
7318.00	4.72485e-17
7320.00	5.2414e-17
7322.00	5.61853e-17
7324.00	5.38955e-17
7326.00	5.10091e-17
7328.00	5.9388e-17
7330.00	5.50537e-17
7332.00	5.14931e-17
7334.00	5.445e-17
7336.00	5.80127e-17
7338.00	6.03803e-17
7340.00	5.6664e-17
7342.00	5.63841e-17
7344.00	5.46964e-17
7346.00	5.31994e-17
7348.00	5.44208e-17
7350.00	5.48339e-17
7352.00	5.13461e-17
7354.00	4.95942e-17
7356.00	5.14071e-17
7358.00	6.05373e-17
7360.00	5.64818e-17
7362.00	4.97838e-17
7364.00	5.18869e-17
7366.00	4.64724e-17
7368.00	6.13767e-17
7370.00	5.61845e-17
7372.00	4.88662e-17
7374.00	6.16391e-17
7376.00	6.31023e-17
7378.00	5.44379e-17
7380.00	5.5235e-17
7382.00	5.51227e-17
7384.00	5.72326e-17
7386.00	5.74433e-17
7388.00	5.46491e-17
7390.00	5.4239e-17
7392.00	5.11715e-17
7394.00	5.65442e-17
7396.00	6.0955e-17
7398.00	5.67711e-17
7400.00	5.41164e-17
7402.00	5.49882e-17
7404.00	5.40496e-17
7406.00	5.41831e-17
7408.00	4.96478e-17
7410.00	5.60867e-17
7412.00	5.14592e-17
7414.00	4.73879e-17
7416.00	4.83657e-17
7418.00	5.32362e-17
7420.00	5.01612e-17
7422.00	5.58016e-17
7424.00	5.58832e-17
7426.00	5.03422e-17
7428.00	5.6109e-17
7430.00	5.16035e-17
7432.00	5.21223e-17
7434.00	4.84009e-17
7436.00	4.11445e-17
7438.00	4.78141e-17
7440.00	5.07545e-17
7442.00	4.6331e-17
7444.00	4.90576e-17
7446.00	4.98544e-17
7448.00	4.21504e-17
7450.00	4.94598e-17
7452.00	5.94307e-17
7454.00	5.57472e-17
7456.00	4.93462e-17
7458.00	5.10834e-17
7460.00	5.14563e-17
7462.00	5.07604e-17
7464.00	5.87506e-17
7466.00	5.78107e-17
7468.00	5.2004e-17
7470.00	4.86327e-17
7472.00	4.84876e-17
7474.00	5.75312e-17
7476.00	5.63365e-17
7478.00	5.16978e-17
7480.00	5.31539e-17
7482.00	5.13587e-17
7484.00	4.9903e-17
7486.00	5.46099e-17
7488.00	5.58964e-17
7490.00	5.73919e-17
7492.00	5.55202e-17
7494.00	5.38461e-17
7496.00	5.39504e-17
7498.00	5.47694e-17
7500.00	4.50394e-17
7502.00	5.18096e-17
7504.00	5.03804e-17
7506.00	5.15605e-17
7508.00	5.39494e-17
7510.00	5.90128e-17
7512.00	5.47722e-17
7514.00	5.09567e-17
7516.00	5.10324e-17
7518.00	4.75078e-17
7520.00	5.36596e-17
7522.00	4.18453e-17
7524.00	5.41979e-17
7526.00	5.8883e-17
7528.00	4.95657e-17
7530.00	5.37375e-17
7532.00	5.31101e-17
7534.00	5.47278e-17
7536.00	5.15128e-17
7538.00	4.94134e-17
7540.00	5.07058e-17
7542.00	4.32917e-17
7544.00	4.5163e-17
7546.00	4.91154e-17
7548.00	4.94332e-17
7550.00	5.5121e-17
7552.00	5.24672e-17
7554.00	5.11976e-17
7556.00	5.21376e-17
7558.00	5.65366e-17
7560.00	5.2607e-17
7562.00	5.10812e-17
7564.00	4.812e-17
7566.00	4.59283e-17
7568.00	5.18471e-17
7570.00	5.17274e-17
7572.00	5.02044e-17
7574.00	5.30024e-17
7576.00	6.0654e-17
7578.00	6.25834e-17
7580.00	5.15068e-17
7582.00	4.27987e-17
7584.00	4.46811e-17
7586.00	5.32344e-17
7588.00	4.74427e-17
7590.00	4.70674e-17
7592.00	5.54238e-17
7594.00	5.35167e-17
7596.00	5.13637e-17
7598.00	5.47799e-17
7600.00	5.80818e-17
7602.00	4.90404e-17
7604.00	5.39479e-17
7606.00	6.30619e-17
7608.00	5.82194e-17
7610.00	4.91787e-17
7612.00	5.73965e-17
7614.00	6.08633e-17
7616.00	5.76971e-17
7618.00	5.34334e-17
7620.00	5.33419e-17
7622.00	4.91402e-17
7624.00	4.897e-17
7626.00	3.91429e-17
7628.00	4.64822e-17
7630.00	4.85487e-17
7632.00	4.92375e-17
7634.00	4.99401e-17
7636.00	4.78471e-17
7638.00	5.24795e-17
7640.00	5.25175e-17
7642.00	6.01606e-17
7644.00	5.25288e-17
7646.00	3.806e-17
7648.00	4.09743e-17
7650.00	4.44607e-17
7652.00	5.05068e-17
7654.00	4.98313e-17
7656.00	5.99044e-17
7658.00	5.85649e-17
7660.00	5.69475e-17
7662.00	4.95572e-17
7664.00	5.35249e-17
7666.00	4.98096e-17
7668.00	4.62671e-17
7670.00	5.62283e-17
7672.00	5.2459e-17
7674.00	5.12848e-17
7676.00	4.80162e-17
7678.00	4.10507e-17
7680.00	4.82373e-17
7682.00	4.417e-17
7684.00	4.7168e-17
7686.00	4.85975e-17
7688.00	4.6113e-17
7690.00	4.38255e-17
7692.00	4.72601e-17
7694.00	4.70273e-17
7696.00	5.29672e-17
7698.00	5.49031e-17
7700.00	5.67367e-17
7702.00	5.97403e-17
7704.00	4.49279e-17
7706.00	3.4301e-17
7708.00	4.24923e-17
7710.00	4.22135e-17
7712.00	3.53128e-17
7714.00	2.99322e-17
7716.00	4.45605e-17
7718.00	5.20196e-17
7720.00	6.15271e-17
7722.00	4.67711e-17
7724.00	4.6734e-17
7726.00	5.37384e-17
7728.00	6.02008e-17
7730.00	5.7334e-17
7732.00	5.50267e-17
7734.00	5.70015e-17
7736.00	4.60822e-17
7738.00	5.02512e-17
7740.00	5.32707e-17
7742.00	4.51876e-17
7744.00	4.40431e-17
7746.00	4.66225e-17
7748.00	3.72155e-17
7750.00	2.97362e-17
7752.00	5.71052e-17
7754.00	7.39759e-17
7756.00	5.66074e-17
7758.00	4.98542e-17
7760.00	5.06372e-17
7762.00	6.10906e-17
7764.00	5.14349e-17
7766.00	4.613e-17
7768.00	5.05739e-17
7770.00	4.61694e-17
7772.00	4.3788e-17
7774.00	4.56767e-17
7776.00	3.72581e-17
7778.00	3.40347e-17
7780.00	3.21346e-17
7782.00	3.2338e-17
7784.00	4.19872e-17
7786.00	4.73113e-17
7788.00	4.99248e-17
7790.00	5.28502e-17
7792.00	6.18237e-17
7794.00	6.85895e-17
7796.00	6.37097e-17
7798.00	6.29704e-17
7800.00	5.56253e-17
7802.00	4.34627e-17
7804.00	4.67415e-17
7806.00	4.98845e-17
7808.00	4.83645e-17
7810.00	5.88675e-17
7812.00	6.15742e-17
7814.00	5.14564e-17
7816.00	5.33401e-17
7818.00	6.0131e-17
7820.00	6.37878e-17
7822.00	5.93019e-17
7824.00	5.77903e-17
7826.00	5.51308e-17
7828.00	4.37624e-17
7830.00	3.51428e-17
7832.00	4.35249e-17
7834.00	3.97534e-17
7836.00	3.40643e-17
7838.00	3.54536e-17
7840.00	3.69344e-17
7842.00	3.32429e-17
7844.00	3.68637e-17
7846.00	4.99006e-17
7848.00	4.89909e-17
7850.00	5.96776e-17
7852.00	6.63095e-17
7854.00	6.39326e-17
7856.00	5.40902e-17
7858.00	5.76402e-17
7860.00	5.18482e-17
7862.00	5.20266e-17
7864.00	5.4984e-17
7866.00	5.13286e-17
7868.00	5.07591e-17
7870.00	5.09887e-17
7872.00	3.93154e-17
7874.00	4.49112e-17
7876.00	3.57167e-17
7878.00	2.46528e-17
7880.00	3.31296e-17
7882.00	4.98017e-17
7884.00	3.56009e-17
7886.00	3.45477e-17
7888.00	4.48351e-17
7890.00	4.0142e-17
7892.00	3.49396e-17
7894.00	4.56801e-17
7896.00	4.67143e-17
7898.00	4.9475e-17
7900.00	4.22233e-17
7902.00	4.54725e-17
7904.00	4.89727e-17
7906.00	4.53086e-17
7908.00	3.28802e-17
7910.00	1.8923e-17
7912.00	2.83282e-17
7914.00	2.37183e-17
7916.00	2.32111e-17
7918.00	9.6906e-18
7920.00	1.82285e-17
7922.00	4.0357e-17
7924.00	4.49314e-17
7926.00	3.95958e-17
7928.00	3.58082e-17
7930.00	3.97784e-17
7932.00	4.5366e-17
7934.00	4.7292e-17
7936.00	5.2854e-17
7938.00	5.33633e-17
7940.00	4.75878e-17
7942.00	4.47086e-17
7944.00	3.98882e-17
7946.00	4.09589e-17
7948.00	5.25816e-17
7950.00	4.71003e-17
7952.00	2.71566e-17
7954.00	4.02615e-17
7956.00	5.08742e-17
7958.00	4.41948e-17
7960.00	4.67398e-17
7962.00	5.82043e-17
7964.00	6.39932e-17
7966.00	5.39266e-17
7968.00	4.80328e-17
7970.00	4.4542e-17
7972.00	3.68887e-17
7974.00	3.80427e-17
7976.00	4.22232e-17
7978.00	4.51896e-17
7980.00	4.31371e-17
7982.00	4.36742e-17
7984.00	4.8553e-17
7986.00	5.0293e-17
7988.00	4.59083e-17
7990.00	5.88241e-17
7992.00	6.50646e-17
7994.00	5.39223e-17
7996.00	4.89083e-17
7998.00	4.53543e-17
8000.00	4.09814e-17
8002.00	4.0892e-17
8004.00	4.17752e-17
8006.00	3.74862e-17
8008.00	4.56154e-17
8010.00	5.85474e-17
8012.00	4.76115e-17
8014.00	4.51161e-17
8016.00	3.44405e-17
8018.00	3.68725e-17
8020.00	5.39991e-17
8022.00	3.31178e-17
8024.00	2.72866e-17
8026.00	3.93465e-17
8028.00	6.04399e-17
8030.00	4.97498e-17
8032.00	3.87188e-17
8034.00	4.68064e-17
8036.00	4.87911e-17
8038.00	4.07714e-17
8040.00	4.19713e-17
8042.00	4.85772e-17
8044.00	3.648e-17
8046.00	4.20075e-17
8048.00	5.26316e-17
8050.00	5.05282e-17
8052.00	5.44499e-17
8054.00	4.23828e-17
8056.00	3.64321e-17
8058.00	3.71468e-17
8060.00	4.22565e-17
8062.00	4.18335e-17
8064.00	4.17017e-17
8066.00	4.78101e-17
8068.00	4.32997e-17
8070.00	4.20775e-17
8072.00	4.51643e-17
8074.00	4.48052e-17
8076.00	4.50773e-17
8078.00	4.37235e-17
8080.00	5.68588e-17
8082.00	5.20734e-17
8084.00	5.07269e-17
8086.00	4.38451e-17
8088.00	4.23891e-17
8090.00	4.47117e-17
8092.00	4.3729e-17
8094.00	4.45772e-17
8096.00	3.94941e-17
8098.00	4.30492e-17
8100.00	4.71889e-17
8102.00	4.64544e-17
8104.00	5.36434e-17
8106.00	5.02403e-17
8108.00	4.96838e-17
8110.00	5.49907e-17
8112.00	4.74124e-17
8114.00	4.45615e-17
8116.00	4.22405e-17
8118.00	4.56496e-17
8120.00	4.53006e-17
8122.00	4.23139e-17
8124.00	4.18044e-17
8126.00	4.02251e-17
8128.00	3.84875e-17
8130.00	4.34827e-17
8132.00	5.34074e-17
8134.00	4.76841e-17
8136.00	4.2473e-17
8138.00	4.3612e-17
8140.00	4.69535e-17
8142.00	4.05202e-17
8144.00	3.33024e-17
8146.00	3.53526e-17
8148.00	3.61104e-17
8150.00	3.86995e-17
8152.00	3.72706e-17
8154.00	3.9951e-17
8156.00	4.28443e-17
8158.00	4.83502e-17
8160.00	4.15817e-17
8162.00	4.44222e-17
8164.00	3.81403e-17
8166.00	3.67241e-17
8168.00	4.43481e-17
8170.00	4.59704e-17
8172.00	4.67881e-17
8174.00	5.14361e-17
8176.00	4.98578e-17
8178.00	3.5583e-17
8180.00	3.06338e-17
8182.00	4.26525e-17
8184.00	4.64579e-17
8186.00	3.86432e-17
8188.00	4.36838e-17
8190.00	4.43769e-17
8192.00	4.31691e-17
8194.00	4.56388e-17
8196.00	3.72609e-17
8198.00	3.80619e-17
8200.00	3.8553e-17
8202.00	3.51369e-17
8204.00	3.21879e-17
8206.00	3.61212e-17
8208.00	3.13091e-17
8210.00	3.01913e-17
8212.00	3.50084e-17
8214.00	3.57541e-17
8216.00	3.20461e-17
8218.00	3.96946e-17
8220.00	3.66925e-17
8222.00	4.27958e-17
8224.00	4.79696e-17
8226.00	4.51307e-17
8228.00	5.03644e-17
8230.00	4.05785e-17
8232.00	4.44738e-17
8234.00	4.04432e-17
8236.00	4.48713e-17
8238.00	4.59759e-17
8240.00	4.63062e-17
8242.00	4.05054e-17
8244.00	3.43424e-17
8246.00	4.64722e-17
8248.00	4.32496e-17
8250.00	4.06828e-17
8252.00	5.14797e-17
8254.00	4.54818e-17
8256.00	3.00094e-17
8258.00	3.36149e-17
8260.00	4.36774e-17
8262.00	4.16061e-17
8264.00	4.42086e-17
8266.00	4.45279e-17
8268.00	5.0121e-17
8270.00	5.47753e-17
8272.00	4.49057e-17
8274.00	3.85297e-17
8276.00	4.19899e-17
8278.00	3.51673e-17
8280.00	3.13847e-17
8282.00	2.68893e-17
8284.00	3.58038e-17
8286.00	4.14854e-17
8288.00	3.27604e-17
8290.00	4.15284e-17
8292.00	4.01326e-17
8294.00	3.47684e-17
8296.00	5.3849e-17
8298.00	5.57448e-17
8300.00	2.86709e-17
8302.00	2.64919e-17
8304.00	4.08686e-17
8306.00	4.71854e-17
8308.00	4.26524e-17
8310.00	2.31383e-17
8312.00	3.03518e-17
8314.00	3.03907e-17
8316.00	3.79275e-17
8318.00	4.38155e-17
8320.00	5.31147e-17
8322.00	5.75961e-17
8324.00	4.61296e-17
8326.00	4.05358e-17
8328.00	3.59245e-17
8330.00	4.09791e-17
8332.00	3.8864e-17
8334.00	3.54208e-17
8336.00	3.36332e-17
8338.00	3.42957e-17
8340.00	2.52922e-17
8342.00	2.25712e-17
8344.00	1.98502e-17
8346.00	1.71292e-17
8348.00	1.44082e-17
8350.00	1.16871e-17
8352.00	1.16871e-17
8354.00	1.93761e-17
8356.00	1.78677e-17
8358.00	2.64283e-17
8360.00	2.73553e-17
8362.00	4.73041e-17
8364.00	4.01179e-17
8366.00	5.29349e-17
8368.00	4.80431e-17
8370.00	4.9006e-17
8372.00	5.1668e-17
8374.00	5.16358e-17
8376.00	6.07013e-17
8378.00	5.67685e-17
8380.00	5.79558e-17
8382.00	5.81541e-17
8384.00	4.99893e-17
8386.00	4.24185e-17
8388.00	4.28658e-17
8390.00	4.95954e-17
8392.00	4.1917e-17
8394.00	3.94392e-17
8396.00	1.04649e-17
8398.00	1.06766e-17
8400.00	3.29763e-17
8402.00	5.47118e-17
8404.00	4.45749e-17
8406.00	5.07631e-17
8408.00	5.95324e-17
8410.00	5.94493e-17
8412.00	5.13743e-17
8414.00	6.73249e-17
8416.00	6.99018e-17
8418.00	4.50793e-17
8420.00	3.93096e-17
8422.00	4.76396e-17
8424.00	4.6593e-17
8426.00	2.46554e-17
8428.00	1.82939e-17
8430.00	2.09391e-18
8432.00	3.74794e-18
8434.00	2.75715e-17
8436.00	3.98093e-17
8438.00	3.83841e-17
8440.00	4.0014e-17
8442.00	3.83317e-17
8444.00	3.99774e-17
8446.00	3.83552e-17
8448.00	2.37299e-17
8450.00	1.98634e-17
8452.00	2.49764e-17
8454.00	2.91067e-17
8456.00	2.90983e-17
8458.00	4.06272e-17
8460.00	3.90971e-17
8462.00	1.37371e-17
8464.00	5.91869e-18
8466.00	2.77742e-17
8468.00	4.58015e-17
8470.00	3.4752e-17
8472.00	2.14535e-17
8474.00	4.23308e-17
8476.00	3.74916e-17
8478.00	4.42587e-17
8480.00	4.8179e-17
8482.00	4.55957e-17
8484.00	3.87599e-17
8486.00	3.556e-17
8488.00	3.75777e-17
8490.00	3.36878e-17
8492.00	4.777e-17
8494.00	4.67609e-17
8496.00	2.80019e-17
8498.00	2.8702e-17
8500.00	3.76731e-17
8502.00	4.45662e-17
8504.00	6.19086e-17
8506.00	5.07905e-17
8508.00	4.31955e-17
8510.00	3.78457e-17
8512.00	2.72971e-17
8514.00	3.03482e-17
8516.00	4.12026e-17
8518.00	2.8598e-17
8520.00	3.07182e-17
8522.00	4.32443e-17
8524.00	3.70259e-17
8526.00	3.427e-17
8528.00	4.3069e-17
8530.00	4.33943e-17
8532.00	3.36657e-17
8534.00	3.63402e-17
8536.00	4.10377e-17
8538.00	3.67056e-17
8540.00	5.3584e-17
8542.00	4.89403e-17
8544.00	4.4375e-17
8546.00	2.79129e-17
8548.00	2.49552e-17
8550.00	2.73586e-17
8552.00	1.85191e-17
8554.00	1.97491e-17
8556.00	1.37446e-17
8558.00	2.12558e-17
8560.00	3.21009e-17
8562.00	3.75572e-17
8564.00	3.39036e-17
8566.00	3.21844e-17
8568.00	3.64964e-17
8570.00	3.58527e-17
8572.00	3.79639e-17
8574.00	3.90045e-17
8576.00	3.01999e-17
8578.00	2.47325e-17
8580.00	3.71444e-17
8582.00	4.34876e-17
8584.00	4.62745e-17
8586.00	3.32397e-17
8588.00	3.02473e-17
8590.00	3.64771e-17
8592.00	3.6973e-17
8594.00	3.80922e-17
8596.00	2.70374e-17
8598.00	2.66956e-17
8600.00	2.93388e-17
8602.00	2.33663e-17
8604.00	2.58741e-17
8606.00	3.30785e-17
8608.00	3.76152e-17
8610.00	3.55734e-17
8612.00	4.2024e-17
8614.00	3.33911e-17
8616.00	2.81566e-17
8618.00	4.38426e-17
8620.00	4.42233e-17
8622.00	3.26547e-17
8624.00	3.90025e-17
8626.00	5.49074e-17
8628.00	4.51209e-17
8630.00	2.52165e-17
8632.00	3.96477e-17
8634.00	3.91579e-17
8636.00	3.26175e-17
8638.00	3.60295e-17
8640.00	4.08194e-17
8642.00	3.67493e-17
8644.00	3.29129e-17
8646.00	3.06706e-17
8648.00	2.85047e-17
8650.00	2.81306e-17
8652.00	2.73224e-17
8654.00	1.66351e-17
8656.00	2.97886e-17
8658.00	3.15246e-17
8660.00	2.78517e-17
8662.00	3.91464e-17
8664.00	3.22806e-17
8666.00	3.38176e-17
8668.00	2.91604e-17
8670.00	3.34487e-17
8672.00	3.29726e-17
8674.00	4.01995e-17
8676.00	2.93615e-17
8678.00	1.86011e-17
8680.00	1.48826e-17
8682.00	2.97976e-17
8684.00	4.52295e-17
8686.00	3.94785e-17
8688.00	2.24664e-17
8690.00	2.81028e-17
8692.00	2.96346e-17
8694.00	3.41005e-17
8696.00	4.04824e-17
8698.00	2.94067e-17
8700.00	1.82252e-17
8702.00	2.66698e-17
8704.00	2.52685e-17
8706.00	4.20759e-17
8708.00	2.57817e-17
8710.00	2.10752e-17
8712.00	4.35905e-17
8714.00	3.16823e-17
8716.00	2.38298e-17
8718.00	3.74229e-17
8720.00	4.54435e-17
8722.00	4.06115e-17
8724.00	2.95817e-17
8726.00	2.4004e-17
8728.00	3.42078e-17
8730.00	3.355e-17
8732.00	3.132e-17
8734.00	3.84508e-17
8736.00	3.27726e-17
8738.00	2.5296e-17
8740.00	3.08858e-17
8742.00	4.11065e-17
8744.00	3.33295e-17
8746.00	1.76973e-17
8748.00	2.02801e-17
8750.00	2.69415e-17
8752.00	3.67716e-17
8754.00	3.67155e-17
8756.00	2.809e-17
8758.00	3.95897e-17
8760.00	4.45522e-17
8762.00	1.51771e-17
8764.00	2.16827e-17
8766.00	7.79774e-17
8768.00	5.73177e-17
8770.00	3.13162e-17
8772.00	1.15371e-17
8774.00	-1.06019e-18
8776.00	1.03613e-17
8778.00	1.72799e-17
8780.00	1.98405e-17
8782.00	1.16994e-17
8784.00	1.02637e-17
8786.00	1.42238e-17
8788.00	2.41718e-17
8790.00	4.11817e-17
8792.00	4.64017e-17
8794.00	3.97293e-17
8796.00	3.00198e-17
8798.00	2.65628e-17
8800.00	2.84926e-17
8802.00	3.21944e-17
8804.00	3.35806e-17
8806.00	3.00104e-17
8808.00	4.01708e-17
8810.00	4.32811e-17
8812.00	3.50735e-17
8814.00	3.40048e-17
8816.00	3.56384e-17
8818.00	3.42646e-17
8820.00	3.3939e-17
8822.00	3.42777e-17
8824.00	7.32669e-17
8826.00	7.35949e-17
8828.00	4.15274e-17
8830.00	6.16929e-17
8832.00	7.32839e-17
8834.00	5.38764e-17
8836.00	5.71817e-17
8838.00	5.68007e-17
8840.00	6.28781e-17
8842.00	5.14262e-17
8844.00	2.86842e-17
8846.00	1.30036e-17
8848.00	3.6534e-17
8850.00	4.25743e-17
8852.00	3.4215e-17
8854.00	3.31468e-17
8856.00	3.18269e-17
8858.00	4.79455e-17
8860.00	4.68102e-17
8862.00	2.77785e-17
8864.00	4.21375e-17
8866.00	5.20816e-17
8868.00	5.14311e-17
8870.00	5.3245e-17
8872.00	4.47115e-17
8874.00	4.65567e-17
8876.00	3.92513e-17
8878.00	4.08105e-17
8880.00	3.18427e-17
8882.00	4.64751e-17
8884.00	3.88034e-17
8886.00	3.31706e-17
8888.00	3.14492e-17
8890.00	3.97358e-17
8892.00	1.50424e-17
8894.00	-1.67625e-19
8896.00	3.58347e-17
8898.00	2.47926e-17
8900.00	1.56755e-17
8902.00	7.46803e-18
8904.00	1.41623e-17
8906.00	3.09032e-17
8908.00	3.11678e-17
8910.00	3.68552e-17
8912.00	4.14211e-17
8914.00	1.7918e-17
8916.00	1.85687e-19
8918.00	1.60482e-17
8920.00	4.35186e-17
8922.00	6.06234e-17
8924.00	4.91816e-17
8926.00	3.21494e-17
8928.00	1.78372e-17
8930.00	1.94188e-17
8932.00	2.23859e-17
8934.00	3.65661e-17
8936.00	3.27274e-17
8938.00	4.01671e-17
8940.00	4.20766e-17
8942.00	4.11116e-17
8944.00	4.32918e-17
8946.00	3.38113e-17
8948.00	3.50237e-17
8950.00	4.04253e-17
8952.00	4.44285e-17
8954.00	1.89462e-17
8956.00	2.12204e-17
8958.00	4.88514e-17
8960.00	3.9763e-17
8962.00	3.75417e-18
8964.00	1.23705e-17
8966.00	2.80929e-17
8968.00	3.77268e-17
8970.00	3.70398e-17
8972.00	3.71093e-17
8974.00	5.38862e-17
8976.00	3.67566e-17
8978.00	3.66759e-17
8980.00	1.95328e-17
8982.00	1.72207e-17
8984.00	2.75049e-17
8986.00	5.23847e-17
8988.00	3.79417e-17
8990.00	1.18509e-17
8992.00	1.18811e-17
8994.00	1.80661e-17
8996.00	2.75205e-17
8998.00	1.82847e-17
9000.00	4.82938e-18
9002.00	-8.65958e-18
9004.00	4.09427e-18
9006.00	4.1503e-17
9008.00	3.86161e-17
9010.00	4.42384e-17
9012.00	3.13724e-17
9014.00	1.58259e-17
9016.00	3.49146e-17
9018.00	3.56281e-17
9020.00	3.17914e-17
9022.00	3.03383e-17
9024.00	2.36949e-17
9026.00	2.55535e-17
9028.00	3.88714e-17
9030.00	2.5621e-17
9032.00	2.00842e-17
9034.00	2.05344e-17
9036.00	4.05961e-17
9038.00	4.90283e-17
9040.00	4.00477e-17
9042.00	3.88128e-17
9044.00	2.58982e-17
9046.00	3.75316e-17
9048.00	4.33127e-17
9050.00	2.85803e-17
9052.00	2.70312e-17
9054.00	3.9964e-17
9056.00	2.58542e-17
9058.00	2.07656e-17
9060.00	3.48943e-17
9062.00	4.46878e-17
9064.00	4.43118e-17
9066.00	3.17559e-17
9068.00	3.07751e-17
9070.00	2.60451e-17
9072.00	3.00005e-17
9074.00	3.7812e-17
9076.00	3.19646e-17
9078.00	2.83836e-17
9080.00	2.58966e-17
9082.00	2.37365e-17
9084.00	2.74565e-17
9086.00	3.37654e-17
9088.00	3.33754e-17
9090.00	4.16762e-17
9092.00	3.38156e-17
9094.00	1.637e-17
9096.00	1.70874e-17
9098.00	3.13214e-17
9100.00	3.40662e-17
9102.00	2.16632e-17
9104.00	3.46894e-17
9106.00	3.33131e-17
9108.00	1.73471e-17
9110.00	4.4871e-17
9112.00	3.42633e-17
9114.00	2.26148e-17
9116.00	2.52393e-17
9118.00	2.92238e-17
9120.00	2.60038e-17
9122.00	3.16901e-17
9124.00	3.08991e-17
9126.00	3.02215e-17
9128.00	4.05982e-17
9130.00	2.82732e-17
9132.00	3.06968e-17
9134.00	3.18975e-17
9136.00	1.74735e-17
9138.00	2.57283e-17
9140.00	3.46064e-17
9142.00	2.19064e-17
9144.00	2.69239e-17
9146.00	2.92932e-17
9148.00	1.89016e-17
9150.00	3.32789e-17
9152.00	3.40925e-17
9154.00	2.42026e-17
9156.00	7.88322e-18
9158.00	2.14639e-17
9160.00	2.73373e-17
9162.00	1.5879e-17
9164.00	3.11754e-17
9166.00	4.05954e-17
9168.00	2.50163e-17
9170.00	2.8883e-17
9172.00	2.86112e-17
9174.00	1.73911e-17
9176.00	3.44471e-17
9178.00	3.39055e-17
9180.00	2.39178e-17
9182.00	2.87294e-17
9184.00	2.39215e-17
9186.00	2.83258e-17
9188.00	2.99943e-17
9190.00	3.22499e-17
