4350.00	1.84477e-18
4352.65	2.62345e-18
4355.30	7.57273e-20
4357.95	2.34857e-19
4360.60	1.87711e-18
4363.25	4.83089e-18
4365.90	2.75526e-18
4368.55	2.30963e-18
4371.20	1.12733e-18
4373.85	4.96339e-18
4376.50	2.73286e-18
4379.15	2.20682e-18
4381.80	3.86287e-18
4384.45	5.11614e-18
4387.10	4.8726e-18
4389.75	3.27592e-18
4392.40	5.63832e-18
4395.05	5.80612e-18
4397.70	5.18598e-18
4400.35	4.55336e-18
4403.00	4.21176e-18
4405.65	4.3529e-18
4408.30	3.49601e-18
4410.95	5.18779e-19
4413.60	4.90068e-18
4416.25	5.86092e-18
4418.90	7.59703e-18
4421.55	4.26167e-18
4424.20	4.5737e-18
4426.85	5.6004e-18
4429.50	3.87984e-18
4432.15	3.6025e-18
4434.80	3.61105e-18
4437.45	2.4461e-18
4440.10	2.59313e-18
4442.75	4.54591e-18
4445.40	3.68169e-18
4448.05	4.28811e-18
4450.70	4.22994e-18
4453.35	4.19727e-18
4456.00	3.46769e-18
4458.65	5.09275e-18
4461.30	3.77062e-18
4463.95	1.90137e-18
4466.60	5.5646e-18
4469.25	4.2503e-18
4471.90	6.64191e-18
4474.55	5.38274e-18
4477.20	4.53875e-18
4479.85	1.84775e-18
4482.50	2.96184e-18
4485.15	3.68039e-18
4487.80	3.20779e-18
4490.45	2.68718e-18
4493.10	3.81789e-18
4495.75	4.06971e-18
4498.40	4.84476e-18
4501.05	4.81676e-18
4503.70	5.29047e-18
4506.35	3.20604e-18
4509.00	2.98067e-18
4511.65	2.47851e-18
4514.30	4.40669e-18
4516.95	2.99508e-18
4519.60	3.27404e-18
4522.25	1.69862e-18
4524.90	3.16369e-18
4527.55	4.5739e-18
4530.20	3.02794e-18
4532.85	4.38767e-18
4535.50	4.16422e-18
4538.15	4.9248e-18
4540.80	4.19138e-18
4543.45	2.41722e-18
4546.10	3.54913e-18
4548.75	2.81651e-18
4551.40	3.28921e-18
4554.05	1.97798e-18
4556.70	1.62641e-18
4559.35	3.1708e-18
4562.00	4.31677e-18
4564.65	3.66474e-18
4567.30	4.45618e-18
4569.95	4.38524e-18
4572.60	3.20033e-18
4575.25	2.95353e-18
4577.90	3.61653e-18
4580.55	3.59647e-18
4583.20	1.45517e-18
4585.85	1.39526e-18
4588.50	2.71071e-18
4591.15	3.38541e-18
4593.80	3.176e-18
4596.45	1.83817e-18
4599.10	1.37406e-18
4601.75	2.48551e-18
4604.40	1.70996e-18
4607.05	1.46135e-18
4609.70	2.23358e-18
4612.35	3.1604e-18
4615.00	1.65059e-18
4617.65	3.21029e-18
4620.30	5.62641e-18
4622.95	4.20184e-18
4625.60	2.94808e-18
4628.25	3.24937e-18
4630.90	4.2935e-18
4633.55	3.22747e-18
4636.20	4.47044e-18
4638.85	3.98256e-18
4641.50	4.46615e-18
4644.15	4.69195e-18
4646.80	3.36175e-18
4649.45	4.4323e-18
4652.10	5.15394e-18
4654.75	4.35467e-18
4657.40	4.64343e-18
4660.05	4.7458e-18
4662.70	5.44873e-18
4665.35	4.8101e-18
4668.00	4.77985e-18
4670.65	2.96412e-18
4673.30	4.56735e-18
4675.95	4.18452e-18
4678.60	4.02703e-18
4681.25	3.88302e-18
4683.90	2.64023e-18
4686.55	6.44885e-18
4689.20	3.50552e-18
4691.85	3.02208e-18
4694.50	5.08794e-18
4697.15	4.51592e-18
4699.80	3.79264e-18
4702.45	4.18405e-18
4705.10	3.29297e-18
4707.75	4.0809e-18
4710.40	3.04389e-18
4713.05	4.05163e-18
4715.70	3.20373e-18
4718.35	2.19517e-18
4721.00	4.9394e-18
4723.65	4.2139e-18
4726.30	3.07305e-18
4728.95	4.42332e-18
4731.60	3.70773e-18
4734.25	3.65328e-18
4736.90	3.09802e-18
4739.55	3.60345e-18
4742.20	3.53469e-18
4744.85	3.45371e-18
4747.50	5.28884e-18
4750.15	5.67862e-18
4752.80	3.47958e-18
4755.45	3.80275e-18
4758.10	2.65668e-18
4760.75	1.54196e-18
4763.40	4.40923e-18
4766.05	5.04663e-18
4768.70	3.13976e-18
4771.35	2.75625e-18
4774.00	3.97389e-18
4776.65	4.61411e-18
4779.30	2.28216e-18
4781.95	3.12246e-18
4784.60	2.38981e-18
4787.25	3.00694e-18
4789.90	3.92151e-18
4792.55	3.48661e-18
4795.20	2.63525e-18
4797.85	2.84746e-18
4800.50	3.41745e-18
4803.15	3.14862e-18
4805.80	3.14377e-18
4808.45	3.64093e-18
4811.10	2.79292e-18
4813.75	1.99368e-18
4816.40	4.27505e-18
4819.05	4.7101e-18
4821.70	2.34686e-18
4824.35	2.4582e-18
4827.00	2.59958e-18
4829.65	1.8018e-18
4832.30	3.66196e-18
4834.95	4.02569e-18
4837.60	3.59977e-18
4840.25	3.1907e-18
4842.90	2.86232e-18
4845.55	2.45102e-18
4848.20	2.70692e-18
4850.85	4.27687e-18
4853.50	3.67485e-18
4856.15	2.4331e-18
4858.80	3.18996e-18
4861.45	3.6875e-18
4864.10	2.32328e-18
4866.75	3.07482e-18
4869.40	4.6824e-18
4872.05	4.10809e-18
4874.70	2.73339e-18
4877.35	3.32291e-18
4880.00	4.19659e-18
4882.65	4.23245e-18
4885.30	3.04579e-18
4887.95	3.3626e-18
4890.60	3.02034e-18
4893.25	5.05983e-18
4895.90	4.46927e-18
4898.55	2.06984e-18
4901.20	2.63022e-18
4903.85	3.05769e-18
4906.50	3.20016e-18
4909.15	1.62966e-18
4911.80	3.09677e-18
4914.45	3.71853e-18
4917.10	2.98769e-18
4919.75	3.14097e-18
4922.40	3.13298e-18
4925.05	3.20367e-18
4927.70	2.32339e-18
4930.35	2.99878e-18
4933.00	2.70418e-18
4935.65	3.45757e-18
4938.30	5.77393e-18
4940.95	4.43096e-18
4943.60	4.3233e-18
4946.25	4.3844e-18
4948.90	3.70992e-18
4951.55	4.32294e-18
4954.20	4.10692e-18
4956.85	2.80189e-18
4959.50	4.04284e-18
4962.15	3.75619e-18
4964.80	3.72483e-18
4967.45	4.25577e-18
4970.10	3.08415e-18
4972.75	3.53543e-18
4975.40	2.95832e-18
4978.05	2.46596e-18
4980.70	3.71313e-18
4983.35	3.45366e-18
4986.00	3.10546e-18
4988.65	2.21704e-18
4991.30	2.65453e-18
4993.95	2.9933e-18
4996.60	3.67992e-18
4999.25	3.73767e-18
5001.90	2.76378e-18
5004.55	1.58283e-18
5007.20	3.28509e-18
5009.85	2.73701e-18
5012.50	4.01919e-18
5015.15	2.86166e-18
5017.80	3.54967e-18
5020.45	3.93165e-18
5023.10	2.74783e-18
5025.75	4.04403e-18
5028.40	2.89959e-18
5031.05	4.70453e-18
5033.70	3.9905e-18
5036.35	3.10568e-18
5039.00	2.86508e-18
5041.65	3.82544e-18
5044.30	2.4592e-18
5046.95	2.95266e-18
5049.60	4.16841e-18
5052.25	3.64305e-18
5054.90	4.06277e-18
5057.55	2.82208e-18
5060.20	3.36123e-18
5062.85	3.38513e-18
5065.50	1.68753e-18
5068.15	1.92605e-18
5070.80	1.82307e-18
5073.45	2.50383e-18
5076.10	2.26237e-18
5078.75	1.91721e-18
5081.40	3.24121e-18
5084.05	2.04253e-18
5086.70	3.39982e-18
5089.35	2.82326e-18
5092.00	2.32652e-18
5094.65	2.49141e-18
5097.30	3.4914e-18
5099.95	3.24333e-18
5102.60	1.93326e-18
5105.25	3.55038e-18
5107.90	2.08902e-18
5110.55	1.87034e-18
5113.20	2.51152e-18
5115.85	2.50849e-18
5118.50	2.42205e-18
5121.15	4.05656e-18
5123.80	3.74985e-18
5126.45	2.73643e-18
5129.10	3.50607e-18
5131.75	3.41587e-18
5134.40	2.22272e-18
5137.05	2.4479e-18
5139.70	1.98043e-18
5142.35	1.8065e-18
5145.00	1.64013e-18
5147.65	2.24097e-18
5150.30	1.76304e-18
5152.95	2.33465e-18
5155.60	1.01326e-18
5158.25	5.16309e-19
5160.90	3.35532e-18
5163.55	2.38471e-18
5166.20	1.26332e-18
5168.85	2.43062e-18
5171.50	3.16038e-18
5174.15	1.30296e-18
5176.80	2.59221e-18
5179.45	2.63936e-18
5182.10	3.58714e-18
5184.75	4.53832e-18
5187.40	4.23078e-18
5190.05	4.64945e-18
5192.70	5.03756e-18
5195.35	2.63589e-18
5198.00	4.06409e-18
5200.65	5.5504e-18
5203.30	4.5615e-18
5205.95	3.9769e-18
5208.60	3.5665e-18
5211.25	4.91364e-18
5213.90	6.06602e-18
5216.55	3.67443e-18
5219.20	4.22926e-18
5221.85	4.48047e-18
5224.50	3.82706e-18
5227.15	5.36989e-18
5229.80	4.36671e-18
5232.45	4.74797e-18
5235.10	5.87668e-18
5237.75	5.69169e-18
5240.40	3.96474e-18
5243.05	4.60253e-18
5245.70	5.54142e-18
5248.35	4.06905e-18
5251.00	4.05919e-18
5253.65	3.92457e-18
5256.30	4.44217e-18
5258.95	3.69947e-18
5261.60	2.79177e-18
5264.25	4.5866e-18
5266.90	5.0137e-18
5269.55	4.12699e-18
5272.20	3.28361e-18
5274.85	4.13732e-18
5277.50	4.52943e-18
5280.15	2.77901e-18
5282.80	3.34009e-18
5285.45	4.04692e-18
5288.10	2.37186e-18
5290.75	3.36854e-18
5293.40	3.37144e-18
5296.05	3.95302e-18
5298.70	5.56273e-18
5301.35	4.29385e-18
5304.00	1.30189e-18
5306.65	3.8537e-18
5309.30	4.15887e-18
5311.95	3.83348e-18
5314.60	3.01119e-18
5317.25	3.0638e-18
5319.90	2.54527e-18
5322.55	3.81987e-18
5325.20	3.24568e-18
5327.85	1.76086e-18
5330.50	3.84869e-18
5333.15	3.24343e-18
5335.80	2.75204e-18
5338.45	3.10125e-18
5341.10	3.04128e-18
5343.75	1.31978e-18
5346.40	3.14653e-18
5349.05	1.90716e-18
5351.70	2.28848e-18
5354.35	3.69174e-18
5357.00	3.57541e-18
5359.65	2.50905e-18
5362.30	3.18814e-18
5364.95	3.84122e-18
5367.60	3.40241e-18
5370.25	3.4156e-18
5372.90	4.06534e-18
5375.55	3.15213e-18
5378.20	2.98246e-18
5380.85	2.60236e-18
5383.50	3.34501e-18
5386.15	3.28779e-18
5388.80	1.83395e-18
5391.45	2.85901e-18
5394.10	4.34142e-18
5396.75	4.23442e-18
5399.40	3.06808e-18
5402.05	3.39292e-18
5404.70	3.33753e-18
5407.35	2.66056e-18
5410.00	2.58574e-18
5412.65	2.56121e-18
5415.30	1.93957e-18
5417.95	1.58439e-18
5420.60	3.05591e-18
5423.25	2.59208e-18
5425.90	1.59506e-18
5428.55	2.57737e-18
5431.20	2.83863e-18
5433.85	4.06775e-18
5436.50	3.00992e-18
5439.15	1.50191e-18
5441.80	2.16939e-18
5444.45	2.11528e-18
5447.10	3.16021e-18
5449.75	1.49763e-18
5452.40	2.75185e-18
5455.05	2.41099e-18
5457.70	2.22066e-18
5460.35	3.5236e-18
5463.00	2.52264e-18
5465.65	2.70738e-18
5468.30	2.36789e-18
5470.95	1.27072e-18
5473.60	2.36386e-18
5476.25	1.8079e-18
5478.90	1.32244e-18
5481.55	1.16836e-18
5484.20	1.84657e-18
5486.85	2.29479e-18
5489.50	2.9115e-18
5492.15	3.73717e-18
5494.80	2.78854e-18
5497.45	2.48666e-18
5500.10	1.32739e-18
5502.75	2.08944e-18
5505.40	1.31363e-18
5508.05	2.40006e-18
5510.70	2.81932e-18
5513.35	2.89105e-18
5516.00	2.43578e-18
5518.65	3.67034e-18
5521.30	3.33601e-18
5523.95	2.23057e-18
5526.60	3.91106e-18
5529.25	2.86918e-18
5531.90	2.65321e-18
5534.55	2.222e-18
5537.20	2.81249e-18
5539.85	3.24267e-18
5542.50	2.53695e-18
5545.15	2.78928e-18
5547.80	2.58707e-18
5550.45	1.99544e-18
5553.10	2.91856e-18
5555.75	3.1975e-18
5558.40	2.73008e-18
5561.05	2.45956e-18
5563.70	3.10616e-18
5566.35	2.89912e-18
5569.00	2.69207e-18
5571.65	2.48502e-18
5574.30	2.27798e-18
5576.95	2.07093e-18
5579.60	1.86388e-18
5582.25	1.65684e-18
5584.90	1.44979e-18
5587.55	1.24274e-18
5590.20	1.24274e-18
5592.85	2.46824e-18
5595.50	3.10161e-18
5598.15	1.62803e-18
5600.80	2.31488e-18
5603.45	3.18698e-18
5606.10	1.84018e-18
5608.75	2.45237e-18
5611.40	3.15822e-18
5614.05	3.15665e-18
5616.70	1.6954e-18
5619.35	1.06613e-18
5622.00	2.49149e-18
5624.65	2.32258e-18
5627.30	3.06962e-18
5629.95	2.69981e-18
5632.60	1.17885e-18
5635.25	1.86547e-18
5637.90	1.90644e-18
5640.55	1.98764e-18
5643.20	2.24872e-18
5645.85	2.43051e-18
5648.50	3.76232e-18
5651.15	3.23566e-18
5653.80	3.59615e-18
5656.45	2.69343e-18
5659.10	3.86577e-18
5661.75	1.54814e-18
5664.40	2.3359e-18
5667.05	2.7259e-18
5669.70	2.38868e-18
5672.35	1.74713e-18
5675.00	2.38947e-18
5677.65	3.44724e-18
5680.30	4.19417e-18
5682.95	3.32829e-18
5685.60	2.00279e-18
5688.25	2.78259e-18
5690.90	1.42143e-18
5693.55	2.21805e-18
5696.20	2.97176e-18
5698.85	3.39537e-18
5701.50	3.11058e-18
5704.15	3.15013e-18
5706.80	3.48921e-18
5709.45	4.06948e-18
5712.10	1.84227e-18
5714.75	2.09388e-18
5717.40	2.13422e-18
5720.05	3.57874e-18
5722.70	3.42103e-18
5725.35	3.34934e-18
5728.00	1.44817e-18
5730.65	2.22208e-18
5733.30	2.65755e-18
5735.95	2.66797e-18
5738.60	1.97728e-18
5741.25	4.02074e-18
5743.90	3.88568e-18
5746.55	3.05119e-18
5749.20	1.98673e-18
5751.85	3.21063e-18
5754.50	2.05698e-18
5757.15	1.91305e-18
5759.80	2.47874e-18
5762.45	2.26454e-18
5765.10	2.6721e-18
5767.75	2.94317e-18
5770.40	2.69204e-18
5773.05	3.49348e-18
5775.70	3.76227e-18
5778.35	1.8241e-18
5781.00	1.8249e-18
5783.65	2.28017e-18
5786.30	2.39467e-18
5788.95	2.25231e-18
5791.60	1.8633e-18
5794.25	1.43482e-18
5796.90	2.36426e-18
5799.55	3.60923e-18
5802.20	3.11279e-18
5804.85	3.60703e-18
5807.50	2.65963e-18
5810.15	3.46264e-18
5812.80	3.08293e-18
5815.45	1.76503e-18
5818.10	2.21099e-18
5820.75	3.55333e-18
5823.40	3.2593e-18
5826.05	2.29631e-18
5828.70	2.52151e-18
5831.35	2.56363e-18
5834.00	1.90035e-18
5836.65	1.36008e-18
5839.30	1.1687e-18
5841.95	2.18072e-18
5844.60	2.45328e-18
5847.25	2.74175e-18
5849.90	1.99127e-18
5852.55	2.752e-18
5855.20	3.18966e-18
5857.85	3.54721e-18
5860.50	2.56803e-18
5863.15	1.8147e-18
5865.80	7.32865e-19
5868.45	3.44597e-19
5871.10	1.61451e-18
5873.75	1.86215e-18
5876.40	2.33872e-18
5879.05	2.92778e-18
5881.70	1.93383e-18
5884.35	2.36839e-18
5887.00	3.03121e-18
5889.65	2.23594e-18
5892.30	1.71763e-18
5894.95	3.20468e-18
5897.60	3.03603e-18
5900.25	1.92327e-18
5902.90	3.03737e-18
5905.55	2.49761e-18
5908.20	1.73782e-18
5910.85	4.25772e-18
5913.50	3.0821e-18
5916.15	2.2249e-18
5918.80	3.3264e-18
5921.45	8.98053e-19
5924.10	1.66715e-18
5926.75	2.5493e-18
5929.40	1.64861e-18
5932.05	1.33044e-18
5934.70	1.13056e-18
5937.35	2.00105e-18
5940.00	2.18386e-18
5942.65	2.41009e-18
5945.30	1.2058e-18
5947.95	1.01785e-18
5950.60	1.85087e-18
5953.25	1.16219e-18
5955.90	1.52943e-18
5958.55	2.46203e-18
5961.20	2.22998e-18
5963.85	2.78723e-18
5966.50	2.75964e-18
5969.15	2.37522e-18
5971.80	1.07852e-18
5974.45	2.14835e-18
5977.10	2.34648e-18
5979.75	2.84976e-18
5982.40	1.72982e-18
5985.05	1.17643e-18
5987.70	3.00064e-18
5990.35	2.24257e-18
5993.00	1.76051e-18
5995.65	2.87624e-18
5998.30	1.334e-18
6000.95	1.04319e-18
6003.60	2.17412e-18
6006.25	1.56673e-18
6008.90	2.74409e-18
6011.55	2.75193e-18
6014.20	1.68749e-18
6016.85	1.60001e-18
6019.50	1.98787e-18
6022.15	2.42163e-18
6024.80	1.6432e-18
6027.45	2.41111e-18
6030.10	3.24195e-18
6032.75	3.07869e-18
6035.40	1.09913e-18
6038.05	1.47339e-18
6040.70	1.80928e-18
6043.35	2.26449e-18
6046.00	2.95458e-18
6048.65	1.21166e-18
6051.30	1.9846e-18
6053.95	1.67274e-18
6056.60	1.85156e-18
6059.25	2.7209e-18
6061.90	1.79803e-18
6064.55	3.64952e-18
6067.20	2.60699e-18
6069.85	1.96049e-18
6072.50	2.23117e-18
6075.15	2.2646e-18
6077.80	2.14635e-18
6080.45	2.17683e-18
6083.10	2.92335e-18
6085.75	3.09006e-18
6088.40	2.45522e-18
6091.05	1.95365e-18
6093.70	2.26736e-18
6096.35	2.36151e-18
6099.00	2.59286e-18
6101.65	2.02914e-18
6104.30	2.62146e-18
6106.95	2.39915e-18
6109.60	2.57456e-18
6112.25	1.41955e-18
6114.90	1.09924e-18
6117.55	1.55087e-18
6120.20	3.13588e-18
6122.85	2.65187e-18
6125.50	1.51606e-18
6128.15	2.33002e-18
6130.80	2.23288e-18
6133.45	9.79315e-19
6136.10	3.22287e-18
6138.75	3.49801e-18
6141.40	2.1227e-18
6144.05	1.86864e-18
6146.70	1.58789e-18
6149.35	1.58453e-18
6152.00	2.00254e-18
6154.65	1.37229e-18
6157.30	1.64819e-18
6159.95	1.71124e-18
6162.60	2.63996e-18
6165.25	1.83165e-18
6167.90	2.24431e-18
6170.55	1.79049e-18
6173.20	1.08452e-18
6175.85	1.11466e-18
6178.50	2.1614e-18
6181.15	2.82425e-18
6183.80	1.33026e-18
6186.45	1.80773e-18
6189.10	2.68149e-18
6191.75	1.81282e-18
6194.40	1.48014e-18
6197.05	1.57432e-18
6199.70	2.17618e-18
6202.35	1.97195e-18
6205.00	2.3065e-18
6207.65	2.25092e-18
6210.30	1.63922e-18
6212.95	2.52154e-18
6215.60	2.27972e-18
6218.25	1.92769e-18
6220.90	2.79639e-18
6223.55	2.6583e-18
6226.20	1.68326e-18
6228.85	1.63336e-18
6231.50	2.71137e-18
6234.15	2.14188e-18
6236.80	1.66173e-18
6239.45	2.30845e-18
6242.10	2.57089e-18
6244.75	1.98915e-18
6247.40	3.2366e-18
6250.05	2.69371e-18
6252.70	5.9115e-19
6255.35	1.67912e-18
6258.00	3.3427e-18
6260.65	7.84378e-19
6263.30	1.6527e-18
6265.95	1.9715e-18
6268.60	1.65844e-19
6271.25	1.76823e-18
6273.90	2.14999e-18
6276.55	7.65013e-19
6279.20	1.64125e-18
6281.85	1.42927e-18
6284.50	1.21729e-18
6287.15	1.00532e-18
6289.80	7.93337e-19
6292.45	5.81359e-19
6295.10	3.69381e-19
6297.75	1.57403e-19
6300.40	-5.45751e-20
6303.05	-5.45751e-20
6305.70	6.80876e-19
6308.35	1.34374e-18
6311.00	1.04391e-18
6313.65	1.55148e-18
6316.30	2.37292e-18
6318.95	1.6531e-18
6321.60	2.88539e-18
6324.25	1.61675e-18
6326.90	1.58498e-18
6329.55	2.80412e-18
6332.20	1.56047e-18
6334.85	1.59431e-18
6337.50	2.59485e-18
6340.15	2.81819e-18
6342.80	2.13327e-18
6345.45	1.50415e-18
6348.10	2.90667e-18
6350.75	1.66708e-18
6353.40	1.71321e-18
6356.05	1.16958e-18
6358.70	1.43294e-18
6361.35	1.90226e-18
6364.00	2.80742e-18
6366.65	9.37509e-19
6369.30	1.75764e-18
6371.95	2.52517e-18
6374.60	2.24505e-18
6377.25	1.80535e-18
6379.90	1.11348e-18
6382.55	1.01043e-18
6385.20	1.3596e-18
6387.85	3.0818e-18
6390.50	1.09461e-18
6393.15	1.88288e-18
6395.80	2.45038e-18
6398.45	1.12592e-18
6401.10	1.61112e-18
6403.75	2.03098e-18
6406.40	3.37267e-18
6409.05	1.59039e-18
6411.70	9.43869e-19
6414.35	1.56079e-18
6417.00	2.36682e-18
6419.65	2.38002e-18
6422.30	1.56251e-18
6424.95	2.26616e-18
6427.60	2.29027e-18
6430.25	1.79741e-18
6432.90	2.05015e-18
6435.55	1.80748e-18
6438.20	1.45582e-18
6440.85	1.6441e-18
6443.50	3.01525e-18
6446.15	2.24581e-18
6448.80	2.27841e-18
6451.45	2.15199e-18
6454.10	1.15075e-18
6456.75	1.98632e-18
6459.40	1.24625e-18
6462.05	1.38106e-18
6464.70	1.57624e-18
6467.35	1.25337e-18
6470.00	1.76653e-18
6472.65	1.57586e-18
6475.30	2.47445e-18
6477.95	2.47601e-18
6480.60	1.9728e-18
6483.25	2.43047e-18
6485.90	2.23074e-18
6488.55	2.24192e-18
6491.20	3.15282e-18
6493.85	2.62107e-18
6496.50	1.47948e-18
6499.15	3.47197e-18
6501.80	2.98674e-18
6504.45	2.05338e-18
6507.10	1.82514e-18
6509.75	2.40688e-18
6512.40	2.16143e-18
6515.05	1.08792e-18
6517.70	2.39209e-18
6520.35	2.23923e-18
6523.00	1.51001e-18
6525.65	2.05788e-18
6528.30	2.63302e-18
6530.95	2.59899e-18
6533.60	2.27394e-18
6536.25	1.31235e-18
6538.90	1.19213e-18
6541.55	1.59768e-18
6544.20	1.949e-18
6546.85	1.95377e-18
6549.50	2.5493e-18
6552.15	2.68831e-18
6554.80	2.67007e-18
6557.45	2.4264e-18
6560.10	2.06206e-18
6562.75	1.31709e-18
6565.40	2.22554e-18
6568.05	2.35054e-18
6570.70	1.77651e-18
6573.35	1.19177e-18
6576.00	1.54535e-18
6578.65	1.80929e-18
6581.30	1.02027e-18
6583.95	1.09013e-18
6586.60	1.67557e-18
6589.25	1.96494e-18
6591.90	7.76506e-19
6594.55	1.5236e-18
6597.20	2.20255e-18
6599.85	2.51074e-18
6602.50	3.09353e-18
6605.15	3.17265e-18
6607.80	3.44417e-18
6610.45	2.14284e-18
6613.10	1.83313e-18
6615.75	1.94908e-18
6618.40	2.24531e-18
6621.05	2.17032e-18
6623.70	1.12138e-18
6626.35	2.44431e-18
6629.00	2.78881e-18
6631.65	2.44859e-18
6634.30	2.18933e-18
6636.95	1.82592e-18
6639.60	1.99904e-18
6642.25	2.19425e-18
6644.90	1.94936e-18
6647.55	2.02829e-18
6650.20	1.70676e-18
6652.85	1.32409e-18
6655.50	1.47501e-18
6658.15	1.99256e-18
6660.80	1.24265e-18
6663.45	5.91808e-19
6666.10	1.45363e-18
6668.75	2.98843e-18
6671.40	2.16033e-18
6674.05	9.87445e-19
6676.70	1.16441e-18
6679.35	2.32799e-18
6682.00	2.67673e-18
6684.65	1.50337e-18
6687.30	1.2792e-18
6689.95	2.8272e-18
6692.60	2.86692e-18
6695.25	2.14084e-18
6697.90	1.3734e-18
6700.55	2.79864e-18
6703.20	3.17301e-18
6705.85	1.7646e-18
6708.50	3.21225e-18
6711.15	1.98425e-18
6713.80	1.01688e-18
6716.45	2.13344e-18
6719.10	3.46467e-18
6721.75	6.18085e-19
6724.40	1.61195e-18
6727.05	2.26353e-18
6729.70	1.82075e-18
6732.35	2.6697e-18
6735.00	1.53804e-18
6737.65	2.03447e-18
6740.30	2.44382e-18
6742.95	1.55072e-18
6745.60	2.04061e-18
6748.25	2.25436e-18
6750.90	2.19285e-19
6753.55	5.9521e-19
6756.20	1.15093e-18
6758.85	1.79839e-18
6761.50	2.54632e-18
6764.15	2.09912e-18
6766.80	1.32671e-18
6769.45	8.46248e-19
6772.10	2.3526e-18
6774.75	2.34047e-18
6777.40	3.86788e-19
6780.05	1.07242e-18
6782.70	1.27953e-18
6785.35	1.37465e-18
6788.00	1.77795e-18
6790.65	1.48707e-18
6793.30	1.47536e-18
6795.95	1.32776e-18
6798.60	1.78783e-18
6801.25	1.92368e-18
6803.90	1.37843e-18
6806.55	1.57802e-18
6809.20	2.34485e-18
6811.85	1.78237e-18
6814.50	9.57549e-19
6817.15	1.13196e-18
6819.80	1.65575e-18
6822.45	1.58424e-18
6825.10	2.13883e-18
6827.75	2.30778e-18
6830.40	2.44578e-18
6833.05	2.43074e-18
6835.70	2.05648e-18
6838.35	2.05622e-18
6841.00	1.883e-18
6843.65	1.54428e-18
6846.30	2.80009e-18
6848.95	1.40185e-18
6851.60	1.40816e-18
6854.25	1.6715e-18
6856.90	2.52825e-18
6859.55	2.22183e-18
6862.20	2.48189e-18
6864.85	1.65017e-18
6867.50	1.67113e-18
6870.15	5.99607e-19
6872.80	1.81982e-18
6875.45	8.19504e-19
6878.10	1.08691e-18
6880.75	1.15891e-18
6883.40	1.50917e-18
6886.05	1.16765e-18
6888.70	1.89154e-18
6891.35	2.02726e-18
6894.00	1.57586e-18
6896.65	7.84356e-19
6899.30	1.74715e-18
6901.95	2.26491e-18
6904.60	1.85839e-18
6907.25	1.19111e-18
6909.90	7.53484e-19
6912.55	6.04258e-19
6915.20	2.33214e-18
6917.85	2.75309e-18
6920.50	1.84515e-18
6923.15	1.25778e-18
6925.80	7.00683e-19
6928.45	1.46639e-18
6931.10	2.1823e-18
6933.75	9.9212e-19
6936.40	7.0752e-19
6939.05	8.18421e-19
6941.70	7.98268e-19
6944.35	1.3128e-18
6947.00	1.68294e-18
6949.65	1.10334e-18
6952.30	2.62086e-18
6954.95	1.9473e-18
6957.60	4.77236e-19
6960.25	1.83816e-18
6962.90	1.01691e-18
6965.55	1.49889e-18
6968.20	2.77696e-18
6970.85	2.51005e-18
6973.50	2.36001e-18
6976.15	2.41586e-18
6978.80	2.42489e-18
6981.45	2.05926e-18
6984.10	2.21869e-18
6986.75	4.07691e-18
6989.40	3.9387e-18
6992.05	3.69552e-18
6994.70	2.64884e-18
6997.35	3.35198e-18
7000.00	3.06243e-18
7002.65	3.64442e-18
7005.30	3.53787e-18
7007.95	4.35589e-18
7010.60	3.93067e-18
7013.25	3.8365e-18
7015.90	3.16912e-18
7018.55	4.27569e-18
7021.20	3.92099e-18
7023.85	2.44072e-18
7026.50	4.96678e-18
7029.15	5.15254e-18
7031.80	4.24817e-18
7034.45	4.7805e-18
7037.10	3.21177e-18
7039.75	5.20211e-18
7042.40	5.73713e-18
7045.05	4.9491e-18
7047.70	3.43855e-18
7050.35	4.4853e-18
7053.00	3.31603e-18
7055.65	3.17985e-18
7058.30	3.37104e-18
7060.95	4.41245e-18
7063.60	4.56083e-18
7066.25	5.28855e-18
7068.90	4.65965e-18
7071.55	4.10215e-18
7074.20	3.07283e-18
7076.85	3.75468e-18
7079.50	3.10067e-18
7082.15	2.94137e-18
7084.80	3.05474e-18
7087.45	3.46002e-18
7090.10	3.12516e-18
7092.75	3.92728e-18
7095.40	3.80479e-18
7098.05	2.40886e-18
7100.70	3.41515e-18
7103.35	3.06775e-18
7106.00	3.11113e-18
7108.65	3.34219e-18
7111.30	3.0883e-18
7113.95	3.6628e-18
7116.60	2.77342e-18
7119.25	2.90196e-18
7121.90	3.39586e-18
7124.55	3.16538e-18
7127.20	2.31932e-18
7129.85	2.66918e-18
7132.50	2.15731e-18
7135.15	2.20243e-18
7137.80	3.35917e-18
7140.45	2.33969e-18
7143.10	2.38889e-18
7145.75	2.85668e-18
7148.40	1.42951e-18
7151.05	2.39745e-18
7153.70	2.74281e-18
7156.35	2.34883e-18
7159.00	1.69895e-18
7161.65	2.29089e-18
7164.30	2.18655e-18
7166.95	1.16426e-18
7169.60	2.21082e-18
7172.25	3.24894e-18
7174.90	2.18798e-18
7177.55	1.59958e-18
7180.20	1.05471e-18
7182.85	1.57922e-18
7185.50	2.01748e-18
7188.15	1.46778e-18
7190.80	1.81636e-18
7193.45	1.53377e-18
7196.10	2.26957e-18
7198.75	3.06962e-18
7201.40	2.75479e-18
7204.05	1.79074e-18
7206.70	3.28971e-18
7209.35	3.63631e-18
7212.00	2.15321e-18
7214.65	1.75825e-18
7217.30	1.40345e-18
7219.95	1.5396e-18
7222.60	1.61895e-18
7225.25	2.05275e-18
7227.90	1.36615e-18
7230.55	9.35513e-19
7233.20	1.52986e-18
7235.85	8.7295e-19
7238.50	2.05779e-18
7241.15	2.28971e-18
7243.80	1.84167e-18
7246.45	3.14128e-18
7249.10	1.82854e-18
7251.75	1.46037e-18
7254.40	1.40426e-18
7257.05	1.15274e-18
7259.70	8.92537e-19
7262.35	1.19524e-18
7265.00	1.38095e-18
7267.65	2.03183e-18
7270.30	1.13015e-18
7272.95	1.83859e-18
7275.60	3.0803e-18
7278.25	6.46794e-19
7280.90	2.75395e-18
7283.55	2.54189e-18
7286.20	1.8372e-18
7288.85	1.31186e-18
7291.50	4.16079e-20
7294.15	3.29347e-19
7296.80	2.4422e-18
7299.45	1.75357e-18
7302.10	1.00326e-18
7304.75	3.0507e-18
7307.40	2.27907e-18
7310.05	3.02146e-18
7312.70	2.54494e-18
7315.35	5.14784e-19
7318.00	2.64235e-18
7320.65	7.77404e-19
7323.30	2.50157e-18
7325.95	2.68365e-18
7328.60	1.14398e-18
7331.25	4.17288e-19
7333.90	7.0857e-19
7336.55	4.58412e-19
7339.20	2.4408e-18
7341.85	2.66024e-18
7344.50	2.27846e-18
7347.15	1.81749e-18
7349.80	8.35211e-19
7352.45	1.88194e-18
7355.10	1.61374e-18
7357.75	9.19238e-19
7360.40	2.14048e-18
7363.05	1.26299e-18
7365.70	2.02274e-18
7368.35	2.89086e-18
7371.00	1.94445e-18
7373.65	2.36979e-18
7376.30	1.89038e-18
7378.95	7.90871e-19
7381.60	9.42008e-19
7384.25	2.49062e-18
7386.90	2.24132e-18
7389.55	2.232e-18
7392.20	1.28077e-18
7394.85	2.45468e-18
7397.50	2.47115e-18
7400.15	2.46508e-19
7402.80	1.75225e-18
7405.45	2.46331e-18
7408.10	1.85587e-18
7410.75	1.16422e-18
7413.40	1.70903e-18
7416.05	1.98601e-18
7418.70	2.02986e-18
7421.35	2.21724e-18
7424.00	1.43193e-18
7426.65	1.28368e-18
7429.30	1.71564e-18
7431.95	9.80158e-19
7434.60	1.59494e-18
7437.25	6.27182e-19
7439.90	1.39125e-18
7442.55	1.58346e-18
7445.20	2.67436e-18
7447.85	2.32396e-18
7450.50	1.77432e-18
7453.15	2.55823e-18
7455.80	1.17811e-18
7458.45	2.63655e-18
7461.10	1.99811e-18
7463.75	1.99275e-18
7466.40	1.56817e-18
7469.05	1.1776e-18
7471.70	1.70301e-18
7474.35	1.38987e-18
7477.00	2.88389e-19
7479.65	8.18738e-19
7482.30	5.76147e-19
7484.95	2.67537e-18
7487.60	1.73115e-18
7490.25	1.42445e-18
7492.90	2.26395e-18
7495.55	1.33452e-18
7498.20	1.5243e-18
7500.85	8.17206e-19
7503.50	9.65392e-19
7506.15	1.91705e-18
7508.80	1.41398e-18
7511.45	2.72849e-18
7514.10	2.31924e-18
7516.75	1.33995e-18
7519.40	1.80644e-18
7522.05	2.5323e-18
7524.70	2.85778e-18
7527.35	1.18313e-19
7530.00	-1.01338e-18
7532.65	2.44857e-18
7535.30	2.25e-18
7537.95	3.16372e-18
7540.60	2.02481e-18
7543.25	7.81486e-19
7545.90	1.73435e-18
7548.55	1.37383e-18
7551.20	1.24516e-18
7553.85	2.10476e-19
7556.50	3.25561e-19
7559.15	1.86789e-18
7561.80	2.5908e-18
7564.45	1.0171e-18
7567.10	3.34203e-19
7569.75	4.40585e-19
7572.40	3.02874e-18
7575.05	1.14175e-18
7577.70	1.56215e-18
7580.35	2.19654e-18
7583.00	1.89975e-18
7585.65	1.09928e-18
7588.30	2.48282e-18
7590.95	3.33056e-18
7593.60	1.39781e-18
7596.25	1.16927e-18
7598.90	-3.97076e-19
7601.55	-1.59336e-18
7604.20	1.40124e-18
7606.85	3.60656e-18
7609.50	4.5316e-18
7612.15	2.03404e-18
7614.80	1.90882e-18
7617.45	3.44308e-18
7620.10	3.61868e-18
7622.75	3.72583e-18
7625.40	2.53818e-18
7628.05	2.2629e-18
7630.70	3.39288e-18
7633.35	1.91412e-18
7636.00	1.05296e-18
7638.65	1.0636e-18
7641.30	2.61118e-18
7643.95	5.94732e-19
7646.60	3.57922e-19
7649.25	1.62172e-18
7651.90	3.32241e-18
7654.55	1.9775e-18
7657.20	1.8787e-18
7659.85	1.46293e-18
7662.50	1.11255e-19
7665.15	1.30546e-18
7667.80	1.89677e-18
7670.45	1.68016e-18
7673.10	5.81026e-19
7675.75	2.42186e-18
7678.40	1.60988e-18
7681.05	2.06115e-18
7683.70	1.87089e-18
7686.35	8.75605e-19
7689.00	1.571e-18
7691.65	2.08899e-18
7694.30	1.57351e-18
7696.95	1.91645e-18
7699.60	3.40054e-18
7702.25	6.75273e-19
7704.90	1.04677e-18
7707.55	2.57589e-18
7710.20	3.90518e-18
7712.85	4.95763e-19
7715.50	9.35735e-19
7718.15	2.36671e-18
7720.80	1.26844e-18
7723.45	2.6933e-18
7726.10	2.03774e-18
7728.75	2.64381e-19
7731.40	1.23945e-19
7734.05	1.18658e-18
7736.70	1.55984e-18
7739.35	1.74823e-18
7742.00	1.91221e-18
7744.65	2.05911e-18
7747.30	1.91853e-18
7749.95	8.61145e-19
7752.60	4.72043e-19
7755.25	-7.67981e-20
7757.90	1.37877e-18
7760.55	1.47615e-18
7763.20	5.82405e-19
7765.85	-1.47266e-19
7768.50	1.46181e-18
7771.15	2.9514e-18
7773.80	1.86054e-18
7776.45	2.24363e-18
7779.10	1.30494e-18
7781.75	5.44852e-19
7784.40	9.8762e-19
7787.05	1.00194e-18
7789.70	1.87439e-18
7792.35	2.31771e-18
7795.00	1.03973e-18
7797.65	-1.44869e-19
7800.30	1.79743e-18
7802.95	1.70472e-18
7805.60	1.19075e-18
7808.25	2.7786e-18
7810.90	1.43119e-18
7813.55	6.44074e-19
7816.20	1.49819e-18
7818.85	2.16365e-18
7821.50	1.97184e-18
7824.15	-9.88751e-19
7826.80	3.43556e-19
7829.45	3.18477e-19
7832.10	-7.62263e-19
7834.75	-5.24385e-19
7837.40	1.68063e-18
7840.05	2.50926e-18
7842.70	1.20864e-18
7845.35	-6.82299e-19
7848.00	1.46816e-18
7850.65	2.08835e-18
7853.30	1.87729e-19
7855.95	2.68021e-18
7858.60	2.52069e-18
7861.25	2.41763e-18
7863.90	1.60034e-18
7866.55	2.53946e-18
7869.20	3.57827e-19
7871.85	6.53373e-19
7874.50	2.38445e-18
7877.15	2.82941e-18
7879.80	1.05196e-18
7882.45	-5.72259e-19
7885.10	-9.06941e-19
7887.75	3.53465e-19
7890.40	1.43991e-18
7893.05	2.09961e-18
7895.70	2.70262e-18
7898.35	5.16572e-19
7901.00	6.06584e-22
7903.65	2.57112e-19
7906.30	1.78796e-19
7908.95	-2.3046e-19
7911.60	-9.32599e-19
7914.25	1.14849e-18
7916.90	1.9948e-18
7919.55	1.76522e-18
7922.20	1.25049e-18
7924.85	2.45867e-18
7927.50	1.12486e-18
7930.15	-8.28603e-19
7932.80	4.24176e-19
7935.45	2.18582e-18
7938.10	1.29061e-18
7940.75	1.57518e-18
7943.40	2.03358e-18
7946.05	1.86325e-19
7948.70	-3.92965e-19
7951.35	1.94535e-18
7954.00	1.4831e-18
7956.65	2.42929e-20
7959.30	1.63694e-18
7961.95	1.25391e-18
7964.60	2.26205e-18
7967.25	2.65989e-18
7969.90	-2.05397e-19
7972.55	2.2984e-19
7975.20	9.74135e-19
7977.85	6.57745e-19
7980.50	-1.24581e-18
7983.15	-1.87894e-18
7985.80	2.97261e-19
7988.45	2.64567e-18
7991.10	2.61396e-18
7993.75	1.52887e-18
7996.40	3.53259e-18
7999.05	3.62306e-18
8001.70	9.32451e-19
8004.35	1.14873e-18
8007.00	9.63916e-19
8009.65	1.39011e-18
8012.30	9.71364e-20
8014.95	4.84884e-19
8017.60	1.53492e-18
8020.25	3.15355e-18
8022.90	-4.94322e-19
8025.55	2.78721e-18
8028.20	1.51755e-18
8030.85	4.51568e-18
8033.50	1.8438e-18
8036.15	1.06469e-18
8038.80	2.10411e-18
8041.45	8.452e-19
8044.10	1.87818e-18
8046.75	3.155e-19
8049.40	1.21265e-18
8052.05	2.89811e-18
8054.70	1.4312e-18
8057.35	1.30722e-18
8060.00	9.7086e-19
8062.65	2.59756e-18
8065.30	2.28772e-18
8067.95	6.02016e-19
8070.60	-7.69989e-20
8073.25	3.90722e-19
8075.90	2.307e-18
8078.55	1.7203e-18
8081.20	9.12632e-19
8083.85	-7.62036e-20
8086.50	-3.56476e-19
8089.15	2.89341e-19
8091.80	2.18222e-18
8094.45	6.97001e-19
8097.10	2.10092e-19
8099.75	8.44453e-19
8102.40	2.49235e-18
8105.05	2.91851e-18
8107.70	-5.45797e-19
8110.35	-3.09659e-19
8113.00	1.57559e-18
8115.65	1.1487e-18
8118.30	3.87434e-19
8120.95	1.22942e-19
8123.60	-4.92267e-19
8126.25	1.93487e-18
8128.90	2.58799e-18
8131.55	8.58121e-19
8134.20	8.41033e-19
8136.85	-4.80405e-19
8139.50	-2.66059e-19
8142.15	1.43278e-18
8144.80	-7.52393e-20
8147.45	1.21462e-18
8150.10	6.45272e-19
8152.75	-6.34491e-19
8155.40	1.98591e-18
8158.05	9.47269e-19
8160.70	1.22234e-18
8163.35	4.87948e-19
8166.00	3.72609e-19
8168.65	5.76138e-19
8171.30	-4.48938e-19
8173.95	-7.72743e-19
8176.60	6.50116e-19
8179.25	1.19965e-18
8181.90	3.60486e-20
8184.55	1.2504e-19
8187.20	6.57048e-19
8189.85	2.11326e-18
8192.50	3.05317e-18
8195.15	3.16003e-18
8197.80	1.04283e-18
8200.45	1.78897e-18
8203.10	4.91035e-19
8205.75	1.67995e-18
8208.40	2.00063e-18
8211.05	1.15465e-19
8213.70	8.55261e-19
8216.35	2.11981e-18
8219.00	2.84573e-18
8221.65	3.41178e-19
8224.30	2.38993e-18
8226.95	-1.62308e-18
8229.60	4.40471e-19
8232.25	6.88711e-20
8234.90	-3.88866e-19
8237.55	1.29091e-20
8240.20	1.87687e-18
8242.85	1.74277e-18
8245.50	1.94495e-18
8248.15	2.39582e-18
8250.80	2.21199e-18
8253.45	9.3018e-19
8256.10	6.01132e-19
8258.75	1.26286e-18
8261.40	7.65481e-19
8264.05	1.55562e-18
8266.70	8.10926e-19
8269.35	5.35285e-20
8272.00	1.21585e-18
8274.65	8.94906e-19
8277.30	2.01501e-18
8279.95	5.32782e-19
8282.60	6.29524e-19
8285.25	1.27335e-18
8287.90	3.81877e-18
8290.55	2.85871e-18
8293.20	2.60965e-19
8295.85	9.7957e-20
8298.50	1.25113e-18
8301.15	2.64419e-18
8303.80	-3.25454e-19
8306.45	1.43539e-18
8309.10	2.68777e-18
8311.75	1.74402e-18
8314.40	1.00986e-18
8317.05	1.71238e-18
8319.70	-9.8437e-19
8322.35	1.34238e-18
8325.00	3.64969e-19
8327.65	2.32561e-18
8330.30	1.87345e-18
8332.95	3.52976e-18
8335.60	1.75513e-18
8338.25	2.70917e-18
8340.90	-7.96544e-19
8343.55	2.03324e-18
8346.20	3.19513e-19
8348.85	1.965e-19
8351.50	4.21698e-18
8354.15	-2.34044e-18
8356.80	3.7508e-18
8359.45	1.38323e-19
8362.10	1.48439e-18
8364.75	1.80199e-18
8367.40	1.80291e-18
8370.05	2.27223e-18
8372.70	7.4382e-20
8375.35	2.75548e-18
8378.00	3.14487e-18
8380.65	1.09405e-18
8383.30	-1.96518e-20
8385.95	5.2847e-19
8388.60	3.06103e-18
8391.25	4.87914e-18
8393.90	2.85176e-18
8396.55	9.98217e-19
8399.20	6.32645e-19
8401.85	7.47906e-19
8404.50	9.99743e-19
8407.15	1.3153e-18
8409.80	2.71909e-18
8412.45	2.71738e-18
8415.10	3.90667e-20
8417.75	-1.59132e-18
8420.40	3.85802e-19
8423.05	3.04105e-18
8425.70	1.95791e-18
8428.35	1.64856e-18
8431.00	-3.62901e-19
8433.65	-1.0415e-18
8436.30	4.05635e-18
8438.95	5.46369e-19
8441.60	3.27641e-18
8444.25	-1.59211e-18
8446.90	1.53432e-18
8449.55	1.30199e-18
8452.20	1.99817e-18
8454.85	-1.16358e-18
8457.50	-8.50554e-19
8460.15	2.08105e-18
8462.80	2.31519e-18
8465.45	2.54933e-18
8468.10	2.78348e-18
8470.75	3.01762e-18
8473.40	3.25176e-18
8476.05	3.25176e-18
8478.70	2.19166e-18
8481.35	1.75834e-18
8484.00	1.41363e-18
8486.65	1.95446e-18
8489.30	5.77709e-19
8491.95	-5.8771e-20
8494.60	-8.97269e-19
8497.25	-1.21686e-18
8499.90	-8.39886e-19
8502.55	8.07044e-19
8505.20	-2.40632e-18
8507.85	-3.33729e-18
8510.50	2.04755e-18
8513.15	1.40409e-18
8515.80	7.27822e-19
8518.45	2.90854e-18
8521.10	1.72132e-19
8523.75	-6.3387e-19
8526.40	9.00364e-19
8529.05	8.29492e-19
8531.70	1.63307e-18
8534.35	3.13245e-18
8537.00	2.47647e-19
8539.65	1.06853e-18
8542.30	1.65093e-18
8544.95	-6.26818e-19
8547.60	-9.21023e-19
8550.25	-7.30254e-19
8552.90	8.01046e-19
8555.55	8.77631e-19
8558.20	3.98316e-19
8560.85	8.08697e-19
8563.50	1.62607e-18
8566.15	3.53015e-18
8568.80	4.71508e-19
8571.45	-1.76898e-19
8574.10	2.03875e-18
8576.75	2.84156e-19
8579.40	-1.12896e-18
8582.05	1.48563e-18
8584.70	-2.12391e-19
8587.35	1.45111e-18
8590.00	1.65878e-18
8592.65	2.1503e-18
8595.30	3.74116e-19
8597.95	2.41809e-19
8600.60	5.86549e-19
8603.25	6.21577e-19
8605.90	6.65357e-20
8608.55	5.53314e-19
8611.20	1.01448e-18
8613.85	2.77297e-18
8616.50	1.88211e-18
8619.15	3.31888e-18
8621.80	2.99063e-18
8624.45	-1.78876e-18
8627.10	-1.23054e-18
8629.75	6.61752e-19
8632.40	1.77023e-18
8635.05	4.05251e-18
8637.70	3.7228e-18
8640.35	4.00844e-18
8643.00	8.01924e-19
8645.65	4.58244e-19
8648.30	-1.18415e-18
8650.95	-8.14896e-19
8653.60	1.48549e-18
8656.25	3.44463e-18
8658.90	6.45119e-18
8661.55	3.16002e-19
8664.20	-1.14206e-20
8666.85	2.54673e-18
8669.50	1.61313e-18
8672.15	9.75014e-19
8674.80	-1.08903e-18
8677.45	1.84876e-18
8680.10	2.56758e-18
8682.75	-4.97244e-19
8685.40	3.24138e-18
8688.05	1.32585e-18
8690.70	5.40136e-19
8693.35	-1.37592e-19
8696.00	3.29387e-18
8698.65	7.64961e-19
8701.30	2.59423e-18
8703.95	2.27118e-18
8706.60	1.71983e-18
8709.25	1.7677e-18
8711.90	-1.70954e-18
8714.55	-1.01342e-18
8717.20	2.1181e-18
8719.85	-8.63363e-21
8722.50	-2.36449e-18
8725.15	1.48539e-18
8727.80	2.55498e-18
8730.45	3.14076e-18
8733.10	1.70603e-18
8735.75	-1.91558e-19
8738.40	1.40157e-19
8741.05	2.88514e-18
8743.70	2.69033e-18
8746.35	1.73761e-20
8749.00	-2.27612e-18
8751.65	-1.17567e-19
8754.30	1.83611e-18
8756.95	6.13635e-19
8759.60	-6.65682e-19
8762.25	-1.01146e-18
8764.90	-2.02351e-18
8767.55	-3.49225e-18
8770.20	-7.77892e-19
8772.85	6.52253e-19
8775.50	-4.25995e-19
8778.15	3.51211e-18
8780.80	-4.42635e-19
8783.45	1.09339e-20
8786.10	-4.7743e-19
8788.75	-1.09197e-18
8791.40	3.65555e-19
8794.05	4.88078e-19
8796.70	3.26926e-18
8799.35	-7.47016e-19
8802.00	3.13606e-18
8804.65	-4.73546e-20
8807.30	2.46365e-18
8809.95	2.69268e-18
8812.60	6.90211e-19
8815.25	-4.76649e-20
8817.90	2.55487e-18
8820.55	3.66454e-18
8823.20	3.23521e-18
8825.85	3.50222e-18
8828.50	3.03306e-18
8831.15	3.29019e-18
8833.80	1.10849e-18
8836.45	3.46012e-18
8839.10	3.15785e-18
8841.75	-1.14759e-18
8844.40	3.68316e-20
8847.05	1.91041e-18
8849.70	-9.7093e-19
8852.35	1.52209e-18
8855.00	3.01198e-18
8857.65	4.24264e-18
8860.30	4.02157e-18
8862.95	1.15023e-18
8865.60	-2.59485e-19
8868.25	4.99e-19
8870.90	3.05315e-18
8873.55	4.14106e-18
8876.20	2.78314e-18
8878.85	3.53873e-18
8881.50	-4.29921e-19
8884.15	-1.86171e-18
8886.80	1.11481e-18
8889.45	8.97865e-19
8892.10	1.96765e-18
8894.75	1.63952e-19
8897.40	1.8176e-18
8900.05	2.26356e-18
8902.70	1.4906e-18
8905.35	2.26336e-18
8908.00	2.03713e-20
8910.65	-3.97283e-18
8913.30	2.99443e-18
8915.95	5.60773e-18
8918.60	5.5403e-20
8921.25	4.88743e-18
8923.90	3.75093e-18
8926.55	3.97055e-18
8929.20	2.99552e-18
8931.85	2.10071e-18
8934.50	3.59876e-18
